0.21485291,0.18475315,0.14998284,0.15215582,0.12719205,0.108225696,0.10829504,0.09558299,0.08929532,0.08682217,0.08924665,0.09362653
0.31478494,0.29820478,0.26555866,0.27702,0.23786932,0.20012346,0.18414989,0.15676707,0.12784994,0.115905024,0.11665259,0.118094504
-0.2306957,-0.17774203,-0.12103289,-0.13959314,-0.114674196,-0.10005061,-0.08950041,-0.08473659,-0.08015086,-0.07802811,-0.07813901,-0.075687885
0.07235105,0.04412146,0.032726415,0.056936093,0.060381096,0.049068145,0.06976059,0.06656113,0.046947513,0.036595803,0.018503051,0.0150768235
0.31455487,0.30375198,0.28262287,0.21527667,0.15349165,0.117534086,0.10564093,0.08129905,0.09824203,0.12015695,0.14945012,0.17217317
0.076828614,0.07603727,0.053048782,0.038068354,0.017100051,0.007389933,-0.0042315945,0.0019851252,0.018157903,0.035483897,0.05333675,0.06504165
-0.011306187,-0.025615316,-0.07313527,-0.08929351,-0.108881,-0.10193348,-0.1149153,-0.083038956,-0.035807602,0.0046805725,0.040157963,0.06304179
-0.0013530031,0.022861024,0.017182074,0.026612306,0.03209297,0.040534787,0.027383922,0.025796551,0.017031802,0.0053889086,-3.2531098e-06,-0.012844469
0.018530462,0.019838188,0.028320726,-0.016307585,-0.046472095,-0.06396833,-0.05676408,-0.053015567,-0.012990478,0.023221731,0.056960132,0.09256393
0.11044889,0.121036425,0.101658896,0.09413512,0.07653454,0.06663233,0.06643024,0.05794918,0.05308215,0.051193547,0.052157532,0.050698437
0.53660625,0.67651355,0.76053214,0.7669876,0.73575425,0.673876,0.62527096,0.49243492,0.3411885,0.22050776,0.12919325,0.06141807
-0.3900992,-0.3986985,-0.3873706,-0.36741632,-0.322275,-0.28523093,-0.26161408,-0.21185674,-0.17159823,-0.14651962,-0.13156147,-0.12115909
-0.4878127,-0.25177258,-0.034582973,0.22618055,0.3881539,0.44474018,0.4527325,0.3271422,0.04922971,-0.21914896,-0.45962465,-0.65026295
-0.0037044547,-0.035127826,-0.056623533,-0.07577528,-0.08061586,-0.08473027,-0.074095234,-0.057453297,-0.032514006,-0.0033101987,0.018291753,0.03575575
-0.04651475,-0.04915912,-0.024273679,0.0015249923,0.024640016,0.022836909,0.025508486,0.019588977,0.0027091391,-0.014156805,-0.030762957,-0.03632927
0.1874588,0.14882554,0.10562728,0.10972372,0.090367675,0.075106576,0.08071737,0.075984225,0.07272913,0.074645564,0.078172944,0.08439138
-0.09291862,-0.10004528,-0.0854255,-0.08667566,-0.086534314,-0.07801083,-0.08552942,-0.073109105,-0.057182766,-0.045114234,-0.037289575,-0.03127622
0.29905453,0.2386733,0.1773543,0.120022476,0.06358096,0.033288494,0.038103685,0.04341346,0.07192734,0.10834347,0.14773214,0.1680888
0.31666666,0.29649532,0.24473353,0.24714054,0.22271623,0.19428088,0.19191153,0.17154568,0.15023085,0.13974652,0.13527915,0.13581482
-0.0041926056,-0.07120047,-0.105260566,-0.059917413,-0.03510748,-0.034028992,0.0016640797,0.015294306,0.014692679,0.014287427,0.00199062,0.012449168
0.052480314,0.012487657,-0.001460731,0.019377716,0.013188943,0.014894221,0.029549189,0.020991411,0.008459225,-0.005490456,-0.013012679,-0.01965234
0.12887056,0.09240566,0.040778756,0.011456296,-0.019203097,-0.025888652,-0.017003939,-0.024270952,-0.00063910335,0.025339942,0.051674306,0.069160715
0.05135931,0.10184531,0.13402131,0.14300969,0.1712777,0.15180686,0.15175837,0.12911656,0.0854452,0.062491965,0.029539099,0.022414997
-0.7137903,-0.7148924,-0.63407737,-0.5653733,-0.48150712,-0.40955254,-0.41275775,-0.34514377,-0.31160003,-0.2998172,-0.30923453,-0.3136418
-0.2588826,-0.23666382,-0.19496009,-0.16308421,-0.12015328,-0.09574556,-0.08983129,-0.07846732,-0.092011295,-0.10971069,-0.12773445,-0.14545643
0.0351409,-0.04606515,-0.0903747,-0.112314075,-0.13372596,-0.14194669,-0.12896352,-0.09947856,-0.044662382,0.0069627445,0.047963366,0.08183194
0.26276553,0.23599084,0.2170139,0.22450455,0.2044868,0.18243127,0.18024279,0.15181175,0.12496115,0.098051645,0.08157979,0.06949559
0.3463357,0.3152935,0.29942596,0.34155446,0.3230231,0.29692072,0.2880315,0.24043673,0.18195069,0.1228196,0.084599,0.05026275
0.10462843,0.062084544,0.034498334,0.0517614,0.057155814,0.033357486,0.040491212,0.04525412,0.04099721,0.056244913,0.061251447,0.078224726
0.19351886,0.15524404,0.07293856,0.033198953,-0.039233297,-0.049571753,-0.058020234,-0.048399,0.008240342,0.061731987,0.11857709,0.15704072
0.41578278,0.34984016,0.2807812,0.2224569,0.15309572,0.11775625,0.118187875,0.10247539,0.12338683,0.14708239,0.1822321,0.2027683
0.08171876,0.16145281,0.16680881,0.08373707,0.053791236,0.03950762,0.0224149,0.0036689024,0.018154299,0.038815692,0.06813961,0.08012821
-0.9060829,-1.0037826,-0.9549205,-0.8007743,-0.66351146,-0.55696034,-0.50092804,-0.40314406,-0.3760357,-0.38483265,-0.41985145,-0.44243836
0.49690676,0.42225194,0.30122906,0.24313982,0.17089766,0.1147075,0.12413196,0.1150229,0.15551537,0.2080251,0.27195036,0.32559922
-0.68603754,-0.5338474,-0.3959604,-0.3704294,-0.2648694,-0.19202828,-0.20806167,-0.19439508,-0.22326669,-0.26479024,-0.31178868,-0.35849437
-0.05783893,0.03142473,0.12519121,0.10687551,0.123136625,0.10586524,0.1321506,0.09274026,0.053487454,0.026255656,-0.015541771,-0.020193215
0.19217038,0.18119031,0.1393247,0.10898122,0.07280061,0.059101224,0.0402219,0.03859505,0.053428955,0.071583584,0.09227814,0.10078327
0.028892964,-0.030248992,-0.070357874,-0.11036673,-0.13452715,-0.14051917,-0.12065061,-0.10186264,-0.05602618,-0.008348726,0.032375738,0.06271309
-0.398543,-0.35658777,-0.3137652,-0.3347713,-0.30333143,-0.27145216,-0.25757617,-0.22500771,-0.18276994,-0.15240458,-0.13044125,-0.114756346
-1.251918,-1.0793198,-0.8514155,-0.78305453,-0.618237,-0.5020939,-0.48681074,-0.4418853,-0.4478203,-0.48393264,-0.54515886,-0.5872392
-0.37681973,-0.36770085,-0.34803367,-0.38547963,-0.3666923,-0.33571115,-0.3381082,-0.27569473,-0.20083086,-0.13723287,-0.09373352,-0.06037289
0.19728117,0.18539599,0.15704273,0.14392641,0.11334032,0.09511225,0.089248404,0.072449885,0.06763441,0.068690136,0.072400756,0.07263878
-0.7425783,-0.7019168,-0.5791234,-0.5491644,-0.47455326,-0.41703156,-0.40604782,-0.34322292,-0.29879215,-0.27790174,-0.27889696,-0.26596737
0.1282073,0.097265735,0.080151945,0.03601083,0.007188812,-0.0067928433,-0.0051116347,-0.00091537833,0.024270117,0.049255565,0.07435012,0.094222546
-0.18750006,-0.15372328,-0.11484912,-0.09057471,-0.051092997,-0.031199083,-0.034130096,-0.033088088,-0.05041063,-0.07024056,-0.09419556,-0.11266214
0.095133126,0.10117055,0.10322364,0.08777126,0.07172565,0.0568705,0.046351522,0.04090179,0.038416173,0.03797113,0.04386847,0.048900254
0.40468347,0.3782816,0.30567163,0.27927828,0.2475196,0.21113662,0.20831701,0.18960999,0.17251445,0.18050803,0.19276239,0.20343016
0.14842194,-0.027986884,-0.11248869,-0.16932434,-0.21886975,-0.22934859,-0.20606111,-0.15252507,-0.06466766,0.013903372,0.08794312,0.13495442
0.2061446,0.20208582,0.16612649,0.12435073,0.08905786,0.06323501,0.06676419,0.056985527,0.0688733,0.09019976,0.111957334,0.1340627
0.12788309,0.12162337,0.0908961,0.08065821,0.061737105,0.055208147,0.043679707,0.038862262,0.041405603,0.04559547,0.053948678,0.056031764
0.18552029,0.1708505,0.14762646,0.13016853,0.10082419,0.087518916,0.084097564,0.065846115,0.06267421,0.059053857,0.06643805,0.06523828
-0.06441914,-0.022929903,-0.0152945295,-0.021361157,-0.01978552,-0.010734115,-0.031847652,-0.02879687,-0.03291736,-0.03355279,-0.028257884,-0.035004437
-0.16097318,-0.1271359,-0.102497414,-0.13140096,-0.12623233,-0.118098445,-0.12164017,-0.10559386,-0.07737426,-0.05097659,-0.034776986,-0.0181626
0.28919268,0.21348616,0.12817913,0.13693652,0.095121846,0.07407752,0.07184413,0.071795546,0.07763885,0.09324601,0.11283311,0.12645294
0.08677253,0.062250897,0.015158027,-0.0057065636,-0.036548898,-0.041291133,-0.04397382,-0.03305573,-0.0028705262,0.024290316,0.057097062,0.07194623
0.0080271615,0.03076407,0.028189398,-0.016651444,-0.029578201,-0.031701766,-0.04008881,-0.03694924,-0.014749301,0.0067954157,0.029897768,0.040893003
-0.0938634,-0.06894441,-0.05462329,-0.04944812,-0.038724918,-0.026099067,-0.03535548,-0.030972185,-0.03184772,-0.03575477,-0.042145953,-0.049958058
0.29338795,0.34472868,0.3245243,0.25072125,0.20213783,0.16394423,0.110993505,0.09419122,0.10242937,0.12111249,0.15766826,0.16707161
0.17065161,0.1114912,0.086186185,0.15089606,0.16636188,0.14514248,0.18540628,0.17204629,0.12181105,0.080864005,0.034422994,0.008748487
0.113500364,0.09410701,0.061309315,0.042389218,0.027505543,0.012437908,0.027146038,0.026770357,0.03680787,0.058108523,0.072149806,0.08774595
-0.6276335,-0.6060563,-0.5494946,-0.47870913,-0.3961196,-0.3262605,-0.32789117,-0.2659005,-0.2512162,-0.25430298,-0.2732252,-0.29686728
-0.42887428,-0.41144788,-0.40890777,-0.37418893,-0.3099385,-0.25026157,-0.2565385,-0.20329335,-0.18367335,-0.17429319,-0.17967485,-0.19039638
-0.19462906,-0.17221874,-0.16794059,-0.18142039,-0.16106857,-0.14280795,-0.13875307,-0.11352158,-0.09078598,-0.067728765,-0.055418722,-0.049082868
-0.06649412,-0.04719521,-0.04405726,-0.093114,-0.10536402,-0.09319626,-0.09661322,-0.090307064,-0.055638757,-0.03353887,-0.006137114,0.0021092705
0.20415208,0.18374482,0.15742686,0.14278802,0.11337984,0.09052461,0.0922382,0.07410472,0.06998726,0.07098556,0.0802574,0.085434936
-0.21345446,-0.16043723,-0.108640105,-0.13517615,-0.13362429,-0.11294915,-0.11788398,-0.103251114,-0.086883575,-0.07911357,-0.07539803,-0.06937495
0.3274776,0.34390193,0.31716412,0.25461012,0.19062638,0.15945707,0.13443547,0.10990626,0.124353945,0.13876474,0.16667163,0.18039614
0.15146898,0.12138662,0.07535499,0.05761926,0.022981688,0.010728553,0.010837778,0.008818947,0.024547301,0.044486463,0.067283556,0.07999129
-0.7288314,-0.76255673,-0.68201184,-0.5576058,-0.4277887,-0.35482308,-0.3235268,-0.2596063,-0.26472238,-0.28680128,-0.33485413,-0.36008263
-0.0069491714,0.02588519,0.080183126,0.13139275,0.14707045,0.15415642,0.14537281,0.102205314,0.04506588,-0.021566808,-0.07201926,-0.11251264
0.2887502,0.20417136,0.14364254,0.05052483,-0.022953212,-0.059838027,-0.055690497,-0.044850588,0.033581138,0.11324209,0.19477406,0.2590897
0.21014696,0.2606402,0.28042382,0.18159282,0.14503492,0.114742376,0.10022033,0.074890845,0.08685597,0.104925826,0.124755226,0.14192872
-0.030036103,-0.029220514,-0.037818477,-0.05044193,-0.054105345,-0.050034806,-0.05188568,-0.03954877,-0.0241913,-0.010118999,0.0014054403,0.008955581
0.10228877,0.1062008,0.08868036,0.07783276,0.07531695,0.06639954,0.053712755,0.05450916,0.05129595,0.05634323,0.056902453,0.062079445
0.30270237,0.27822834,0.22911137,0.17041801,0.11226207,0.071052685,0.07501376,0.066864975,0.09024125,0.13123749,0.16467954,0.19920045
0.5727967,0.6367455,0.5734161,0.5313337,0.44418097,0.4060339,0.3739657,0.29680386,0.24827245,0.21473363,0.19117972,0.16516249
0.17219213,0.15071216,0.1197439,-0.019035429,-0.09749296,-0.13152155,-0.13016292,-0.10978463,-0.021871276,0.06937915,0.16076049,0.2284432
0.3465029,0.34507588,0.28118747,0.3352039,0.35026908,0.31754345,0.37175816,0.35667157,0.28269142,0.22536601,0.17213625,0.15790287
0.3371434,0.27378297,0.19300649,0.17434119,0.1232325,0.084617585,0.08513433,0.082583666,0.101778984,0.13416947,0.16761976,0.1951262
0.46070862,0.3955741,0.31443834,0.26520777,0.18115151,0.14596584,0.1473422,0.12325187,0.1429816,0.16424322,0.19728105,0.21921104
-0.046517737,-0.02342996,0.016238779,0.019174058,0.025496464,0.030936705,0.04070655,0.020584784,-0.0045060273,-0.030131217,-0.054991826,-0.069129854
0.19616541,0.14653143,0.12594718,0.14160404,0.13226391,0.10990891,0.12820593,0.10791817,0.08254611,0.06820421,0.055314228,0.047244612
-0.27714303,-0.23843087,-0.1895273,-0.1668134,-0.11847475,-0.095832944,-0.08120093,-0.07004215,-0.081719145,-0.09321595,-0.11559719,-0.12626332
0.06891359,0.05341338,0.0429532,0.040127225,0.029277138,0.021164615,0.022636063,0.021110218,0.022534724,0.025486482,0.03094557,0.038149998
-0.30879194,-0.31080878,-0.27569857,-0.2609759,-0.22251931,-0.19273326,-0.17769091,-0.14986552,-0.13696504,-0.12955055,-0.13243902,-0.13153686
-0.06177892,0.00012694299,-0.0007362217,0.038596585,0.07098548,0.08341825,0.062420607,0.07064286,0.04115227,0.01342601,-0.01762166,-0.04432713
0.28746524,0.23246986,0.17625564,0.14851284,0.09854767,0.06136504,0.060537085,0.067890055,0.088773414,0.11649309,0.1529254,0.18019603
-0.09282364,-0.11513901,-0.124342784,-0.13317902,-0.12725028,-0.1206956,-0.11543986,-0.088415585,-0.057422392,-0.031598307,-0.008927962,0.0057898127
-0.1425411,-0.14997964,-0.13482682,-0.0864425,-0.051672578,-0.04311782,-0.018077105,-0.009942144,-0.026388668,-0.041466847,-0.062107097,-0.070372984
0.1523583,0.17057706,0.16209853,0.16291209,0.14499845,0.12778805,0.11282778,0.09190476,0.069124036,0.05483975,0.050477244,0.043316223
-0.05784447,-0.0472499,-0.019184116,-0.07927452,-0.09540826,-0.090236455,-0.06721559,-0.08356685,-0.07417825,-0.05549209,-0.045811273,-0.039942868
0.03919346,0.04466203,0.036840215,0.011788167,-0.0066017434,-0.0069776997,-0.023707353,-0.01911775,-0.00013728067,0.0139293205,0.03340382,0.042582236
-0.39711517,-0.30115908,-0.19026649,-0.20481986,-0.15094955,-0.12237905,-0.1267392,-0.12548825,-0.13499258,-0.14906344,-0.16970134,-0.18545571
-0.039974775,-0.11027251,-0.15040293,-0.16644919,-0.17752074,-0.17965779,-0.1546781,-0.1254488,-0.08460989,-0.043829616,-0.0034138523,0.022103973
-0.1171433,-0.12624343,-0.14871217,-0.12464717,-0.10070661,-0.081921525,-0.092133485,-0.05820075,-0.049167015,-0.03840305,-0.037148643,-0.043399207
0.014666973,0.01787353,0.011468212,0.0029764231,-0.0031568576,-0.004294051,-0.011745296,-0.008102864,-0.0010365304,0.005616164,0.0117920805,0.012752644
-0.094727226,-0.14920337,-0.17369829,-0.19046128,-0.19814295,-0.18680026,-0.17422125,-0.13792858,-0.087926075,-0.04742132,-0.012057755,0.009720799
0.11146937,0.09067913,0.06975241,0.0862831,0.0794823,0.069494046,0.06716593,0.058494866,0.04523674,0.035037234,0.032997467,0.029323682
0.22396083,0.25289297,0.22191167,0.15768039,0.11429111,0.087796465,0.054495968,0.052487075,0.076307565,0.10833826,0.14054504,0.16236371
-1.1155683,-1.0705664,-0.90419364,-0.79112,-0.61014336,-0.5063931,-0.4446395,-0.37925234,-0.38972813,-0.42708609,-0.49516028,-0.5314518
-0.05140835,-0.08625641,-0.10494509,-0.11121294,-0.117478624,-0.102834925,-0.102071956,-0.08793111,-0.0638446,-0.04919653,-0.032872647,-0.02911901
0.17104127,0.21793027,0.20929241,0.105143584,0.07556648,0.05688127,0.03155592,0.023134552,0.04712567,0.079032935,0.11468155,0.13341886
-0.76260847,-0.64637804,-0.5411497,-0.49888596,-0.38936436,-0.30996636,-0.33682227,-0.29122224,-0.2833339,-0.29448345,-0.32304677,-0.3550259
-0.098471776,-0.12571946,-0.12229455,-0.122987434,-0.10960339,-0.099718615,-0.08558256,-0.07074723,-0.060131155,-0.049175695,-0.04408904,-0.039319646
-0.21597585,-0.19954124,-0.16416588,-0.17590207,-0.15979595,-0.14391997,-0.14612567,-0.12390237,-0.09709682,-0.07929158,-0.06773034,-0.058744226
-0.26906684,-0.24832913,-0.20741703,-0.18830235,-0.1492494,-0.12551098,-0.11737886,-0.09902787,-0.09686012,-0.10011069,-0.112027206,-0.118095055
0.35474133,0.39833742,0.43665457,0.49106374,0.49347186,0.45955545,0.450441,0.3509679,0.2224882,0.11136515,0.032405786,-0.036538042
-0.13145068,-0.15223525,-0.1629962,-0.18104407,-0.17749658,-0.16799201,-0.16157103,-0.12536964,-0.08362672,-0.042770132,-0.014837112,0.008466519
0.105107024,0.123391904,0.116914675,0.09475406,0.07502531,0.057847407,0.053295996,0.045550734,0.047880773,0.056213282,0.06622859,0.07772143
0.14465766,0.12862912,0.083410874,0.041315556,0.008816421,0.0036140233,-0.02172333,-0.016017929,0.008736469,0.034523483,0.06271616,0.07150616
-0.21449035,-0.21534881,-0.19641608,-0.18950675,-0.16483714,-0.14475527,-0.12975733,-0.10995678,-0.09267594,-0.08466592,-0.08010801,-0.078203954
-0.31019515,-0.35336566,-0.33129266,-0.32157037,-0.28768957,-0.25985524,-0.23345602,-0.19345886,-0.1653881,-0.13991272,-0.13580863,-0.124150515
0.093266204,0.05749403,0.04394099,0.07062723,0.05887933,0.048115626,0.051639795,0.045605484,0.038830787,0.027975071,0.026145145,0.025370108
0.59037673,0.60334367,0.56913716,0.5707172,0.5536876,0.48194894,0.5120908,0.42766103,0.3372367,0.28077057,0.23295169,0.22546804
0.024790972,-0.008764282,-0.022726864,-0.010174736,-0.024401218,-0.0321787,-0.029081717,-0.027348757,-0.018108286,-0.009283871,0.0030887984,0.013343044
-0.7793866,-0.78914416,-0.67714787,-0.64038724,-0.5386842,-0.47453642,-0.40888274,-0.35273844,-0.32395738,-0.31239575,-0.32954118,-0.32670167
-0.4742694,-0.2824085,-0.12725186,-0.1434688,-0.06326294,-0.028477699,-0.041099608,-0.06451473,-0.11629124,-0.15900303,-0.21403417,-0.2548935
-0.2716965,-0.24486814,-0.2101452,-0.21701294,-0.18175921,-0.15777718,-0.14035892,-0.122985266,-0.10826115,-0.09833255,-0.09703061,-0.09342148
0.20080104,0.17420995,0.14317766,0.11575492,0.08359474,0.069621444,0.07321654,0.055262245,0.054882646,0.058308467,0.06499749,0.06734015
0.35331824,0.2963919,0.23156938,0.19655862,0.1348671,0.09742764,0.09087011,0.08336002,0.100840114,0.1249471,0.1603093,0.18028072
-0.040440716,-0.051380314,-0.04029661,-0.060730003,-0.06956686,-0.07553537,-0.07215493,-0.06657948,-0.04815764,-0.026311077,-0.0091217905,0.006202236
0.20775956,0.20854844,0.18457931,0.2191288,0.18922344,0.18162832,0.17714906,0.1458958,0.120488755,0.07812357,0.060780957,0.032299705
0.25490347,0.24562186,0.21534535,0.18038365,0.12095839,0.09929335,0.080231056,0.06945239,0.091284625,0.11091903,0.1406627,0.16398384
-0.10579146,-0.14919207,-0.17521423,-0.1923505,-0.19530529,-0.18834952,-0.16452272,-0.12634104,-0.078410186,-0.034918617,-0.003816275,0.025745602
-0.3360333,-0.3207609,-0.32308942,-0.27672303,-0.23553637,-0.19349897,-0.20401232,-0.14497136,-0.115363985,-0.09826806,-0.102064356,-0.09867415
0.06702735,0.08234191,0.092911884,0.031421155,0.0005155504,-0.021756023,-0.04515241,-0.036424264,-0.006738268,0.03340581,0.070141226,0.09347075
0.22633314,0.17860684,0.12849283,0.10336,0.056366235,0.034120858,0.032590106,0.026086658,0.052733116,0.07571391,0.10946183,0.13036007
0.31247124,0.30632073,0.23409735,0.19334593,0.14566843,0.13207096,0.110492125,0.09881601,0.106489144,0.116015434,0.13159391,0.12985039
0.34481263,0.28672528,0.1838541,0.12475586,0.06451291,0.039959043,0.03662485,0.03994617,0.07723269,0.1279604,0.17412776,0.20493396
-0.13121544,-0.19245026,-0.22351497,-0.23172832,-0.22719957,-0.20635283,-0.19759393,-0.16083243,-0.11139748,-0.07565863,-0.047434293,-0.038563885
0.0071942583,-0.026026372,-0.0575053,-0.07415421,-0.094755046,-0.09430704,-0.096359156,-0.07444975,-0.029659163,0.0052298466,0.037303925,0.060607743
0.16106239,0.09019533,0.020605654,-0.012532249,-0.049301445,-0.05732952,-0.05086051,-0.035962388,0.004270807,0.042823788,0.08012729,0.102040395
0.22215435,0.18315244,0.14229375,0.14606808,0.12546222,0.100253515,0.10969398,0.1011035,0.08947845,0.09267423,0.09456082,0.09877494
0.064165786,0.021827586,0.006949395,-0.030325614,-0.050640695,-0.0633049,-0.057663858,-0.042560115,-0.012910545,0.018504705,0.051045075,0.07201727
-0.020326808,-0.015758874,0.012608778,0.02621732,0.029853135,0.044022217,0.030941507,0.0072897933,-0.01871614,-0.050189026,-0.07511218,-0.10335128
-0.087066285,-0.13000467,-0.13363592,-0.08284545,-0.05262816,-0.04461184,-0.018974416,-0.008431666,-0.022077285,-0.035877824,-0.052970022,-0.058416147
0.26100543,0.205402,0.17580788,0.17982706,0.14902017,0.12600198,0.120434985,0.1020028,0.094144076,0.08594884,0.09240726,0.09266577
-0.06397657,-0.052974384,-0.052404016,-0.08013106,-0.085919574,-0.08615552,-0.08629559,-0.07155035,-0.04237685,-0.013407156,0.012937766,0.032864153
0.13933948,0.119946904,0.105484754,0.19526978,0.22469835,0.21324962,0.2279272,0.19617558,0.12907383,0.069024995,0.008058906,-0.024088487
-0.15683675,-0.2238287,-0.25276083,-0.26346278,-0.2782224,-0.26946548,-0.25136116,-0.20158657,-0.13666472,-0.0792516,-0.03191926,0.0044543
0.060215384,0.028400995,0.005857177,-0.018671788,-0.038166367,-0.049203455,-0.04039719,-0.02777186,-0.0013544858,0.027213223,0.051960826,0.07299586
0.19902632,0.19759889,0.2007671,0.23912391,0.24201217,0.22904423,0.23824075,0.19518112,0.14081097,0.07990292,0.04326842,0.0076457113
0.086098686,0.12157482,0.1448016,0.17743981,0.19150323,0.18626483,0.13934082,0.12689248,0.08884616,0.047699064,0.013068108,-0.01779946
-0.103881985,-0.08752132,-0.029194184,0.021667123,0.0712536,0.06779289,0.088991374,0.068463385,0.011040449,-0.03810914,-0.083116375,-0.10926151
0.43528205,0.37756526,0.32713813,0.2971316,0.2367036,0.20577586,0.2067602,0.15909396,0.14664301,0.13302249,0.14092116,0.1401706
0.16393295,0.1437142,0.117491305,0.10259274,0.076866224,0.057000667,0.053063616,0.04829094,0.050772976,0.058757424,0.072771356,0.081255965
0.017675973,0.026940614,0.023354594,-0.011781603,-0.025824234,-0.027279247,-0.036617056,-0.03713134,-0.021593012,-0.0040037804,0.015191378,0.023857303
0.0017731003,0.012578446,0.0145278685,0.005689606,-0.0034777112,-0.0008701831,-0.015659003,-0.012664208,-0.0047716955,-0.00039855158,0.0068414425,0.00906321
0.0761141,0.15855268,0.23316911,0.28296897,0.3217613,0.31778565,0.3155211,0.2353839,0.11313187,0.007106711,-0.08372138,-0.15474094
-0.012760859,-0.008707449,-0.015178226,0.031060271,0.054648645,0.0667471,0.053649973,0.05310925,0.027523171,-0.0010310328,-0.025085192,-0.04739748
0.1603357,0.16346693,0.1638254,0.17011413,0.15975502,0.14229654,0.14770909,0.12346103,0.08954988,0.06734421,0.044423796,0.031966202
-0.07410389,-0.01366061,-0.01279074,0.00021633506,0.03427778,0.04297203,0.041200176,0.04426913,0.020391613,0.01121841,-0.017387282,-0.029784545
0.16465548,0.1593779,0.15883659,0.17393133,0.1725451,0.15411872,0.16187745,0.13393712,0.093709394,0.06693493,0.03816981,0.026065432
-0.17315629,-0.08966118,-0.0055043995,-0.023895532,0.016724557,0.015515327,0.021808118,0.0044195503,-0.021366015,-0.0367866,-0.064767234,-0.074139304
0.004139414,-0.016666474,-0.031672817,-0.014265455,-0.010055717,-0.008620162,-0.0021658204,0.0032380894,0.0011753216,-0.00071499776,-0.003787261,-0.0037568798
-0.012427105,-0.032153413,-0.010648096,-0.02050816,-0.021362307,-0.030834591,-0.027892938,-0.022167077,-0.012855824,-0.0041920017,0.0021835752,0.012995198
0.13874477,0.08801872,0.081674695,0.16289887,0.18978544,0.190363,0.20392837,0.17029503,0.09790431,0.02667727,-0.030943371,-0.074528426
0.13245371,0.1875413,0.2231709,0.34132802,0.37426135,0.36812615,0.33821547,0.28233463,0.17003155,0.06519262,-0.024457987,-0.08797163
0.103656545,0.11990553,0.11573808,0.12573555,0.12341766,0.10903835,0.11173797,0.097651795,0.07336655,0.057811536,0.044996306,0.039426357
0.15523851,0.12813047,0.08393921,0.016840026,-0.031105295,-0.048358053,-0.059579894,-0.045634307,0.005953975,0.056703724,0.1053959,0.1397908
-0.04891047,-0.032906972,-0.029217236,-0.0070238262,0.009518467,0.021513455,0.016043097,0.013523862,-0.0011044946,-0.016073015,-0.030851124,-0.041559648
0.22074187,0.10212244,0.04085633,0.007016301,-0.064088196,-0.11008999,-0.12372789,-0.069631845,0.02303645,0.11266021,0.20195878,0.29038444
0.13555266,0.13387817,0.12630722,0.13419494,0.124817714,0.10899475,0.114675134,0.09207535,0.071422085,0.056046456,0.04196109,0.036609665
-1.1300203,-1.0553453,-0.8729876,-0.87409467,-0.7277081,-0.6318077,-0.58805865,-0.50736165,-0.46143562,-0.43447196,-0.4468942,-0.448762
-0.72079307,-0.5964219,-0.46226346,-0.5191485,-0.43118596,-0.3681711,-0.37310776,-0.32644624,-0.2918448,-0.26798302,-0.26793057,-0.27486908
0.21622872,0.17881387,0.1283226,0.08914201,0.049660474,0.027159065,0.03357148,0.035904005,0.059891988,0.08745075,0.118670605,0.14214993
0.10426625,0.10458209,0.09530805,0.1059487,0.10118112,0.09183503,0.0890276,0.07614303,0.056585237,0.041938327,0.030147903,0.02130783
0.31237662,0.27725905,0.22410907,0.24095312,0.21846351,0.19399218,0.20390056,0.17835568,0.15113696,0.13204071,0.11497049,0.104438975
-0.3113914,-0.29575288,-0.26921493,-0.27021444,-0.23667285,-0.20235203,-0.19789365,-0.16599895,-0.13974513,-0.1227976,-0.117148265,-0.11525046
0.18150273,0.13913395,0.10281682,0.044303,-0.007590413,-0.025132209,-0.023206577,-0.025194794,0.011030115,0.045516014,0.08516701,0.109520204
0.8477139,0.7739003,0.6433552,0.5365412,0.40621567,0.33013237,0.3283848,0.26822245,0.26877913,0.29544315,0.34295344,0.37426722
-0.53867185,-0.49705666,-0.42134672,-0.39005476,-0.3162386,-0.26714757,-0.26326597,-0.22287291,-0.20587695,-0.20307949,-0.21310622,-0.21754512
-0.17853254,-0.09178452,-0.039196074,-0.089877516,-0.0756498,-0.069534495,-0.089022905,-0.08393954,-0.06498374,-0.045338772,-0.03363007,-0.022874288
-0.18944015,-0.12473449,-0.08884607,-0.13988322,-0.13097891,-0.11394858,-0.13305861,-0.12412982,-0.10219593,-0.07979363,-0.063614264,-0.05854086
-0.0372264,-0.054170184,-0.056583486,-0.05567455,-0.047688685,-0.046741307,-0.036756486,-0.025912315,-0.0176277,-0.010740129,-0.0032545978,0.0027393836
0.3073319,0.29324904,0.26053068,0.24664813,0.20854941,0.17699437,0.17595088,0.14435183,0.123541445,0.11322088,0.11091806,0.109473
-0.09428881,-0.14307529,-0.18313335,-0.1644324,-0.15834764,-0.14066777,-0.13100365,-0.09724712,-0.06944138,-0.045528125,-0.028432474,-0.019206941
-0.061351094,-0.11175067,-0.14279878,-0.1506373,-0.16234627,-0.16231175,-0.14471482,-0.11271314,-0.07055549,-0.02743382,0.003224101,0.030257132
0.063121535,0.06547853,0.04800389,0.020294176,0.0070523266,-0.0034643263,0.003049817,0.0033193845,0.016005352,0.034254532,0.049892336,0.064593345
-0.5164045,-0.48879385,-0.42883503,-0.4092694,-0.34201536,-0.2954722,-0.2780492,-0.23406641,-0.21090049,-0.19725785,-0.20161223,-0.2011044
-0.022096934,-0.026350185,-0.04716955,-0.08810097,-0.110251814,-0.106542535,-0.11532451,-0.09484698,-0.048543535,-0.007235486,0.031356826,0.058526665
-0.12603386,-0.11175564,-0.09757367,-0.078184225,-0.051399775,-0.04092451,-0.03276228,-0.025330648,-0.03410882,-0.041131064,-0.05127165,-0.055379353
-0.77749985,-0.49576694,-0.3720684,-0.35386616,-0.27805734,-0.18698716,-0.23615593,-0.23914595,-0.2613272,-0.30192113,-0.3395893,-0.39288825
-0.06312965,-0.060201555,-0.054381564,-0.063562036,-0.06193599,-0.061056532,-0.05877711,-0.052186474,-0.037355587,-0.026454955,-0.012526164,-0.0033179037
-0.25681344,-0.22686188,-0.14121811,-0.054914877,0.005412936,0.034034103,0.042915657,0.022301212,-0.043375365,-0.11517161,-0.18967116,-0.23709309
0.18994151,0.1542622,0.14027952,0.09532991,0.060209706,0.0382441,0.038942426,0.028456263,0.041340932,0.057094727,0.07937089,0.09042184
-0.57513726,-0.47703028,-0.39570835,-0.33733806,-0.25915506,-0.19443607,-0.22264615,-0.18980718,-0.19378527,-0.21483952,-0.25272036,-0.28002453
-0.3170267,-0.40732393,-0.42613304,-0.36452058,-0.31600514,-0.29198897,-0.23508203,-0.16251433,-0.12800235,-0.09335594,-0.097863086,-0.07616781
-0.2455469,-0.22041997,-0.19434988,-0.1794217,-0.14417754,-0.12062305,-0.12752002,-0.104554795,-0.09384988,-0.08953263,-0.09363232,-0.101169124
0.055105995,0.003534712,-0.03113769,-0.061436176,-0.08742611,-0.0874033,-0.088255435,-0.074408874,-0.038800634,-0.0082401335,0.02491076,0.04025942
0.047268994,0.031971168,0.031685684,0.08015822,0.09344661,0.09695207,0.090515465,0.07727895,0.044729557,0.008524926,-0.016527671,-0.03996399
0.0071859406,0.018728696,0.010141242,0.005998157,-0.0037194975,-0.0028226636,-0.012570018,-0.012069825,-0.006139501,0.0011509524,0.0069449814,0.011419425
0.0043625757,0.06998491,0.07342126,0.0086703375,-0.019286722,-0.015194811,-0.04095195,-0.05098855,-0.03056157,-0.0084382985,0.013547899,0.01891958
-0.23324367,-0.24294522,-0.23302068,-0.22899075,-0.21504557,-0.19755474,-0.21299048,-0.16287866,-0.11550294,-0.07633402,-0.051156648,-0.026169121
-0.026707793,-0.00029157847,0.03999939,0.07464,0.105719,0.107724726,0.10863292,0.08018499,0.02880428,-0.017866183,-0.055688627,-0.08628413
0.014470957,0.07200251,0.07946726,0.12576407,0.14115892,0.16966918,0.11587072,0.089943826,0.04531533,-0.013977466,-0.051526554,-0.10069404
-0.035647385,-0.07144451,-0.14136437,-0.090776354,-0.13961399,-0.112313956,-0.14051087,-0.109014705,-0.05891791,-0.040945545,-0.00029478595,0.007976748
0.09839772,0.08231134,0.02985029,-0.0048064888,-0.041562736,-0.04333578,-0.06084522,-0.046378396,-0.0021009669,0.036396287,0.06946424,0.08816715
-0.2048179,-0.1913942,-0.15481478,-0.12554164,-0.11590765,-0.09903829,-0.088519745,-0.079450265,-0.07122896,-0.07522548,-0.07859813,-0.074114695
0.12401635,0.09906566,0.07454787,0.044030935,0.02524072,0.012819432,0.010611527,0.012526557,0.022979934,0.03946901,0.059481245,0.06685228
-0.1448192,-0.14508195,-0.14013703,-0.1465488,-0.14230058,-0.13445243,-0.13019793,-0.10017186,-0.074150085,-0.045015518,-0.029380374,-0.013983272
-0.30053014,-0.30195755,-0.30643225,-0.33612302,-0.31925243,-0.29016,-0.29065067,-0.23666967,-0.17367211,-0.11127847,-0.072872795,-0.04417005
0.03242231,0.10523336,0.09998001,0.070588775,0.054154854,0.04760329,0.009400077,0.010052193,0.021561878,0.03697692,0.0522684,0.058921624
0.22931083,0.16933684,0.109268695,0.04572031,-0.00032639503,-0.023507163,-0.018336773,-0.005452156,0.04086405,0.08941852,0.13446641,0.16484967
0.63314116,0.7021775,0.63701344,0.63696384,0.5025706,0.4331975,0.3625439,0.2897397,0.27767894,0.27133715,0.29993963,0.3404869
-0.5450901,-0.50959396,-0.4613285,-0.4381624,-0.3793501,-0.32464087,-0.34046215,-0.2743339,-0.22589274,-0.19740106,-0.19125113,-0.18510613
0.12571287,0.14458592,0.13823023,0.14539069,0.13748282,0.1286272,0.11940098,0.09326665,0.06695326,0.042061865,0.030132424,0.013960907
0.27633557,0.267187,0.23144905,0.2220506,0.1785933,0.1519616,0.1342331,0.11285642,0.10783658,0.10201445,0.11298337,0.108837694
0.22776595,0.2057257,0.16484174,0.14802149,0.10807246,0.086148605,0.08028506,0.077048466,0.085002705,0.0960635,0.11437738,0.12910877
-0.03821501,-0.09253788,-0.124588,-0.15439421,-0.1603864,-0.16411078,-0.13975826,-0.10692101,-0.06403153,-0.016664159,0.016830903,0.04297772
0.85669124,0.8773551,0.81663406,0.69633543,0.58891684,0.49169865,0.45727694,0.37534302,0.34429228,0.34816983,0.37206033,0.3881138
-0.10554151,-0.16307324,-0.16309023,-0.10947548,-0.101091556,-0.0907758,-0.07582299,-0.04707019,-0.038811784,-0.041306466,-0.047301967,-0.042509027
-0.18602744,-0.16430686,-0.15304083,-0.19018877,-0.18744463,-0.16610892,-0.16496505,-0.14629579,-0.109494254,-0.082003795,-0.05667579,-0.044184104
0.19480701,0.21606886,0.20990252,0.15840922,0.13763477,0.110410854,0.10177195,0.08526989,0.07670366,0.088189915,0.09826282,0.10688665
0.19107589,0.19246988,0.16591781,0.14775099,0.11209428,0.093272656,0.085829295,0.07111757,0.072266296,0.07788461,0.08806063,0.09644967
0.0053324047,0.0034789776,0.019979605,0.022908794,0.03175516,0.026951235,0.026609914,0.015728006,0.0010069744,-0.010572864,-0.018078515,-0.02928415
0.17180455,0.15802212,0.120495565,0.11687647,0.09537044,0.08467241,0.07811073,0.06935816,0.06358488,0.06274623,0.06646702,0.06490508
0.21453272,0.200655,0.18274416,0.1827192,0.16468777,0.14510319,0.14884022,0.12503904,0.101270884,0.08437739,0.07511437,0.07179001
0.2154109,0.1896843,0.16281776,0.12063432,0.070246056,0.047301874,0.029569805,0.026288003,0.054219633,0.081121355,0.108783275,0.1344861
-0.09160892,-0.09301154,-0.06970432,-0.04651215,-0.02604682,-0.017973691,-0.013643414,-0.011349719,-0.022448402,-0.036169115,-0.052773498,-0.06294967
-0.07887623,-0.035659656,0.013179034,0.015456364,0.027260005,0.03817909,0.017033078,0.0058271624,-0.014039783,-0.038969833,-0.05874003,-0.07827897
0.15578806,0.16166222,0.16145411,0.19895825,0.19661003,0.17281373,0.18288869,0.15606865,0.10986833,0.07512611,0.042272016,0.024064526
-0.010513896,-0.029037932,-0.04190158,-0.088451475,-0.09580091,-0.09402093,-0.0913425,-0.07383679,-0.036528375,-0.0031702449,0.023888847,0.04419875
0.055716928,0.079998,0.0870031,0.043168474,0.022476941,0.013516001,0.0028980076,-0.0051459596,0.008592008,0.022654723,0.040176705,0.050081998
-0.18105897,-0.19752997,-0.1894188,-0.18359187,-0.16830565,-0.14898363,-0.14264606,-0.114573896,-0.088504985,-0.07398859,-0.063654356,-0.058358554
0.31646615,0.37779623,0.4152715,0.45351586,0.4635157,0.4459869,0.43842,0.3468021,0.22810967,0.1152581,0.031223848,-0.037586987
0.0911541,0.08309756,0.06047479,0.043106366,0.025414411,0.01589479,0.01430878,0.013720777,0.024079591,0.0363456,0.051226057,0.060877778
0.11288642,0.06425717,0.020500124,-0.0007599294,-0.028859764,-0.042515054,-0.03591311,-0.022052586,0.008108638,0.03930241,0.0710715,0.09194232
-0.23324719,-0.2161811,-0.19362581,-0.13210016,-0.09003852,-0.063965976,-0.06285162,-0.04890336,-0.064806655,-0.086330235,-0.11106163,-0.1290818
-0.3041653,-0.3497534,-0.3918257,-0.36011282,-0.37613386,-0.34933394,-0.38714772,-0.28136942,-0.17604367,-0.08853011,-0.021544717,0.042242065
0.13815735,0.12515387,0.10189588,0.077506855,0.03766735,0.021408513,0.012518123,0.011100218,0.033657104,0.05389042,0.07642858,0.0923674
-0.24159044,-0.18166181,-0.1273917,-0.10258305,-0.0624675,-0.03510113,-0.055601507,-0.04870335,-0.06284076,-0.085033655,-0.10516609,-0.12422083
-0.47463107,-0.4061072,-0.34532407,-0.3463319,-0.28538546,-0.2421184,-0.26189443,-0.21207432,-0.18535616,-0.16533169,-0.16090207,-0.16300166
-0.09340434,-0.07306741,-0.029099554,0.003800936,0.030850992,0.03719175,0.057950027,0.030902617,-0.02352538,-0.06677489,-0.107568435,-0.13606726
0.546498,0.47584233,0.39305007,0.4384281,0.3730819,0.31939405,0.30954295,0.2595383,0.22440673,0.1933407,0.18961859,0.18570307
0.25295284,0.21263516,0.19280241,0.23541324,0.23655891,0.21050847,0.22682753,0.19094974,0.12813337,0.08209689,0.04502538,0.022179097
-0.13805157,-0.104755506,-0.06970146,-0.07885027,-0.062002845,-0.04615618,-0.05224245,-0.047784753,-0.050994202,-0.056398325,-0.061935917,-0.069209315
-0.17756665,-0.17451528,-0.14414728,-0.12611076,-0.09997389,-0.077442475,-0.072537,-0.061727766,-0.06732525,-0.07553069,-0.08864701,-0.09759702
-0.43712065,-0.33493653,-0.24513334,-0.29452494,-0.2609743,-0.22606844,-0.24455069,-0.2153893,-0.17431608,-0.14745924,-0.13040449,-0.11740759
0.36460027,0.41013348,0.3749329,0.35049227,0.298939,0.25395837,0.21835521,0.18113372,0.16519487,0.16474877,0.17384255,0.1828673
0.11581932,0.09574372,0.059085764,0.04548884,0.022081368,0.01776249,0.011916652,0.0162367,0.029315509,0.042192273,0.057270173,0.06711486
0.62820524,0.60182863,0.55357647,0.55337906,0.4338838,0.36195946,0.34108192,0.2832169,0.27524194,0.24957053,0.2560185,0.2623331
0.2611708,0.25365987,0.19586998,0.05871886,-0.044093996,-0.080800354,-0.08032352,-0.049982578,0.02977404,0.11743371,0.20709427,0.26608333
-0.052863546,-0.09488975,-0.10565832,-0.12321031,-0.12849854,-0.13102318,-0.12043757,-0.091045536,-0.053415995,-0.015883928,0.012305552,0.03936568
0.19961482,0.16692531,0.1379001,0.15748921,0.14144313,0.12626068,0.12900996,0.11570181,0.092841595,0.07350443,0.05940496,0.04981849
-0.047064953,0.0033410266,0.020580865,-0.030029744,-0.0322799,-0.030660447,-0.039449275,-0.039777808,-0.025683168,-0.010155989,0.0046255235,0.009431668
0.13428885,0.0939302,0.052981228,0.04223743,0.01922658,0.005169131,0.0070936456,0.014006436,0.031121533,0.05221907,0.07278466,0.08923021
0.32990223,0.34143823,0.34093732,0.31492665,0.28380227,0.26309085,0.25543362,0.19960828,0.15104799,0.10639498,0.08547444,0.060202844
0.24638756,0.27946383,0.29863906,0.29448134,0.26300344,0.22935669,0.20644972,0.16081285,0.11948931,0.088051066,0.0730552,0.06289224
0.037431464,0.025336996,0.017707828,0.035605323,0.038032897,0.03609635,0.04137342,0.04062311,0.026420347,0.017067848,0.0036332011,-0.0023725815
0.016425572,-0.013030756,-0.04294591,-0.04873015,-0.06305262,-0.06488834,-0.05956543,-0.044922877,-0.01602989,0.0063211545,0.028896103,0.04493715
0.13766795,0.06708293,0.024300143,0.00791873,-0.016114265,-0.035820037,-0.012926556,-0.007252954,0.019219331,0.047443733,0.0729832,0.099586956
-0.035088707,-0.035703298,-0.04182308,-0.05556166,-0.056949534,-0.049687013,-0.04988633,-0.0407525,-0.02709117,-0.016172575,-0.0071602184,-0.004010639
0.32452092,0.13376778,-0.05599144,0.0030500144,-0.02762878,-0.056019068,0.016277522,0.0788097,0.13185151,0.19471738,0.23895597,0.30979732
-0.37969568,-0.3902175,-0.34525207,-0.35000145,-0.31080663,-0.28169498,-0.24894612,-0.2106404,-0.18152985,-0.15944792,-0.15226278,-0.1512683
0.09406259,0.008844733,-0.072924644,-0.12831055,-0.17226118,-0.19431765,-0.1692514,-0.12053668,-0.036571786,0.054308146,0.12819727,0.19616234
-0.08436801,-0.10221036,-0.10120797,-0.1419717,-0.1459848,-0.1383526,-0.1343728,-0.110359535,-0.07129329,-0.034361597,-0.0080107,0.012747116
0.2842754,0.278039,0.24449065,0.19858706,0.1648401,0.117919385,0.1278964,0.11844804,0.117460676,0.15023759,0.16327104,0.1907467
-0.3274189,-0.29427066,-0.27453652,-0.2578482,-0.21639137,-0.17600818,-0.17998232,-0.14587359,-0.13263747,-0.1303637,-0.13403475,-0.14625116
-0.054561626,-0.023078006,0.0020943433,-0.0029971413,-2.9664487e-05,-0.0006151572,-0.007625483,-0.012370795,-0.013208764,-0.013212414,-0.016780669,-0.015985442
0.05270019,0.040034965,0.025865525,-0.009596594,-0.030279748,-0.037285924,-0.042713597,-0.034478392,-0.013260171,0.0117057385,0.035314854,0.04860349
0.6126481,0.4290549,0.21284854,0.1463378,-0.007849872,-0.025877655,-0.04471588,-0.03973788,0.0814133,0.16401818,0.28645694,0.3402883
0.11176225,0.123577826,0.13066722,0.12696296,0.1154013,0.108500786,0.09898989,0.07691351,0.05411738,0.03589461,0.025173476,0.011858366
0.7688869,0.52017653,0.24101424,0.20946068,0.022031903,-0.03906399,-0.059500456,0.0017998815,0.17214856,0.30737478,0.48187593,0.593832
-0.09688187,-0.074029185,-0.05650401,-0.0712488,-0.06653122,-0.060584288,-0.058194116,-0.050533403,-0.03994182,-0.03299716,-0.023403956,-0.01907242
0.21852171,0.20618075,0.16942638,0.13417317,0.10555322,0.072879165,0.0823917,0.076991044,0.07806109,0.104948275,0.118263714,0.13858218
-0.3871733,-0.44027716,-0.43235978,-0.3703123,-0.3187178,-0.2731536,-0.2584091,-0.20139247,-0.16887626,-0.15775017,-0.15706806,-0.1609898
-0.14249179,-0.1771862,-0.19150685,-0.2002044,-0.19173202,-0.17877391,-0.17350426,-0.13776141,-0.09815682,-0.0614713,-0.03539671,-0.0188419
1.3114822,1.1808343,0.9840666,0.907231,0.75278145,0.61407554,0.63689876,0.56917125,0.5193082,0.5464668,0.54440796,0.5592021
-0.23258777,-0.21056087,-0.18646191,-0.21719706,-0.20452489,-0.18409038,-0.18998072,-0.16077474,-0.12198861,-0.09134451,-0.0683761,-0.05640813
-0.15706873,-0.12707952,-0.09694508,-0.1134875,-0.10415711,-0.089043185,-0.10042623,-0.08727363,-0.07037854,-0.058905542,-0.052729372,-0.0480125
0.290542,0.21410152,0.13771823,0.020412922,-0.0951646,-0.1351754,-0.14551818,-0.123402774,-0.024751976,0.0734051,0.18167979,0.25189656
0.2530463,0.22171965,0.1581423,0.1404733,0.11447202,0.08505224,0.09158975,0.09210015,0.09881829,0.12015723,0.1384486,0.15738213
-0.37353915,-0.26848033,-0.19288626,-0.21319069,-0.1751804,-0.14276716,-0.16533808,-0.15791926,-0.15048406,-0.14386895,-0.14667365,-0.14997053
-0.0047320575,0.012467347,0.007323738,-0.023663826,-0.036745403,-0.04063437,-0.052665673,-0.044296086,-0.021385435,0.0020733988,0.026553951,0.0400325
-0.21346071,-0.22288212,-0.19385356,-0.16847302,-0.1352452,-0.113094985,-0.09232235,-0.075069845,-0.072933756,-0.0811706,-0.09363104,-0.10245033
-0.1038748,-0.094817236,-0.06698704,-0.048747405,-0.026251517,-0.017230675,-0.007247925,-0.011290781,-0.025400959,-0.04078812,-0.056300186,-0.06813264
0.016722703,0.02472009,0.020662405,0.010313867,0.0060730977,0.0058244173,0.0066043246,0.0044093016,0.002909003,0.000470091,0.004561576,0.00031919498
-0.06868928,-0.064953566,-0.07207067,-0.0359689,-0.010867558,-0.0027023256,-0.0019653365,0.0060295984,-0.0059650466,-0.016430363,-0.03014943,-0.043180496
0.23706062,0.2244466,0.14051986,0.07202268,-0.03812182,-0.05343628,-0.086407214,-0.07649377,0.0037433952,0.07589387,0.15868077,0.21472862
-0.07132691,-0.0936065,-0.118547335,-0.128477,-0.12166497,-0.11662244,-0.09971334,-0.074252576,-0.045094606,-0.016763557,0.004967767,0.025804348
-0.5020896,-0.398601,-0.22868931,-0.12988037,-0.021569312,0.023945987,0.03851971,0.0017499626,-0.09714678,-0.2047631,-0.30721134,-0.37905145
0.32763228,0.3335051,0.32114935,0.33540133,0.3051103,0.28205088,0.26531148,0.21399169,0.1602022,0.11368456,0.08498651,0.059374228
-0.024619877,0.0066279722,0.04799994,0.10013822,0.10742964,0.100530714,0.106396884,0.07130761,0.009291805,-0.04583663,-0.08202294,-0.11946262
-0.09688166,-0.12447127,-0.1347895,-0.15518898,-0.15121695,-0.14308423,-0.14116424,-0.10805122,-0.068510674,-0.03416485,-0.0069906283,0.0142462365
0.10694274,0.12390113,0.13078898,0.13962507,0.14777476,0.13667929,0.14598289,0.119567685,0.08103665,0.050736498,0.021627158,0.004086226
-0.022809537,-0.028302299,-0.031945277,-0.020290282,-0.019054089,-0.017288934,-0.015250772,-0.0054977387,0.00030031428,0.0031744258,0.0020831479,0.0050736144
0.12054685,0.07667859,0.06400177,0.1367191,0.13788845,0.13234995,0.1303565,0.11550458,0.08218718,0.03998921,0.009763371,-0.0145521015
0.0027727485,0.0025754718,0.013849546,0.0061783027,0.0028844727,0.0001520617,0.001055276,-0.0032434426,-0.0039333487,-0.005131012,-0.003667445,-0.002462335
-0.16775878,-0.24420384,-0.2800647,-0.3021484,-0.30981007,-0.29359996,-0.2781878,-0.21222642,-0.13152985,-0.057956703,-0.005117599,0.04255371
0.069888145,0.0728377,0.080394074,0.029253483,-0.022010714,-0.030812562,-0.050082117,-0.056370378,-0.020081967,0.010080691,0.043001805,0.066272885
0.018947111,0.024040252,-0.009807207,-0.06325126,-0.09809646,-0.08947508,-0.103284046,-0.090361774,-0.046811055,-0.008887736,0.029821979,0.04299551
-0.14631383,-0.12567782,-0.08657843,0.0027989298,0.057642072,0.06941028,0.079174235,0.066857144,0.012305431,-0.041256584,-0.096260265,-0.12617686
-0.018906474,-0.0068549067,0.016137749,0.009841945,0.013468865,0.012722172,0.0108373985,0.00900293,0.007143045,0.004010303,-0.002963164,1.4563091e-05
0.033068266,0.005618084,-0.014796555,-0.017530888,-0.025054127,-0.028136786,-0.017785884,-0.011478346,0.00261793,0.014122732,0.024664953,0.03231099
0.18882222,0.2860975,0.3360302,0.3159112,0.2720772,0.2616084,0.22796702,0.16805017,0.12636308,0.08215035,0.056023322,0.027766999
-0.018258853,-0.031956743,-0.034290165,-0.038128432,-0.04813558,-0.049855903,-0.05124329,-0.044382088,-0.028749725,-0.014219969,0.00032517686,0.009234421
0.19071215,0.14753972,0.092639536,0.06441432,0.011009678,-0.00665465,0.0067305714,0.0034648776,0.038060337,0.070161074,0.10576026,0.13862495
-0.06266336,-0.088808075,-0.10425815,-0.11348626,-0.11690756,-0.107777596,-0.10157341,-0.08075084,-0.05404365,-0.032466944,-0.01412197,-0.0025382228
0.13529402,0.109139286,0.07055305,0.062324315,0.04339899,0.020409383,0.026586235,0.027435966,0.03930326,0.057277232,0.07920456,0.100240216
-0.07578947,-0.029062226,-0.041449793,-0.07235881,-0.095656596,-0.07958441,-0.109502465,-0.08879434,-0.046968885,-0.016438086,0.01826498,0.0354877
0.07625292,0.12203344,0.13682903,0.11172051,0.10867897,0.09782244,0.09316229,0.0693586,0.05590892,0.047220908,0.039184097,0.03311596
-0.17326304,-0.120006174,-0.06864788,-0.02286908,0.015634254,0.02090995,0.009842351,0.010591768,-0.020348899,-0.046435393,-0.07744238,-0.0931481
0.0601741,0.020271733,-0.0019535795,-0.014844537,-0.028310865,-0.032961294,-0.026732054,-0.020059586,-0.0009248294,0.016138008,0.030307125,0.042625435
0.17475104,0.15833357,0.15174812,0.18396103,0.1857782,0.1663639,0.17432465,0.152674,0.108677395,0.07514069,0.044284247,0.029455878
0.2721078,0.24661247,0.19032611,0.15651844,0.10900822,0.0850687,0.074911565,0.06918837,0.08623861,0.11030552,0.13684167,0.1556546
-0.18845066,-0.07641932,-0.04241991,-0.085143656,-0.093973726,-0.07182565,-0.11698266,-0.10904461,-0.07697421,-0.055999808,-0.035004757,-0.024834722
-8.832663e-05,0.055192962,0.1047941,0.13540655,0.17928386,0.17644739,0.17473435,0.14070234,0.081560016,0.029284801,-0.025359895,-0.050497156
-0.10094801,-0.1004075,-0.067980886,-0.16836289,-0.23951794,-0.26160157,-0.2730404,-0.23463532,-0.115541734,-0.011706585,0.08726116,0.18060252
0.06803532,0.11499539,0.14366792,0.16967121,0.18246311,0.17392707,0.16283065,0.12550953,0.07226191,0.025847623,-0.008835625,-0.038269818
-0.08835622,-0.07683346,-0.06461452,-0.12134811,-0.13689332,-0.12140967,-0.13273937,-0.12116293,-0.08301901,-0.05567931,-0.026827268,-0.015327528
0.37116724,0.57594097,0.48993194,0.34903926,0.27336773,0.24996611,0.13886899,0.124892384,0.15706667,0.20869121,0.27146208,0.28655934
0.03754298,-0.001954466,-0.040094405,-0.05445178,-0.074008554,-0.07905988,-0.082996964,-0.05839128,-0.025154512,0.008050511,0.041227862,0.06089174
-0.037146233,0.056192726,0.12505129,0.061724268,0.049396105,0.041503146,0.026830673,0.0005948674,-0.00083742663,-0.0021607168,0.0011120997,0.00957679
-0.3675418,-0.2851127,-0.19425166,-0.094418675,-0.0007353127,0.039267868,0.036941826,0.022715837,-0.057247937,-0.13523586,-0.2216554,-0.27932063
-0.33014438,-0.29824013,-0.24635905,-0.1940747,-0.13457121,-0.09595747,-0.08670828,-0.07543911,-0.10369235,-0.1358436,-0.17566422,-0.20772967
-0.0053400695,0.0005201269,0.009872291,-0.020517215,-0.022396287,-0.02329521,-0.029868226,-0.024679458,-0.012941622,-0.0005380092,0.010354651,0.018594276
0.4388754,0.40909714,0.36326262,0.37812385,0.32888365,0.29083386,0.28118193,0.23302867,0.19117923,0.15831633,0.14290416,0.12586877
0.091947734,0.096038654,0.07810005,0.08044577,0.0599539,0.05369301,0.04952057,0.039816108,0.03855227,0.038565263,0.039206088,0.03929706
0.50835925,0.471999,0.4058435,0.3285613,0.2565423,0.21363716,0.22803262,0.18028069,0.1762949,0.18409626,0.19668214,0.20961902
-0.045364972,-0.080680504,-0.087840974,-0.05813613,-0.044137523,-0.03952547,-0.013772156,-0.012248883,-0.019027524,-0.028323138,-0.037179925,-0.04040536
-0.54810596,-0.41971555,-0.3274879,-0.31317675,-0.20165288,-0.12955198,-0.14283851,-0.12930429,-0.16958228,-0.21270534,-0.26929295,-0.32651335
0.015220137,0.025212385,0.029737176,0.03290125,0.040312983,0.037079223,0.040036034,0.04338135,0.03203194,0.029089388,0.01476014,0.012556784
-0.44850996,-0.41630912,-0.3391881,-0.26990038,-0.19263485,-0.14280832,-0.12331894,-0.107874915,-0.13492605,-0.17448212,-0.22270124,-0.2537083
0.17318447,0.14967263,0.10984193,0.10391336,0.08151118,0.06367892,0.059249938,0.0556862,0.06291456,0.07126432,0.08440918,0.096421406
-0.2721407,-0.25212908,-0.22320108,-0.23496619,-0.2174233,-0.19630435,-0.18429802,-0.1587519,-0.12847444,-0.10675439,-0.08976358,-0.07633887
-0.44873667,-0.35792083,-0.297525,-0.2739888,-0.21060154,-0.164368,-0.17310417,-0.14903493,-0.15169542,-0.16073152,-0.17500311,-0.18866521
-0.0022108331,0.05582042,0.081818126,0.115695275,0.14949352,0.16199829,0.15242569,0.122075364,0.059664246,0.0009843446,-0.054489143,-0.10153404
0.04567215,-0.0013958216,-0.039905377,-0.06358757,-0.0830288,-0.092427574,-0.07733971,-0.05638207,-0.019266006,0.017935745,0.050685193,0.07748825
0.14585608,0.14161669,0.12480707,0.11715248,0.1019826,0.082355045,0.078503236,0.065785095,0.06005072,0.061965566,0.06719798,0.07171671
0.35546237,0.3381024,0.30384177,0.2935599,0.24985167,0.20938405,0.19851547,0.17485434,0.14906615,0.14503953,0.14565958,0.14916748
-0.16274685,-0.1700491,-0.16382241,-0.18117869,-0.17523639,-0.15849723,-0.15190786,-0.12593055,-0.09349182,-0.06716993,-0.049333,-0.036670484
0.3904677,0.37931737,0.38537693,0.47429156,0.48201275,0.4448722,0.45267296,0.37195915,0.24125354,0.13241579,0.05301144,-0.015529066
-0.6458382,-0.5012238,-0.329863,-0.25734133,-0.10511637,-0.06262517,0.012059808,-0.016192555,-0.11348882,-0.20858186,-0.30311507,-0.351251
0.4910209,0.35665292,0.21080518,0.11396307,-0.02092421,-0.07344121,-0.06395733,-0.04421404,0.057804048,0.16544786,0.27669662,0.35875434
0.061083037,0.054646246,0.022039153,-0.0035645515,-0.024367094,-0.034589022,-0.04315344,-0.023618191,0.0100631155,0.045083687,0.07476139,0.10073477
0.14766991,0.17799656,0.1623377,0.14525348,0.11896389,0.11145749,0.08403592,0.06751244,0.054981567,0.04976275,0.04989879,0.04238441
0.29627347,0.26068655,0.2041273,0.17602901,0.13287558,0.104604155,0.10665931,0.09503219,0.10369283,0.120626755,0.13825482,0.15419213
-0.17763945,-0.039637312,-0.023875028,0.022133663,0.029525355,0.060800746,0.01580596,0.0010302812,-0.012568228,-0.04283858,-0.055810977,-0.07792769
-0.030431017,-0.06318887,-0.0722931,-0.051014174,-0.052628182,-0.050850138,-0.042938642,-0.031680364,-0.02772035,-0.025668308,-0.024962468,-0.024953704
0.19527557,0.13715546,0.07814929,0.03488478,-0.018819004,-0.03799759,-0.03715615,-0.025700986,0.017694749,0.06399412,0.11058341,0.14447333
0.22805452,0.2412536,0.21498586,0.19625463,0.16910493,0.14305589,0.13223061,0.108723216,0.09749586,0.09604638,0.10167327,0.10460985
-0.041827854,-0.04179637,-0.040210605,-0.036760114,-0.036530353,-0.033400856,-0.042949077,-0.029761605,-0.01991539,-0.015405674,-0.0056766253,-0.0019987524
-0.3518658,-0.32321522,-0.25350958,-0.2842514,-0.22981794,-0.19621767,-0.20881432,-0.17973705,-0.16915564,-0.15623954,-0.16242124,-0.17532918
-0.48338982,-0.51265794,-0.48570633,-0.42594787,-0.3441903,-0.29870605,-0.25929573,-0.20372283,-0.18798578,-0.17947027,-0.1939136,-0.19501759
0.70335215,0.62854105,0.5276003,0.51293105,0.42356926,0.3518848,0.3458994,0.3037302,0.28019616,0.28207588,0.28790283,0.30584237
0.034042157,0.045370325,0.048927166,0.1220687,0.14986674,0.159628,0.15588033,0.13872784,0.07385462,0.015955199,-0.038551573,-0.08220734
-0.11039449,-0.07452114,-0.09283454,-0.108036235,-0.12311482,-0.10500494,-0.14115322,-0.1125137,-0.06905348,-0.03793888,-0.009971175,0.0010913908
-0.41040936,-0.41759473,-0.32146728,-0.27326256,-0.20582789,-0.17551434,-0.17409222,-0.1373056,-0.13551709,-0.1504148,-0.17553616,-0.18437892
0.4354998,0.33803195,0.22919634,0.24399415,0.21612348,0.18610936,0.19655836,0.1931608,0.19054827,0.19547784,0.20147923,0.21419784
-0.037262492,-0.00733079,0.005568512,0.030846529,0.055854358,0.061156236,0.05736874,0.050473407,0.020544458,-0.0058126394,-0.02970738,-0.046489354
-0.03410528,0.05862742,0.1436688,0.20580754,0.25026894,0.23803164,0.21051383,0.1700032,0.08643721,0.018311076,-0.048175797,-0.08493078
0.14518361,0.12299941,0.06718397,0.12531291,0.13179345,0.12772293,0.12803315,0.1225007,0.09806371,0.07752494,0.056677636,0.042015553
-0.18815136,-0.188272,-0.15939821,-0.10217687,-0.060632445,-0.040341303,-0.034179963,-0.026190862,-0.049925126,-0.07404723,-0.10585521,-0.12597626
-0.56299084,-0.54440624,-0.46847412,-0.45931762,-0.38215423,-0.31589153,-0.31794184,-0.27519733,-0.25678533,-0.25435665,-0.26435143,-0.28200826
0.09466474,0.08154303,0.054641366,0.04621917,0.029289685,0.020400524,0.02006419,0.017174069,0.02783896,0.036208615,0.050898984,0.05629059
0.190321,0.15021157,0.11329362,0.08620429,0.046205133,0.027232155,0.022697106,0.025471188,0.047982566,0.07011546,0.093790844,0.109959975
0.066897295,0.09848902,0.08825735,0.061141536,0.032480538,0.03667809,-0.0017090812,-0.009934381,0.0011905245,0.009509019,0.024703883,0.027813412
0.49998894,0.4954949,0.42880768,0.39745316,0.34630442,0.29908732,0.2915331,0.24719554,0.2170707,0.20943634,0.20936899,0.21206781
0.064227924,0.020387266,-0.0030018017,0.022113618,0.022055194,0.0137639195,0.028027449,0.032037813,0.027588759,0.025998922,0.01880145,0.018090311
-0.7804363,-0.78400904,-0.68123066,-0.65063894,-0.55967474,-0.49522585,-0.4424252,-0.3780338,-0.3273857,-0.30144703,-0.3015498,-0.2869153
0.47431368,0.47595292,0.4776238,0.40606686,0.32042515,0.28959936,0.26170978,0.20221528,0.1759052,0.15527265,0.15612885,0.15391248
0.01613327,0.0064568557,-0.01994862,0.010769043,0.02111443,0.032942522,0.03169132,0.033201102,0.026191423,0.008163126,-0.0020989887,-0.01775416
-0.628486,-0.34555942,-0.2235868,-0.33401164,-0.28657603,-0.22587267,-0.27850294,-0.2617907,-0.22729608,-0.2018247,-0.18545473,-0.19468072
0.22178863,0.18243797,0.13442335,0.14030212,0.11398694,0.09590061,0.09573972,0.08753142,0.08506939,0.08605306,0.093148746,0.099446036
0.00046253577,-0.018772766,-0.03679695,-0.052947327,-0.0773381,-0.06983042,-0.07217477,-0.069966406,-0.06227713,-0.052554283,-0.03037325,-0.033046383
-0.025343372,-0.03939655,-0.046149135,-0.04271561,-0.043207757,-0.041742176,-0.03528859,-0.024102097,-0.014368121,-0.0072723073,-0.001030823,0.0067936983
0.57539207,0.53668904,0.49274448,0.489672,0.43584847,0.37923598,0.3757913,0.3091627,0.25194755,0.20732245,0.19389842,0.17597272
0.17888272,0.21478127,0.19244583,0.14936644,0.118471846,0.10363169,0.08306387,0.066967905,0.07067105,0.07796446,0.094448335,0.10029341
-0.01891189,-0.045933757,-0.065295294,-0.06265109,-0.06124579,-0.05725558,-0.05118338,-0.038898695,-0.02144475,-0.00968139,0.00283551,0.01152085
0.10821956,0.088646784,0.1010377,0.11899079,0.13510126,0.11500515,0.12210056,0.10650551,0.08197749,0.058263775,0.03966125,0.03485047
-1.778525,-1.8162053,-1.6277529,-1.2519436,-0.9318675,-0.71494204,-0.67317367,-0.5352242,-0.6026599,-0.7299069,-0.9011491,-1.0174606
-0.0016296301,0.010853663,-0.0062889345,-0.04825838,-0.074515,-0.078893125,-0.09691763,-0.07952747,-0.033500258,0.012060373,0.04840731,0.080015644
0.69664973,0.5803281,0.44703403,0.30253416,0.186712,0.12470424,0.13617653,0.115483105,0.17924227,0.24764752,0.33060393,0.38654202
-0.21192378,-0.15889727,-0.11282414,-0.115050845,-0.08539864,-0.062124334,-0.08044021,-0.075148776,-0.071888626,-0.07802022,-0.08435641,-0.09446705
0.5134875,0.4619795,0.37639272,0.29329008,0.19187033,0.14047903,0.1320616,0.10797651,0.14408882,0.18718646,0.24280632,0.28261602
0.2690487,0.3842053,0.4822646,0.5946231,0.6145092,0.59240437,0.5582136,0.43044546,0.2517016,0.07862456,-0.045426194,-0.14803347
-0.11333264,-0.05873532,-0.03745359,-0.08363186,-0.07582735,-0.05915843,-0.074050225,-0.065588795,-0.0571602,-0.043650467,-0.039856635,-0.042051166
0.15007591,0.1278374,0.097461894,0.03632289,-0.0047840327,-0.023294851,-0.024774447,-0.021300934,0.020094506,0.058305714,0.100335926,0.12785846
-0.033907898,-0.026761772,-0.03235365,-0.05645247,-0.074827075,-0.07319628,-0.08337612,-0.06792566,-0.038094684,-0.0115136,0.013004899,0.028944831
0.081151806,0.13086367,0.17321195,0.25615984,0.29871145,0.29315996,0.29650718,0.2431324,0.13767055,0.04102037,-0.044306576,-0.104609594
-0.48039293,-0.44996405,-0.40943757,-0.40168697,-0.33991385,-0.289607,-0.28374338,-0.22615793,-0.18750119,-0.16509512,-0.15810627,-0.15276864
-0.204645,-0.21997355,-0.18644507,-0.14924815,-0.11149412,-0.09153942,-0.07781599,-0.067426056,-0.07581119,-0.089203104,-0.10927388,-0.1206131
-0.35441896,-0.17824802,-0.107741505,-0.111245096,-0.07445021,-0.027029157,-0.09506172,-0.093976356,-0.101510614,-0.12524034,-0.14330307,-0.17696998
-0.16128692,-0.10353276,-0.026982486,0.06562674,0.1389426,0.15421608,0.1613325,0.12337302,0.025975674,-0.06403893,-0.14831482,-0.20741637
-1.2000496,-1.1928006,-1.058975,-0.89566934,-0.7071359,-0.58797365,-0.5208422,-0.4306653,-0.43087602,-0.45968667,-0.5300588,-0.5659321
-0.005130153,0.002506448,0.01815974,-0.018389715,-0.02320879,-0.03091326,-0.02714331,-0.03001596,-0.018525776,-0.003941193,0.007920999,0.0159244
-0.13007371,-0.118343845,-0.081254214,-0.080372356,-0.07592434,-0.069750875,-0.05856715,-0.057686917,-0.053105325,-0.051950216,-0.055339977,-0.055741966
0.08546549,0.066132344,0.029754996,0.044037458,0.04560009,0.03965578,0.040572986,0.044466257,0.03375993,0.03647124,0.022645004,0.013775669
0.15163457,0.1307158,0.09725042,0.064851135,0.030991018,0.017773986,0.01885371,0.016245477,0.036863305,0.0574987,0.08209122,0.10012624
0.1314403,0.12904495,0.10991198,0.07048703,0.03955745,0.030484103,0.012743361,0.010480814,0.028384876,0.045962237,0.067093134,0.07790467
-0.0960843,-0.09814192,-0.099585004,-0.10023978,-0.09957817,-0.09178138,-0.092920355,-0.07304637,-0.051860932,-0.033235613,-0.023208752,-0.013635263
0.30431172,0.25116068,0.17059115,0.09793708,0.042240873,0.0010766387,0.014885858,0.026072487,0.062779196,0.12357865,0.17950702,0.2221718
-0.14531058,-0.15927637,-0.1450951,-0.06347278,0.024731368,0.030523688,0.0972276,0.09001589,0.036290944,-0.011963233,-0.070003316,-0.084112674
-0.08387914,-0.13628429,-0.11242959,-0.07579458,-0.04838253,-0.04698029,-0.007852282,-0.010217,-0.032217152,-0.053067993,-0.07233868,-0.08027048
0.3268817,0.18937597,0.04753065,-0.045235187,-0.13186762,-0.16788885,-0.13436678,-0.089037985,0.019057617,0.12858018,0.2302084,0.31340927
0.37500885,0.36388516,0.28056073,0.25856358,0.19441965,0.16335273,0.14364424,0.13328853,0.14455594,0.16314986,0.18740062,0.2033486
0.16651583,0.1770895,0.15706432,0.13678443,0.103991196,0.08738787,0.07090593,0.058330756,0.06332552,0.06882129,0.08318784,0.092733204
0.17867395,0.13307574,0.09949261,0.10017136,0.07286601,0.051761843,0.06190966,0.058715865,0.061560377,0.0695195,0.07672905,0.08710961
0.39162102,0.3430298,0.30332395,0.26193124,0.2050578,0.16576979,0.174256,0.13347353,0.124030955,0.12328945,0.13797161,0.1473847
0.122448176,0.11843797,0.10370987,0.08260664,0.067359656,0.053424556,0.05242436,0.045166213,0.046983685,0.052765388,0.061210126,0.06625567
0.24571079,0.24086106,0.20280388,0.18770218,0.1560953,0.1293264,0.12203511,0.10775891,0.1016859,0.10750439,0.110942185,0.11635037
-0.034436073,-0.042538904,-0.05541142,-0.073769875,-0.078314096,-0.07808822,-0.07809858,-0.06073267,-0.035795733,-0.009620828,0.01103887,0.027472395
-0.07759109,-0.11102387,-0.119211,-0.115471855,-0.11342478,-0.105111495,-0.093968794,-0.07770166,-0.055823263,-0.0427337,-0.025160559,-0.017455755
-0.19995935,-0.19270368,-0.19292974,-0.18536653,-0.15540953,-0.13599947,-0.1343005,-0.09932244,-0.07563835,-0.054663412,-0.046097256,-0.037847217
-0.04648544,-0.03685977,-0.030493937,-0.028136998,-0.018834203,-0.01555923,-0.011563111,-0.010487435,-0.014492748,-0.017201602,-0.021161245,-0.02491225
0.26557183,0.23176923,0.19518231,0.20835483,0.18836911,0.16371161,0.16634257,0.14527124,0.11729559,0.10008408,0.09207317,0.08523918
-0.29187474,-0.27278656,-0.24315894,-0.22573854,-0.19565177,-0.16819592,-0.16297221,-0.13431004,-0.115796864,-0.10670918,-0.10808322,-0.105064705
0.6417918,0.5728644,0.4958939,0.5234207,0.4575294,0.41154814,0.40100932,0.33499926,0.27250418,0.22123754,0.18430236,0.15689725
-0.045404416,-0.054636627,-0.07983381,-0.07971503,-0.08644392,-0.07345557,-0.08232267,-0.060759332,-0.034886807,-0.017650206,-0.0052554067,0.0013191849
-0.067643836,-0.080708265,-0.06225599,-0.052141674,-0.029949427,-0.03574858,-0.02164106,-0.01165032,-0.017288774,-0.0097838845,-0.018061263,-0.011032602
0.0417905,-0.006573975,-0.06505019,-0.11811434,-0.1514675,-0.14588562,-0.13720886,-0.10802262,-0.046793614,0.006353112,0.05647197,0.08570264
0.000758823,0.042120464,0.03914132,0.020875424,0.02093273,0.019949071,0.0066920016,0.002749849,-0.0009614369,0.006752097,0.006085336,0.0040461263
-0.033549972,0.028615355,-0.1348252,-0.2132079,-0.27858344,-0.22054765,-0.25249976,-0.258336,-0.19924001,-0.12148765,-0.080021754,-0.08374866
-0.2010753,-0.20678172,-0.18923965,-0.13323,-0.09454007,-0.0681532,-0.06352733,-0.048170432,-0.05990611,-0.080565035,-0.106401995,-0.123135865
0.20908967,0.2534271,0.28733468,0.36133337,0.38391593,0.36523467,0.3745099,0.3070229,0.19319949,0.09032324,0.007888794,-0.049302712
-0.26991948,-0.24979621,-0.2348244,-0.21674931,-0.19600339,-0.1439346,-0.15146677,-0.14253852,-0.14023922,-0.15258417,-0.168461,-0.1942651
0.18680398,0.11667903,0.050210804,0.041676015,-0.004329264,-0.019230753,-0.013975352,0.004099384,0.038020164,0.07025118,0.103513576,0.12919727
0.38446492,0.3330339,0.241539,0.15348679,0.0854581,0.042119205,0.04961562,0.05574715,0.103521585,0.16440865,0.22509171,0.27110407
-0.50498366,-0.49030656,-0.29417,-0.02472657,0.14131838,0.16463065,0.22951698,0.15390575,-0.033949584,-0.22669372,-0.39107707,-0.48595065
0.3290035,0.29268026,0.25253388,0.33946303,0.3541286,0.3113708,0.34592435,0.29920256,0.22209284,0.16249138,0.107548594,0.08743988
0.20960805,0.24094456,0.21445636,0.10813123,0.033253282,0.03166437,-0.0058005154,-0.02568379,0.0049589574,0.03634992,0.08215011,0.094144665
0.34672233,0.4026859,0.4247651,0.4153823,0.33769402,0.30994576,0.29616508,0.22169419,0.17088562,0.121300235,0.08893497,0.07604121
-0.15018113,-0.15004145,-0.15056123,-0.1575144,-0.1457207,-0.13005513,-0.13234532,-0.1094131,-0.085800305,-0.063916706,-0.050416134,-0.04394882
-0.31935552,-0.33028704,-0.329181,-0.35732114,-0.33978233,-0.30599868,-0.28641042,-0.23506832,-0.17140333,-0.11779137,-0.084388226,-0.052259363
-0.102092385,0.077700675,0.20639402,0.18377393,0.23527214,0.2322815,0.19321476,0.11220315,0.03930533,-0.0278925,-0.0949096,-0.14456527
-0.04837165,0.090300374,0.10962388,0.17818138,0.15853506,0.19034073,0.11929336,0.07716702,0.030673472,-0.03400156,-0.06916092,-0.11080574
-0.0010353662,0.01302764,0.028291129,0.04554557,0.05705207,0.060381487,0.062375426,0.05149958,0.026416562,0.004271821,-0.015267637,-0.027951892
0.071180396,0.071244515,0.05686115,0.01879972,0.00595646,-0.010819653,-0.009381918,-0.0052386336,0.01976348,0.04831844,0.073434755,0.09807591
0.15886778,0.15341052,0.12777099,0.13551873,0.12879035,0.115404375,0.11424308,0.094909966,0.07261007,0.06058786,0.050396517,0.043896936
0.22014076,0.2069422,0.16567633,0.0384126,-0.031623095,-0.05541119,-0.0791747,-0.07180333,0.0015822798,0.07262398,0.14939994,0.19568571
-0.8207791,-0.70468426,-0.5788674,-0.57648724,-0.484155,-0.40622818,-0.41225603,-0.3648641,-0.32264367,-0.30823645,-0.31474775,-0.31752592
0.17076638,0.1561322,0.12830357,0.12705907,0.103890605,0.091056064,0.09121908,0.07365231,0.06332604,0.05811018,0.05510092,0.052282266
-0.075415894,-0.062756,-0.06511773,-0.10642336,-0.111951075,-0.10851036,-0.10705815,-0.090824254,-0.05393756,-0.021316733,0.008677648,0.029197842
-0.041032463,-0.066538885,-0.08375692,-0.09272413,-0.08891688,-0.08268356,-0.07406481,-0.053899713,-0.032766093,-0.013399467,-0.000496231,0.00960041
0.22696908,0.23129714,0.21859252,0.24703333,0.23696858,0.21627274,0.2110577,0.17796773,0.13700347,0.09986552,0.072477125,0.05389221
-0.22702602,-0.24753052,-0.20374578,-0.16844438,-0.11549251,-0.091585994,-0.053158343,-0.047347635,-0.07008973,-0.09570344,-0.13031623,-0.14862603
-0.16215833,-0.17823325,-0.1544236,-0.17054972,-0.1587942,-0.15054283,-0.12972581,-0.115415975,-0.08860549,-0.06682953,-0.055201955,-0.036418952
0.0018161424,-0.0002796054,-0.03144011,-0.13225317,-0.17057112,-0.17402653,-0.20389768,-0.15597248,-0.07400732,0.0093988115,0.08399222,0.12978879
0.15244594,0.13186745,0.10755206,0.10562684,0.09516747,0.077406675,0.09008903,0.07761689,0.06689023,0.06458723,0.06348522,0.06616399
0.4639266,0.3853339,0.31780785,0.25104707,0.16063261,0.11196604,0.11196154,0.09214333,0.12127812,0.15290308,0.20005643,0.229217
0.12693062,0.09308215,0.046668157,0.028535888,0.0024328828,-0.007958785,-0.010148935,-0.0015787855,0.022859812,0.048081223,0.07642656,0.09351301
0.16159812,0.28540003,0.3366831,0.37499982,0.37592348,0.3690049,0.3119684,0.24523914,0.15361059,0.0689041,0.0048557557,-0.04905049
-0.01750682,-0.027289582,-0.03373829,-0.052538056,-0.059980493,-0.049914464,-0.050536633,-0.047066644,-0.035709783,-0.0258459,-0.018191058,-0.017480718
0.14446732,0.14539976,0.12975508,0.10432926,0.09661444,0.07878573,0.08831474,0.071690366,0.06714767,0.07056299,0.066513285,0.072519615
0.13159686,0.1485091,0.13207828,0.10147226,0.0763454,0.057102792,0.05421783,0.048084274,0.05438653,0.07077591,0.08601434,0.10042867
0.16232058,0.12470236,0.08463521,0.062422767,0.03536138,0.020413488,0.018474095,0.021741286,0.03956551,0.060587842,0.08304189,0.09958444
-0.1931563,-0.107238024,-0.047665328,-0.08527821,-0.08400597,-0.07476961,-0.110847436,-0.099320784,-0.072666734,-0.051292557,-0.03542579,-0.019861355
0.15836811,0.14188817,0.123358,0.14493224,0.13127926,0.11901351,0.11565429,0.09712641,0.07766978,0.057421274,0.04819541,0.038928956
-0.31307608,-0.32288545,-0.30276954,-0.31163698,-0.28220427,-0.26188183,-0.23563826,-0.1893616,-0.14460266,-0.104662135,-0.08022346,-0.055353045
0.07077109,0.13276678,0.1293483,0.05206188,0.0194742,0.010213718,-0.010421105,-0.016009212,0.009430222,0.04143673,0.072685055,0.08959462
-0.08126891,-0.13619524,-0.16467382,-0.1498006,-0.13559918,-0.13296592,-0.10215749,-0.076000616,-0.05191073,-0.028355356,-0.014569044,0.0023147743
0.25484794,0.24411659,0.21383086,0.19650175,0.17113155,0.14061235,0.13497591,0.119175516,0.1067978,0.10787313,0.114120126,0.121006414
-0.3248043,-0.29497364,-0.27763557,-0.22448833,-0.17106771,-0.13880372,-0.14874102,-0.117631964,-0.11010827,-0.113760896,-0.115477,-0.122429505
0.049828142,-0.022204675,-0.13906783,-0.1960128,-0.21460319,-0.2102263,-0.1781846,-0.12646542,-0.059007592,0.026132472,0.081634104,0.12176779
-0.31914324,-0.32604986,-0.284967,-0.23405841,-0.17361167,-0.14434695,-0.11934608,-0.09944967,-0.11257823,-0.12795995,-0.1516924,-0.16436349
0.02365873,-0.029759452,-0.08427698,-0.0955834,-0.1098049,-0.11141065,-0.10037735,-0.077693634,-0.036445975,0.0024426952,0.038839824,0.063006885
-0.09833269,-0.0670922,-0.056354024,-0.0770584,-0.0721073,-0.06615391,-0.0744744,-0.058245152,-0.038958333,-0.019767787,-0.0071917586,0.0038080104
0.18620634,0.18202493,0.17684324,0.17396075,0.150886,0.12652296,0.12908244,0.10281144,0.083235264,0.07296117,0.06925209,0.06763619
-0.06660299,-0.07929901,-0.07585716,-0.058087528,-0.04715834,-0.038112234,-0.040792875,-0.031603586,-0.026819807,-0.029168475,-0.029888092,-0.031903338
0.12569796,0.116384774,0.097736105,0.08781957,0.07219273,0.060175974,0.062170118,0.051217973,0.051278826,0.05476231,0.05794077,0.06256169
-0.029035985,-0.116236374,-0.17710257,-0.19260472,-0.20542735,-0.20273533,-0.17449008,-0.1348986,-0.0741244,-0.017393442,0.023439566,0.062757775
-0.8498672,-0.7584653,-0.58842224,-0.5781089,-0.44470838,-0.37177506,-0.35493308,-0.3159806,-0.31255066,-0.32217973,-0.36389637,-0.38734734
0.0047725495,-0.0044994056,-0.0541485,-0.07930179,-0.10477047,-0.10202237,-0.11460416,-0.07777369,-0.029021505,0.018948864,0.057042837,0.08594304
-0.26869494,-0.22147325,-0.19608872,-0.19617392,-0.16706665,-0.13616547,-0.14869016,-0.12563516,-0.11471484,-0.10872773,-0.10903597,-0.11917032
0.10184561,0.12963054,0.1346841,0.1488218,0.14971542,0.13906331,0.14016077,0.11812405,0.08285761,0.05338336,0.03013818,0.013097867
-0.10240643,-0.08846845,-0.05712633,-0.06955917,-0.056766912,-0.05965535,-0.044358365,-0.044547945,-0.04094679,-0.03381721,-0.03365513,-0.02674689
-0.26838672,-0.20074417,-0.12963745,-0.12484658,-0.08062559,-0.051167443,-0.05731815,-0.060660183,-0.0845041,-0.110049985,-0.13824838,-0.16442974
-0.06374705,-0.102197304,-0.13194863,-0.12536533,-0.118446805,-0.11167321,-0.09900788,-0.071581215,-0.048203245,-0.023073142,-0.0077081746,0.0047161803
0.35850677,0.3328097,0.28134978,0.2546501,0.20905682,0.16916469,0.17362149,0.15422636,0.15125129,0.16146174,0.16996266,0.18718413
-0.05100651,-0.022851039,-0.0050784126,-0.020029118,-0.018203251,-0.015958937,-0.023810532,-0.022434983,-0.017015226,-0.0132118855,-0.009601723,-0.007344499
0.06492285,0.040206835,0.024648704,0.009478986,-0.005293712,-0.002283588,-0.014981449,-0.0130521655,-0.0049496777,0.001716679,0.008216509,0.0060838824
-0.1373903,-0.11309451,-0.079131514,-0.063162595,-0.03582163,-0.02591747,-0.021260098,-0.021681584,-0.033007875,-0.04474488,-0.061538354,-0.06697627
0.07720609,0.059276186,0.04387313,0.06044367,0.055607695,0.04633341,0.053208537,0.045836348,0.030951954,0.024151789,0.014993686,0.00776973
-0.01426394,-0.022450658,-0.02084124,-0.009005308,0.005712956,0.0027521104,0.018511578,0.015890233,0.0022573695,-0.004631255,-0.013131594,-0.016623314
-0.03505738,0.012517765,0.045861088,0.08403988,0.10267202,0.114735365,0.09729754,0.06947322,0.0217931,-0.026101213,-0.06566504,-0.098259196
-0.12756051,-0.121594764,-0.09952113,-0.07157807,-0.042877212,-0.030021243,-0.020332709,-0.017207682,-0.03245082,-0.04868254,-0.06646385,-0.077382594
0.014554748,0.036877345,0.045843,0.030111743,0.024519254,0.021466132,0.013118474,0.009710811,0.010337639,0.010822983,0.012868076,0.013883512
0.4524032,0.3658682,0.2872717,0.28923136,0.23816195,0.18983018,0.21430054,0.19142583,0.17967553,0.1800647,0.18521538,0.19628805
-0.15065528,-0.1555978,-0.16545025,-0.15125912,-0.13443738,-0.11785331,-0.1226477,-0.09171098,-0.075650185,-0.060279384,-0.053753547,-0.054056827
-0.4908502,-0.4252115,-0.30643126,-0.30654085,-0.28599587,-0.26054084,-0.25936675,-0.25225648,-0.19873294,-0.16956332,-0.16322231,-0.11814435
-0.91016585,-0.9445534,-0.8274021,-0.67212635,-0.5190819,-0.43526852,-0.3919925,-0.3148097,-0.31863952,-0.34619072,-0.40078586,-0.42330348
0.044800494,-0.030813105,-0.06887132,-0.063616835,-0.07982364,-0.08562274,-0.069441676,-0.05328409,-0.02535421,-0.00013032183,0.02542107,0.046590958
0.104895696,0.08505185,0.06871173,0.05872122,0.043447897,0.026613116,0.02756963,0.027879396,0.033431,0.04407241,0.054398764,0.0664195
0.5783059,0.49614567,0.38173977,0.37942827,0.30658203,0.2553233,0.26437074,0.23497437,0.22702658,0.2325719,0.24689674,0.26675627
0.037173316,0.028355926,0.01170285,-0.0031649396,-0.018012308,-0.022897508,-0.030426808,-0.020232324,-0.0016657338,0.018860452,0.036061317,0.049489766
-0.16576858,-0.18789825,-0.202024,-0.23514527,-0.23427597,-0.22162586,-0.21540275,-0.17289037,-0.11888769,-0.0663361,-0.026269518,0.0038518608
-0.24006827,-0.23591003,-0.21676356,-0.21634781,-0.18438399,-0.16534223,-0.16032687,-0.12764002,-0.10360016,-0.08463755,-0.075775295,-0.068598196
-0.006697435,-0.039913546,-0.05774145,-0.056103252,-0.054373305,-0.0600934,-0.041518867,-0.02704098,-0.013880888,0.004738327,0.017114224,0.030910451
-0.10417518,-0.08915145,-0.09199628,-0.1028582,-0.10273944,-0.09045576,-0.092694595,-0.08046342,-0.05623218,-0.03735091,-0.021000104,-0.01008755
-0.113984644,-0.034301803,0.017152682,-0.019046456,-0.010786124,-0.0073680095,-0.027435713,-0.031876497,-0.029169403,-0.029192291,-0.024701193,-0.028809585
0.08667833,0.06891324,0.03292504,0.02102372,0.0035523847,-0.0068172365,-0.026521385,-0.010180913,0.0036807284,0.024975996,0.049509387,0.058589846
0.03736139,0.04455123,0.032795195,0.017188683,0.0016995743,-0.0020982996,-0.02143212,-0.0106049925,0.008112729,0.025101503,0.042911135,0.055766307
-0.069451846,-0.102390446,-0.09259467,-0.099478535,-0.11154197,-0.1098285,-0.11084406,-0.09646919,-0.068941325,-0.047987487,-0.025552131,-0.008946538
-0.6593816,-0.5561396,-0.3471408,-0.07453865,0.13339901,0.20604223,0.22136241,0.17029884,-0.04638681,-0.26654315,-0.48350942,-0.63429344
0.17293994,0.14395003,0.10816041,0.09211794,0.06608182,0.046916306,0.04927563,0.049546838,0.054463103,0.07024062,0.08318025,0.095143825
-0.09641809,-0.107719444,-0.17067534,-0.23617265,-0.25390333,-0.26584554,-0.2511858,-0.16923563,-0.09738098,0.022602422,0.07379202,0.1291222
0.39351535,0.316608,0.26485103,0.32240224,0.3066762,0.26512855,0.28564268,0.24569365,0.18701084,0.13954963,0.118863165,0.10146935
0.06746362,0.07820739,0.0797729,0.040317632,0.02634373,0.013584493,0.008236542,0.0068077818,0.02090393,0.037567917,0.05183684,0.068006545
0.4815446,0.39642125,0.31881583,0.3188184,0.26023936,0.1939807,0.21305719,0.17757662,0.16765125,0.17924638,0.20396425,0.22678456
