0.2500248,0.18812343,0.16595095,0.13885452,0.10856612,0.09087396,0.10362698,0.094542414,0.07824944,0.14460543,0.16334979,0.18469886
-0.30378705,-0.27116844,-0.24443012,-0.23000923,-0.21482168,-0.1923555,-0.19442451,-0.18740383,-0.1995979,-0.20890664,-0.22546624,-0.24689421
-0.29583913,-0.27381116,-0.2623819,-0.25210786,-0.23253672,-0.22103757,-0.21781537,-0.20551044,-0.19753008,-0.20200276,-0.20647499,-0.20962092
0.059381984,0.061358124,0.04916948,0.058296025,0.064547256,0.057139695,0.061895832,0.069509245,0.061226755,0.06722231,0.054702044,0.047220074
-0.148354,-0.19579306,-0.24526866,-0.28050905,-0.30255097,-0.29399872,-0.2801573,-0.2577405,-0.21183163,-0.16305813,-0.095369406,-0.008452281
-0.09499561,-0.0982215,-0.09211539,-0.10442467,-0.10854813,-0.09750663,-0.10170528,-0.09726249,-0.10932522,-0.081816435,-0.07526097,-0.0670864
-0.027151162,-0.029331796,-0.026982933,-0.018080084,-0.033361312,-0.0396093,-0.020400703,-0.015506228,-0.033295497,-0.031896587,-0.036619898,-0.022730626
-0.017468233,-0.021337371,-0.020973932,-0.016476985,-0.016232353,-0.018270057,-0.012174249,-0.00589379,-0.005404563,-0.005583769,-0.010104041,-0.0014908053
-0.067046165,-0.06459616,-0.050948787,-0.03908658,-0.02616796,-0.02130808,-0.03678828,-0.031926714,-0.029878056,-0.033309318,-0.047421355,-0.076213054
0.17819676,0.19204593,0.19806783,0.21405339,0.19908068,0.18610446,0.20601347,0.18697456,0.16246025,0.13931026,0.102269955,0.08409094
-0.51032716,-0.5310299,-0.540983,-0.5482832,-0.54638356,-0.530649,-0.5194246,-0.4647847,-0.44219893,-0.3968734,-0.34948516,-0.29658923
0.32137603,0.25922322,0.20584938,0.18983933,0.13357106,0.12049647,0.117737606,0.1373487,0.15052477,0.17088461,0.21539627,0.2644308
-0.37547556,-0.40844417,-0.4337414,-0.45751858,-0.4630457,-0.44478598,-0.4375233,-0.39344755,-0.36141935,-0.3020748,-0.24115655,-0.17262672
0.3629209,0.37983114,0.39664122,0.41741568,0.39940682,0.3908144,0.38452518,0.34677625,0.31078064,0.2623854,0.21548422,0.16849478
-0.02815659,-0.008109726,-0.0020790398,0.0065952465,0.014031805,0.025302783,0.01387877,0.008852422,0.0065005235,-0.0032733232,-0.020475347,-0.049189445
-0.34717062,-0.34692872,-0.34442073,-0.346569,-0.331958,-0.31899098,-0.3161933,-0.2865066,-0.27509925,-0.25227264,-0.22834781,-0.20728618
-0.17046286,-0.08921607,-0.033352405,0.024204805,0.059719115,0.078020245,0.0722177,0.045220405,0.006442845,-0.05461561,-0.1387873,-0.23111421
0.16768113,0.17200786,0.15952498,0.15252057,0.15540367,0.14972575,0.1528589,0.1423829,0.14089301,0.1336416,0.13188192,0.12831016
0.3191344,0.34671956,0.3644885,0.40383887,0.39576983,0.3820935,0.3841811,0.34333754,0.30446368,0.26294312,0.1913465,0.12558925
0.45038265,0.38416693,0.30737734,0.24650732,0.21438593,0.18102583,0.19103694,0.20033154,0.21830362,0.247782,0.32291347,0.39264175
0.3310632,0.452552,0.5523877,0.63189775,0.65770817,0.6601753,0.6439979,0.54846215,0.47107083,0.33579227,0.16069895,-0.025734887
-0.015325077,-0.05561232,-0.09303993,-0.117423,-0.13515128,-0.13480708,-0.13518006,-0.106167376,-0.081235565,-0.037450798,0.0071024047,0.053878877
0.24816228,0.25805402,0.24092735,0.2460065,0.24181536,0.2328992,0.24224907,0.22991805,0.19932297,0.17653342,0.16404432,0.14608909
-0.48732424,-0.47644877,-0.45749155,-0.4431165,-0.42796,-0.40473616,-0.40435907,-0.37792283,-0.37431672,-0.36206904,-0.3497472,-0.3336276
0.12552819,0.10122459,0.09730897,0.07690111,0.06719803,0.053848974,0.061877333,0.06271661,0.057993412,0.06724815,0.0826956,0.10647131
-0.43645456,-0.4353732,-0.43477553,-0.43598413,-0.42134878,-0.41341588,-0.39427105,-0.35987997,-0.34059933,-0.32752845,-0.29783466,-0.25675
0.47089076,0.43361473,0.409246,0.39179122,0.34679267,0.3274999,0.3246579,0.31522062,0.30584663,0.2978645,0.3000737,0.29903015
-0.21310793,-0.22490267,-0.2353618,-0.23899764,-0.23453474,-0.23044652,-0.22895586,-0.1963091,-0.17537951,-0.15906925,-0.12991934,-0.1007484
0.15045924,0.12847602,0.09706104,0.07450377,0.06814598,0.058699585,0.06756884,0.08082466,0.078337595,0.09139006,0.12217526,0.14642869
-0.059082277,-0.044441372,-0.036139466,-0.027463913,-0.015817553,-0.009159476,-0.013214558,-0.023432665,-0.020341873,-0.02726157,-0.04155297,-0.06294027
0.06943413,0.053187262,0.047465526,0.043868896,0.036241084,0.03255797,0.030144084,0.025216248,0.040604137,0.04524659,0.051475942,0.06261385
0.16325313,0.14250484,0.124551095,0.11761349,0.10130691,0.086628154,0.0929666,0.09904437,0.096238755,0.10332081,0.11892973,0.13657641
-0.048868358,-0.1031736,-0.14213859,-0.16686657,-0.17777924,-0.17655143,-0.17937645,-0.14995807,-0.11432206,-0.06124204,-0.0014006915,0.06348285
0.1986149,0.21361607,0.22665007,0.22807793,0.2261153,0.2242017,0.2168195,0.18701209,0.19269037,0.17404285,0.1337451,0.09781184
0.013772082,-0.030626923,-0.07041656,-0.09904445,-0.122804135,-0.1325824,-0.12097365,-0.08521092,-0.06816541,-0.020570163,0.025654433,0.083716914
0.11254617,0.10771094,0.09686078,0.08842664,0.08453577,0.076375276,0.081595436,0.08007148,0.073272705,0.07124964,0.07946431,0.08352271
-0.10223837,-0.081967786,-0.0931916,-0.10794998,-0.09468487,-0.09454881,-0.061720278,-0.06772429,-0.07228789,-0.072584406,-0.061003573,-0.032064527
0.55360496,0.48820227,0.42053592,0.39218777,0.3526279,0.33936566,0.3310372,0.3346612,0.33025998,0.35056895,0.39986283,0.43357277
0.09959705,0.07621845,0.062057875,0.047444135,0.03350536,0.027240805,0.027524777,0.038005024,0.04176429,0.04838181,0.0730464,0.093698755
0.0045931228,-0.021072652,-0.041198406,-0.050098993,-0.05981467,-0.06370117,-0.066547476,-0.050425015,-0.029965125,-0.013240095,0.008612766,0.035296235
0.047995318,0.102859885,0.11766043,0.14027542,0.15839121,0.1479201,0.17991231,0.1496978,0.123180434,0.0722856,0.030687675,0.008119309
0.14087252,0.13961114,0.1422411,0.14052282,0.13143238,0.12457482,0.12205452,0.11436114,0.107118234,0.09193898,0.08220667,0.071855426
-0.8248523,-0.79070455,-0.7783949,-0.74805766,-0.71871006,-0.6797057,-0.6683025,-0.61130625,-0.6053045,-0.57148105,-0.5561354,-0.5307022
0.24575424,0.16667095,0.104842484,0.04929571,0.01832968,0.0032532811,0.009137988,0.04390526,0.077690884,0.13399836,0.21370122,0.30559528
0.14862624,0.09721829,0.051161036,0.021567225,-0.010660335,-0.00879322,-0.019983798,-0.006410897,0.0073204488,0.047451377,0.11355341,0.17560327
0.23320082,0.15773892,0.09872556,0.06494358,0.007217258,-0.003105998,0.0011231005,0.03683041,0.05469373,0.109999344,0.15982807,0.24084291
0.21297176,0.22664966,0.23057124,0.2471162,0.24038224,0.23834562,0.22809659,0.2106399,0.18912172,0.17335628,0.14249769,0.10404074
-0.4841514,-0.49575362,-0.46654415,-0.46751013,-0.43708265,-0.4371111,-0.43890804,-0.40476727,-0.37526235,-0.3350532,-0.31465596,-0.28514117
0.14681543,0.13043265,0.12117537,0.120745234,0.1063787,0.09236084,0.095496714,0.10708043,0.094246395,0.10274563,0.11074884,0.11951569
-0.3979376,-0.40696493,-0.4220577,-0.43417794,-0.42455032,-0.4016384,-0.40362382,-0.37118694,-0.3411781,-0.30859256,-0.25767416,-0.21191944
-0.035037763,-0.074210376,-0.1040442,-0.12535957,-0.14322577,-0.14394067,-0.1403489,-0.11705136,-0.09950438,-0.061247826,-0.015792772,0.037009254
-0.355612,-0.3512708,-0.35050604,-0.35333154,-0.33924678,-0.32365286,-0.31488532,-0.295024,-0.28268254,-0.26884547,-0.23874728,-0.20828713
-0.5016736,-0.47552738,-0.46329305,-0.4493248,-0.41923857,-0.3935505,-0.39395827,-0.3737557,-0.3559469,-0.3395976,-0.34166226,-0.34629536
0.0021329895,-0.0011055539,-0.0057831705,-0.0059752343,-0.010357563,-0.01375887,-0.0108193895,-0.013966581,-0.008136316,-0.001150518,-0.004318104,-0.002302819
0.04868318,0.033330813,0.025544267,0.02017384,0.011281326,0.011914786,0.0018313341,0.0100898,0.011785094,0.023790378,0.03143229,0.03551712
-0.062125202,-0.08379733,-0.10197279,-0.13508788,-0.13518408,-0.13078584,-0.12675062,-0.12791993,-0.09033057,-0.051494606,-0.023508597,0.02037044
0.011071876,-0.044741057,-0.08526452,-0.1252664,-0.14763048,-0.1519224,-0.14804661,-0.120177455,-0.09337933,-0.042036846,0.024356203,0.09785019
-0.03644523,-0.04239275,-0.04696461,-0.05957382,-0.06183905,-0.050590932,-0.053963397,-0.05874642,-0.048562516,-0.02881881,-0.014640441,0.0032566376
-0.18057466,-0.22508979,-0.24890837,-0.2720196,-0.2806613,-0.28037453,-0.27950513,-0.24064237,-0.20834258,-0.15890723,-0.1031243,-0.036602322
-1.3129814,-1.2238768,-1.1393433,-1.0948628,-0.9975293,-0.9426906,-0.9355278,-0.9029377,-0.8857628,-0.8611047,-0.87968427,-0.9038298
0.06453856,0.07031958,0.08755608,0.088288784,0.08245291,0.077351056,0.0790291,0.07424374,0.05906991,0.045551352,0.03340088,0.024080243
-0.03718018,-0.05068919,-0.06771414,-0.08609998,-0.09254216,-0.07850751,-0.08517982,-0.088772535,-0.049189337,-0.020324677,-0.0076796077,0.011724062
0.06338002,0.05778764,0.049635824,0.041997273,0.036390804,0.040985078,0.036001608,0.031223893,0.04017173,0.04282105,0.046675038,0.05463728
-0.06747022,-0.058047637,-0.04511042,-0.03504429,-0.023753185,-0.019201066,-0.02516812,-0.032933988,-0.031966507,-0.03666927,-0.04983692,-0.06702243
0.31353799,0.35046336,0.37054655,0.38895,0.39846593,0.384436,0.38857722,0.34746563,0.3161872,0.26739308,0.21034119,0.14910811
-0.5531857,-0.55026704,-0.5405164,-0.53333366,-0.52490455,-0.4994476,-0.49102736,-0.45198843,-0.4389738,-0.41089433,-0.38674128,-0.34501472
-0.20772125,-0.1469208,-0.106088355,-0.0620981,-0.03961599,-0.03939061,-0.021992937,-0.021531492,-0.047905877,-0.07049133,-0.13788438,-0.16713849
0.03235969,0.07376365,0.103954576,0.12177746,0.13804124,0.14395955,0.13436364,0.107441664,0.07187194,0.03577943,-0.0052659903,-0.06273714
0.32087788,0.31527495,0.27778244,0.2711092,0.2681623,0.25326222,0.26275516,0.2686386,0.2304706,0.24397656,0.2500643,0.2338174
0.50407326,0.50445384,0.49542865,0.48384133,0.4540739,0.4336442,0.43647912,0.41685715,0.39068276,0.3587716,0.33423558,0.30940348
-0.07335015,-0.092572786,-0.12230661,-0.14737377,-0.14661714,-0.13569394,-0.13168778,-0.1340917,-0.122028425,-0.097363696,-0.05016979,-0.01250588
0.10944572,0.087424494,0.07988019,0.08639122,0.08986959,0.06966078,0.065734655,0.05248867,0.10333194,0.070532575,0.0961919,0.114520244
0.082232356,0.08022508,0.08336732,0.09497512,0.10172707,0.08780402,0.09194084,0.086783186,0.07316926,0.06164058,0.051527098,0.044745
0.14981358,0.14093554,0.13514599,0.13576113,0.12389768,0.11661045,0.11827032,0.11499402,0.107031435,0.1006887,0.096049085,0.10001351
0.06926814,0.06518728,0.05226002,0.037706435,0.03466351,0.03644263,0.035673954,0.030235667,0.029647648,0.034655996,0.045812372,0.047929954
-0.5061525,-0.48861212,-0.45726934,-0.4546356,-0.4346999,-0.41360754,-0.4030535,-0.38732746,-0.4009005,-0.38500267,-0.3646258,-0.33514488
-0.05522536,-0.026779875,-0.0033977106,0.0105674565,0.024789236,0.025221348,0.03024695,0.023069762,0.013101883,-0.012459189,-0.035457954,-0.05494281
0.17747827,0.10550125,0.048044086,0.008045018,-0.025437236,-0.03560576,-0.038903326,-0.008545488,0.022865593,0.07239427,0.142584,0.21581188
-0.059178784,-0.035849478,-0.015843548,-0.0025072247,0.008333478,0.011468232,0.0053605177,0.00080948696,-0.015175078,-0.033500135,-0.056259982,-0.08949378
-0.6173966,-0.56581897,-0.5339943,-0.4992669,-0.46184373,-0.44388926,-0.42653227,-0.40427515,-0.3984701,-0.40155518,-0.4189009,-0.42595166
-0.0992983,-0.11678815,-0.13007805,-0.1440176,-0.14619601,-0.1509551,-0.14282891,-0.12006025,-0.112115614,-0.09412812,-0.059582084,-0.025295429
-0.9265131,-0.8750077,-0.85710865,-0.80699885,-0.7578405,-0.7058897,-0.70545244,-0.650411,-0.6485214,-0.61999875,-0.6042759,-0.59596205
-0.17521083,-0.12928826,-0.08954993,-0.060346052,-0.045717716,-0.031467766,-0.03472437,-0.045011356,-0.065100744,-0.08165837,-0.1358013,-0.18763515
0.10746827,0.10425635,0.102467686,0.10827577,0.099392295,0.09502133,0.09607142,0.087669365,0.07074324,0.073598094,0.06913099,0.0658339
0.010774314,0.05337008,0.077574186,0.10173831,0.13010016,0.12624411,0.1273079,0.10539932,0.09348522,0.067934155,0.013267574,-0.04838215
0.24616739,0.23344094,0.2149904,0.2000477,0.18645048,0.18425754,0.1791017,0.16494447,0.17650469,0.18236099,0.18365136,0.18477115
-0.09065559,-0.07733926,-0.07779253,-0.06915352,-0.05022549,-0.05533236,-0.03621093,-0.035819024,-0.034895524,-0.04947195,-0.05516491,-0.05237083
-0.009294637,-0.031098533,-0.04574903,-0.05900151,-0.061562333,-0.062024113,-0.06296806,-0.05645746,-0.03903834,-0.015131863,0.005615103,0.02992024
0.18303338,0.15929094,0.1350656,0.11036208,0.09409854,0.092000276,0.08764696,0.08647669,0.08583269,0.092967525,0.12580653,0.1445484
0.07080993,0.0454155,0.026522182,0.0086212605,-0.0041663125,-0.00051902235,-0.005690664,-0.0019086525,0.0028129406,0.038724132,0.060084753,0.07997966
-0.33028337,-0.3750124,-0.41718847,-0.44794732,-0.45995107,-0.4416221,-0.43458974,-0.38700807,-0.3391233,-0.2772499,-0.209878,-0.13209744
-0.36726338,-0.35459286,-0.34366727,-0.3211186,-0.3242657,-0.29150382,-0.29528767,-0.28856093,-0.2678671,-0.24787578,-0.25687626,-0.2476601
0.25026536,0.25819772,0.27127475,0.29541296,0.29109782,0.27105382,0.26935217,0.2529745,0.23154259,0.18762018,0.16378358,0.1348671
0.40682006,0.55836535,0.66612256,0.75636387,0.80323684,0.8037181,0.7742361,0.65556115,0.58083683,0.42420006,0.2266842,0.0030038804
-0.989028,-0.9762056,-0.9468857,-0.94758,-0.91090286,-0.91296333,-0.8335557,-0.77296346,-0.7668844,-0.7485762,-0.69460154,-0.59807146
-0.1894122,-0.194706,-0.20348944,-0.21233377,-0.20532805,-0.19371307,-0.19588917,-0.18140918,-0.17607607,-0.14515704,-0.119814396,-0.10171013
-0.7231283,-0.619231,-0.5298126,-0.46560714,-0.39605504,-0.36283228,-0.36161965,-0.36903632,-0.39427048,-0.43800974,-0.51228255,-0.5943629
0.06795463,0.095570415,0.121852756,0.13156906,0.14579989,0.13506061,0.14120466,0.10841381,0.08531856,0.042183455,0.024212256,-0.0053865965
0.1831719,0.14485577,0.122865565,0.09820452,0.08215134,0.07031879,0.06634602,0.06893952,0.08303534,0.10441807,0.13667941,0.16756977
-0.5389847,-0.4790671,-0.436207,-0.40036303,-0.36326855,-0.33508223,-0.33182383,-0.32393906,-0.33573383,-0.34952295,-0.38270196,-0.41370183
-0.058791503,-0.089958385,-0.10975882,-0.13710342,-0.14308625,-0.1412307,-0.14847371,-0.12796426,-0.1088981,-0.07596171,-0.030884571,0.004748091
0.09022683,0.08041171,0.08290312,0.07285786,0.064789146,0.052729927,0.058320582,0.06300295,0.05696321,0.0746808,0.076057665,0.08469949
0.12711543,0.116636835,0.11309998,0.11248495,0.10259602,0.099502206,0.08897914,0.08578298,0.08231213,0.10112696,0.09393392,0.076631814
0.08295904,-0.004844904,-0.07330015,-0.13149968,-0.17002359,-0.18274641,-0.17776176,-0.12060888,-0.093648076,-0.019465223,0.07265714,0.16785079
0.14444713,0.16926697,0.1725199,0.20747688,0.20563269,0.2136277,0.19964169,0.17984812,0.1611747,0.13114871,0.09534938,0.045871414
-0.25370982,-0.2454596,-0.23168793,-0.22560094,-0.2213917,-0.2035859,-0.20078793,-0.19491875,-0.18685657,-0.1874935,-0.19007814,-0.18485974
0.20421124,0.20498401,0.21984494,0.2168457,0.21217282,0.20822147,0.19378056,0.16613048,0.17277044,0.16616458,0.1433539,0.12051311
0.23322767,0.21880805,0.1882025,0.17332909,0.16176517,0.13730773,0.16445401,0.16258077,0.16144922,0.14800072,0.16593057,0.20289226
0.05195394,0.014138602,-0.017910086,-0.03899197,-0.0554063,-0.057945207,-0.05392904,-0.039781816,-0.01941533,0.0071884543,0.05441757,0.10554206
0.19774532,0.10978332,0.026670367,-0.037210554,-0.08735469,-0.099446595,-0.09921041,-0.045068294,-0.022956073,0.036451355,0.15172826,0.25419185
-0.016003788,-0.09882009,-0.15643576,-0.19084239,-0.24406058,-0.23408884,-0.23675112,-0.19338249,-0.15833846,-0.09446309,-0.007146014,0.09847014
-0.24202476,-0.23943332,-0.2386634,-0.23258191,-0.22859634,-0.21507594,-0.21295093,-0.19617188,-0.18974108,-0.17079847,-0.1612697,-0.14995918
-0.12907976,-0.1753593,-0.21252805,-0.23984103,-0.26396966,-0.2595644,-0.24665034,-0.20850024,-0.17809713,-0.12657751,-0.07177096,0.0019655228
0.026607953,-0.018531803,-0.05014168,-0.059792895,-0.0837392,-0.08394502,-0.07832867,-0.053087965,-0.03953312,-0.008150175,0.01593357,0.053773314
-0.4392624,-0.38388306,-0.33025202,-0.29685688,-0.25182837,-0.22468081,-0.25643995,-0.2524781,-0.26883337,-0.28634953,-0.314042,-0.36787271
0.09349722,0.06425206,0.050013646,0.029581994,0.008256003,0.007984519,-0.0032835305,0.00050932914,0.0077241063,0.021364521,0.052737117,0.078405
0.044330534,0.011028208,-0.0061570406,-0.02054441,-0.034920543,-0.040077604,-0.044045188,-0.02192258,-0.0124824345,0.016085237,0.041931972,0.07655957
0.38373545,0.40312275,0.4089507,0.41632032,0.41689315,0.41530442,0.3907925,0.3583648,0.33966047,0.30309615,0.27189413,0.22032563
-0.1434806,-0.10633405,-0.08941369,-0.07035413,-0.0569314,-0.05124575,-0.039471142,-0.027774647,-0.057029948,-0.108973205,-0.13457079,-0.16039564
0.07708198,0.046707932,0.02478297,-0.0005467087,-0.013066739,-0.01708091,-0.017125227,-0.0042012855,0.0039489195,0.028913476,0.060281582,0.08885333
-0.9508155,-0.94026905,-0.92541176,-0.91262484,-0.88342327,-0.8436241,-0.8261354,-0.7687627,-0.7422408,-0.69790435,-0.6503868,-0.58957034
0.6982165,0.6898928,0.6947907,0.6900172,0.662367,0.61584014,0.60718274,0.58144325,0.5824857,0.5564457,0.5245877,0.49612823
-0.8978511,-0.9037671,-0.8466126,-0.8420256,-0.8169828,-0.78225213,-0.76606095,-0.7535751,-0.74312973,-0.7118412,-0.6603456,-0.57292396
-0.4824578,-0.45087636,-0.4398096,-0.42874977,-0.40298167,-0.37889045,-0.36276057,-0.33652335,-0.34138906,-0.32767496,-0.31843156,-0.29999414
-0.20653579,-0.17615244,-0.1511487,-0.12228756,-0.11365085,-0.10521502,-0.103218034,-0.10238452,-0.12043843,-0.14023873,-0.16217144,-0.18361789
0.22703472,0.24580358,0.26651144,0.2834559,0.28587398,0.2724581,0.2693924,0.24744071,0.23965603,0.20935209,0.15778853,0.114238776
0.13866886,0.16540815,0.19019696,0.2082209,0.21148612,0.19921234,0.20970118,0.19191594,0.16132239,0.12399067,0.07863274,0.042671893
-0.42290917,-0.40402606,-0.394603,-0.3839642,-0.36702108,-0.33948836,-0.34668595,-0.31585547,-0.30748695,-0.2960605,-0.28866056,-0.27696016
-0.11103965,-0.11811677,-0.12179602,-0.12095382,-0.118881375,-0.117759004,-0.12648991,-0.108780414,-0.097475894,-0.069815524,-0.06561036,-0.06407698
-0.050858773,-0.10364798,-0.13752387,-0.16465867,-0.18787767,-0.19364156,-0.18414526,-0.1537241,-0.12413477,-0.080885425,-0.027734881,0.038831122
0.67627287,0.68550134,0.68986905,0.71863633,0.64842474,0.63511544,0.6336249,0.57510614,0.51837295,0.40175036,0.32603896,0.25462544
0.22248891,0.14444737,0.07125817,0.009758264,-0.036761373,-0.04198411,-0.036130577,-0.002994746,0.021128431,0.08145805,0.18377045,0.28813443
-1.7409744,-1.6694697,-1.5771809,-1.499013,-1.3649888,-1.3040588,-1.3606913,-1.2653471,-1.1667182,-1.075384,-1.13312,-1.2541869
-0.02214785,0.071208596,0.14368284,0.18696511,0.22914511,0.23918107,0.23225191,0.17282683,0.16220602,0.08501375,-0.027191058,-0.13508186
0.01626918,0.08187401,0.12949316,0.15914527,0.18469654,0.20133163,0.17863235,0.13417126,0.09185311,0.036699668,-0.025406606,-0.1165968
-0.044232808,-0.05020631,-0.049176924,-0.051538102,-0.057919733,-0.058790125,-0.059815012,-0.049840707,-0.045082565,-0.03309342,-0.028771505,-0.013617667
0.27318233,0.24504122,0.22263815,0.19506042,0.17459814,0.15780586,0.16146812,0.15986995,0.17252988,0.1831535,0.19681303,0.21781999
0.19385967,0.14721736,0.11724953,0.07577674,0.050550163,0.038315445,0.027087972,0.06785932,0.07012631,0.11539519,0.15390643,0.17946827
-0.17428067,-0.14782268,-0.119021356,-0.101206124,-0.087032065,-0.07389241,-0.08389786,-0.09622398,-0.103777654,-0.11436621,-0.13599105,-0.16483492
-0.0933696,-0.09058513,-0.08005793,-0.07742855,-0.074531734,-0.06729357,-0.06928639,-0.06807689,-0.060456887,-0.058869064,-0.06970618,-0.07566921
-0.044444382,-0.108099386,-0.1375813,-0.18274547,-0.20857058,-0.21072733,-0.21365075,-0.17965358,-0.14943495,-0.09370691,-0.021316735,0.055013284
0.2642069,0.18813004,0.15293433,0.10863881,0.08592121,0.059086353,0.05002716,0.068886995,0.11364246,0.17456353,0.21332197,0.26035115
-0.41997615,-0.4249594,-0.41973075,-0.39566728,-0.393796,-0.3690513,-0.3603116,-0.34053034,-0.31481788,-0.28667843,-0.27701753,-0.23680659
0.404515,0.34665072,0.2908637,0.25659645,0.22206624,0.20797816,0.20519027,0.20720105,0.22598326,0.26578707,0.30333483,0.3424951
0.30702367,0.2488352,0.2092223,0.1773898,0.13830565,0.12701416,0.119382694,0.13230467,0.14812857,0.17088193,0.21730654,0.2653078
0.14194074,0.09945916,0.078375205,0.060941026,0.052977987,0.05131598,0.036718085,0.0374114,0.058124937,0.07904895,0.10687915,0.124550596
0.07236616,0.017244503,-0.030127093,-0.06538795,-0.09357244,-0.10036497,-0.08596735,-0.06446682,-0.04282795,-0.010874681,0.058874957,0.1393261
0.12980485,0.17879584,0.21685046,0.248321,0.26707873,0.26662296,0.25703692,0.22425254,0.18808427,0.13578987,0.07054807,-0.0058418997
0.46947682,0.4377621,0.4212107,0.41487586,0.38021553,0.35785943,0.35105902,0.3337024,0.32045588,0.32845646,0.3193733,0.3074373
-0.2211434,-0.214817,-0.20291828,-0.19326748,-0.18709016,-0.1774607,-0.16980416,-0.15938835,-0.17421255,-0.17101549,-0.16935652,-0.16295609
0.043041218,0.033944625,0.021778218,0.024637295,0.011093646,0.010973242,0.008320904,0.012370893,0.020834848,0.027844565,0.027380764,0.027431902
0.2453174,0.2220456,0.21690507,0.20350486,0.18453777,0.17282607,0.16229445,0.15011409,0.15378244,0.16099544,0.15857534,0.15308324
0.28595138,0.21563703,0.17581144,0.13185008,0.09744632,0.0790444,0.07803492,0.09848367,0.11769076,0.16472623,0.2208792,0.28698727
-0.284514,-0.2696858,-0.2642369,-0.25432613,-0.23708554,-0.2257793,-0.22223075,-0.20052725,-0.20346504,-0.18167499,-0.1836735,-0.18768105
0.19908048,0.1794011,0.16842428,0.15342566,0.14739867,0.1201224,0.14186214,0.11207228,0.12436861,0.10990648,0.13642848,0.18142372
0.84414726,0.793326,0.73173195,0.7087261,0.65784204,0.6159002,0.614512,0.59590137,0.5826151,0.5552582,0.56738454,0.5620164
-0.3248531,-0.34049493,-0.35908768,-0.37129954,-0.36463314,-0.34933892,-0.34394738,-0.30803925,-0.28759414,-0.24938339,-0.20133561,-0.15903433
-0.41778314,-0.37648433,-0.34483087,-0.31294638,-0.27572972,-0.2686073,-0.26189286,-0.23932521,-0.2359638,-0.25279805,-0.26916257,-0.29231888
0.61032665,0.6023432,0.58682895,0.60587984,0.5762065,0.55302566,0.53042054,0.5060283,0.48893607,0.4123273,0.40182284,0.37227315
-0.22892368,-0.2762211,-0.31171158,-0.3347073,-0.3549043,-0.3507046,-0.34240583,-0.29469436,-0.26534152,-0.2096557,-0.1466088,-0.06758222
-0.9041746,-0.816357,-0.7242359,-0.66869724,-0.6325966,-0.5754432,-0.5948464,-0.58596563,-0.65371484,-0.6516201,-0.6843228,-0.7056099
0.28119388,0.2605418,0.24457227,0.2381459,0.2181997,0.20301822,0.19910008,0.19489428,0.19416782,0.19254212,0.19335392,0.19122563
0.32429898,0.30195838,0.28776336,0.27183032,0.2549339,0.2444125,0.23683369,0.2213118,0.22970362,0.23743503,0.23186198,0.22336464
-0.037803356,-0.06291072,-0.081259444,-0.092779085,-0.10708669,-0.10797537,-0.107458,-0.09046561,-0.07666881,-0.059445888,-0.028431144,0.0068289917
-0.849227,-0.7744069,-0.7091104,-0.66880727,-0.5926742,-0.5397207,-0.5634907,-0.53245634,-0.5649801,-0.5352529,-0.5653412,-0.62572736
0.099914856,0.044682622,0.009986833,-0.015338466,-0.04170379,-0.0561022,-0.054803267,-0.023735717,-0.010214314,0.024871074,0.07694447,0.123279005
0.0054097995,0.0023499653,-0.030430064,-0.026801147,-0.045785174,-0.04686849,-0.011421412,-0.004345849,-0.011729144,-0.012574449,-2.8508715e-05,0.044578478
-0.20790017,-0.22773042,-0.24061301,-0.2561005,-0.2506501,-0.24431506,-0.24216089,-0.220801,-0.19702001,-0.1712167,-0.13237263,-0.09234266
-0.12636253,-0.11114077,-0.103656694,-0.092880875,-0.07579024,-0.0701786,-0.06415602,-0.0668691,-0.069959976,-0.0741944,-0.08149494,-0.09129648
0.6686186,0.6543678,0.6660063,0.66867405,0.63826996,0.6055341,0.59027517,0.5525277,0.51360106,0.47820875,0.43912774,0.3942672
-0.026095452,-0.035756845,-0.043223314,-0.040509265,-0.053891473,-0.048565075,-0.05574954,-0.04006979,-0.037166983,-0.029745042,-0.019972472,-0.007477171
-0.40205353,-0.3990458,-0.38864583,-0.38574693,-0.36717322,-0.3560122,-0.34735548,-0.31747243,-0.3110058,-0.2870537,-0.27085698,-0.24964571
-0.08460991,-0.0964018,-0.11844705,-0.13627315,-0.13707787,-0.13063316,-0.129634,-0.11018899,-0.08030444,-0.057535037,-0.033148006,-0.0013450086
-0.17566076,-0.17732887,-0.18489558,-0.17954655,-0.18118127,-0.16700709,-0.16698387,-0.14723834,-0.14125445,-0.12605025,-0.11466102,-0.09711238
0.30578023,0.29201752,0.2727636,0.25884384,0.24968891,0.2338444,0.23927751,0.21843445,0.2275145,0.21308857,0.22017387,0.23127763
-0.124809705,-0.03288579,0.04120058,0.098243624,0.14226905,0.15875319,0.15045656,0.10112861,0.056895226,-0.0018029958,-0.09808436,-0.21283227
-0.022286575,-0.05711144,-0.079862826,-0.10168967,-0.11519359,-0.120912336,-0.11067163,-0.091716036,-0.08138674,-0.06053672,-0.019511145,0.02534045
0.21307874,0.16389814,0.13742411,0.1166639,0.08764793,0.06494689,0.06054032,0.08411853,0.091655865,0.13799477,0.15965782,0.18238847
-0.20504522,-0.22101289,-0.21817032,-0.23478657,-0.22603714,-0.2258819,-0.24031761,-0.20746656,-0.18402225,-0.14161168,-0.12184483,-0.09934783
0.13713199,0.06981564,0.012116924,-0.037682906,-0.068526745,-0.06366388,-0.07158923,-0.060140513,-0.0071017146,0.05017739,0.11596278,0.18408099
-0.14419144,-0.16071498,-0.1630709,-0.17645584,-0.17381498,-0.1697762,-0.16731647,-0.15423475,-0.14588837,-0.12692061,-0.09704293,-0.06725894
0.18949991,0.21249719,0.23032543,0.23275828,0.23737845,0.23715031,0.23007493,0.19626826,0.17842245,0.15648621,0.122507505,0.08683014
0.19012085,0.16172515,0.1286569,0.11489004,0.1007033,0.08687398,0.09894262,0.09168132,0.09948255,0.09660981,0.13346457,0.18279436
-0.08936536,-0.072090544,-0.046158165,-0.04336673,-0.03660181,-0.024810314,-0.027361095,-0.05655785,-0.045901045,-0.069102526,-0.08406883,-0.10075272
-0.10602223,-0.08956848,-0.05847909,-0.049174618,-0.040948976,-0.039956544,-0.048308305,-0.048679434,-0.05494073,-0.066055074,-0.0832327,-0.10186806
0.33973026,0.38809872,0.43262056,0.475819,0.47786602,0.4485206,0.45028883,0.40679783,0.361132,0.28420854,0.19226529,0.09479511
-0.14314547,-0.12202175,-0.10450891,-0.1052062,-0.086290106,-0.08265878,-0.07516101,-0.082874194,-0.078532845,-0.0923509,-0.09722621,-0.102201864
-0.08812429,-0.13765843,-0.17592254,-0.19896129,-0.22559199,-0.22542879,-0.22097066,-0.18047902,-0.15254243,-0.10678358,-0.05080962,0.014460623
-0.13362718,-0.118492946,-0.07265599,-0.053405136,-0.04828985,-0.046076685,-0.06260362,-0.034153722,-0.07233515,-0.044545062,-0.070086285,-0.10013085
-0.11845871,-0.16886897,-0.2018726,-0.22863421,-0.24445364,-0.24291416,-0.24297439,-0.20911229,-0.17252737,-0.13126004,-0.06242801,0.008481473
-0.030434322,-0.038252153,-0.045501992,-0.05052375,-0.055780157,-0.055093735,-0.053018726,-0.04465531,-0.033206344,-0.028293956,-0.020235771,-0.009808516
-0.05084119,-0.026896931,-0.012704276,-0.0011570007,0.011253126,0.015137412,0.011289291,0.010346174,0.001401864,-0.00065521523,-0.024098054,-0.04804885
0.008255251,-0.07452017,-0.11949363,-0.16607046,-0.19204631,-0.19939661,-0.20442286,-0.1729489,-0.13125688,-0.06728829,0.020289913,0.118220344
0.555642,0.53961647,0.5331972,0.5223967,0.4839525,0.47261843,0.44513085,0.41442823,0.39802933,0.37979215,0.33599687,0.27990216
0.074167654,0.040076952,0.020837806,0.0045185834,-0.009040616,-0.013896421,-0.013639726,-0.009045467,0.0061706454,0.046251975,0.060537267,0.080593854
-0.24039926,-0.23568586,-0.22275817,-0.22218722,-0.20898782,-0.20151898,-0.20073466,-0.19689244,-0.16916451,-0.1487523,-0.15765828,-0.15164126
-0.2727789,-0.25117302,-0.23808914,-0.23324035,-0.21850516,-0.20759481,-0.19928625,-0.19380449,-0.18937452,-0.18482977,-0.19525646,-0.1925293
0.09664041,0.02411884,-0.01753439,-0.051002055,-0.09252538,-0.1084242,-0.09630069,-0.0741076,-0.049864016,-0.014025405,0.04932968,0.12852381
-0.3687404,-0.32943487,-0.2984029,-0.2759952,-0.25582036,-0.23898706,-0.23409978,-0.22333825,-0.22829384,-0.23594804,-0.26715484,-0.2861023
0.11271854,0.07884196,0.05322788,0.038027823,0.016218781,-0.0055353045,0.008358195,0.029099837,0.040252753,0.059446033,0.08730193,0.12364735
-0.16030192,-0.10033594,-0.05266945,-0.017866343,0.011937916,0.019848943,0.019000039,-0.0008021444,-0.027150363,-0.06739962,-0.12534711,-0.18979207
0.35786217,0.3137073,0.28784105,0.27984798,0.24038664,0.21824715,0.22213034,0.22442043,0.22671875,0.23511103,0.24337845,0.26470113
-0.17601436,-0.20250013,-0.20902115,-0.22885431,-0.23404989,-0.23443937,-0.22828104,-0.20433381,-0.1874426,-0.16261242,-0.12319034,-0.07693261
0.1809972,0.18028873,0.16960247,0.15745944,0.14955911,0.15092695,0.14773986,0.13169321,0.12549837,0.12481414,0.11888601,0.11153594
0.30723077,0.25159025,0.18605211,0.17779148,0.14429903,0.13682237,0.13337168,0.15238681,0.15145537,0.19360283,0.2340808,0.27574503
0.11092972,0.03940984,-0.013756163,-0.05738999,-0.086665645,-0.096497655,-0.09278156,-0.064961955,-0.008435428,0.04855739,0.11266342,0.19315806
0.54559267,0.51772726,0.47216463,0.45056993,0.40720832,0.3570555,0.40339983,0.38936242,0.38983816,0.351017,0.34946123,0.38409042
-0.23952264,-0.24827847,-0.25543368,-0.2609689,-0.2552174,-0.24401204,-0.24953851,-0.22196099,-0.20452121,-0.17372365,-0.15082854,-0.13121232
-0.029390993,-0.006386822,-0.0074473247,0.007062558,0.020187423,0.014423102,0.038064502,0.035354506,0.027076103,0.011329446,-0.011292637,-0.01683566
0.09659034,0.0528885,0.03981615,0.0062624067,-0.015752614,-0.015527949,-0.028605655,-0.031144377,-0.012269124,0.0043676235,0.049710836,0.08994434
-0.11188601,-0.111846514,-0.11924237,-0.12321483,-0.12167616,-0.11774893,-0.111162096,-0.10378085,-0.098691374,-0.089475244,-0.0759834,-0.057406764
-0.23934697,-0.20310551,-0.18045075,-0.15570706,-0.13052571,-0.12689012,-0.117402524,-0.10051566,-0.1314798,-0.16601449,-0.17571227,-0.16780968
0.059747145,0.011907443,-0.03993088,-0.072510235,-0.10482453,-0.099142745,-0.104176566,-0.087284505,-0.048035145,-0.014579542,0.037159815,0.07932854
-0.60390127,-0.53783566,-0.48515674,-0.43806666,-0.39898133,-0.3734668,-0.36652613,-0.35982907,-0.37263185,-0.39944312,-0.44172424,-0.47647354
0.12814784,0.07966422,0.07658012,0.044649214,0.034778982,0.010980502,-0.009306073,0.00079740584,0.03222455,0.030975163,0.08023882,0.11438298
-0.027796032,-0.08529403,-0.13639787,-0.17862305,-0.201726,-0.20108338,-0.18986332,-0.15849863,-0.119244486,-0.0649202,0.0019870307,0.08575903
0.055650193,0.07302244,0.08052943,0.105642445,0.11296675,0.12552188,0.10548244,0.09099073,0.06205517,0.05914145,0.03128536,-0.010613177
-0.0032381471,-0.029020524,-0.052600354,-0.06826081,-0.07772811,-0.08241369,-0.07665569,-0.05747151,-0.03369327,-0.010250438,0.018365687,0.053943276
0.13333043,0.12867364,0.120795086,0.10592964,0.10563417,0.100267954,0.09794558,0.091786474,0.10092711,0.093809605,0.10826181,0.116408974
-0.09944596,-0.17592192,-0.22823253,-0.27037156,-0.30808425,-0.3107218,-0.2994569,-0.2456572,-0.21140718,-0.14488147,-0.057454072,0.04991299
-0.36188543,-0.34267297,-0.32501495,-0.30050394,-0.28806788,-0.27252415,-0.2722536,-0.24478182,-0.24832645,-0.24474402,-0.24726239,-0.24621364
-0.1925494,-0.22878082,-0.2441937,-0.26082736,-0.27721298,-0.2679373,-0.2712764,-0.2405963,-0.2197237,-0.18072295,-0.1387406,-0.09404119
-0.15624836,-0.12855172,-0.089528516,-0.071058825,-0.057786822,-0.049056932,-0.06571822,-0.053642035,-0.061727904,-0.05648517,-0.09581986,-0.13228641
0.5098643,0.42146617,0.3677524,0.3180151,0.2491653,0.20766425,0.22401625,0.24802957,0.26036644,0.28787613,0.35635138,0.4522116
0.8681933,0.9711083,1.0041329,1.0612941,1.0609046,1.0621836,1.0273896,0.91424453,0.8644446,0.7361871,0.58621216,0.40839392
-0.422198,-0.41463938,-0.3817091,-0.3745285,-0.35537,-0.331945,-0.3351594,-0.32994944,-0.32819,-0.30688766,-0.31002343,-0.30957514
0.39074504,0.4395005,0.47344202,0.49821392,0.50598955,0.49118924,0.48218808,0.43026736,0.39647102,0.3307902,0.25047556,0.1601837
0.33456838,0.34987143,0.36177993,0.3784782,0.36761943,0.34400517,0.34805787,0.32933953,0.29815286,0.2587321,0.21311143,0.167338
0.006370127,0.0027792677,-0.0144005045,-0.019818127,-0.021847159,-0.007692665,-0.017483875,-0.023900509,0.003685221,0.021171372,0.025603477,0.026378365
-0.10039312,-0.06344283,-0.03754255,-0.019321263,0.007465109,0.013272867,0.016516656,-0.0068535805,-0.014862858,-0.038034484,-0.0737377,-0.113586016
-0.33459708,-0.3196742,-0.31156805,-0.31544298,-0.3055643,-0.28100276,-0.2912889,-0.26822275,-0.25851855,-0.24387072,-0.23729375,-0.2322357
-0.21065748,-0.2666158,-0.32348198,-0.3652908,-0.3853916,-0.37453133,-0.36658925,-0.31728616,-0.28075254,-0.2199751,-0.11786088,-0.009247534
-0.55308205,-0.49235803,-0.44178015,-0.40294927,-0.36697066,-0.3397358,-0.337112,-0.32208493,-0.33903503,-0.3472277,-0.38730446,-0.42981535
-0.576405,-0.5251632,-0.47859973,-0.44775492,-0.4057498,-0.38007316,-0.3815741,-0.37351727,-0.37201095,-0.37612268,-0.40070614,-0.42750987
-0.3097788,-0.21222576,-0.16168195,-0.11848611,-0.06734556,-0.032642365,-0.029035866,-0.08359185,-0.08222675,-0.12065667,-0.21206406,-0.29936284
0.36199588,0.35655215,0.34319526,0.33426017,0.30714178,0.29661557,0.29557052,0.26081526,0.27330697,0.25968906,0.23640504,0.21409136
0.1966665,0.12254107,0.06831841,0.028353453,0.0006683171,-0.018682688,-0.018494248,0.015167326,0.04217145,0.09868266,0.16411181,0.2215035
0.055946667,0.03701777,0.027109101,0.017341837,0.015397772,0.005705431,0.0034913272,0.019046783,0.018739842,0.029757306,0.04875233,0.06126702
0.090043455,0.02868259,-0.025234208,-0.067011476,-0.1034801,-0.1209421,-0.105071336,-0.078535914,-0.046594545,-0.0017897636,0.05666008,0.13432288
-0.36570334,-0.44213524,-0.4808404,-0.53498757,-0.5463331,-0.5318626,-0.52604085,-0.47804153,-0.4190485,-0.3299521,-0.23006788,-0.115622215
0.08121011,0.08019657,0.06426248,0.06818983,0.06644222,0.05454044,0.06394771,0.074613795,0.058406144,0.06058318,0.065555,0.06627573
0.2022402,0.15323092,0.120782584,0.096698925,0.06130092,0.05230716,0.046289444,0.06731196,0.07780192,0.10466519,0.13997658,0.17779873
-0.03325579,-0.08546671,-0.12733434,-0.1584183,-0.1817372,-0.18076566,-0.180454,-0.14035729,-0.11466166,-0.07268803,-0.011455769,0.04758206
-0.88217795,-0.8443819,-0.8011429,-0.7889045,-0.7312424,-0.69157577,-0.69973373,-0.6664408,-0.63493097,-0.60069305,-0.5917079,-0.5852905
-0.28721568,-0.27395463,-0.26722017,-0.26300347,-0.2539312,-0.23144604,-0.23992568,-0.22993007,-0.22821523,-0.21670346,-0.20576154,-0.20432141
0.50235665,0.4764965,0.45038295,0.4280813,0.4024825,0.37454093,0.3940241,0.36981785,0.3573132,0.34514293,0.34885198,0.36776263
-0.09835263,-0.09396141,-0.105138235,-0.10470894,-0.09753147,-0.080084234,-0.08180695,-0.08533928,-0.078830704,-0.06782762,-0.057793826,-0.051674586
-0.055392396,-0.06469111,-0.07854006,-0.08718006,-0.09491683,-0.089089975,-0.07884822,-0.08196159,-0.07422514,-0.08486237,-0.0591572,-0.03141806
-0.08543115,-0.13746604,-0.1698392,-0.21681617,-0.2260965,-0.2227327,-0.22097221,-0.19484761,-0.19088103,-0.12878048,-0.048116542,0.020186856
-0.5395263,-0.52985114,-0.5300173,-0.5299711,-0.505641,-0.4820968,-0.47319508,-0.43412495,-0.41543946,-0.37590465,-0.3514664,-0.32049447
-0.5737385,-0.54336184,-0.51759285,-0.5034118,-0.47603106,-0.45348552,-0.44565433,-0.42392275,-0.4129575,-0.41367346,-0.40389997,-0.38882306
-0.27566785,-0.28877383,-0.29949316,-0.31032506,-0.30375504,-0.2978701,-0.2886236,-0.26126948,-0.24183822,-0.22218026,-0.18202808,-0.14013849
0.13361064,0.15385067,0.16170302,0.16962224,0.17665926,0.18985444,0.16975915,0.14200485,0.124861255,0.113278106,0.08285266,0.029254088
-0.05422276,-0.055969432,-0.04554469,-0.03813203,-0.044962615,-0.044468734,-0.049874365,-0.034972295,-0.04534681,-0.042027064,-0.03979341,-0.03426061
-0.8222846,-0.75732505,-0.71566516,-0.66427857,-0.62072694,-0.5689403,-0.5666127,-0.5566131,-0.54576963,-0.5504817,-0.5819796,-0.60497165
-0.09368549,-0.047540173,-0.023577884,-0.0011627078,0.029639125,0.051416993,0.035536155,0.005838603,0.003677696,-0.012022376,-0.061953194,-0.12967953
-0.21326253,-0.23500678,-0.24972826,-0.26306888,-0.2725935,-0.26385635,-0.2513261,-0.23086312,-0.21658854,-0.1936693,-0.1571278,-0.10955919
0.39648747,0.3725486,0.35165143,0.32918733,0.31114668,0.30139923,0.28768596,0.2538793,0.26961273,0.27369377,0.27835512,0.2799906
0.13119438,0.16182911,0.18610384,0.19846684,0.20753942,0.20412701,0.20212184,0.1653648,0.14930205,0.11159128,0.06707251,0.01598899
-0.15103325,-0.14376351,-0.13034996,-0.11979347,-0.11500946,-0.10306652,-0.11346921,-0.11110096,-0.117584124,-0.13226031,-0.120690025,-0.117196694
0.11165909,0.09661902,0.08123996,0.07376674,0.05985181,0.0671167,0.054249108,0.05001725,0.058337756,0.058592495,0.07001397,0.073957376
0.24323867,0.30175543,0.34083593,0.3776096,0.3872468,0.37437367,0.37252498,0.3347121,0.29113987,0.22298035,0.13433997,0.041594144
0.07843661,0.04699748,0.018068887,-0.0010909066,-0.01709368,-0.0139795095,-0.016879462,-0.011974581,0.0013612881,0.028246243,0.056440525,0.08109398
0.43007708,0.3867063,0.35538882,0.31924117,0.27726713,0.21366537,0.27930254,0.2769933,0.27888948,0.26127112,0.27712712,0.35550395
-0.37048566,-0.37910894,-0.38404375,-0.39431608,-0.38693994,-0.36614206,-0.3715594,-0.3349657,-0.32416493,-0.28661543,-0.24287246,-0.20014043
0.6432029,0.7514556,0.8224441,0.88270605,0.9120968,0.8870858,0.8810488,0.77324903,0.6917981,0.5513364,0.40160394,0.23249999
-0.26202464,-0.2405367,-0.2079005,-0.18754655,-0.18210775,-0.16404784,-0.16627303,-0.17472461,-0.19467568,-0.21565415,-0.22509357,-0.23554203
-0.28780377,-0.29213524,-0.29163197,-0.2943116,-0.28807506,-0.27366024,-0.2806584,-0.2506566,-0.2343998,-0.19934839,-0.18362975,-0.17133273
0.39435703,0.39396665,0.4047782,0.42881262,0.4000278,0.39337093,0.37765932,0.35704246,0.31613654,0.25220752,0.21014841,0.14630358
0.079546936,0.0066494048,-0.038893357,-0.08176355,-0.111839175,-0.12937208,-0.1273423,-0.08475293,-0.0505348,0.010836132,0.07655052,0.14870419
0.26920286,0.20227121,0.15634452,0.113720834,0.07616961,0.04795915,0.06275293,0.07998435,0.10958034,0.14049691,0.19455452,0.27935216
0.19584945,0.13217525,0.07772106,0.0247823,-0.0018817782,-0.014180094,0.0043278933,0.0019800365,0.024412155,0.055717766,0.13203523,0.21954456
-0.17797185,-0.22055669,-0.2572838,-0.28069806,-0.29606336,-0.2921185,-0.28527844,-0.24201655,-0.21886882,-0.18651344,-0.1202129,-0.04889684
0.08970396,0.12569399,0.15086813,0.16794153,0.18203995,0.18955736,0.17540537,0.1450133,0.12879963,0.11409339,0.07618355,0.029079955
0.14817268,0.1303108,0.11714026,0.10284426,0.09334087,0.08771224,0.08500351,0.07962561,0.08294925,0.08573425,0.09963411,0.110401206
0.09152503,0.21959287,0.3169006,0.3977991,0.43903553,0.44445026,0.44767195,0.37360567,0.27752715,0.15168603,-0.0018386766,-0.16003573
0.071425915,0.044003952,0.027380154,0.0015203953,-0.0053229406,-0.014190115,-0.02330558,-0.010994576,0.00866276,0.026614275,0.062246583,0.085189216
0.051088862,0.049393155,0.05146509,0.04993284,0.041481614,0.041592233,0.03844328,0.03628132,0.033373114,0.032872252,0.02815496,0.024446156
0.04576449,0.00654684,-0.021049261,-0.04595925,-0.06179659,-0.071113706,-0.06435041,-0.037820205,-0.027605623,-0.006237574,0.040366165,0.092970654
-0.028994031,-0.058209762,-0.07210925,-0.08852617,-0.09366318,-0.0924982,-0.0932438,-0.081887946,-0.071027346,-0.043462858,-0.011531178,0.01890607
-0.1859749,-0.18052228,-0.18294299,-0.17726107,-0.17662211,-0.1627186,-0.16438349,-0.14917344,-0.14733754,-0.13983159,-0.13202554,-0.12649065
-0.17512059,-0.21245274,-0.23862953,-0.26954842,-0.2662704,-0.2653054,-0.26409692,-0.23778546,-0.19837663,-0.14823376,-0.08875838,-0.027840436
0.16400495,0.17760505,0.21624564,0.21711361,0.21715918,0.21194997,0.19415681,0.17043234,0.1270887,0.10907311,0.09091939,0.059459977
-0.4803013,-0.4508071,-0.43976617,-0.42171204,-0.39189816,-0.37088168,-0.3596144,-0.3409676,-0.3264858,-0.3207366,-0.31157687,-0.30139259
0.1236638,0.05950423,0.022809502,-0.0077379495,-0.03592042,-0.04523597,-0.04358889,-0.03165638,0.019073833,0.04747238,0.100324534,0.17189504
0.61746645,0.60438323,0.5883287,0.5659182,0.54832685,0.52744544,0.5107874,0.4878245,0.4649444,0.42859656,0.43188202,0.42609826
0.031828262,0.0036990792,-0.011154756,-0.022212967,-0.0374974,-0.060827672,-0.04207228,-0.012340933,-0.006055355,0.015812658,0.025307134,0.06515582
-0.2971095,-0.2684464,-0.24793643,-0.24357249,-0.21775106,-0.195681,-0.19915104,-0.1997346,-0.19815958,-0.19875313,-0.19917524,-0.20386778
-0.17184106,-0.17031707,-0.16727936,-0.16885157,-0.15626124,-0.16395497,-0.14687663,-0.13030179,-0.13106984,-0.12899332,-0.114772886,-0.092239276
0.25829333,0.23746975,0.21234152,0.18322779,0.17213485,0.14841542,0.14557669,0.15729654,0.17503873,0.17868799,0.19909404,0.22244805
0.28598273,0.26158613,0.23726563,0.2187621,0.2107545,0.20221743,0.18087801,0.17571497,0.1993342,0.21178666,0.22520794,0.22363827
-0.029293979,-0.01884308,-0.011391332,0.003231911,0.0048929267,0.0043372065,0.0069079697,0.010733841,-0.004524568,-0.01171883,-0.02350035,-0.037177667
0.1325232,0.1218642,0.11073393,0.10429901,0.09322424,0.08708956,0.09424665,0.087174624,0.09768683,0.09250576,0.094442435,0.10968533
-0.22175139,-0.16984029,-0.10700196,-0.060692698,-0.03398952,-0.02333206,-0.03844288,-0.058447927,-0.06787585,-0.110521436,-0.17555071,-0.24821831
-0.19829406,-0.19814663,-0.19264957,-0.1950193,-0.18415661,-0.17199178,-0.17834821,-0.16816428,-0.15815414,-0.14384688,-0.13146037,-0.12354533
-0.2307492,-0.2323705,-0.23409626,-0.23557305,-0.22785443,-0.22539416,-0.20801754,-0.19434442,-0.18119365,-0.16589366,-0.15723582,-0.12985282
-0.15462935,-0.19658178,-0.24384508,-0.29225984,-0.30538768,-0.28666234,-0.30542475,-0.25804967,-0.23062003,-0.18211412,-0.08788426,-0.019833125
0.18385923,0.16876572,0.1606275,0.16040276,0.14448197,0.13193238,0.12789907,0.12907836,0.1259535,0.117609605,0.11921013,0.11219695
0.042807534,0.12845725,0.18186668,0.22702585,0.26321304,0.28057072,0.2654499,0.22089261,0.17849714,0.11478062,0.02743461,-0.06934527
-0.100342706,-0.09747045,-0.09631017,-0.1023747,-0.10024279,-0.09255533,-0.09231445,-0.08689003,-0.084857136,-0.07934799,-0.0690916,-0.060253207
0.4832863,0.54108596,0.5886154,0.6147563,0.6224607,0.61169404,0.594964,0.5266029,0.48870248,0.4120179,0.30701277,0.2011311
-0.15912321,-0.16944952,-0.17843223,-0.1805252,-0.17825933,-0.17344391,-0.1723839,-0.14615372,-0.13676369,-0.11437809,-0.10004943,-0.085956074
0.33386537,0.33515072,0.33028787,0.31977943,0.30002666,0.30985093,0.2877515,0.24467379,0.23906957,0.21627283,0.21034855,0.19787084
-0.2257449,-0.19970948,-0.15585989,-0.13677363,-0.099692345,-0.0924086,-0.0940596,-0.117582165,-0.11210211,-0.12949252,-0.15612032,-0.18407583
-0.13256808,-0.1522244,-0.16394408,-0.17517437,-0.1826923,-0.17733678,-0.17315544,-0.15293199,-0.14201002,-0.119266264,-0.092603624,-0.060727146
-0.40598953,-0.45909578,-0.49468392,-0.54074204,-0.5268177,-0.50982845,-0.5156525,-0.46631917,-0.43312022,-0.34314525,-0.24039419,-0.15423204
0.13071613,0.12903902,0.1436499,0.14605875,0.13851546,0.13196531,0.12201861,0.115946814,0.110196844,0.10540754,0.08452262,0.062027544
-0.009021137,-0.0070791617,-0.006012097,-0.0066833645,-0.022542,-0.008539408,-0.028685257,-0.025185868,-0.0052497387,-0.007862598,-0.011952503,-0.018003695
-0.2829811,-0.2746495,-0.26205823,-0.24714299,-0.23104137,-0.21787086,-0.2209085,-0.20859168,-0.19819708,-0.19059351,-0.19017133,-0.19551027
-0.4707341,-0.43482524,-0.41482514,-0.39218575,-0.36552438,-0.34322536,-0.33838493,-0.3095251,-0.30689532,-0.2967613,-0.31039852,-0.32065365
0.4540506,0.43510655,0.40965712,0.3911584,0.36818886,0.36185482,0.34466198,0.3265787,0.3268263,0.33311385,0.31851867,0.30129772
0.09876853,0.111625,0.116592094,0.12038474,0.12299303,0.12126079,0.11339316,0.10400966,0.097001694,0.091169976,0.06964765,0.041191977
0.6374401,0.77992755,0.90088564,0.9668288,1.0104997,0.99809545,0.9731243,0.8462539,0.7498897,0.6166016,0.41134912,0.18279509
0.10179358,0.06949301,0.045546032,0.022196002,0.0012127161,-0.0018780828,0.0016733557,0.005532,0.020533636,0.040289413,0.07013695,0.10749475
-0.04503999,-0.08831153,-0.12724623,-0.1509158,-0.17270431,-0.17885178,-0.16639628,-0.12840524,-0.11637418,-0.08372156,-0.026060086,0.04059712
-0.50305635,-0.49506727,-0.48836955,-0.48267764,-0.4551615,-0.4316276,-0.43392235,-0.40155467,-0.37330976,-0.34454796,-0.32758355,-0.3126273
0.40021238,0.40911904,0.41943595,0.43018016,0.41646388,0.40154123,0.39268932,0.377717,0.33286434,0.31523925,0.2845963,0.25510406
0.0053359177,-0.033402845,-0.06401483,-0.08832313,-0.10530509,-0.111448936,-0.09857172,-0.08479735,-0.055423062,-0.025748411,0.020825084,0.08948283
-0.17702688,-0.19096813,-0.19034487,-0.19146526,-0.19333407,-0.18717122,-0.19081523,-0.17397092,-0.15864824,-0.14617878,-0.124766715,-0.1014185
-0.1769504,-0.27032247,-0.34117603,-0.39496556,-0.43326998,-0.43126395,-0.4206385,-0.35594308,-0.30485108,-0.21632017,-0.10192317,0.026861854
0.0960435,0.09390599,0.0931375,0.08585037,0.08067223,0.080990404,0.08047013,0.06096836,0.06156009,0.058668923,0.05449457,0.047883265
-0.086303204,-0.12435648,-0.15215264,-0.17625603,-0.18758029,-0.19145787,-0.18357064,-0.15965539,-0.13925843,-0.11136852,-0.055939462,0.0004716143
-0.008697862,-0.0038709166,-0.0035661524,-0.0011364762,-0.00096876547,-0.0023453832,0.0044991532,0.0065604574,-8.146279e-06,-0.0040932857,-0.010348292,-0.011422688
0.25517938,0.21230748,0.18283255,0.15888448,0.13619047,0.11160071,0.12200473,0.12869796,0.13859484,0.15876468,0.17955741,0.21313372
0.12653877,0.048205003,-0.019422308,-0.07587169,-0.116980925,-0.13219106,-0.11029014,-0.065031976,-0.017178431,0.047067612,0.13251755,0.26585203
-0.15091117,-0.14117801,-0.12042342,-0.097811855,-0.09105237,-0.07791654,-0.084825546,-0.0967767,-0.09667682,-0.08367929,-0.0978118,-0.11912456
0.039643843,-0.008926444,-0.046450496,-0.08083355,-0.088355914,-0.08990309,-0.09622273,-0.079823166,-0.057216883,0.0029424652,0.050718397,0.088317804
0.03144413,0.043351777,0.058696635,0.06664778,0.0797673,0.077873975,0.07322274,0.057062864,0.053132586,0.04197659,0.020845003,-0.006134817
0.0046966877,-0.0027418248,-0.019085035,-0.039792567,-0.04710916,-0.054020308,-0.040450975,-0.025231075,-0.015978329,0.0011996422,0.01829987,0.045824893
-0.14923874,-0.13859433,-0.13604611,-0.13538519,-0.124683365,-0.11027552,-0.11484948,-0.10813468,-0.09685386,-0.09245311,-0.08873456,-0.088629514
-0.29247132,-0.27139112,-0.25303775,-0.24270655,-0.22264056,-0.21019813,-0.207549,-0.20162304,-0.19641715,-0.19845434,-0.20533307,-0.2080162
0.38468838,0.46036145,0.51897615,0.54838526,0.57127553,0.5709305,0.5560606,0.4714645,0.42629254,0.34598213,0.2383876,0.12373516
0.7009898,0.661268,0.5517522,0.54055756,0.5062211,0.45890194,0.47917634,0.46554065,0.37259603,0.5168832,0.4955101,0.40649995
0.12434386,0.103837945,0.08180642,0.06511845,0.055764124,0.06594074,0.05103247,0.042782784,0.03724967,0.055006042,0.08648373,0.09852938
-0.06747512,-0.1221866,-0.15759146,-0.18556084,-0.21120992,-0.22005033,-0.21350977,-0.17648858,-0.1449362,-0.09403932,-0.04068075,0.028559834
0.27412018,0.26706344,0.25125676,0.24390791,0.2278738,0.21313101,0.22363374,0.21750242,0.20169774,0.19496764,0.18961452,0.18856812
0.12726364,0.07774581,0.057725146,0.027423814,0.014010042,-0.0049096197,-0.024660513,0.01902248,0.046644263,0.09984487,0.12406739,0.14844796
-0.1426211,-0.16540626,-0.19641365,-0.20895553,-0.22187003,-0.20680599,-0.20732048,-0.18273981,-0.15477012,-0.12337508,-0.08410777,-0.034644693
0.37097147,0.3069277,0.26280692,0.23086609,0.20503798,0.18835579,0.17337969,0.18464342,0.20563641,0.23017108,0.2809329,0.31525743
0.031722043,0.048193973,0.06016386,0.06991376,0.06938609,0.07988416,0.06785911,0.04980569,0.04739048,0.035467364,0.017392183,-0.00397926
0.059139095,0.033967853,0.003043905,-0.021163449,-0.038030982,-0.053408608,-0.031205714,-0.012015328,-0.0031187907,0.020336963,0.049411595,0.10151779
-0.19985017,-0.19618659,-0.19652286,-0.19855306,-0.17715544,-0.17420104,-0.17248227,-0.1507002,-0.1522584,-0.14170511,-0.12281811,-0.11428898
0.21760462,0.1971905,0.17603824,0.17102203,0.13942236,0.13254696,0.13576725,0.1304149,0.1365995,0.14302373,0.13916291,0.14763364
-0.05698032,-0.06570297,-0.06731404,-0.070357434,-0.07701456,-0.07370328,-0.070295855,-0.07031987,-0.058582228,-0.056680866,-0.05035383,-0.031793296
-0.45586747,-0.48190677,-0.48361287,-0.50637716,-0.5032556,-0.48949733,-0.48272666,-0.44752786,-0.41266203,-0.36752886,-0.3133395,-0.25013265
0.075907335,0.124711275,0.18240692,0.21507435,0.22630203,0.23699728,0.21536715,0.16446044,0.13134977,0.06658848,-0.021301247,-0.13170318
0.2900746,0.27335852,0.26289767,0.2634634,0.24002847,0.22115327,0.22646664,0.22203839,0.21003062,0.19853355,0.1864267,0.18201765
0.23291165,0.24960312,0.25774422,0.27443737,0.27488413,0.2697385,0.26328468,0.2448622,0.224783,0.19159506,0.15848082,0.11928817
-0.29907018,-0.29574123,-0.29389083,-0.2886162,-0.26736856,-0.2593303,-0.24989805,-0.23004745,-0.2141911,-0.19258013,-0.18864882,-0.17761597
0.036155574,0.033951677,0.028443228,0.023542251,0.025447067,0.020405559,0.026497146,0.021461874,0.034266777,0.028578386,0.030905409,0.039931837
-0.11698259,-0.13849118,-0.15902285,-0.16574852,-0.15770677,-0.15955272,-0.16078807,-0.12987643,-0.112011105,-0.101865545,-0.052561745,-0.018995278
-0.0648725,-0.083880164,-0.09062071,-0.11018239,-0.113750175,-0.11266584,-0.10789013,-0.10650006,-0.09385358,-0.079371914,-0.0467306,-0.010288646
0.32866457,0.40075207,0.4515127,0.48686582,0.49985325,0.5020655,0.4915579,0.4192555,0.38247478,0.3096552,0.19658786,0.08412185
-0.10321698,-0.12648506,-0.1474989,-0.16240963,-0.16881526,-0.16584057,-0.15794064,-0.13924456,-0.124502376,-0.103648454,-0.06661453,-0.0244005
-0.10829964,-0.1544295,-0.17452776,-0.20594636,-0.21824789,-0.2220132,-0.21177134,-0.18801989,-0.18172716,-0.13945132,-0.0766396,-0.0129020475
0.052359253,0.013776109,-0.027425706,-0.04048091,-0.058511168,-0.069045424,-0.061933935,-0.021320447,-0.008698776,0.020989738,0.064581424,0.11154067
-0.20958364,-0.19314939,-0.18025884,-0.16836137,-0.15810297,-0.14810137,-0.14985955,-0.14064017,-0.14858167,-0.15007327,-0.1508666,-0.15394059
0.10049224,0.042981766,0.0040447563,-0.020971589,-0.04174535,-0.04396069,-0.050859824,-0.0339275,0.0013602749,0.051613696,0.09294752,0.1410506
-0.009355471,0.05067092,0.10156815,0.13669957,0.15249868,0.16003823,0.15592891,0.11637424,0.08251415,0.025356062,-0.043423407,-0.11103863
0.0208514,-0.015035674,-0.04361576,-0.06293311,-0.08202592,-0.084215686,-0.08280939,-0.05936636,-0.049933955,-0.018541656,0.021113042,0.061100237
-0.43894643,-0.4730995,-0.50237846,-0.5260731,-0.5314379,-0.5172292,-0.5029806,-0.44554585,-0.42083356,-0.35561505,-0.2827131,-0.20093691
-0.29182023,-0.26466274,-0.24771428,-0.23089057,-0.20965391,-0.19084848,-0.18702307,-0.18782002,-0.18798825,-0.18914549,-0.19931982,-0.2060647
-0.25223458,-0.26264784,-0.27124774,-0.2697096,-0.26802003,-0.25835356,-0.25193176,-0.22368766,-0.20576483,-0.18550238,-0.1635702,-0.13164617
-0.04697611,-0.07120586,-0.073313706,-0.08629816,-0.089029714,-0.09615874,-0.09538165,-0.07723977,-0.06903829,-0.048650116,-0.023671746,0.0089050345
-0.041655608,-0.045694057,-0.045526914,-0.048057836,-0.04956319,-0.047781963,-0.05182094,-0.042322636,-0.033824064,-0.022702672,-0.023651574,-0.024467848
0.2914458,0.30223697,0.30772975,0.33240774,0.31275606,0.30937192,0.3057542,0.28092322,0.24413538,0.22001971,0.173125,0.12878402
-0.009069819,-0.023102976,-0.027431577,-0.04350901,-0.0442612,-0.053943984,-0.048039995,-0.0457751,-0.03163416,-0.01010965,-0.0013096025,0.01400701
-0.11554801,-0.1218213,-0.122867934,-0.12500663,-0.1236606,-0.11470929,-0.112278454,-0.11266665,-0.09782885,-0.09023851,-0.08455019,-0.07147181
0.086735904,0.03718303,-0.041218936,-0.0756855,-0.094974875,-0.11947635,-0.063189864,-0.044920683,-0.03481838,-0.014017597,0.060812764,0.16032618
0.5756568,0.6187842,0.6461919,0.6722157,0.6415704,0.62443024,0.62047863,0.5921797,0.51241887,0.4323109,0.33863416,0.23017853
0.021412913,0.029417602,0.040423032,0.043112498,0.040628046,0.032990366,0.045798697,0.043412887,0.026313473,0.010881485,0.0013512381,0.00019914936
-0.022941621,-0.011307163,0.0050251894,0.019557755,0.028283458,0.026837718,0.01063738,0.010832369,-0.0013456345,-0.006847944,-0.025313959,-0.057710364
0.6440531,0.582863,0.5592966,0.5423016,0.48205733,0.4336748,0.43261504,0.4338658,0.4247535,0.39242297,0.42271087,0.44884762
-0.056850567,-0.08589417,-0.11206173,-0.13278916,-0.1464046,-0.14289847,-0.13710168,-0.12334131,-0.10589555,-0.06968981,-0.03228388,0.010576133
-0.6869021,-0.58266705,-0.49036288,-0.40485176,-0.35847437,-0.3224241,-0.30318078,-0.3191557,-0.3899254,-0.4464144,-0.5258243,-0.5977361
0.123235464,0.07066728,0.049177468,0.023701325,0.010205805,-0.003851086,0.0010209233,-0.002540648,0.015274078,0.040999904,0.091463074,0.14643458
-0.116375424,-0.10973036,-0.085587755,-0.0859294,-0.07083506,-0.08220973,-0.084262244,-0.061161824,-0.045555606,-0.0334038,-0.06775778,-0.057809584
-0.014874272,-0.018895617,-0.015748806,-0.012593923,-0.009040033,-0.008137211,-0.012832165,-0.016677096,-0.012408252,-0.012542354,-0.008295497,-0.007234618
0.010114987,-0.004668651,0.0040250085,0.0017685741,0.00093033165,-0.0030327402,-0.010923363,-0.010023627,0.005583942,0.018982165,0.020041537,0.020818524
0.12417709,0.07630211,0.039280012,0.017986894,0.00107494,-0.005642727,-0.018898949,0.00017490983,0.016314685,0.062106982,0.10243078,0.12643778
-0.20212816,-0.19610201,-0.18895237,-0.18142205,-0.16950144,-0.16199736,-0.16291155,-0.1562256,-0.13220984,-0.11262658,-0.11602715,-0.11132969
0.24620503,0.2304142,0.20585325,0.18804836,0.19069521,0.18325348,0.18376064,0.16484043,0.16209894,0.16695291,0.18743382,0.19969103
-0.5002834,-0.52053815,-0.5312872,-0.5372044,-0.5309533,-0.5214549,-0.49783558,-0.4498675,-0.43657556,-0.39200225,-0.33289742,-0.25600594
-0.09775296,-0.14017572,-0.1791982,-0.20823827,-0.22084793,-0.21780983,-0.2092712,-0.18105513,-0.16672753,-0.12080998,-0.059213616,0.0004985146
0.19127086,0.17430377,0.16248357,0.1573025,0.13578054,0.124423265,0.12714876,0.12863849,0.119687684,0.12728351,0.12883206,0.13253973
-0.11968548,-0.16314705,-0.20044781,-0.22550246,-0.2459794,-0.23632266,-0.22831312,-0.19957289,-0.1715235,-0.118160136,-0.06385569,0.0026332252
-0.36785468,-0.3782292,-0.37415543,-0.38426402,-0.37332997,-0.35962248,-0.3574786,-0.32971793,-0.3078927,-0.2838828,-0.24941069,-0.21736518
0.0005967431,-0.04417757,-0.08241642,-0.10739446,-0.12855357,-0.1308728,-0.12616566,-0.099604174,-0.08416994,-0.046910934,0.009158025,0.0682125
0.3608541,0.31573343,0.2485208,0.21920295,0.20071685,0.19318764,0.19888334,0.18443182,0.19384226,0.23191617,0.27660435,0.314435
-0.05752937,-0.06853256,-0.08306446,-0.092234164,-0.08753277,-0.09875966,-0.06936523,-0.08218141,-0.098697655,-0.07847361,-0.05226008,-0.035400342
-0.41683555,-0.42975864,-0.41666752,-0.43601117,-0.40750265,-0.4100352,-0.39159733,-0.3809846,-0.33628508,-0.30826536,-0.27597818,-0.23215717
-0.06692502,-0.033241242,-0.015978232,0.0007132441,0.017750397,0.022980139,0.0175386,0.009027891,-0.0029841214,-0.017779015,-0.043262336,-0.077577256
0.13121484,0.09703235,0.06340496,0.02628623,0.010234296,-1.2665987e-05,0.010777563,0.017679974,0.022252753,0.036582656,0.09173817,0.14123039
-0.5191032,-0.4962241,-0.47843194,-0.46904576,-0.43951163,-0.4170317,-0.41237655,-0.39090154,-0.3773218,-0.35688278,-0.34631777,-0.33379748
-0.70452714,-0.64444184,-0.6067596,-0.5580182,-0.52208036,-0.48976713,-0.48098814,-0.45775303,-0.4528994,-0.4513458,-0.4838136,-0.50109565
0.24322148,0.24585412,0.23722583,0.2531785,0.22437733,0.22095242,0.22345135,0.20767474,0.18432125,0.14868136,0.1228908,0.09961572
-0.16664208,-0.1266817,-0.09671146,-0.07269743,-0.059508517,-0.048445627,-0.0538065,-0.05178468,-0.07575632,-0.096647665,-0.13662171,-0.18798938
0.23947501,0.19843952,0.17793888,0.14876726,0.13199492,0.12108252,0.10995135,0.108328305,0.14128743,0.16835696,0.18268213,0.19942275
1.1038857,1.0598915,1.0697383,1.0404135,0.9904211,0.8900716,0.9295994,0.8782083,0.83010495,0.79585075,0.75752103,0.76040685
-0.21650895,-0.21745154,-0.2199817,-0.21820924,-0.2133491,-0.2059781,-0.19956304,-0.1808853,-0.17288128,-0.16437146,-0.14817995,-0.1303768
-0.20213336,-0.23919663,-0.2603165,-0.27151853,-0.2777718,-0.27039242,-0.2779994,-0.23703799,-0.20778707,-0.16056266,-0.11536038,-0.06700599
-0.12109959,-0.15634629,-0.16722393,-0.19772941,-0.19229683,-0.1948516,-0.1883434,-0.18638833,-0.15941098,-0.13807277,-0.07965413,-0.028699994
-0.22788607,-0.21394587,-0.19875869,-0.19287282,-0.17906846,-0.16887613,-0.1705454,-0.16417807,-0.16410077,-0.14812516,-0.15350594,-0.16428548
-0.18691218,-0.16812214,-0.15137213,-0.13711154,-0.11848907,-0.10942858,-0.10840202,-0.11097419,-0.11859577,-0.1212388,-0.13400403,-0.14854385
0.19278476,0.16177796,0.14095278,0.127006,0.10397421,0.09194752,0.10159243,0.09963409,0.10582402,0.10469293,0.12309548,0.15276837
-0.6323391,-0.6072608,-0.5876721,-0.5790952,-0.5538896,-0.52190167,-0.5134352,-0.48841426,-0.4764339,-0.4569711,-0.4372132,-0.41948423
-0.06747571,-0.015587717,0.028678223,0.05492811,0.085293844,0.095020264,0.08854488,0.06615759,0.03511495,-0.0034054816,-0.04569161,-0.10795252
-0.27346718,-0.29255772,-0.30123186,-0.31376222,-0.31447393,-0.3019209,-0.30416042,-0.2681355,-0.24820618,-0.19891776,-0.16819774,-0.13075247
0.107662514,0.15072373,0.17494585,0.18549353,0.19840634,0.20149416,0.20513606,0.16674851,0.14880309,0.10757516,0.06488865,0.023720652
-0.19109999,-0.17473447,-0.16493137,-0.16595528,-0.14742553,-0.14305449,-0.14071299,-0.13857576,-0.12878321,-0.12831035,-0.12637928,-0.12528291
0.4276626,0.4581468,0.47977227,0.4770243,0.47698158,0.46163929,0.44955066,0.39959586,0.40917772,0.3856058,0.29912093,0.21911526
-0.15173733,-0.18947929,-0.22224326,-0.249793,-0.25908238,-0.2572382,-0.25223786,-0.22058502,-0.19564289,-0.161732,-0.08536012,-0.0081448555
0.14794011,0.1408659,0.13206169,0.13141325,0.11529244,0.10858264,0.11173818,0.11661109,0.10388179,0.10053671,0.108677246,0.120498106
-0.01807279,-0.002018871,0.010755783,0.019073993,0.022080315,0.015410112,0.03007981,0.023390677,0.000513935,-0.00088929944,-0.020021107,-0.03759802
-0.45907077,-0.47823676,-0.48739165,-0.5017585,-0.4813739,-0.46449506,-0.4619338,-0.4296879,-0.3913625,-0.33593804,-0.28918704,-0.23742208
0.1691755,0.15963805,0.14937371,0.13302198,0.12802134,0.1258506,0.118900135,0.11356577,0.117879175,0.11512751,0.12199296,0.12526321
0.21995808,0.23604007,0.24679232,0.24886818,0.24795656,0.2451611,0.23920923,0.20816135,0.19470787,0.1701093,0.14005378,0.10258273
0.060367115,-0.06845547,-0.07886058,-0.17076766,-0.17161669,-0.19510797,-0.1998104,-0.2204234,-0.13458726,-0.07783413,0.041810416,0.15759733
0.15234654,0.15399012,0.16523536,0.18710874,0.17978309,0.1757607,0.16630355,0.15394652,0.121266395,0.11230788,0.08474835,0.04294944
0.44929516,0.43053627,0.44307467,0.43594187,0.4122432,0.3978656,0.3793313,0.3439375,0.32812077,0.32944837,0.29278317,0.24927022
-0.27038193,-0.23225965,-0.2133308,-0.185255,-0.17698929,-0.17890327,-0.13969675,-0.14246207,-0.16357912,-0.20067464,-0.23149112,-0.22945681
0.018009413,0.021109406,0.026894605,0.041432068,0.043459006,0.04511164,0.033217113,0.031526506,0.02656712,0.019774519,0.022692215,0.013643444
-0.09389425,-0.049387746,-0.022554457,-0.0040841624,0.021607324,0.031176,0.030820206,0.014799766,-0.0038655922,-0.039053313,-0.07088755,-0.11304819
0.060445167,0.06877273,0.07776993,0.08625323,0.08277961,0.075946525,0.078201815,0.08145583,0.066690244,0.06380415,0.04247891,0.029043108
-0.15629183,-0.11824719,-0.094432354,-0.08541918,-0.06326631,-0.07170628,-0.044919807,-0.04822061,-0.055267558,-0.082455106,-0.11753651,-0.12310982
0.042695932,0.013823025,-0.025986344,-0.05166784,-0.07365821,-0.06950246,-0.06972945,-0.043308675,-0.0469435,-0.0054650083,0.038537443,0.08351971
-0.14372543,-0.17592075,-0.20447609,-0.22354046,-0.23515445,-0.235208,-0.23016898,-0.19452362,-0.17894918,-0.14896137,-0.094439596,-0.03496417
-0.28004697,-0.2996783,-0.30424982,-0.32214314,-0.31802312,-0.3087931,-0.31351924,-0.2816974,-0.25405723,-0.21246004,-0.18286897,-0.1510016
0.22665755,0.23885667,0.23421788,0.24138504,0.24073473,0.22980955,0.23677173,0.21390568,0.20553276,0.17865303,0.15843274,0.14152518
0.0010861969,0.012530552,0.02095716,0.034444578,0.03544128,0.03550989,0.037285615,0.034663018,0.026809398,0.017589398,-0.0003814306,-0.012338629
-0.65650034,-0.630702,-0.6116283,-0.59187824,-0.5667299,-0.54233277,-0.5326952,-0.4864149,-0.48663458,-0.45823798,-0.44363594,-0.41554496
-0.0069725513,-0.037279554,-0.057826042,-0.061654657,-0.08770241,-0.08488721,-0.08864173,-0.05387163,-0.0762229,-0.055337407,-0.030517716,-0.017613828
-0.20392404,-0.19725022,-0.18982609,-0.1857452,-0.17912555,-0.16620249,-0.17196725,-0.1623171,-0.15046783,-0.14330111,-0.1437618,-0.14996517
0.36850896,0.3356154,0.3112388,0.29402226,0.2683278,0.24998808,0.24636728,0.24207348,0.24150862,0.24849834,0.2638112,0.27218783
-0.086867586,-0.051359504,-0.028068505,-0.010472342,0.009609476,0.016622089,0.013913229,0.007283658,0.0013152733,-0.022294573,-0.059580103,-0.0930765
-0.78639805,-0.73742527,-0.6896633,-0.65164673,-0.6226765,-0.58823884,-0.58338946,-0.5407181,-0.5582097,-0.5512756,-0.56346875,-0.56993914
0.33975133,0.31920445,0.30541584,0.2968591,0.27471846,0.25129035,0.25842077,0.244854,0.24396922,0.23798816,0.23794731,0.24782005
-0.19839835,-0.25775924,-0.29735297,-0.32771546,-0.35095286,-0.348903,-0.34486753,-0.30595607,-0.24868718,-0.18545777,-0.107795395,-0.014676303
0.40345106,0.38001996,0.3533119,0.34641114,0.31161454,0.3031883,0.30114755,0.27714196,0.27759176,0.266551,0.26583776,0.27089813
-0.16123319,-0.19114557,-0.2145878,-0.22576953,-0.23126931,-0.22610332,-0.22230516,-0.19417723,-0.1702914,-0.1417751,-0.09413465,-0.03887402
-0.45023075,-0.40961993,-0.3893069,-0.37148333,-0.3375054,-0.3131605,-0.3186042,-0.30501574,-0.27757406,-0.27896202,-0.30049956,-0.3236174
0.23446384,0.12905122,0.04634884,-0.017895669,-0.070349395,-0.08166283,-0.07744047,-0.037623286,0.007934034,0.07761857,0.18268737,0.30041042
-0.066106185,-0.045895327,-0.050383054,-0.040682565,-0.019386023,-0.006697051,-0.017601214,-0.012354113,-0.006095417,-0.015548438,-0.020588707,-0.04816325
0.22586505,0.2417737,0.25006402,0.26845124,0.26595944,0.26977944,0.2584025,0.22432867,0.21238722,0.18284889,0.13996588,0.08860433
-0.3532123,-0.3350423,-0.32202065,-0.3127311,-0.28792548,-0.2712733,-0.2728945,-0.2555879,-0.25086355,-0.23799719,-0.23961037,-0.24796239
0.024114877,0.11599958,0.1989544,0.25424495,0.29955292,0.30312124,0.28479832,0.22938694,0.18467517,0.108922236,-0.005963858,-0.13982871
-0.106235765,-0.06450341,-0.034924,-0.008116148,0.012442887,0.0144118145,0.017293088,0.0077092126,-0.008202016,-0.03727201,-0.078834035,-0.118023396
0.09159205,0.09076685,0.089285664,0.10143612,0.08638841,0.08362193,0.0851213,0.089095585,0.07271669,0.07054242,0.056594808,0.047557246
0.16232023,0.13947499,0.12614506,0.11349854,0.086690485,0.07447747,0.071697846,0.09093673,0.08237332,0.0917749,0.107337214,0.11719665
0.2823479,0.21811052,0.15527472,0.123363644,0.0775599,0.073902085,0.07824013,0.090335235,0.10796924,0.15417638,0.2050608,0.27207077
-0.31369096,-0.29894954,-0.2796963,-0.26872876,-0.25225478,-0.24126977,-0.23556617,-0.23002763,-0.215944,-0.21556668,-0.21645793,-0.20802113
-0.06293218,-0.06363312,-0.06728506,-0.07944354,-0.07634838,-0.07270375,-0.07608107,-0.069604464,-0.05080524,-0.043595906,-0.03566638,-0.03539122
-0.8164922,-0.7610626,-0.6993822,-0.66894263,-0.6114957,-0.5709458,-0.58479506,-0.5691726,-0.57818836,-0.5657408,-0.5731447,-0.593504
0.34297284,0.27154,0.22059484,0.18292345,0.14937373,0.13304146,0.121123865,0.12888683,0.15811123,0.217475,0.25864533,0.2994298
0.1645957,0.17953679,0.18754217,0.19517997,0.19158891,0.18768007,0.19014189,0.17023593,0.15085976,0.13099502,0.098251194,0.07188589
-0.016396005,-0.010293834,0.0018604472,0.0004490465,0.0011335462,0.00055262446,-0.0021506771,-0.0014392585,-0.00366297,0.0002255328,-0.0047326065,-0.012669619
-0.3509318,-0.33107936,-0.32070503,-0.31152663,-0.29055694,-0.27245736,-0.26894847,-0.24991304,-0.25000012,-0.24376455,-0.23553747,-0.22899275
0.35999662,0.31069863,0.26878667,0.2348257,0.18437913,0.16117913,0.18192013,0.19338962,0.20468962,0.22281712,0.24054733,0.2872551
-0.13277212,-0.13727951,-0.13125208,-0.13692074,-0.13339043,-0.13095589,-0.12908149,-0.11613543,-0.10586124,-0.08560196,-0.0798124,-0.065137565
1.033521,0.9989652,0.92863536,0.91773814,0.8351191,0.82784927,0.8411445,0.7962731,0.7656013,0.71393794,0.71892977,0.7817014
-0.35409242,-0.36378425,-0.35828066,-0.35798436,-0.351797,-0.34549195,-0.3340898,-0.30744264,-0.29946646,-0.28863177,-0.25464422,-0.21209052
-0.17165624,-0.21107271,-0.2461448,-0.27057707,-0.2845962,-0.28125948,-0.270594,-0.23075257,-0.20286638,-0.14909215,-0.09311829,-0.02994648
0.41090813,0.37105852,0.33299375,0.30739725,0.2739783,0.2543993,0.2605192,0.25216088,0.25677717,0.28092206,0.2957411,0.32822567
0.08447415,0.13649662,0.17152831,0.20407112,0.22239372,0.2219096,0.21633454,0.18914407,0.16066785,0.10986291,0.050682716,-0.015696468
0.56352895,0.5788768,0.5900137,0.59400886,0.5890988,0.5509871,0.55434644,0.51646537,0.4826958,0.42854485,0.37611017,0.31695282
0.065028034,0.06743913,0.07127346,0.078406096,0.08149576,0.07586204,0.07199392,0.0663759,0.06713103,0.052094836,0.045418028,0.03296617
0.02051549,0.060324006,0.09274028,0.119680084,0.131965,0.1294469,0.13125077,0.10925788,0.08212842,0.044182718,-0.0077845342,-0.06100864
-0.045834143,-0.061891105,-0.06823399,-0.08022964,-0.09198452,-0.09056689,-0.084018655,-0.075665556,-0.07034542,-0.06995782,-0.046458017,-0.017173696
0.29854622,0.25640047,0.22811434,0.20346694,0.17680156,0.16940653,0.15547097,0.16081184,0.17076224,0.18777023,0.21705937,0.24396592
-0.052054565,-0.07489972,-0.09575516,-0.11018625,-0.12568715,-0.12618786,-0.12127295,-0.0996438,-0.08552517,-0.0630211,-0.030968444,0.0061963256
-0.25856292,-0.24991548,-0.24990846,-0.24246836,-0.23372668,-0.21846254,-0.21116604,-0.19195731,-0.18258724,-0.17149882,-0.16265585,-0.142037
0.13885802,0.1501277,0.16340658,0.1706171,0.1687074,0.16262649,0.15646034,0.13808313,0.13504697,0.110373184,0.08409102,0.054651797
-0.60318494,-0.60846895,-0.6081857,-0.61291873,-0.610005,-0.586601,-0.5773729,-0.51674783,-0.51154023,-0.47103408,-0.42381293,-0.3644808
0.24023896,0.24600388,0.25622594,0.25249323,0.2583111,0.26054898,0.24321768,0.20715299,0.1920243,0.16488104,0.154547,0.12358426
0.24144347,0.15819035,0.10673618,0.069427416,0.015865266,0.0068567395,0.0011712313,0.039710924,0.052931204,0.12234526,0.18602784,0.2596712
0.066401884,0.0934347,0.123573735,0.14801669,0.15401198,0.15675208,0.14269383,0.12702735,0.11211321,0.10112384,0.04138614,-0.023749053
-0.25295544,-0.08828893,0.041965842,0.13279003,0.20224494,0.22081578,0.2222389,0.14999837,0.07522005,-0.046132654,-0.21506146,-0.39214167
0.4973169,0.44342685,0.4050239,0.37098145,0.3192426,0.3040854,0.29803783,0.28585523,0.29575136,0.3072023,0.33711788,0.36911657
-0.33895436,-0.32318,-0.31758907,-0.31681556,-0.2984909,-0.27371874,-0.26888072,-0.26955473,-0.24068835,-0.23068753,-0.2298011,-0.21878433
0.27262786,0.33100495,0.34296748,0.39747185,0.3822534,0.39007318,0.3830957,0.37732524,0.29888386,0.2142308,0.12837863,0.019494878
0.14607851,0.21723014,0.26594508,0.3064474,0.3347991,0.3519827,0.32013184,0.25846553,0.23459451,0.18482447,0.08823863,-0.036638193
-0.21159026,-0.19424687,-0.19255684,-0.18860783,-0.16968922,-0.16256064,-0.15799679,-0.14847538,-0.13664173,-0.13580805,-0.13137946,-0.12271184
-0.009893865,-0.020983744,-0.026778946,-0.028714845,-0.038792104,-0.0366755,-0.03323838,-0.024399221,-0.021136947,-0.015377711,-0.011202695,0.0053929174
0.33068123,0.3629694,0.36970538,0.38957256,0.38525867,0.40003073,0.38475755,0.32998866,0.3091631,0.25939253,0.20802629,0.15314534
0.005679868,0.020773873,0.050488975,0.06467728,0.08632765,0.07445356,0.07256539,0.059478536,0.046652883,0.020173829,0.0068320855,-0.016499221
0.49428487,0.6787219,0.8253952,0.94511944,1.0079731,1.0023994,0.9744073,0.8245286,0.7248802,0.5173841,0.27481925,0.007141322
0.01729872,0.0075816177,-0.012101594,-0.017623916,-0.022458978,-0.027713299,-0.020202681,-0.010135435,0.004547607,0.010946874,0.02514859,0.04871604
0.08909146,0.11470003,0.13121963,0.14709441,0.14966144,0.15032518,0.1500029,0.12783234,0.10987982,0.07067023,0.038375355,0.0036096834
-0.34902072,-0.35992903,-0.3618668,-0.37559995,-0.35621172,-0.33616072,-0.33517417,-0.3164305,-0.30722678,-0.2613064,-0.22351703,-0.19251706
-0.027617915,-0.05862392,-0.062597595,-0.075780936,-0.07977046,-0.079676755,-0.074512675,-0.06806491,-0.067634866,-0.039948665,-0.0072874893,0.025962774
0.5230168,0.5704539,0.6191761,0.6596978,0.6728865,0.62341887,0.62338966,0.56900877,0.5463836,0.42511988,0.35916197,0.27503714
0.19163752,0.2716541,0.3340996,0.38830647,0.4080606,0.40704143,0.39808244,0.3342108,0.27922857,0.19353974,0.08810936,-0.031300858
-0.024064636,-0.05166677,-0.06411165,-0.09742776,-0.09571946,-0.104506105,-0.09273115,-0.08917996,-0.07131777,-0.037430156,4.84474e-05,0.04034238
0.54494715,0.531285,0.5399841,0.5425158,0.5008834,0.46197745,0.46348673,0.4623691,0.41871276,0.3876876,0.35459593,0.3172827
-0.11887572,-0.10460164,-0.09682943,-0.087840125,-0.077888615,-0.067444,-0.07767274,-0.069886886,-0.07247674,-0.07105375,-0.07716271,-0.093321405
0.17615935,0.114052415,0.09600839,0.057131723,0.010659933,-0.020096153,0.0013465732,0.05798854,0.018501908,0.11301685,0.15376905,0.21217526
0.0047815563,0.0028783754,0.003877271,0.006704308,0.0022420175,0.004206445,0.0074863024,0.0063136816,0.00601124,-0.00026898272,0.00042423327,0.0039181216
-0.10758242,-0.07301502,-0.041106313,-0.01973968,-0.0048400015,0.0030176342,-0.00033014268,-0.016272172,-0.034406565,-0.061689947,-0.09736611,-0.13866922
-0.20207132,-0.2149271,-0.22376397,-0.21797907,-0.21631886,-0.21189126,-0.22162868,-0.18502,-0.17488204,-0.1543437,-0.124951266,-0.10788132
-0.055211827,-0.07056067,-0.06982245,-0.079491675,-0.08454315,-0.08589976,-0.08408821,-0.075107336,-0.07292426,-0.06299994,-0.043697156,-0.024030965
