-0.73171294,-0.69141906,-0.64922285,-0.61961544,-0.5757844,-0.5475334,-0.49587247,-0.49665692,-0.5050945,-0.47077632,-0.49984288,-0.5043187
0.6933089,0.66311306,0.6679225,0.61866033,0.6129545,0.5956787,0.55433536,0.5344604,0.51042265,0.43615583,0.39888734,0.319651
0.25458923,0.19140583,0.14921954,0.1239624,0.08339578,0.07476604,0.07115807,0.0765267,0.076174274,0.104286924,0.1279325,0.1621082
0.1780118,0.09650645,0.037626043,0.0007198453,-0.048433468,-0.06322913,-0.064242885,-0.04476373,-0.028075159,0.012149163,0.057580113,0.116377294
0.2803278,0.26410347,0.24452385,0.2268515,0.21775684,0.20041752,0.1970933,0.19481105,0.19652632,0.19490638,0.20341308,0.19478323
0.010281904,0.025544876,0.030742211,0.03410474,0.03725016,0.007973224,0.019903414,0.028635424,0.027247641,0.027563615,0.048198503,0.04142855
0.31856167,0.37021312,0.4132165,0.44021016,0.45170155,0.45099184,0.434622,0.39345503,0.34469956,0.2698988,0.1922788,0.1091481
-0.12420831,-0.096635476,-0.07702585,-0.061149575,-0.047512338,-0.04026859,-0.030766495,-0.04883428,-0.068183325,-0.09262692,-0.118644066,-0.15410116
-0.4456905,-0.42803687,-0.41378656,-0.38907927,-0.36432856,-0.35287568,-0.3388077,-0.3339214,-0.31139427,-0.28682044,-0.2524819,-0.22851306
0.13032165,0.09617962,0.07479625,0.06506337,0.038754463,0.033951685,0.042566806,0.049385548,0.061807983,0.081601635,0.11638132,0.13726573
-0.08069455,-0.076410815,-0.043917432,-0.022998437,-0.0073503107,-0.007820591,-0.0061218143,-0.0269396,-0.072241664,-0.09157721,-0.15396059,-0.18203765
0.32764098,0.21636097,0.13710904,0.09462276,0.034279853,0.023416072,0.030233353,0.047154456,0.099630654,0.16218677,0.28371277,0.34409153
-0.6737584,-0.6109235,-0.567706,-0.52641684,-0.4625042,-0.43492,-0.42840523,-0.4082356,-0.38317075,-0.37415686,-0.39172322,-0.37749258
0.036490045,0.024630474,0.011356713,0.0074876035,-0.0042716675,-0.014576744,-0.01264679,-0.013020727,-0.035988588,-0.028512299,-0.048867866,-0.034662243
-0.19673605,-0.20263769,-0.21058196,-0.20239934,-0.2068339,-0.20129523,-0.19254251,-0.18698874,-0.18088657,-0.16068031,-0.14955972,-0.12066687
0.12652995,0.041099533,-0.005198598,-0.025458202,-0.06880787,-0.08099173,-0.067929775,-0.048558682,-0.01925166,0.04286559,0.124709845,0.18481024
0.034620047,0.051430557,0.06515519,0.066972494,0.07561483,0.0795083,0.07420422,0.06519511,0.05097293,0.024070796,-0.009781298,-0.03479475
-0.3327662,-0.3038677,-0.2895167,-0.26539934,-0.2517594,-0.24588896,-0.21581534,-0.18884379,-0.16181394,-0.10563396,-0.06335923,-0.034992255
-0.41302222,-0.39615518,-0.37847695,-0.36572942,-0.3543,-0.311843,-0.30096138,-0.31444067,-0.31799582,-0.29197067,-0.28377128,-0.27296332
0.4927221,0.596861,0.6905657,0.7351632,0.7345892,0.7714506,0.72994536,0.6063552,0.4902044,0.3186052,0.12028156,-0.050778925
0.18461323,0.12292591,0.08981361,0.062174678,0.027818903,0.030286536,0.018661052,0.029361203,0.036369853,0.04659142,0.058808498,0.09144398
0.3801781,0.4965183,0.5576186,0.574021,0.6191812,0.6312293,0.5974694,0.5631806,0.53599846,0.42195866,0.35142854,0.18799001
-0.27263638,-0.2343362,-0.22455041,-0.20968872,-0.1889429,-0.1800553,-0.17055498,-0.17065816,-0.13435198,-0.12905245,-0.08239111,-0.08747469
0.19215499,0.176575,0.18799628,0.197193,0.19130018,0.18527386,0.174804,0.16566512,0.15552998,0.13672498,0.118601926,0.10695907
-0.12064588,-0.1743422,-0.21996346,-0.23578596,-0.24948978,-0.26990032,-0.25391293,-0.2252459,-0.18500307,-0.13798246,-0.06671462,-0.010075874
0.2044795,0.15072009,0.10872967,0.08360367,0.04579819,0.03004244,0.044493787,0.052228294,0.05216156,0.10810608,0.15894145,0.19443877
0.466315,0.50118715,0.54043144,0.53359914,0.53984714,0.5422982,0.52139723,0.5051073,0.45582747,0.40830982,0.3228734,0.24855368
-0.04433319,-0.020365957,-0.0051378943,0.007501371,0.017503645,0.016633496,0.018513326,0.008554347,-0.0047484115,-0.019779056,-0.043980416,-0.060773317
-0.1926478,-0.22423923,-0.22415245,-0.2166177,-0.219049,-0.21268758,-0.2174856,-0.20581114,-0.20001243,-0.18560086,-0.19192344,-0.15479061
0.3526832,0.34345177,0.3478393,0.33573222,0.31817326,0.30266136,0.29397914,0.28061917,0.26013738,0.24371152,0.23559222,0.21610895
0.17195392,0.15118751,0.12831299,0.10716508,0.07823752,0.067802325,0.081274614,0.090734564,0.09403093,0.11671364,0.13967472,0.15816613
0.16289476,0.14802116,0.11633673,0.10530771,0.08251636,0.07893774,0.08017862,0.07731336,0.06925675,0.08492488,0.100386,0.11665081
0.20066199,0.21530855,0.21013144,0.20492299,0.20986983,0.1867787,0.16474633,0.14352262,0.10758223,0.060612552,0.011737734,-0.02165468
0.043139465,0.069134474,0.07401428,0.0673475,0.07813845,0.07194817,0.08035113,0.078617066,0.090229094,0.09842329,0.119949654,0.10254076
0.42349094,0.313798,0.23612921,0.16399945,0.10715771,0.0756364,0.06853798,0.09508777,0.11593187,0.16970271,0.27583542,0.32213366
-0.435577,-0.3976097,-0.3712173,-0.3430125,-0.33603245,-0.31332135,-0.31361008,-0.31457224,-0.3157817,-0.3244675,-0.31057063,-0.27906603
0.044588342,0.031834308,0.032787886,0.038669437,0.02536004,0.037626203,0.036240123,0.024140269,0.02276598,0.023550253,0.030061407,0.03625097
-0.069317475,-0.08386276,-0.09148246,-0.09929167,-0.10706369,-0.106753945,-0.08463198,-0.08581463,-0.12691765,-0.09730043,-0.13878737,-0.13997419
0.068654045,0.07696618,0.08302219,0.067591995,0.07827355,0.08753489,0.077907465,0.086916886,0.07824985,0.078765035,0.05296359,0.041526318
-0.021472037,-0.072837025,-0.09764585,-0.09581262,-0.12828091,-0.09888819,-0.12634242,-0.13384193,-0.14227372,-0.10214362,-0.05606817,0.00532288
-0.13903132,-0.15723178,-0.16463019,-0.1611107,-0.17082919,-0.15932274,-0.15271334,-0.15235925,-0.14960913,-0.12858021,-0.11522508,-0.08539815
-0.21214232,-0.17726503,-0.16134284,-0.15141079,-0.12631115,-0.12082964,-0.11486037,-0.118003316,-0.1188105,-0.1282401,-0.14762063,-0.16094634
0.060746618,-0.0077518374,-0.062115386,-0.09470366,-0.13306202,-0.13669014,-0.12992695,-0.10277168,-0.06976743,-0.010415636,0.05993955,0.12725599
-0.40758207,-0.3856856,-0.37768558,-0.36803648,-0.34448075,-0.33442,-0.32016173,-0.3088123,-0.29205516,-0.26958367,-0.25721356,-0.23841865
0.16157864,0.16732466,0.15974858,0.15419847,0.14827357,0.14161427,0.1386657,0.14307764,0.13303356,0.13634945,0.12559366,0.11251935
0.09965274,0.03989987,0.011836201,-0.013336644,-0.059657633,-0.068618655,-0.035901114,-0.015185982,0.00858067,0.068734206,0.14880614,0.21998616
-0.66728944,-0.6578572,-0.6501844,-0.60500467,-0.6153541,-0.57811844,-0.5266638,-0.5356544,-0.5404954,-0.4870426,-0.47539037,-0.41056913
0.51901805,0.46183503,0.441445,0.4039048,0.34898353,0.34704083,0.32974154,0.31767118,0.29278776,0.29876822,0.27705848,0.26847515
0.053592082,-0.0019145012,-0.031471506,-0.06522722,-0.0990257,-0.084252104,-0.08268596,-0.0652187,-0.046775945,-0.009922095,0.024944149,0.07438609
-0.29206738,-0.24189046,-0.21068768,-0.19655712,-0.15412444,-0.14626639,-0.15312038,-0.15362301,-0.15197542,-0.17811999,-0.20526165,-0.2279844
0.10673745,0.10620893,0.0964038,0.10308704,0.09065763,0.09258848,0.09771323,0.09909486,0.10390936,0.09879993,0.10156423,0.10208009
-0.0006209593,-0.030786797,-0.050803248,-0.06663898,-0.08251663,-0.08596499,-0.07738193,-0.067541316,-0.06583792,-0.040575523,-0.018155865,0.007736878
-0.034530893,-0.04367978,-0.036973767,-0.041078992,-0.042016298,-0.020543553,-0.018983519,-0.016420674,-0.026546272,-0.012680467,-0.015939858,-0.019077826
-0.4346224,-0.40199587,-0.38554376,-0.36350575,-0.33442953,-0.3090758,-0.29679143,-0.2979061,-0.28923517,-0.2712181,-0.27043194,-0.26485512
0.2805324,0.265776,0.27350095,0.27929378,0.26372197,0.27282304,0.26340434,0.24295709,0.22453701,0.22210018,0.19588909,0.18228817
-0.16304445,-0.11962353,-0.09538186,-0.08262483,-0.054311067,-0.05127096,-0.04366964,-0.051784247,-0.057601012,-0.070966125,-0.09524551,-0.12450025
0.24624181,0.30824482,0.2976266,0.288535,0.2798746,0.29925364,0.29078287,0.23695666,0.20442955,0.16159105,0.15947708,0.05398056
0.005326774,-0.004552616,-0.0034098914,-0.009893484,-0.009294907,0.004441807,-0.013364218,-0.007492155,-0.0001404658,-0.008835828,-0.013855322,-0.00743414
-0.44214132,-0.39203843,-0.37700757,-0.35284784,-0.30889925,-0.31478694,-0.30528563,-0.2828502,-0.25872028,-0.25247198,-0.2502415,-0.24326423
0.10670916,0.11230471,0.11625302,0.105523266,0.102932885,0.1053899,0.10379672,0.0998766,0.09801763,0.08993131,0.08582957,0.06945217
-0.19907974,-0.21142831,-0.21269652,-0.20042178,-0.20940855,-0.20875949,-0.17944708,-0.17596811,-0.16448137,-0.116775475,-0.06373525,-0.03407606
0.397152,0.37591928,0.33362442,0.32285097,0.28725588,0.2573043,0.28308424,0.28226495,0.30783373,0.3266808,0.39986274,0.37285727
-0.029021636,-0.05776333,-0.084536746,-0.11498353,-0.11896218,-0.13296719,-0.13600288,-0.114532344,-0.09635019,-0.068963714,-0.020544384,0.011595767
0.36381313,0.32948157,0.30674833,0.29555947,0.24990171,0.25261515,0.24783932,0.23458885,0.21854277,0.22014943,0.2346273,0.23913135
-0.029947601,-0.10414313,-0.14574924,-0.15615341,-0.23367834,-0.20218483,-0.15104795,-0.17157339,-0.19741589,-0.082891226,-0.06317485,0.02266307
0.040171403,0.062006548,0.08251688,0.10871191,0.11083536,0.08943172,0.11041957,0.09052308,0.08469345,0.048577067,0.03821832,0.003104318
0.18779504,0.156506,0.14929628,0.1351217,0.1228805,0.11585304,0.110234275,0.119104676,0.12225856,0.13539942,0.14773196,0.1659965
-0.29328924,-0.24414739,-0.21111405,-0.18253711,-0.14367042,-0.13735382,-0.14794956,-0.15071851,-0.15804261,-0.18855964,-0.22729804,-0.2501474
-0.73162353,-0.6459467,-0.57661533,-0.5372151,-0.45433414,-0.4389398,-0.46451998,-0.4519484,-0.43535972,-0.48655218,-0.5390925,-0.55557364
-0.37992787,-0.3823729,-0.3870097,-0.37575528,-0.36833173,-0.35049647,-0.34600675,-0.32993394,-0.29744893,-0.26234564,-0.22362292,-0.17902012
-0.3366819,-0.33097357,-0.33390582,-0.32648665,-0.31015906,-0.3078884,-0.29689983,-0.27562487,-0.24727426,-0.22090489,-0.18936238,-0.15898289
-0.10292995,-0.07510263,-0.04405363,-0.023822002,-0.003142044,0.019511335,0.013767369,0.013470396,0.015921474,-0.0047258846,-0.042839687,-0.056250233
0.04089123,-0.0054066256,-0.014599059,-0.036346488,-0.046795778,-0.046974324,-0.05642928,-0.039622743,-0.012365335,-0.0055253487,0.022883538,0.049573198
-0.2409,-0.1378164,-0.059995204,0.015126109,0.07756229,0.079415664,0.06299989,0.029466972,0.0013745129,-0.09784477,-0.20423265,-0.29630795
0.1956976,0.25032103,0.32071579,0.36194327,0.38065434,0.37908298,0.36484915,0.33660114,0.29216078,0.21241477,0.1256571,0.060912475
0.025449624,0.04043699,0.054487314,0.06458046,0.071302,0.06505892,0.062473226,0.050518423,0.03211232,0.010024339,-0.012899572,-0.03329691
0.073286206,0.030079596,-0.0073767826,-0.03295125,-0.047868967,-0.06268221,-0.051304355,-0.033459663,0.006421551,0.03417455,0.108007215,0.13139571
0.10800523,0.102747306,0.087774135,0.07372037,0.059570678,0.06488321,0.058311127,0.051312976,0.06057643,0.062539205,0.07965065,0.07809129
0.086345345,0.07841901,0.062134236,0.051552176,0.040565975,0.04167722,0.048936397,0.0522817,0.06656502,0.08147367,0.11081598,0.1121043
-0.31543264,-0.2778101,-0.26010993,-0.23735565,-0.21415886,-0.2090175,-0.18033308,-0.19150256,-0.18204875,-0.17542484,-0.16916308,-0.18064478
0.1911076,0.18142709,0.16420953,0.15262356,0.13447154,0.12685129,0.12191626,0.1179826,0.115030035,0.1121145,0.12173935,0.11554028
-0.049462244,-0.07738371,-0.09427528,-0.1031053,-0.118161745,-0.11581878,-0.11216287,-0.10312212,-0.094821945,-0.07784276,-0.05697822,-0.029447816
0.48782474,0.42825332,0.3782189,0.33128726,0.29126132,0.2796253,0.26530468,0.28229317,0.2918753,0.3071662,0.34011143,0.3594614
-0.26391125,-0.30373424,-0.34471023,-0.35738647,-0.3738436,-0.36556238,-0.34785074,-0.3241352,-0.2696014,-0.2151587,-0.12925005,-0.07231952
0.10470093,0.10145639,0.09898057,0.09439901,0.09214513,0.088612944,0.078132994,0.07144256,0.06401273,0.04476545,0.03434419,0.018304463
-0.34679753,-0.33535147,-0.32909068,-0.32615548,-0.32795542,-0.32179266,-0.29470673,-0.264024,-0.22793129,-0.16293705,-0.09147726,-0.020878725
0.15587103,0.19867547,0.21976478,0.21441486,0.24188876,0.22555438,0.22190213,0.22000858,0.2091979,0.15370676,0.12670693,0.049856495
0.49119988,0.43199664,0.384652,0.34945568,0.3098032,0.29069293,0.27185693,0.27111316,0.2641914,0.25867638,0.2733271,0.27580136
0.49488428,0.45626032,0.44128278,0.4175077,0.3899235,0.36317262,0.37448183,0.3709498,0.36675316,0.36686164,0.38503382,0.38042375
0.07823332,0.054962005,0.040631425,0.028087884,0.00878413,0.014484838,0.013467662,0.012432717,0.013731547,0.024019439,0.037764635,0.048750356
0.045881554,0.0267128,0.00775751,-0.0071491227,-0.019249946,-0.025282623,-0.026350506,-0.026392004,-0.029432159,-0.023067761,-0.012008905,-0.0015849713
0.0025127865,0.029077193,0.03857247,0.052047998,0.06927202,0.060685538,0.057939995,0.045743696,0.020369194,-0.010017961,-0.068059795,-0.109780505
-0.5330986,-0.5376145,-0.5300073,-0.5057347,-0.49892223,-0.47949928,-0.44364694,-0.4335634,-0.43472016,-0.37718633,-0.37837029,-0.331234
0.35720995,0.27598584,0.22756547,0.19803974,0.12243414,0.13766992,0.1367358,0.13634798,0.16050437,0.22108993,0.31118354,0.3875211
0.11527963,0.06476119,0.020608827,-0.0073329657,-0.03907883,-0.05026923,-0.04952675,-0.039948724,-0.02471602,-0.0009332299,0.040800806,0.07144561
-0.114355035,-0.10255659,-0.09635469,-0.08454776,-0.086046495,-0.079758465,-0.06711171,-0.07644709,-0.09129712,-0.08918524,-0.107264854,-0.10953088
0.08855581,0.09676119,0.11915858,0.14256045,0.18145052,0.15490703,0.14234415,0.13443466,0.15357894,0.12831771,0.17247616,0.13078997
0.3812275,0.36940637,0.3633867,0.34539282,0.33014467,0.3347646,0.31575432,0.30452433,0.2978819,0.2747425,0.2673932,0.23453194
0.16475049,0.18223667,0.20391205,0.2018968,0.21127692,0.2024545,0.20197415,0.19270287,0.16372767,0.13961276,0.10205514,0.06337824
-0.24406122,-0.26201928,-0.2649708,-0.27081373,-0.27203307,-0.26072574,-0.24972855,-0.2393083,-0.21411772,-0.18493219,-0.1466619,-0.10426606
-0.0452153,-0.09098253,-0.12313072,-0.14296634,-0.16928513,-0.15827486,-0.15000917,-0.13378349,-0.10901091,-0.064420044,-0.021949193,0.03225951
-0.07772167,-0.10687229,-0.13022393,-0.1374308,-0.160747,-0.15925798,-0.14274578,-0.13879345,-0.13560654,-0.10163181,-0.074741095,-0.037318736
-0.11829041,-0.15815988,-0.18020654,-0.1923891,-0.22624658,-0.22230196,-0.1749002,-0.15964939,-0.15157561,-0.07058704,-0.041556865,0.02026739
0.2398623,0.20631403,0.18681723,0.17259234,0.14362378,0.1423709,0.13056244,0.1300504,0.12080752,0.1174804,0.11425455,0.12324977
0.10733922,0.07155946,0.05386241,0.036752228,0.018166613,0.00060043484,0.010006886,0.012751453,0.013404526,0.020744476,0.040807195,0.04542719
0.14599796,0.17328428,0.19659694,0.22041383,0.23148696,0.23334245,0.22769523,0.21830326,0.20503636,0.17167869,0.12975697,0.10036727
-0.34295848,-0.29914576,-0.27140874,-0.25545058,-0.24335301,-0.23042691,-0.21426147,-0.2133178,-0.21161783,-0.20210317,-0.19603175,-0.17311263
0.022594362,0.00031419098,-0.020224288,-0.032324344,-0.047025084,-0.047933295,-0.031011105,-0.01802019,0.0047823265,0.037178755,0.0743056,0.095543586
0.004088685,-0.10193655,-0.17572907,-0.18159208,-0.27742326,-0.24919552,-0.21559793,-0.21756652,-0.18189046,-0.05913371,0.08888676,0.21844585
0.54039025,0.44937575,0.37907338,0.33314714,0.26557863,0.23322943,0.23423576,0.26604053,0.28217518,0.3238716,0.35787117,0.4074
0.040922306,0.027611926,0.01482198,0.010362912,-0.00447803,-0.007985704,-0.002395451,-0.00095440075,-0.0019297265,0.018584013,0.040078446,0.06129626
0.121894695,0.13202167,0.13809577,0.1407441,0.14504892,0.13641943,0.1318877,0.12777159,0.1270226,0.10887807,0.10690737,0.08432686
0.023819525,0.018371902,0.0046732575,0.011134163,0.00073473155,-0.005234644,0.007123634,0.009785175,0.035120502,0.037152596,0.07462826,0.080176935
0.12318426,0.13376419,0.15037122,0.16091,0.1696386,0.16392337,0.15258008,0.1456469,0.13122159,0.103837386,0.081228435,0.061318703
-0.23253152,-0.190525,-0.15221146,-0.0956601,-0.11468503,-0.106013075,-0.040801346,-0.08524521,-0.09947312,-0.08731592,-0.061351314,-0.06500761
-0.606324,-0.61621344,-0.6240002,-0.6120568,-0.6051987,-0.57035327,-0.5427447,-0.5303981,-0.4979307,-0.44118083,-0.39552906,-0.33691806
-0.30999097,-0.30649742,-0.30565283,-0.2962055,-0.27574384,-0.26712963,-0.26914972,-0.2485523,-0.22738755,-0.21290758,-0.2017335,-0.17749192
-0.6298834,-0.5773488,-0.5517629,-0.51496357,-0.5215847,-0.44820577,-0.40894437,-0.46866727,-0.4809656,-0.49529314,-0.49328935,-0.5161043
0.11024084,0.12493232,0.1374132,0.1455213,0.15680599,0.16000138,0.13663861,0.11717997,0.102338105,0.05885034,0.017683374,-0.02129332
0.40740836,0.31986,0.25842196,0.21368554,0.15974462,0.117427066,0.12773861,0.14113091,0.14604911,0.18764833,0.25157794,0.2907711
0.07430176,0.08904065,0.10462397,0.10320428,0.1258817,0.11525568,0.09382398,0.09579919,0.09184627,0.061043456,0.03344275,0.007616019
-0.52748984,-0.47954056,-0.4871631,-0.4927143,-0.46975303,-0.45271546,-0.42578498,-0.40644744,-0.34837896,-0.31034213,-0.22565985,-0.20662333
0.11308789,0.10514462,0.098207235,0.10079012,0.08871015,0.08902592,0.088978626,0.08415034,0.09343187,0.09992675,0.1280635,0.1307118
0.06984943,0.09029415,0.09648869,0.101074696,0.108633906,0.102544665,0.10446395,0.102558635,0.10408945,0.09624751,0.10020033,0.076165244
0.082520284,0.079676,0.09066824,0.09421495,0.083138764,0.08256293,0.09622717,0.089202665,0.059716906,0.067975976,0.036024902,0.03144946
0.28901395,0.28229466,0.2788004,0.279736,0.26595834,0.24632607,0.24339944,0.23107965,0.20242609,0.1871909,0.16518459,0.14158462
-0.082478456,-0.08142252,-0.07275703,-0.0634525,-0.07899931,-0.06500288,-0.046694703,-0.051454455,-0.06338152,-0.039200615,-0.034891218,-0.0097912755
0.07244283,0.02050995,-0.010743462,-0.033513427,-0.05823621,-0.0616906,-0.061937936,-0.04749888,-0.03061606,-0.004155174,0.029199675,0.06935683
0.0031031258,-0.017458975,-0.032647133,-0.03521556,-0.043630496,-0.046929948,-0.045946054,-0.04213808,-0.031049352,-0.020293102,-0.0010234332,0.0125072505
-0.639533,-0.6171762,-0.62392807,-0.6111089,-0.5674973,-0.5650622,-0.56312764,-0.5299727,-0.4706417,-0.4519072,-0.4098368,-0.36983702
0.1252836,0.081961684,0.052648097,0.041374564,0.00057683885,0.007776022,0.012160689,0.0066996813,0.007900149,0.044936806,0.08192149,0.123198174
-0.027702823,-0.07363853,-0.11669792,-0.1344885,-0.20274472,-0.1664018,-0.13970745,-0.14275405,-0.10929857,-0.036212996,0.0839512,0.16039997
-0.02335149,-0.002142001,0.03979876,0.046517834,0.04001546,0.08782627,0.099917844,0.08094469,0.0269287,0.059117172,0.011714361,-0.011722121
0.31018078,0.25831845,0.22646824,0.20933874,0.17066908,0.16133079,0.15103026,0.15378687,0.14550744,0.14254676,0.13872615,0.15089184
-1.4122181,-1.2717794,-1.1879436,-1.1180985,-1.0174537,-0.94883263,-0.91898584,-0.91142356,-0.8907088,-0.88653547,-0.9152706,-0.89838016
0.2322394,0.18943733,0.15737143,0.122111246,0.1014132,0.08355125,0.07260628,0.08648636,0.0928588,0.10220602,0.12868422,0.14113033
-0.23635729,-0.20549294,-0.19210042,-0.1926392,-0.14787737,-0.13317098,-0.15080252,-0.13967808,-0.105063856,-0.13081273,-0.12782528,-0.1536096
-0.073282175,-0.06984688,-0.067881346,-0.0627762,-0.049156915,-0.048569888,-0.057306945,-0.031981844,-0.0416237,-0.025910504,-0.06816192,-0.0508928
0.55143744,0.57357216,0.6082452,0.6074942,0.59335023,0.6118485,0.59855896,0.55130726,0.5043881,0.4238298,0.3517261,0.25547257
0.27286673,0.25549528,0.24315362,0.2268661,0.20212567,0.1933856,0.1969819,0.18847474,0.17542794,0.18608405,0.19115454,0.18634385
-0.037560377,-0.015233342,0.005110901,0.009560343,-0.0035754815,0.01050812,0.013518602,1.1142343e-05,-0.017892044,-0.034827042,-0.05354835,-0.056046303
-0.18422633,-0.17508492,-0.19255245,-0.18381453,-0.18821445,-0.17921829,-0.15470016,-0.1565525,-0.14693016,-0.12188952,-0.10559833,-0.093230546
-0.22245212,-0.22834778,-0.22394048,-0.22134426,-0.20921734,-0.19192463,-0.19400129,-0.18141139,-0.1613131,-0.14406511,-0.124587536,-0.10370237
0.5415535,0.47857326,0.40510172,0.35441655,0.3025341,0.25585666,0.26258433,0.27215993,0.29076558,0.3330156,0.40485346,0.44838405
-0.067426905,-0.07417272,-0.079368114,-0.07961303,-0.07711846,-0.07459996,-0.07276428,-0.06401023,-0.04640954,-0.03662666,-0.021860722,-0.01231158
-0.10623011,-0.18372908,-0.24667263,-0.27375045,-0.32453272,-0.311484,-0.293142,-0.2689977,-0.22952469,-0.15099853,-0.060135435,0.038495462
-0.2384615,-0.23988992,-0.23246321,-0.2284659,-0.21280533,-0.2151283,-0.21212997,-0.20392847,-0.20320317,-0.19863676,-0.20126651,-0.18967232
0.23722056,0.19463776,0.17843825,0.15776974,0.1365446,0.122216746,0.108395085,0.11394307,0.11829827,0.118463695,0.13059707,0.14451677
0.06176284,0.36185274,0.59906375,0.74865663,0.9052826,0.9402932,0.8545123,0.7245496,0.5746055,0.2719388,-0.04817143,-0.36357945
0.74850357,0.6811364,0.5963553,0.51362073,0.44961202,0.44062036,0.40849873,0.40630904,0.44398344,0.4680337,0.57028246,0.5433221
-0.7407383,-0.70899487,-0.70128924,-0.6400498,-0.5830124,-0.6084072,-0.56200534,-0.5298291,-0.45054203,-0.4140983,-0.34492275,-0.3142697
-0.44411027,-0.46070677,-0.48198313,-0.48540455,-0.49512208,-0.47379237,-0.44622135,-0.43047267,-0.40566558,-0.340316,-0.28711528,-0.2276786
0.45052743,0.43707788,0.43828213,0.4099854,0.3956414,0.39315212,0.37621117,0.3789385,0.36413842,0.35481286,0.33137184,0.3100083
-0.20239869,-0.2058835,-0.21393943,-0.21899073,-0.22258277,-0.21199775,-0.18622826,-0.1807333,-0.16572729,-0.1292215,-0.0951124,-0.089391865
-0.33025938,-0.24396239,-0.19629014,-0.16401812,-0.09566265,-0.08549556,-0.099209756,-0.10067728,-0.13171569,-0.17663975,-0.25845814,-0.31840003
0.37193346,0.33122867,0.31305614,0.29348746,0.24906091,0.23769714,0.23499522,0.22914232,0.21471885,0.20794287,0.20764445,0.21845767
-0.4202988,-0.44542453,-0.48116764,-0.47943068,-0.48260033,-0.47756928,-0.4415965,-0.40864983,-0.35559323,-0.27208805,-0.19373417,-0.1298946
-0.074984506,-0.06446642,-0.08319283,-0.10900101,-0.115906805,-0.11465694,-0.098580465,-0.1002132,-0.068160936,-0.032396737,0.062452532,0.056689244
-0.10893989,-0.10943997,-0.08804834,-0.08939001,-0.085296094,-0.07763077,-0.07075629,-0.07116739,-0.06003993,-0.040019795,-0.0054705916,0.015210297
-0.124273434,-0.15343933,-0.17530707,-0.17102647,-0.20733342,-0.23955512,-0.20014486,-0.1840922,-0.15598911,-0.10853593,-0.021204416,0.035991676
-0.16601208,-0.18896657,-0.203356,-0.21028642,-0.22792813,-0.21073124,-0.19435763,-0.20266585,-0.207616,-0.18194306,-0.16526692,-0.14582668
-0.22350295,-0.21998537,-0.22448055,-0.21934474,-0.21302596,-0.20695539,-0.20444672,-0.19803093,-0.18678103,-0.17705987,-0.16545779,-0.14437233
-0.8368833,-0.76253235,-0.73006076,-0.68649155,-0.62322396,-0.5993548,-0.58008695,-0.56394726,-0.5330626,-0.5259472,-0.53130645,-0.52164924
0.23851545,0.22233105,0.2144002,0.21264794,0.18819754,0.1878659,0.20066649,0.19675943,0.20077759,0.22536445,0.2456423,0.25691628
0.082084864,0.03492996,-0.003321711,-0.029721878,-0.047403872,-0.062183533,-0.056237057,-0.03632944,-0.017290719,0.01809166,0.063902155,0.09883322
0.029786669,0.078378856,0.12217732,0.12772469,0.12528376,0.11043757,0.1457593,0.14300631,0.1114066,0.11161652,0.098320775,0.09132826
0.18218249,0.15157661,0.13438544,0.11517611,0.10813927,0.09221683,0.085842796,0.09810768,0.10644422,0.121862404,0.16028725,0.17160548
0.0021949336,0.020297434,0.050656304,0.058322735,0.061287064,0.07473421,0.08634256,0.084157296,0.062628,0.07263116,0.046648864,0.028099993
0.5374505,0.46515036,0.3941017,0.32707855,0.27481312,0.22648153,0.23731765,0.3025156,0.32967266,0.42154187,0.4962753,0.5360775
0.07478932,-0.00040630996,-0.061910704,-0.097593725,-0.13649152,-0.14499329,-0.14222117,-0.11230969,-0.07499724,-0.021597229,0.053559016,0.12083988
0.0677752,0.057457406,0.048954904,0.047398165,0.032917317,0.0267163,0.029823486,0.018341359,0.005187232,-0.009073552,-0.02603535,-0.022807565
0.29315177,0.3132591,0.31838146,0.3041789,0.3066445,0.30942416,0.2860855,0.27289614,0.2612875,0.22728676,0.2055333,0.1598585
0.02171575,-0.009820407,-0.04708713,-0.091438524,-0.10729765,-0.11994943,-0.10346509,-0.08722429,-0.07309995,-0.013396135,0.051039446,0.08486796
0.47760576,0.47728795,0.50403684,0.4475842,0.470189,0.42485932,0.39029786,0.40271455,0.39361706,0.35611644,0.38685134,0.32516494
0.03963467,0.0025428534,-0.028186925,-0.04407969,-0.06357685,-0.07680325,-0.0631276,-0.050174758,-0.020797864,0.012234528,0.067473136,0.100289226
-0.16898035,-0.17252967,-0.16764805,-0.14006501,-0.13630782,-0.14069837,-0.13119918,-0.12727445,-0.10884912,-0.09404199,-0.07029356,-0.045962974
-0.014881235,-0.057798482,-0.09290829,-0.11459601,-0.13547592,-0.15067872,-0.14337388,-0.12374082,-0.11241126,-0.068629295,-0.030767687,0.017211588
-0.16838595,-0.21945922,-0.27315366,-0.30775517,-0.31606004,-0.33076715,-0.3175438,-0.27580643,-0.22909078,-0.16873357,-0.093377985,-0.03444466
0.32193905,0.3227438,0.33772752,0.3289041,0.3361513,0.32127622,0.29473567,0.2895286,0.27662945,0.22715345,0.18710682,0.14259154
-0.1279216,-0.12065458,-0.13024451,-0.14349164,-0.13461311,-0.14342944,-0.12511235,-0.10027461,-0.077751994,-0.042264562,-0.017078761,0.016148373
-0.06393508,-0.097581506,-0.119644016,-0.13019766,-0.16466188,-0.15562907,-0.12995793,-0.12951675,-0.1148008,-0.08090505,-0.028563783,0.010735525
-0.017082859,-0.007096352,-0.025585169,-0.02842059,-0.022531785,-0.029280461,-0.018092047,-0.0049187914,0.022452585,0.020488683,0.041776054,0.037047487
-0.06637744,-0.067489855,-0.07105335,-0.08305371,-0.0733124,-0.073105924,-0.07880857,-0.06521918,-0.050185464,-0.05553321,-0.04906129,-0.05316443
-0.22075221,-0.28023717,-0.32466698,-0.33873644,-0.36998317,-0.36889815,-0.353873,-0.3295552,-0.28936577,-0.22248492,-0.14611807,-0.06413665
-0.16291676,-0.1961156,-0.22516087,-0.23955235,-0.26044,-0.2404861,-0.22391844,-0.22124656,-0.19997528,-0.15447013,-0.09392908,-0.046316016
0.11156049,0.09792188,0.08588839,0.07416634,0.06825866,0.06053187,0.05884123,0.063478984,0.07055531,0.07683212,0.087951496,0.09464607
0.19057941,0.13325462,0.07995844,0.046366304,-0.0022518039,-0.006319672,0.008503139,0.013258174,0.040480644,0.08695329,0.16960302,0.21034262
-0.405196,-0.40861413,-0.40498632,-0.38644692,-0.38222602,-0.36886305,-0.34979495,-0.34658453,-0.3412554,-0.31338343,-0.29799223,-0.26048616
-0.013968935,-0.049120072,-0.08317087,-0.10779014,-0.1210641,-0.12737991,-0.12639464,-0.111791685,-0.08821532,-0.06907101,-0.021506235,0.0022105505
-0.21452314,-0.18252167,-0.16823837,-0.15976727,-0.12497568,-0.12098415,-0.1324723,-0.118384294,-0.10841666,-0.12181086,-0.1369657,-0.14477415
0.49612978,0.46181774,0.44143626,0.39558518,0.37366086,0.36327428,0.3385976,0.34025285,0.32313633,0.3214895,0.31887686,0.3087057
-0.635979,-0.60978115,-0.6136446,-0.60322416,-0.57519865,-0.5483261,-0.52687263,-0.50098115,-0.45631516,-0.41334093,-0.3734706,-0.32945806
0.08935929,0.21607089,0.31733638,0.3716488,0.45024806,0.44463238,0.4088168,0.34914386,0.25574654,0.09849088,-0.092442155,-0.25764227
-0.08501744,-0.047708087,-0.018943116,0.0008892119,0.027662426,0.022869274,0.015380479,0.0020830557,-0.017458297,-0.06828909,-0.12605378,-0.16654557
0.46806133,0.3829315,0.3220561,0.29099196,0.23677742,0.2171117,0.20863387,0.21262243,0.23238876,0.24937196,0.29510036,0.325134
0.18773481,0.18430798,0.18461418,0.18485852,0.1772926,0.17113848,0.17108935,0.16726707,0.15855145,0.15585245,0.14676477,0.13248377
-0.013737104,-0.028321374,-0.027946545,-0.03282275,-0.03618478,-0.03572008,-0.03511165,-0.029454704,-0.025920724,-0.02255308,-0.020799745,-0.0117158
0.17464887,0.11208204,0.09641869,0.05990942,0.03492504,0.059992142,0.029133188,0.03783311,0.050445452,0.0646382,0.099252895,0.14560771
-0.6748633,-0.7806221,-0.7962909,-0.74470127,-0.81186724,-0.69947183,-0.68227005,-0.701272,-0.74342775,-0.60888076,-0.58046925,-0.41860962
0.0021035355,0.0070316195,0.015049383,0.019240305,0.027739637,0.01963342,0.0024806336,0.0036505163,-0.014499001,-0.030536074,-0.05463614,-0.053762235
0.043409247,0.033710517,0.037214402,0.030024588,0.023910996,0.03267702,0.03003107,0.022835799,0.024684148,0.021981101,0.031909034,0.033291046
-0.12526633,-0.11550296,-0.10572852,-0.09987266,-0.09210308,-0.08338781,-0.081490606,-0.08204435,-0.08267813,-0.077698216,-0.08428117,-0.076728605
-0.022298954,-0.024019096,-0.033531897,-0.03283339,-0.053776614,-0.045102283,-0.033933498,-0.035449386,-0.038502283,-0.008359659,0.016059361,0.040402364
0.1909664,0.21580867,0.22806084,0.23010516,0.24052101,0.22210826,0.22501689,0.21773638,0.2103464,0.18464787,0.16562784,0.12305689
-0.01648183,-0.027059322,-0.032244936,-0.029814005,-0.040365413,-0.03563116,-0.030309342,-0.032709196,-0.032959532,-0.018208724,-0.0043964814,0.0069830017
-0.40254465,-0.43300784,-0.42891955,-0.40581653,-0.41766858,-0.42055047,-0.39486104,-0.40089047,-0.40739048,-0.385036,-0.38796914,-0.35234928
-0.16015252,-0.16285342,-0.1659033,-0.16450778,-0.16479586,-0.15725987,-0.15052298,-0.15705252,-0.14813131,-0.14381576,-0.11780478,-0.10807548
-0.22459714,-0.25349513,-0.27477592,-0.2783522,-0.29033273,-0.28816575,-0.27742326,-0.2579672,-0.23462234,-0.19067186,-0.14703402,-0.09560569
-0.2309185,-0.2677114,-0.29446524,-0.29154038,-0.31918,-0.29662466,-0.27640748,-0.27273893,-0.27506524,-0.22322044,-0.20681873,-0.14668235
-0.7189961,-0.73270184,-0.73823404,-0.7247739,-0.70077413,-0.67542946,-0.65576464,-0.63427824,-0.59425235,-0.54103076,-0.4844296,-0.42028567
-0.30880985,-0.33722073,-0.3587985,-0.36163777,-0.37626785,-0.36533573,-0.34748116,-0.3306433,-0.3027823,-0.24279195,-0.1767388,-0.1068684
-0.25210685,-0.24899739,-0.25307405,-0.25154644,-0.23760556,-0.23323758,-0.23193273,-0.21514457,-0.19473822,-0.18659076,-0.17698538,-0.15548176
-0.4534915,-0.43952465,-0.43439507,-0.4223095,-0.4177485,-0.39983952,-0.36674076,-0.35709232,-0.33875126,-0.296243,-0.2671028,-0.22167692
0.28088427,0.23151131,0.16993843,0.11817366,0.062657535,0.04744631,0.0746153,0.08813918,0.12082516,0.1954178,0.32092917,0.35738334
0.07065646,0.050830595,0.027288355,0.0194339,0.005689144,-0.0026222765,0.006260477,0.010661736,0.02940537,0.039304137,0.06998132,0.074071035
-0.20517972,-0.16203088,-0.13980332,-0.12902172,-0.0934149,-0.088452265,-0.08974184,-0.09809005,-0.101172745,-0.12572971,-0.14869693,-0.1811263
-0.0633163,-0.07516109,-0.1069704,-0.12522575,-0.12417046,-0.13326071,-0.13672847,-0.11705682,-0.099914685,-0.0764877,-0.048110355,-0.021568824
0.047364026,0.06295069,0.078776285,0.07269603,0.085921355,0.08566635,0.085354075,0.08872663,0.08631137,0.07009614,0.05377417,0.025871005
-0.16136275,-0.21488747,-0.25042188,-0.2640067,-0.28789446,-0.2724911,-0.26499557,-0.24554765,-0.21904016,-0.16417824,-0.107840315,-0.042613424
-0.09410268,-0.09374966,-0.106276184,-0.12628143,-0.121201605,-0.10398939,-0.118522875,-0.11078,-0.06877109,-0.07457928,-0.026228268,-0.017452601
0.17819908,0.13862619,0.109301746,0.096701354,-0.011966705,0.077211946,0.14334202,0.065588474,0.03003946,0.087364286,0.13598135,0.13765603
-0.25381947,-0.27701986,-0.29494983,-0.29416305,-0.3076637,-0.30296233,-0.27959716,-0.26829964,-0.24803576,-0.20765445,-0.16615334,-0.124633074
-0.16342857,-0.16949244,-0.17781503,-0.17679107,-0.17286834,-0.16419365,-0.16174984,-0.15159509,-0.13711153,-0.11090174,-0.09595239,-0.06739636
-0.11296536,-0.17518523,-0.22211751,-0.25020444,-0.27460548,-0.28436705,-0.2817493,-0.25297916,-0.2215991,-0.18225068,-0.13144952,-0.063997746
-0.049225666,-0.1206729,-0.17702156,-0.20249638,-0.24003062,-0.22912084,-0.21988975,-0.2055832,-0.16993228,-0.09905104,-0.023660354,0.053950284
-0.30251354,-0.27264884,-0.24410726,-0.21645488,-0.19437613,-0.17828386,-0.17986524,-0.17981613,-0.18011582,-0.18693793,-0.21379547,-0.205136
0.10085291,0.07987538,0.17832197,0.22046864,0.05068913,-0.021871924,0.19684589,0.18268377,-0.03281316,0.19264412,0.11079341,0.34583735
-0.18430965,-0.2371737,-0.28766328,-0.30319175,-0.32398865,-0.3395357,-0.33284038,-0.30371654,-0.28863728,-0.24774072,-0.21786782,-0.15383922
-0.98952895,-0.8807812,-0.82570636,-0.7771603,-0.6830604,-0.64549255,-0.6425508,-0.6291256,-0.60081863,-0.6275466,-0.66328746,-0.6763431
-0.40803486,-0.33281952,-0.27654472,-0.22431271,-0.17433688,-0.15820333,-0.15629946,-0.1597151,-0.14818299,-0.17500073,-0.1986684,-0.21393439
0.03648015,0.08139604,0.106308036,0.12928364,0.1568568,0.14118835,0.13382465,0.12667026,0.104903184,0.0642042,0.008707797,-0.038667876
-0.34195834,-0.30926007,-0.2804386,-0.24228166,-0.21985039,-0.20582698,-0.1981338,-0.21302739,-0.2194847,-0.23331025,-0.24952064,-0.25417656
0.016864955,0.013531545,0.012697737,0.009807669,0.008359507,0.0033374242,-0.004275363,-0.0128126,-0.033225276,-0.059897702,-0.08878959,-0.10725551
-0.11715492,-0.0704986,-0.053425893,-0.033257842,-0.0030905008,-0.022265673,-0.01452712,-0.020014383,-0.009159185,-0.03794102,-0.03230302,-0.06583139
0.007055536,0.031588785,0.05158766,0.06173377,0.07393286,0.0761206,0.08452728,0.07791737,0.058890868,0.043146856,0.0030913465,-0.025255706
0.27137968,0.27127597,0.2865659,0.28469253,0.279705,0.26988083,0.24457242,0.22981821,0.1877087,0.13891351,0.062498465,0.025810529
0.28539625,0.30274183,0.31354386,0.3090443,0.3008553,0.28914568,0.28045332,0.26401028,0.233928,0.19859707,0.16698053,0.12472308
-0.25742647,-0.22671531,-0.201541,-0.18383223,-0.15769485,-0.14630353,-0.14510438,-0.1463032,-0.1456101,-0.16362642,-0.17929058,-0.1895223
-0.057161383,-0.017899945,-0.007221807,0.011929594,0.038083818,0.025571715,0.02437592,0.026321229,0.027800664,0.01465527,0.005475562,-0.022784106
0.0462559,0.053946793,0.06132635,0.07766903,0.083651334,0.0769918,0.084315516,0.08601804,0.09199164,0.087324776,0.09270491,0.08929441
-0.28371897,-0.27430296,-0.27650926,-0.28068414,-0.26614767,-0.2610954,-0.24165966,-0.22803639,-0.19794369,-0.17485026,-0.13638619,-0.122485034
0.059724532,0.15332621,0.23438105,0.2810992,0.32426268,0.33322352,0.31903479,0.2713296,0.20396785,0.12265085,0.0020781532,-0.09704159
0.0935229,0.04047092,-0.014418855,-0.045083925,-0.07169873,-0.10147831,-0.09465801,-0.0777001,-0.069267444,-0.043937605,-0.0107949935,0.025303934
0.1402943,0.097939685,0.057028636,0.027514867,0.0030685961,0.0014010444,0.00058569014,0.010060281,0.028530657,0.050034214,0.08551365,0.11169411
0.027160978,-0.0034205932,-0.021979721,-0.030587941,-0.043181714,-0.05034556,-0.053315304,-0.0444618,-0.0398286,-0.025139712,-0.007500424,0.014831068
-1.3035893,-1.2226702,-1.1682419,-1.1173984,-1.0334616,-0.9881451,-0.96595615,-0.9407417,-0.90251255,-0.9002191,-0.91393024,-0.8802598
-0.21256179,-0.20811574,-0.20549881,-0.21004625,-0.19842327,-0.1896329,-0.1781261,-0.17209333,-0.16232572,-0.14609253,-0.14138076,-0.1337413
-0.36732006,-0.38867697,-0.4058221,-0.41153398,-0.40642613,-0.38888365,-0.38433215,-0.36357749,-0.32509264,-0.28988954,-0.25508592,-0.20315142
0.31142265,0.24534936,0.19054794,0.15847673,0.114537746,0.085765064,0.08772427,0.107893944,0.12463671,0.16025585,0.21048693,0.24966666
0.031493355,0.028422158,0.010568574,-0.006101975,-0.009782316,0.0026679449,0.011524539,0.023654463,0.04385309,0.06972187,0.09470259,0.105250835
0.07312152,0.028042354,-0.0104723275,-0.031904563,-0.063505456,-0.059555903,-0.05651146,-0.050654873,-0.02285719,0.0065900907,0.06632253,0.10440177
0.04986787,0.09674227,0.12953722,0.1476884,0.16766405,0.17121935,0.16667098,0.14983289,0.13063902,0.084488526,0.037255943,-0.013326019
0.11179169,0.07285075,0.051116478,0.018450769,0.009017581,-0.0031621885,-0.011048176,0.00097357784,0.010340868,0.017698996,0.03878776,0.04518924
-0.095842674,-0.08329185,-0.07925511,-0.074925244,-0.0667893,-0.059545342,-0.052718487,-0.04165558,-0.03381933,-0.023281414,-0.026075106,-0.018609343
-0.040326484,-0.05437603,-0.072548494,-0.08858192,-0.09988976,-0.088939466,-0.08079209,-0.07311534,-0.05694418,-0.030830221,0.00591968,0.019877857
0.26215544,0.23409039,0.2140253,0.18316,0.18163803,0.15343566,0.1398025,0.15897362,0.15272774,0.15701416,0.157396,0.15880159
0.07860128,0.08433841,0.086228326,0.090092756,0.09703769,0.09777607,0.09566189,0.09992476,0.112315,0.10105993,0.101979986,0.095264584
-0.21245518,-0.1395626,-0.10634558,-0.06272062,-0.010053441,-0.02810847,-0.04119336,-0.05883356,-0.06930839,-0.12187752,-0.18735737,-0.24867249
-0.10330309,-0.122767836,-0.13223708,-0.1335465,-0.13449025,-0.14062937,-0.13152024,-0.12482408,-0.116950855,-0.09752186,-0.07881051,-0.059598994
-0.20850511,-0.18651594,-0.18115824,-0.18114662,-0.14871693,-0.14919797,-0.15715899,-0.13595831,-0.11493616,-0.111465976,-0.09669698,-0.096862316
0.052329525,0.06686767,0.07328562,0.06497665,0.076736555,0.08243455,0.064907186,0.06642736,0.060725838,0.028455107,0.0022343118,-0.022989027
0.1664782,0.15379746,0.1499573,0.12939647,0.12980391,0.11728014,0.10602692,0.11141048,0.112266965,0.09160857,0.0808362,0.059609607
-0.11557028,-0.1444715,-0.1677352,-0.17689762,-0.19235697,-0.19055253,-0.1787188,-0.17152038,-0.16037074,-0.13642475,-0.112264484,-0.08193672
-0.23318405,-0.21155496,-0.20262262,-0.19160342,-0.18806985,-0.16909936,-0.15284598,-0.1391118,-0.13579117,-0.10166685,-0.093931295,-0.07301464
0.5224353,0.4564246,0.38146645,0.32364452,0.2775846,0.23903614,0.25788748,0.27754235,0.28952658,0.3370765,0.41285193,0.43714508
0.015427262,0.08716451,0.12929699,0.15371911,0.20269382,0.18988353,0.16546257,0.15012378,0.122430176,0.053461015,-0.018555246,-0.093314216
-0.04607554,-0.0018589981,0.021519244,0.03502645,0.05926257,0.06821494,0.058304846,0.041940913,0.035610195,-0.002116777,-0.03411708,-0.0755191
0.056583084,0.088627376,0.1055311,0.11140454,0.13238911,0.12689328,0.117400646,0.11270094,0.104506046,0.07138545,0.042427994,0.009723157
-0.07909007,-0.11205522,-0.13457963,-0.13954036,-0.15236625,-0.15633284,-0.15705422,-0.13904081,-0.114509255,-0.069819964,-0.006837856,0.051159553
-0.04506675,-0.08423406,-0.09672105,-0.096448675,-0.12203173,-0.12214628,-0.11057878,-0.111045554,-0.124987,-0.07893307,-0.048696723,-0.006025234
0.1872055,0.15362099,0.1428065,0.14584523,0.11774811,0.10439828,0.10668774,0.10583931,0.081528366,0.10722997,0.11314282,0.13804549
0.1549774,0.109781854,0.07978431,0.05870916,0.02784139,0.026140615,0.028339595,0.04154396,0.05800268,0.09873605,0.13863699,0.17975485
-0.045538142,-0.03790225,-0.037390754,-0.03581378,-0.01974992,-0.010465689,-0.032587785,-0.016738791,0.0023603141,0.0009841807,0.0030428413,0.01833348
-0.09794847,-0.13636363,-0.16291389,-0.17046022,-0.18754758,-0.19153047,-0.1719394,-0.14865506,-0.11466211,-0.05248289,0.018565329,0.07817922
0.1817278,0.14963403,0.1426297,0.14441137,0.14117233,0.12238542,0.10968643,0.104348764,0.11538394,0.086100295,0.083708905,0.073046565
0.34865162,0.33882117,0.32514256,0.31347793,0.30866474,0.29563957,0.30774942,0.3124008,0.33329445,0.30797395,0.31275454,0.2791777
-0.1292715,-0.16045222,-0.18147951,-0.16847196,-0.18819505,-0.17513146,-0.15339959,-0.14508311,-0.12593758,-0.08045609,-0.04842417,-0.0035120398
-0.37291047,-0.30677363,-0.2944766,-0.28123635,-0.23765452,-0.21456127,-0.20457518,-0.21039434,-0.16944773,-0.17799166,-0.15146016,-0.19069976
0.28150088,0.24673116,0.22913298,0.19705418,0.17278713,0.17308207,0.16568351,0.17730084,0.19119173,0.19512184,0.21550493,0.22838031
0.022454634,0.007835239,-0.013288725,-0.039257467,-0.050940163,-0.03882565,-0.047971286,-0.04605272,-0.026766807,-0.018877499,0.020967007,0.022294272
0.22678888,0.23416577,0.24777563,0.2439124,0.24531674,0.23781738,0.22272865,0.21476677,0.19406363,0.16445696,0.12458393,0.09779194
0.3276613,0.30538595,0.3185752,0.31238323,0.30341807,0.32375103,0.30497178,0.29772544,0.2880046,0.29523566,0.27427644,0.27418932
0.39328024,0.377454,0.38229874,0.37398282,0.3510733,0.34178126,0.33072385,0.31243974,0.29130512,0.2581863,0.24175327,0.21588688
0.47908652,0.512342,0.56080353,0.5561811,0.5698248,0.5713166,0.5253041,0.49512842,0.43782198,0.34535125,0.24127257,0.15371571
0.5739709,0.72086746,0.8743925,0.93886244,1.0228333,0.9852693,0.92502975,0.83549213,0.686667,0.42911226,0.14345239,-0.11729993
-0.31369704,-0.33367646,-0.32769835,-0.29946727,-0.3124845,-0.2758587,-0.26369983,-0.26841456,-0.2866133,-0.22454536,-0.21750012,-0.16038336
-0.026285548,-0.041890737,-0.0655534,-0.07228078,-0.08559026,-0.08944323,-0.07113014,-0.061878894,-0.03737006,-0.003680449,0.047642067,0.07551773
0.2799857,0.28330874,0.2885074,0.26669294,0.29096854,0.2788689,0.22604062,0.23138519,0.22693363,0.16600838,0.13334201,0.07119491
-0.15345564,-0.17985049,-0.20866014,-0.21979956,-0.2349874,-0.2258304,-0.21346739,-0.19744349,-0.17289865,-0.13787821,-0.101735905,-0.05876351
-0.111947395,-0.11593348,-0.11401305,-0.10582626,-0.106122956,-0.100813836,-0.09558441,-0.089010365,-0.079015076,-0.07110897,-0.07350171,-0.053690206
0.17495967,0.18639597,0.18922512,0.19413608,0.19930494,0.18911055,0.17865977,0.16934529,0.15045251,0.12652498,0.084892005,0.056847848
-0.11168744,-0.06477767,-0.030251361,-0.016051084,0.008825511,0.026902422,0.020873196,0.012633011,-0.00040582567,-0.024936557,-0.06456341,-0.09893084
0.23450817,0.15688442,0.13401315,0.11035018,0.07328385,0.06284761,0.04470902,0.0547022,0.044259034,0.035266794,0.017488299,0.046578117
0.7617049,0.6857944,0.6408296,0.60007966,0.5571077,0.51726663,0.5327802,0.5423208,0.60108274,0.5888031,0.661227,0.6278942
0.20447057,0.18038523,0.1735298,0.16573748,0.12603612,0.12861022,0.1415081,0.13468917,0.117341444,0.13916552,0.15013765,0.1773638
0.13720515,0.15019315,0.1596197,0.15534592,0.17228875,0.16142735,0.16075397,0.15298393,0.1698262,0.1298556,0.12951028,0.08617037
-0.5279943,-0.49163455,-0.47374222,-0.45308855,-0.42130545,-0.4046323,-0.37846443,-0.36854365,-0.34172422,-0.31571552,-0.28639242,-0.2719471
0.21531373,0.2393406,0.2633697,0.26448208,0.27152172,0.27033243,0.2552677,0.23441814,0.1985284,0.1606614,0.101696365,0.04930459
0.17473854,0.13068229,0.105398625,0.08566757,0.07288431,0.03499219,0.035830893,0.051315524,0.08152418,0.0887919,0.13897736,0.15120356
0.2672147,0.25979918,0.26141635,0.25958487,0.25180334,0.24629597,0.23402283,0.22129776,0.19947319,0.17989697,0.15388808,0.12957723
0.6917539,0.6786765,0.6700057,0.65546507,0.63451725,0.59147465,0.55656403,0.5219274,0.4438752,0.35419965,0.2528056,0.18260288
0.13105235,0.088765636,0.07273014,0.05567009,0.032440394,-0.00032368302,0.0014905632,0.014281452,0.027238011,0.03982553,0.08440201,0.11828457
0.10581053,0.09644766,0.07936403,0.061632104,0.05011907,0.058011916,0.06270827,0.059015308,0.054505676,0.067422986,0.07222558,0.07424964
-0.05714861,-0.043413963,-0.0317513,-0.014819592,-0.013319347,-0.015290053,0.0035086442,-0.00063115545,-0.019882068,-0.013872921,-0.038593587,-0.04433471
-0.11446628,-0.07148528,-0.054723166,-0.04182046,-0.0138345435,-0.023552425,-0.026355267,-0.024130695,-0.024682745,-0.03633389,-0.0547706,-0.06806476
-0.45718494,-0.42565522,-0.42155135,-0.40998456,-0.3764515,-0.37671453,-0.35945195,-0.3452367,-0.32923636,-0.31776854,-0.3182457,-0.30839658
0.19228932,0.18717654,0.16961962,0.164743,0.15455058,0.14289358,0.14562243,0.14032501,0.13374707,0.1324102,0.13570869,0.12595063
0.14083613,0.2935651,0.41533113,0.4892763,0.5665744,0.55634004,0.53353965,0.47519255,0.373636,0.22344585,0.013050742,-0.14421724
0.119970255,0.06546199,0.018574864,-0.011945948,-0.052052468,-0.056063443,-0.04866469,-0.032451674,-0.014201164,0.026236817,0.081181616,0.12843843
-0.8916744,-0.74932444,-0.6711786,-0.6067287,-0.49272707,-0.48240936,-0.48224553,-0.469715,-0.4530282,-0.5061389,-0.587101,-0.62545156
0.08660358,0.035132475,-0.009022236,-0.028026246,-0.041878268,-0.066938505,-0.075493,-0.05946394,-0.032684807,-0.02289113,0.015313223,0.047714956
0.21260253,0.2073854,0.2104252,0.20769233,0.20755497,0.20254758,0.1884391,0.19732907,0.18566714,0.18035318,0.14816363,0.14078698
0.45739466,0.44550583,0.43200856,0.41252095,0.3942476,0.37163845,0.36109924,0.38500884,0.3743234,0.37822095,0.3596222,0.34527177
0.24276942,0.2653064,0.27935404,0.29105476,0.3009345,0.278471,0.26867867,0.2551225,0.22478956,0.1819888,0.13398132,0.0892029
-0.12804578,-0.0009108186,0.110055506,0.15357262,0.23718506,0.28855318,0.22351515,0.20068723,0.1604231,0.054943755,-0.11508913,-0.18779173
-0.17525044,-0.17253475,-0.17577499,-0.17808793,-0.17307855,-0.1773991,-0.15975402,-0.15864863,-0.15832622,-0.14389858,-0.14056407,-0.13147765
0.30981034,0.28934574,0.27051118,0.2490584,0.23313656,0.21831301,0.20851424,0.2279705,0.24680404,0.24132948,0.26166588,0.25306514
-0.3197327,-0.24000499,-0.19404387,-0.16008973,-0.10103333,-0.09272191,-0.10528803,-0.116649285,-0.13894524,-0.20384166,-0.28980932,-0.34766755
0.120802194,0.0655676,0.019203484,-0.008160606,-0.04888174,-0.059629694,-0.059349433,-0.042367086,-0.035098255,0.010162339,0.05542764,0.11402102
-0.30464745,-0.2914173,-0.2891812,-0.28067118,-0.27739635,-0.25819406,-0.22629046,-0.21764895,-0.20059673,-0.15883386,-0.13298821,-0.111557424
0.41098118,0.2997656,0.21997353,0.1645427,0.09343624,0.0787729,0.081361026,0.09995198,0.14218679,0.18785241,0.29729423,0.3578484
-0.6780439,-0.68056554,-0.67583495,-0.64017904,-0.62247187,-0.5658933,-0.5810059,-0.56296384,-0.5323927,-0.48261207,-0.4374184,-0.3438349
0.56855524,0.6073968,0.66565883,0.6996548,0.70362175,0.64346623,0.63829416,0.60934603,0.5190698,0.45568216,0.35178122,0.2854312
0.9554479,0.88020027,0.92821974,0.8730533,0.8668386,0.7953921,0.74691,0.75822914,0.71002114,0.63813764,0.60167396,0.54519564
-0.4308096,-0.4277646,-0.444061,-0.4394251,-0.41656923,-0.40284258,-0.40610832,-0.37589574,-0.3309375,-0.3076503,-0.27270412,-0.23459043
0.047369573,0.022094354,-0.0032565594,-0.019655451,-0.030322425,-0.029606923,-0.03650327,-0.020021223,0.0064449385,0.026851315,0.05930551,0.081341766
0.06980805,0.03158644,-0.0007530302,-0.02440156,-0.048756376,-0.06770642,-0.056534097,-0.044604752,-0.036441915,0.00043993443,0.048785634,0.07857709
0.12511872,0.17989095,0.23629943,0.2602557,0.2956021,0.28783104,0.25701421,0.23132406,0.17845695,0.09700374,-0.009689618,-0.08178149
-0.50982887,-0.47706297,-0.4486763,-0.40617552,-0.37859052,-0.3492116,-0.33465528,-0.34827864,-0.35281217,-0.35759175,-0.37915912,-0.38251382
0.1977961,0.17623861,0.16705786,0.15613773,0.14450695,0.1363563,0.12683673,0.126889,0.12437985,0.12597549,0.13287237,0.1340126
-0.054781627,-0.0071689636,0.0052342266,0.0126116425,0.03138593,0.043034315,0.042924352,0.027997494,0.017428987,-0.008300904,-0.02036898,-0.065746054
-0.57139516,-0.5766485,-0.5812501,-0.5315374,-0.530541,-0.5163878,-0.45875308,-0.46111035,-0.4358485,-0.3705315,-0.31288853,-0.28041598
-0.003759217,-0.008196687,-0.0113978125,-0.012746489,-0.010626571,-0.016975291,-0.011175516,-0.008451329,0.008102966,0.014207874,0.030696742,0.035597265
-0.57064456,-0.54622746,-0.5522597,-0.54362404,-0.50751054,-0.515877,-0.5022483,-0.47023857,-0.42468765,-0.39988548,-0.3573902,-0.3255942
0.33025068,0.33162963,0.34331027,0.3396724,0.3317198,0.31880856,0.3092534,0.28758377,0.25288707,0.20651019,0.16181362,0.1190481
-0.1393531,-0.14343105,-0.14391243,-0.14613049,-0.14412132,-0.13829508,-0.13229662,-0.12516242,-0.118891336,-0.09936911,-0.08701928,-0.070800304
0.19245467,0.19069651,0.19171982,0.18924323,0.18259719,0.17819442,0.16558798,0.16064471,0.15069874,0.12532239,0.097318485,0.08511093
-0.46964976,-0.41466245,-0.3898089,-0.36278275,-0.3262785,-0.30186236,-0.2887563,-0.27744043,-0.26203412,-0.2510386,-0.25771406,-0.25343275
0.4307524,0.40505934,0.39235517,0.37040818,0.35081714,0.3220087,0.30608165,0.30554596,0.27125835,0.26243097,0.23307122,0.21200657
-0.050339118,-0.054686233,-0.06655718,-0.07094124,-0.069697976,-0.07141453,-0.07663377,-0.06686911,-0.058906518,-0.06989691,-0.07403421,-0.070078954
0.32565627,0.23533323,0.18613657,0.17309362,0.08473754,0.0990603,0.1153568,0.097807944,0.10949075,0.17440145,0.25983456,0.32875004
-0.25848863,-0.28646103,-0.30568862,-0.30813503,-0.328474,-0.30369514,-0.28581882,-0.2816963,-0.265987,-0.22589174,-0.18201394,-0.13840435
-0.15997706,-0.14314725,-0.11962521,-0.1058111,-0.11213912,-0.109129734,-0.088748276,-0.09852473,-0.109533295,-0.09937626,-0.09539798,-0.073180415
-0.2153508,-0.23684266,-0.25594038,-0.25304854,-0.25561568,-0.25488856,-0.2544409,-0.24206658,-0.21920878,-0.1910068,-0.15445487,-0.114544526
-0.014298646,-0.026640225,-0.022949362,-0.014048985,-0.027476408,-0.024259295,-0.012352819,-0.021013742,-0.041544896,-0.022772366,-0.035797857,-0.019273195
0.22000882,0.30826738,0.38818216,0.42363942,0.46055958,0.4791038,0.45070115,0.39733613,0.32559222,0.21881512,0.07957836,-0.029099338
-0.118250534,-0.16621773,-0.17338015,-0.17943043,-0.16712244,-0.16543512,-0.19379818,-0.14352137,-0.09526264,-0.091243185,-0.074046,-0.03916771
0.3702302,0.3293859,0.33091894,0.33214337,0.25902006,0.14304179,0.23958766,0.2766097,0.26498055,0.38909703,0.49556422,0.595924
0.9141414,0.88809365,0.88983595,0.83493686,0.84169036,0.80822295,0.7396493,0.7147264,0.65970814,0.55295473,0.49940768,0.38386926
-0.35914835,-0.32993644,-0.305524,-0.28488782,-0.25398558,-0.24764349,-0.24291924,-0.23614353,-0.2289786,-0.2270592,-0.23519938,-0.23202589
-0.052413292,-0.057851184,-0.060388494,-0.05735554,-0.06505459,-0.059690535,-0.054806262,-0.055507053,-0.048022445,-0.040173847,-0.023258004,-0.008577609
0.10812011,0.11739652,0.13637742,0.14149007,0.14003399,0.13669492,0.13948137,0.1285677,0.1111241,0.09565388,0.09212378,0.07544949
0.045277216,-0.007960148,-0.04637959,-0.070609376,-0.10904371,-0.11127661,-0.11156035,-0.10693717,-0.11792705,-0.095033035,-0.085122846,-0.046709843
-0.027861578,-0.017564356,-0.02484405,-0.036092483,-0.019284476,-0.030639458,-0.0402119,-0.036430042,-0.020970363,-0.031563725,-0.013224465,-0.033201113
0.43239158,0.43423784,0.43977153,0.44022304,0.42626444,0.42240012,0.4129321,0.3901926,0.3622847,0.33207238,0.2971874,0.2647712
0.20606533,0.19130263,0.17171559,0.14879072,0.13183829,0.12971407,0.13392925,0.1459404,0.14413282,0.1787153,0.18875095,0.19605169
-1.0206686,-0.92604923,-0.8834431,-0.8485359,-0.7538332,-0.7359446,-0.7223297,-0.6793995,-0.63181245,-0.6264954,-0.62750405,-0.614642
0.17110756,0.1943238,0.2109635,0.21683389,0.21982536,0.23677865,0.21402514,0.20215,0.17847234,0.14001913,0.10392627,0.066476464
0.28525615,0.27023226,0.26255652,0.24175346,0.23875509,0.23719977,0.21427318,0.21649256,0.2121507,0.19212909,0.18663555,0.1655489
-0.3227494,-0.34501684,-0.3514497,-0.35286826,-0.35831875,-0.32889318,-0.3204128,-0.3099509,-0.304849,-0.25404733,-0.22923137,-0.17932859
-0.0077737123,-0.046389475,-0.06669448,-0.053882033,-0.0797047,-0.10420239,-0.08591148,-0.06506768,-0.013280034,0.04437378,0.14549959,0.22141129
0.33921686,0.3763071,0.41703957,0.42445534,0.43775108,0.4217499,0.4089382,0.38276613,0.33102205,0.2725797,0.19752994,0.12442887
0.15009359,0.07868381,0.03389942,0.0003312081,-0.030014075,-0.04005903,-0.046688512,-0.023605973,0.007626623,0.029553063,0.0845211,0.12847817
0.3135689,0.27221242,0.24776015,0.22508088,0.20282346,0.17813855,0.18653262,0.21055165,0.22984636,0.24899516,0.28287524,0.297356
-0.21884851,-0.1521349,-0.10802016,-0.072213784,-0.040505245,-0.0266539,-0.02372463,-0.043044195,-0.07696682,-0.121861264,-0.19764723,-0.24014787
0.1563408,0.17622119,0.2108993,0.2278863,0.23669785,0.24018192,0.21562578,0.19551793,0.16045195,0.09787896,0.029169936,-0.011536716
-0.6161214,-0.57613546,-0.54151607,-0.50016695,-0.46277928,-0.5165225,-0.46460098,-0.43617025,-0.40356186,-0.36571917,-0.3138817,-0.26773465
0.6272975,0.5134434,0.46400553,0.39405942,0.32334566,0.267757,0.2596292,0.27758163,0.2476174,0.28025138,0.28938118,0.32437226
-0.18329081,-0.14371188,-0.10125288,-0.077256784,-0.052630693,-0.037883565,-0.042235747,-0.06158883,-0.08865029,-0.13109829,-0.19424592,-0.2303388
0.7998032,0.7055869,0.63917637,0.5781613,0.52801627,0.48800877,0.44844022,0.46842894,0.45682508,0.47331128,0.4789524,0.5048493
0.14414927,0.12719707,0.1226951,0.119931765,0.11245,0.104519665,0.09505024,0.09337865,0.08616327,0.073049925,0.058034863,0.047361374
0.07866968,0.022094883,-0.004588306,-0.025553703,-0.050826088,-0.07111834,-0.07421725,-0.057824153,-0.05849374,-0.03187482,-0.00930788,0.02657481
-0.28495312,-0.28196207,-0.2775776,-0.27101794,-0.2560353,-0.23638582,-0.23131385,-0.21391207,-0.18048307,-0.15586358,-0.12067893,-0.081900075
0.13360837,0.10894686,0.09145971,0.082378104,0.059931517,0.056707665,0.059553415,0.06487472,0.077946484,0.09237623,0.12611026,0.14502184
0.18705982,0.15391436,0.13150483,0.11235134,0.08489713,0.07729517,0.0814276,0.087568894,0.09068178,0.106421426,0.12097593,0.1426574
0.21167587,0.1984936,0.1862302,0.16297154,0.14723478,0.16198207,0.15555614,0.14739716,0.14588703,0.13130496,0.115286715,0.10297273
-0.40185052,-0.35492527,-0.33302504,-0.31339446,-0.27029595,-0.2619872,-0.2636947,-0.25680587,-0.24441023,-0.263323,-0.28093737,-0.28845802
-0.10197431,-0.095641606,-0.07803854,-0.05359759,-0.04669658,-0.04722738,-0.035009854,-0.037216164,-0.04769224,-0.040211767,-0.057151973,-0.05459872
-1.5761532,-1.4281521,-1.3709364,-1.3234674,-1.1483462,-1.1356931,-1.1421641,-1.0285808,-0.94396704,-0.94397235,-0.9796798,-0.9771453
0.34976327,0.5893065,0.7994733,0.8951854,1.0327327,1.0430012,0.9650113,0.8567509,0.70609117,0.42268333,0.10268565,-0.19533719
0.2998794,0.31796315,0.3097266,0.30739912,0.29402795,0.28361842,0.2840218,0.2618348,0.25360242,0.23869866,0.23947498,0.20866372
0.024985258,0.008459248,-0.0121766925,-0.019646145,-0.039545998,-0.048110098,-0.03388843,-0.028696708,-0.023159303,0.0028003566,0.035894692,0.054728195
0.20224202,0.19470473,0.16292651,0.1398824,0.13393879,0.1056908,0.10812172,0.11816612,0.12228723,0.1289862,0.15074892,0.14250106
0.0123801045,-0.035523973,-0.07140924,-0.08666084,-0.11544079,-0.10976501,-0.1004035,-0.08833596,-0.06723253,-0.023753814,0.022273993,0.070678964
-0.60503674,-0.5370467,-0.5019297,-0.48022872,-0.43431333,-0.38850135,-0.38484165,-0.38949788,-0.37870374,-0.39536116,-0.4219415,-0.42987975
0.04286799,0.024165161,0.011414841,0.008584388,-0.008111462,-0.016759679,-0.000718683,0.0052064285,0.009031445,0.034880724,0.05262504,0.071143426
0.44631717,0.46447355,0.45036274,0.4472218,0.44196275,0.42187288,0.39704436,0.38060075,0.31730416,0.26986402,0.17819515,0.13041064
-0.22768717,-0.1978699,-0.17363685,-0.1565581,-0.120510355,-0.12712166,-0.11785574,-0.11328901,-0.109182715,-0.1253103,-0.14801243,-0.15326546
0.1378136,0.23765653,0.33359808,0.3405868,0.41597912,0.40777996,0.37070018,0.35229817,0.2674826,0.1661055,0.016818043,-0.12462482
-0.092670426,-0.031640157,-0.008698195,0.0028829575,0.04132141,0.047967583,0.039738864,0.027104557,0.0172306,-0.027312137,-0.06960924,-0.11064574
0.09127914,0.05631919,0.024764843,0.009396911,-0.0069672577,-0.020288069,-0.025826082,-0.019044768,-0.02132915,-0.0160447,-0.011579337,0.004383662
-0.031806678,-0.06030073,-0.111083105,-0.13225028,-0.1667738,-0.18725762,-0.15812083,-0.16122934,-0.15174972,-0.08205233,0.009846207,0.03248462
-0.45741886,-0.41375336,-0.3879236,-0.36499932,-0.3359595,-0.31386766,-0.30881745,-0.3013408,-0.28155446,-0.26640108,-0.24477813,-0.2280316
-0.15307492,-0.2364497,-0.28091073,-0.30699867,-0.34875977,-0.35450637,-0.3284921,-0.30468535,-0.2675506,-0.19642797,-0.108756475,-0.019333094
0.074447654,0.06257772,0.06282157,0.059456296,0.060100876,0.054747242,0.04291272,0.0440809,0.045516104,0.038110778,0.030155394,0.029823778
0.2759249,0.22457004,0.19114019,0.16149803,0.12911986,0.121839896,0.10968706,0.13052525,0.14162073,0.17865877,0.19901903,0.24186951
0.11147833,0.08734977,0.06413876,0.05751986,0.040723518,0.033193514,0.04104019,0.046736233,0.052723423,0.073546916,0.092474446,0.10022475
0.54488766,0.5777308,0.5939518,0.6014157,0.5923859,0.5763356,0.57798237,0.5553568,0.50383824,0.46399525,0.39367718,0.31926477
0.3796004,0.27365685,0.19896826,0.13286489,0.06698549,0.048855007,0.054433078,0.09518018,0.14430109,0.25281185,0.36871254,0.4497225
0.0032068472,-0.011637598,-0.031266537,-0.051056683,-0.05914507,-0.0577477,-0.051523186,-0.042532485,-0.022936752,0.0014353599,0.038181067,0.050048694
-0.15411367,-0.15288094,-0.16164958,-0.15551715,-0.14823945,-0.15505823,-0.15323356,-0.1534298,-0.15384838,-0.16188046,-0.16712469,-0.16466857
0.5911744,0.4740596,0.41809785,0.37826174,0.31854224,0.27578038,0.24764872,0.26215237,0.2568239,0.25935465,0.26795104,0.29442912
0.012103934,0.01359238,0.022604091,0.035374343,0.035354562,0.033248663,0.028518714,0.020814613,0.0044785473,-0.004493866,-0.029298138,-0.0307807
-0.086985715,-0.059779115,-0.031569317,-0.01849474,0.0059933662,0.0037057698,-0.007634178,-0.011719719,-0.0316512,-0.070939004,-0.12278208,-0.14852285
0.22351643,0.3681032,0.48564303,0.5468892,0.62718934,0.62127626,0.5808584,0.5167531,0.41357148,0.2439059,0.021170199,-0.14969864
0.063133955,8.019805e-05,-0.031945392,-0.029145971,-0.073865786,-0.060881168,-0.04220994,-0.053491786,-0.07554778,-0.016888797,8.0384314e-05,0.046957623
-0.3273142,-0.34602466,-0.36976206,-0.37568563,-0.38418517,-0.3707834,-0.35670048,-0.3339007,-0.2976272,-0.25066584,-0.20151931,-0.14537731
0.4241662,0.37007472,0.3340538,0.30375645,0.24917847,0.2470388,0.25986326,0.25953528,0.2595602,0.28826165,0.3340585,0.35814887
0.20174243,0.1619618,0.1417404,0.11380802,0.09447316,0.09052695,0.07657936,0.085048206,0.09136727,0.10228426,0.12208926,0.14000235
0.5198841,0.5137925,0.47559792,0.46335417,0.4498567,0.40099338,0.3966297,0.38765484,0.346997,0.35415047,0.33601376,0.3244948
0.003496483,0.115988135,0.19072816,0.2390809,0.28760448,0.30354637,0.27841148,0.24060027,0.19479209,0.09314488,-0.0028560832,-0.09459232
-0.22043823,-0.19641805,-0.19227773,-0.18264279,-0.16833602,-0.15352395,-0.14648122,-0.12625133,-0.124283835,-0.11497562,-0.13597932,-0.13911009
0.06768802,0.0910351,0.115153015,0.12503958,0.13828196,0.13800624,0.12454282,0.1119451,0.09066211,0.057924643,0.016935721,-0.013273139
0.4590885,0.3987033,0.3469187,0.3111429,0.2560059,0.24046391,0.24702364,0.27354696,0.28220373,0.3507257,0.39859298,0.43912154
-0.07489356,-0.094784476,-0.09995668,-0.10892245,-0.10805885,-0.1104615,-0.11901927,-0.10544122,-0.099833526,-0.09367986,-0.091304034,-0.069958985
0.285982,0.30079424,0.32321572,0.31983602,0.33135402,0.31512898,0.29698622,0.28718704,0.26103285,0.20630234,0.1616293,0.10349087
0.23867343,0.21056433,0.1939956,0.18831262,0.18038067,0.17320386,0.19510648,0.17811514,0.20080343,0.19490837,0.2528469,0.21005432
-0.014378808,-0.005993739,0.0058684796,0.0121010505,0.021344423,0.01914671,0.019353151,0.014778446,0.006487068,0.00071087107,-0.01255236,-0.02430806
0.020468641,-0.020278685,-0.056100383,-0.07847801,-0.105238505,-0.09419769,-0.086815245,-0.070582725,-0.049754396,-0.00095734745,0.041486956,0.08908525
0.05302599,0.028007865,0.002041921,-0.008626163,-0.02753076,-0.028600544,-0.040924698,-0.025967062,-0.0017810613,-0.015207291,0.004213594,0.018742476
-0.047670014,-0.002913475,0.031296283,0.034899026,0.0697892,0.062327713,0.05015549,0.040779755,0.018272907,-0.038478382,-0.0899214,-0.1455849
-0.07393853,-0.049415544,-0.03599873,-0.02848094,-0.006940253,-0.010495059,-0.013848878,-0.014246397,-0.019590974,-0.049141083,-0.08012451,-0.10392757
0.1011455,0.048780568,0.019156493,0.004396066,-0.024463221,-0.03298439,-0.017909698,0.002330929,0.019402206,0.074973166,0.12322455,0.17442825
-0.35365763,-0.27629015,-0.21562383,-0.16329704,-0.13453725,-0.09579,-0.069546536,-0.112727836,-0.16180925,-0.19126606,-0.27357227,-0.33165243
0.07378975,0.07043949,0.07826522,0.06877025,0.071600735,0.08047304,0.0711163,0.066748254,0.06386283,0.046799913,0.036172435,0.025270877
-0.4608267,-0.41964895,-0.4039665,-0.38073918,-0.35537684,-0.3375767,-0.3170068,-0.30821773,-0.27778345,-0.26296097,-0.2381266,-0.21578221
0.4522451,0.44875807,0.44710836,0.41186202,0.4112035,0.40830633,0.39243415,0.37838092,0.39805323,0.36035234,0.38977957,0.33039078
0.06356913,0.013018355,-0.020581499,-0.04927075,-0.08177206,-0.0788612,-0.065223165,-0.05795452,-0.044945665,0.013242938,0.064043865,0.10440728
0.36036876,0.34074074,0.32714903,0.3090845,0.2920738,0.27047774,0.26480025,0.27169538,0.26643512,0.27278158,0.2804906,0.27820247
-0.24468039,-0.31792507,-0.37461346,-0.3866846,-0.41784766,-0.43159688,-0.40347046,-0.37673476,-0.3367812,-0.25551498,-0.16602753,-0.077766426
-1.0391258,-0.967998,-0.94487715,-0.897884,-0.8370243,-0.8040998,-0.7893477,-0.7625369,-0.6950881,-0.6896794,-0.63567,-0.5897114
0.039146166,0.065072164,0.08554676,0.098296806,0.114812866,0.11246593,0.09946286,0.08636401,0.07144473,0.029585868,-0.004973606,-0.04441461
0.3555102,0.3084207,0.29778028,0.27711585,0.24967113,0.25098366,0.23518005,0.21957418,0.19732016,0.18538749,0.17476581,0.16694355
0.17863297,0.110771924,0.06288053,0.025959551,-0.019725516,-0.029438332,-0.027609676,-0.0016331524,0.012449756,0.06445468,0.105188474,0.16677797
0.35861555,0.38825855,0.3892035,0.40589982,0.40108687,0.3873446,0.39936155,0.36611694,0.347323,0.3099968,0.2735086,0.21434592
-0.52587014,-0.5524791,-0.56263757,-0.53998935,-0.5347483,-0.53936523,-0.52968514,-0.50058246,-0.47829443,-0.4469556,-0.43979856,-0.37587446
-0.4077774,-0.41084692,-0.41064486,-0.39486605,-0.39733958,-0.3820085,-0.33887786,-0.33486265,-0.32655793,-0.2624206,-0.2290115,-0.20300834
-0.26982492,-0.27544302,-0.2830475,-0.28529835,-0.3278786,-0.27209026,-0.22203618,-0.23851547,-0.23163274,-0.18366489,-0.13959739,-0.10198969
-0.2256596,-0.25544384,-0.27454084,-0.27343154,-0.28294203,-0.27335083,-0.26552707,-0.24928914,-0.21843961,-0.17797562,-0.13538943,-0.084037036
0.0536882,-0.007638529,-0.08092227,-0.10825163,-0.14842376,-0.19086017,-0.15590727,-0.11888256,-0.099941745,-0.022489801,0.05764309,0.13498937
1.006985,1.0232427,1.1164823,1.0426772,1.09354,1.0731128,0.9849534,0.9362385,0.8538725,0.70055854,0.5952239,0.4116199
-0.07125768,-0.058629066,-0.052551433,-0.034009818,-0.026518775,-0.030988606,-0.030992156,-0.030192623,-0.024881767,-0.034346588,-0.037431736,-0.036247298
0.26897764,0.2786988,0.2856076,0.2748616,0.27580342,0.26251784,0.24090156,0.23612359,0.22022802,0.1866531,0.16110282,0.12777823
-0.09868057,-0.07861407,-0.06640272,-0.054530557,-0.037961207,-0.038426258,-0.051657636,-0.051423203,-0.056218933,-0.08618395,-0.112218544,-0.12374379
0.36638063,0.25642347,0.21374094,0.24145594,0.18156993,0.1762904,0.17889339,0.1675573,0.19967538,0.24070156,0.33031544,0.36477494
0.231429,0.21007425,0.18645482,0.1602152,0.13201615,0.12229432,0.12851937,0.12045427,0.1302515,0.14029035,0.18090293,0.1783629
-0.36807045,-0.39067048,-0.41437113,-0.42130956,-0.40674573,-0.42148575,-0.40759158,-0.36645508,-0.31638634,-0.2708332,-0.20876017,-0.14730316
-1.185215,-1.0628762,-0.98444855,-0.9083632,-0.8004996,-0.76846164,-0.75926805,-0.74737036,-0.7317012,-0.73533064,-0.7812595,-0.78014934
0.37131247,0.34582624,0.32728976,0.30110386,0.2743022,0.26739654,0.256805,0.25149316,0.24974482,0.2385484,0.24242227,0.23446317
-0.16809385,-0.14078042,-0.124009475,-0.10467979,-0.08561453,-0.08467869,-0.08390852,-0.08484078,-0.06762271,-0.08221029,-0.06721908,-0.075775936
-0.005043812,-0.046257876,-0.06978239,-0.07911676,-0.10910997,-0.12455396,-0.104878806,-0.09485984,-0.0926415,-0.04807116,-0.02403821,0.030149292
0.6499855,0.85570467,1.0129948,1.0667967,1.1774281,1.1450206,1.0910894,1.0223511,0.8799498,0.652017,0.3865417,0.13894477
-0.2943366,-0.30844668,-0.330906,-0.34296003,-0.34780264,-0.33238178,-0.31569093,-0.3029838,-0.281403,-0.23136985,-0.19577222,-0.15409437
0.3883677,0.34521645,0.2646636,0.24415039,0.2218478,0.153019,0.14716542,0.17572612,0.1330786,0.14178458,0.09187065,0.11359875
-1.0191095,-0.82240665,-0.7013907,-0.6351164,-0.46755886,-0.42114484,-0.43737358,-0.42970604,-0.4006958,-0.47774726,-0.5863612,-0.6806166
-0.039158676,-0.031946346,-0.021976404,-0.008924896,-0.0021126084,0.0035111941,-0.0027995817,-0.01159456,-0.00062970445,-0.018465437,-0.01815102,-0.031985093
0.2549123,0.2331762,0.21913272,0.20888823,0.19662379,0.16990662,0.16612099,0.16583984,0.15351641,0.14870667,0.15024939,0.14793104
0.065622956,0.067968555,0.06600155,0.071707584,0.060276322,0.06258214,0.06290211,0.050159816,0.04197334,0.032226667,0.03680819,0.031004876
0.5523869,0.5024204,0.45461118,0.4109184,0.35512662,0.34941733,0.33411723,0.3282025,0.32079148,0.3412241,0.38025364,0.39114663
0.36579674,0.40396085,0.4213254,0.4113168,0.42868388,0.40663803,0.39723566,0.38986436,0.36274943,0.3416388,0.32035795,0.25367597
0.113001645,0.06480906,0.022584684,-0.010905221,-0.039718658,-0.04625482,-0.04594183,-0.020190835,-0.0025447458,0.041354813,0.08463409,0.12957883
-0.3107434,-0.29408315,-0.27974525,-0.24782315,-0.24100375,-0.2442285,-0.21987611,-0.22057736,-0.20229755,-0.17635077,-0.11406707,-0.093140446
-0.12769973,-0.10457365,-0.0898134,-0.07520172,-0.06920205,-0.05987738,-0.043689027,-0.062057912,-0.08084917,-0.09395499,-0.12645878,-0.14864804
0.6780347,0.5916095,0.5120467,0.43838736,0.37183428,0.32488683,0.33192745,0.35437217,0.402591,0.46818444,0.5714842,0.6130346
0.13779171,0.12860021,0.11240614,0.099343926,0.0839019,0.0953493,0.08439733,0.08261937,0.08446606,0.09190178,0.1158652,0.11600536
-0.10331914,-0.042828247,-0.012090713,0.008213639,0.054687828,0.05145383,0.03646016,0.035771593,0.023165196,-0.017855257,-0.073582724,-0.11975166
-0.0159529,-0.03319081,-0.036429144,-0.042118028,-0.04331222,-0.044269674,-0.04750189,-0.03598384,-0.02225056,-0.014957229,-0.0031029573,0.014818939
0.004570468,0.006328447,0.0058687087,0.004833866,0.0062484182,0.00732331,0.009590391,0.0071927197,-0.0044465885,-0.008457126,-0.027592909,-0.035792764
-0.23124254,-0.25564274,-0.2746987,-0.27721936,-0.2835349,-0.2807557,-0.264444,-0.24851376,-0.21802847,-0.17157686,-0.11518054,-0.0678257
0.2587808,0.22196561,0.19015563,0.159749,0.13042982,0.13179705,0.12391521,0.13031678,0.14227515,0.16542102,0.19081964,0.21343467
0.07916496,0.04130712,0.013549931,-0.007919684,-0.031871915,-0.033394217,-0.022426508,-0.011466421,0.00089719146,0.055195395,0.10267292,0.13499883
0.11344254,0.106242925,0.09555908,0.105418414,0.09969161,0.09536305,0.09622971,0.089543045,0.091981344,0.09146167,0.103366666,0.09288404
-0.19769737,-0.2036033,-0.20908608,-0.20304662,-0.20620865,-0.19896114,-0.19032344,-0.19072098,-0.18274643,-0.16657853,-0.14000125,-0.1190867
0.06496307,-0.016000196,-0.08317186,-0.122556895,-0.16974245,-0.16835839,-0.1719386,-0.1499568,-0.12839852,-0.071790814,-0.019006371,0.05266534
0.58472043,0.5942211,0.57790357,0.5419107,0.5146636,0.52128077,0.50503784,0.47487584,0.47416717,0.4525439,0.48922405,0.4345225
0.11023234,-0.0022018254,-0.08641888,-0.13022327,-0.19910888,-0.21729559,-0.199289,-0.17069902,-0.15071094,-0.058268428,0.022719223,0.122961774
0.16614081,0.1640242,0.15769899,0.1417436,0.1342555,0.16081557,0.1366755,0.13034947,0.14998272,0.13656971,0.15562321,0.15341546
-0.67889345,-0.5738343,-0.49976107,-0.43855006,-0.3553492,-0.3456377,-0.34583157,-0.3398589,-0.33685797,-0.37036043,-0.4291067,-0.45232978
-0.88072515,-0.84555423,-0.8482666,-0.80102974,-0.7342899,-0.7216253,-0.70348525,-0.6614052,-0.56486475,-0.4867738,-0.4014314,-0.36552468
0.121410735,0.087565064,0.05100204,0.02533304,-0.0013977811,-0.010524623,-0.006146148,-0.003830243,-0.007580105,0.016515082,0.037200026,0.06263086
-0.28727528,-0.20796606,-0.16010636,-0.11908157,-0.07504302,-0.06778273,-0.061748385,-0.08151694,-0.097387016,-0.13523471,-0.17750134,-0.22588554
0.25032604,0.22380686,0.2022078,0.19039613,0.16574603,0.16205454,0.15159577,0.14332557,0.14254436,0.1330826,0.13910745,0.13613646
0.33676314,0.2301385,0.14548224,0.108986884,0.037553668,0.02274397,0.03448084,0.061461776,0.09787136,0.1797275,0.27113077,0.3648414
0.10612459,0.10308868,0.09455793,0.08485887,0.08215387,0.077005416,0.06797733,0.07357409,0.075390294,0.07610175,0.08037903,0.077011056
0.2831576,0.2811208,0.29198146,0.2819059,0.2772535,0.26843965,0.2525465,0.23795211,0.20712103,0.17651525,0.14090064,0.11085731
0.07523394,0.0769389,0.07939833,0.07389848,0.07755455,0.080536254,0.07376685,0.06694049,0.057503793,0.05732188,0.0511053,0.042516112
-0.68085945,-0.73835725,-0.7920604,-0.82378566,-0.8535515,-0.8319694,-0.74460846,-0.6892337,-0.62715495,-0.48058116,-0.34759235,-0.22547059
0.04949607,0.08162473,0.11117891,0.1417643,0.14859758,0.16087684,0.15333962,0.1235359,0.09718648,0.058063503,0.018489107,-0.019922081
-0.030816488,-0.03158715,-0.028023984,-0.027368248,-0.022704741,-0.028963726,-0.027838215,-0.025603078,-0.027358482,-0.029036678,-0.037839413,-0.036289588
0.0965152,0.03931588,-0.0022613257,-0.034725487,-0.06632566,-0.07870124,-0.078192815,-0.057584703,-0.040527463,0.003376931,0.054710235,0.10534613
0.03466386,-0.013492867,-0.050501093,-0.07146437,-0.09830187,-0.106827736,-0.101947,-0.09435072,-0.081473075,-0.073697165,-0.057940878,-0.02842617
0.17311527,0.21866135,0.26922402,0.2859211,0.31967306,0.3104752,0.2856837,0.2704579,0.23339686,0.1566397,0.0674026,-0.0094478205
-0.61308044,-0.5810005,-0.58117443,-0.57575107,-0.5305119,-0.53476137,-0.515595,-0.47087577,-0.42189807,-0.39586496,-0.37728947,-0.33849543
-0.16504872,-0.15241161,-0.13220721,-0.120274246,-0.11189429,-0.09871733,-0.0963677,-0.09301935,-0.08677796,-0.08133008,-0.09177343,-0.07651222
-0.044096846,-0.057118803,-0.06704692,-0.07411626,-0.07567102,-0.078305855,-0.078260094,-0.06618132,-0.056465093,-0.043696444,-0.031642836,-0.019551558
-0.66384214,-0.64697206,-0.62883157,-0.6023707,-0.5728494,-0.5611856,-0.5551156,-0.5338559,-0.5175332,-0.49984044,-0.48613757,-0.4298847
0.30201367,0.35939604,0.39450195,0.40661195,0.43782482,0.42931658,0.4013731,0.37506816,0.33493918,0.26329678,0.17935234,0.101547815
0.013198333,0.027352687,0.021685284,0.015159652,0.030473422,0.022524532,0.009890892,4.2043626e-05,-0.00237713,-0.022470802,-0.03255233,-0.063907854
0.13471252,0.16504276,0.20786853,0.23370852,0.24318397,0.2636463,0.2444636,0.21483606,0.1860935,0.13970332,0.09040569,0.047148295
-0.13496509,-0.12021762,-0.11798303,-0.11233054,-0.10184039,-0.09470206,-0.09077337,-0.09078673,-0.08274325,-0.079358846,-0.07486406,-0.07843955
