0.662528
0.829706
0.952845
1.801898
1.964737
0.458031
2.090619
0.900441
0.699583
1.052732
1.536123
0.787559
1.073020
2.434022
0.828813
2.139781
1.142436
2.251812
0.748808
1.044054
0.660032
0.850639
0.621355
1.532141
0.899012
1.106169
0.618898
2.006199
0.605517
0.842778
1.030738
2.108482
0.844592
0.505965
0.658374
0.338545
0.304665
2.070668
0.724710
0.540123
2.157459
0.483369
1.050251
0.821187
1.152550
1.261128
0.378154
0.263406
0.886942
0.461285
1.684193
1.094668
1.185419
1.336673
0.994676
0.736818
0.982318
2.138485
0.978493
0.475369
1.030688
0.633406
0.362390
3.468788
0.927471
1.054211
0.635246
1.031360
0.677553
0.964639
0.347494
1.153883
1.035475
1.301845
0.603425
1.109746
1.171116
1.891191
0.467236
1.091290
1.269517
0.886504
0.342836
0.520800
1.467112
1.100577
0.585568
1.046926
0.823752
0.980363
1.458427
1.396472
1.111480
0.723655
0.855690
0.518897
1.707410
1.641464
0.248295
0.618097
1.349557
