0.884410
1.354703
0.863099
1.472156
0.745521
1.157670
1.636245
1.216616
1.403070
0.746702
1.176815
1.332942
1.154736
0.833352
1.553825
1.437689
1.329333
0.681205
1.307889
0.991067
1.156457
0.837432
0.975784
1.416320
0.804279
0.656822
0.966583
1.232931
1.125425
1.809343
1.244755
1.307592
0.493939
0.810029
0.701491
1.012113
1.222435
0.957055
0.751045
0.855034
1.226742
0.972887
1.542777
1.055461
0.961180
1.115723
0.971263
1.147878
1.355162
1.153000
0.734376
1.390994
0.985068
0.829285
0.983012
1.260783
0.807289
1.056002
1.337267
1.465714
1.595857
1.438157
1.066617
1.248437
0.991280
1.039264
0.980164
0.711325
0.443988
1.595629
1.498879
1.001801
0.774173
1.518648
1.379094
1.063916
0.447610
1.042035
0.902149
1.053210
0.952385
1.295365
0.812217
0.854795
0.637811
0.857911
0.884904
0.863156
1.283510
1.024128
1.391357
1.079109
0.799688
1.445816
1.174191
0.845348
0.914879
0.710778
1.398785
0.922768
1.342376
