1.796212
1.397481
1.510756
1.404315
0.769190
1.994673
1.250374
1.832154
0.668925
0.425590
1.271738
0.927018
0.338700
0.460708
1.202214
1.431114
0.681373
1.288349
0.789787
0.336180
1.192565
2.663183
1.012932
0.585312
1.375965
0.501487
0.534408
2.148857
0.940932
1.155375
0.995239
2.274771
0.169996
1.470672
0.697690
0.641131
0.897241
0.526203
0.352835
1.047816
0.754330
0.416272
0.904658
1.147578
1.012517
1.599231
0.646613
2.130259
1.125699
1.470852
1.504795
1.335265
2.828428
0.750536
1.098100
0.364761
1.037235
0.570503
0.803105
0.807857
2.703994
2.182369
1.290867
0.712131
0.700515
2.831939
1.320904
0.856704
0.856004
0.934040
0.865943
1.085576
1.485939
1.111506
2.162502
0.643921
3.293101
0.978378
2.585815
1.726108
1.222116
1.197849
2.051601
2.093995
2.199978
0.652786
1.351791
0.411358
1.080113
0.979247
1.790820
0.533736
2.541748
1.025926
0.861032
1.593981
0.422935
0.774845
2.778981
0.571943
0.736241
2.134916
3.487180
2.601994
0.615909
1.098915
0.939110
1.335886
0.250810
0.818186
1.541194
0.844170
1.130599
1.417911
1.144254
0.540282
1.307508
1.577809
0.660914
0.650313
1.205764
0.363805
0.500740
1.315058
0.555595
0.648241
1.734120
0.925052
0.448787
0.367835
0.859476
1.313273
2.446645
1.260079
2.636423
0.852647
1.391066
0.961160
0.790827
1.220076
0.987646
1.045538
0.994289
0.652428
0.937799
1.564223
2.018816
0.727596
0.433906
0.413691
2.883325
0.469782
1.330636
1.793105
0.798157
0.579743
0.288707
1.825142
0.819187
1.548018
1.245712
2.039866
1.946881
0.751216
0.845135
0.817364
0.465757
0.730882
0.448820
0.368971
0.509857
1.133692
1.132893
1.910348
1.157187
0.714974
0.948404
1.356674
1.048152
0.951948
1.181133
2.337295
1.576685
0.938009
1.176392
0.269759
1.795809
1.675785
1.328548
1.693446
2.204856
0.733738
1.605084
0.748741
0.533487
0.417778
0.612550
0.630933
0.495758
0.751104
0.337373
0.868444
0.479696
2.857919
2.758391
0.379866
0.958561
0.346139
0.835225
2.066304
2.784460
1.328888
0.568002
0.424909
2.708432
1.570071
0.520800
1.275233
0.979221
0.921236
0.975811
3.307045
1.662392
0.639965
1.184679
0.778020
0.396578
0.998327
2.875392
1.824177
0.999761
0.864721
0.736778
1.564336
1.133839
2.358332
0.802852
1.978428
0.493389
0.484575
0.572373
0.839178
0.491031
0.487459
0.921379
0.768914
1.651840
0.794518
1.118551
1.119048
0.740780
0.754994
0.826639
1.231894
0.795024
0.761849
0.430960
1.298187
1.563181
1.780370
2.594545
0.951699
0.585616
1.885050
1.316995
2.539035
4.141272
0.696107
0.508897
1.645842
1.235887
1.466408
1.763089
0.948236
0.358270
0.640440
0.213075
0.293299
1.922710
0.821451
1.272865
0.525015
1.107424
1.825474
0.695495
1.224475
1.698532
0.686368
0.850262
0.710553
0.901724
1.462654
1.188833
1.153867
2.240271
2.324096
1.052129
1.041419
0.896775
0.734703
0.903241
1.201132
1.327385
0.764606
0.658324
2.962806
0.417270
0.676407
0.492849
3.137214
0.666271
1.902444
0.593215
1.517394
1.415688
0.679073
1.971980
0.951561
0.376794
1.333084
1.374063
0.906201
0.722721
0.548208
1.332025
0.250314
1.444011
0.443653
0.542882
1.089921
0.800187
0.544952
0.768995
1.015472
1.413342
0.777193
1.808291
1.529782
1.014831
0.802949
0.463880
1.317707
0.544674
0.476719
0.743216
0.519096
1.017831
0.737318
0.417715
0.762235
0.659991
2.294442
0.453532
0.752729
1.256864
0.393985
0.503505
0.710888
0.597488
0.886019
1.142154
1.286502
1.805963
0.910546
1.167666
0.451933
0.432582
1.922019
0.995919
0.504460
1.646859
0.896334
1.412763
2.009600
0.668293
1.230200
0.879506
0.978773
2.955698
1.222486
0.392279
0.576124
0.751040
2.383353
0.931933
0.465733
0.373225
0.628968
1.843584
1.650882
1.266113
1.170557
0.599951
1.330048
0.678857
0.603102
0.519896
0.458319
0.833325
0.374016
1.403074
1.838707
2.734982
0.403145
1.157044
2.132201
2.522578
2.143573
0.670243
0.582182
0.472914
1.505633
2.120872
0.451918
0.911646
0.815808
1.438769
0.474497
1.249854
0.865373
0.629231
1.155813
0.595860
1.904660
0.727818
0.856418
0.768966
1.299325
1.332767
0.719103
0.670351
0.771617
2.015039
1.097999
1.081411
0.682061
0.287946
3.740288
0.956351
0.412994
1.226608
0.782141
0.775601
0.827402
1.350044
1.051475
2.432166
1.358338
0.696269
0.990282
0.666210
1.443808
1.120666
1.319674
0.555603
1.434919
0.815606
0.897598
1.055367
0.241210
0.778301
0.962380
0.795425
0.613983
0.263712
2.373501
0.944430
0.837449
0.591991
0.242676
0.446760
0.574907
1.056993
1.140751
0.988198
1.868378
0.828005
0.317850
2.329416
1.598292
0.777916
1.929088
0.568380
1.871925
0.527065
1.559332
1.613348
1.184114
1.246464
0.377736
1.316450
1.397201
2.722933
1.062118
0.311936
1.628696
1.384112
0.528951
0.776473
1.662509
