0.247427
0.729707
0.385199
0.661880
0.608861
0.296089
0.529922
0.259329
0.912909
0.379942
0.675928
0.397685
0.339996
0.983539
0.672843
0.753326
0.684256
0.309802
0.224704
0.970572
1.431103
0.483672
0.853873
0.541057
0.349907
0.443867
0.626428
0.551905
1.084822
0.479645
0.468297
0.653278
0.353994
0.389278
0.261813
0.597623
0.293817
0.340725
1.111203
0.567478
0.672277
0.643740
0.363148
0.326503
0.622574
0.525111
0.525366
0.186284
0.270742
0.567934
0.346898
0.536317
0.930999
0.280371
0.189971
0.670325
0.726178
0.907190
0.761976
0.484496
0.406847
0.469691
0.716686
0.482103
0.229834
0.516517
0.610860
0.599546
0.301115
0.478008
0.748958
0.293776
0.801444
0.545659
0.998827
0.616199
0.478792
0.328708
0.222313
0.849007
0.446542
0.724972
0.194237
0.589658
0.778904
0.533789
0.382706
1.100971
0.780981
0.780428
0.143815
0.648061
0.622300
0.306732
0.570752
0.461206
0.237913
0.536404
0.765088
0.815645
0.541341
