0.005317831,-0.008519713,0.013508959,0.0012133468,0.010089012,0.0015333772,0.00519208
-0.002128758,0.010328085,0.0024982828,0.010669258,0.008843213,0.025448743,0.0053054565
-0.009720619,-0.027625352,0.01792568,-0.042623784,0.009593793,-0.03245112,-0.016924873
-0.039774433,0.010345062,-0.0326854,-0.0019039568,-0.049092438,-0.048669897,-0.051551353
0.0069026686,-0.00054954947,0.020268042,0.012255365,0.003715209,0.013111487,-0.0020495746
0.016413737,-0.0044687064,-0.0077505787,0.0045435457,-0.0034242354,0.020466585,-0.024888815
0.0106512,-0.006020961,0.0003624959,4.5337714e-05,0.0048435368,0.021860331,0.004021054
-0.012806602,-0.034982517,0.051943343,-0.0027643156,0.012281112,0.011767937,0.005724215
0.038560763,0.014427445,-0.022297762,-0.055978484,0.030263789,0.007351525,0.005334154
0.017290018,-0.00359223,0.0012837665,-0.026227886,-0.0017032046,0.004825241,-0.0028162594
0.014377498,-0.024162902,-0.0010431695,-0.02022095,0.009530799,-0.008957238,-0.01645062
0.06947529,-0.040966965,0.02000118,-0.04491047,0.06944726,0.011655731,0.048555963
-0.016567793,-0.0051634135,0.027417919,-0.016739419,0.0018315436,-0.028782368,0.0031956388
-0.03786741,0.022416703,0.012158715,0.00091344374,0.0049099256,-0.027759613,0.042597216
0.026016094,-0.011192363,-0.0003401381,-0.00082777906,0.009188871,0.020403955,-0.0028151737
0.020608146,-0.01800603,0.0053172307,-0.0021481847,0.013785476,0.016825099,-0.01742369
0.030894209,0.010214386,-0.018098094,-0.0019731093,0.015828734,0.0120935235,0.012622884
-0.005923963,0.0004899948,0.009210425,0.013639975,0.0005584019,-0.002716262,-0.014810102
0.007385296,-0.01851061,0.007301368,-0.01915633,-0.0069010584,0.006689797,-0.025407419
0.049232148,-0.043441415,-0.0015498577,-0.01963599,0.025935974,-0.014361874,-0.06584021
0.001955165,-0.009223989,-0.0065698875,-0.003965331,0.009195567,-0.0037707826,-0.009878941
-0.0040508965,-0.0048571033,0.0031985473,0.0023600128,-0.0008356322,-6.8636145e-05,-0.014170978
0.026336428,-0.033904158,0.02628941,0.008444257,0.015330311,0.015124929,-0.014395565
-0.004376572,-0.002981681,-0.0034786414,-0.049409445,0.0058028344,-0.03028946,0.003011168
0.023893218,-0.006757365,0.02256818,0.011513572,0.023206541,0.017958317,0.019796478
0.008206973,-0.005238045,-0.0051503517,-0.018959481,0.00079573924,-0.008294243,0.008924466
0.037892558,0.008748587,0.03298302,-0.03727775,0.03287051,0.048747145,0.023650339
-0.0022261804,-0.0064604934,-0.0100366715,0.0036615087,-0.004836444,0.0043893107,-0.021462403
0.024116565,0.005997864,0.027888905,-0.00075492554,-0.02331514,0.010702565,-0.00439341
0.024136802,-0.013167112,0.004190838,-0.0037584002,-0.020778768,0.018265769,-0.022849431
0.011649206,-0.0056332713,0.02973672,0.008802879,0.0046783667,0.0066521317,-0.00023444742
0.01050798,-0.0421993,0.019662108,-0.033052646,0.04599277,-0.053325854,-0.012241601
-0.006315247,-0.018212605,0.026605291,-0.02796264,0.009875575,-0.03705557,0.0078413095
0.016581407,-0.0021497197,-0.0128399255,-0.050854344,0.01954949,-0.015304359,0.0045367666
0.011541832,0.00440246,-0.0044354815,-0.0029841638,0.0007247393,0.008438722,-0.011333089
-0.0006678176,0.0005631731,0.016674045,-0.008256871,0.012900065,-0.00085470686,0.008589223
-0.007560244,-0.003501397,-0.008245418,-0.02798103,0.023173196,-0.027196545,0.011763721
0.016313393,-0.020459274,0.0041840104,-0.012951955,-0.035344522,-0.015664615,-0.0677528
0.026362205,-0.01706577,0.021952756,0.015943218,-0.0064171706,0.007783138,-0.0013357331
0.07231213,-0.052372526,0.02997724,-0.049304046,0.014339749,-0.00028361566,-0.012710499
0.024929347,-0.017787173,0.040336616,-0.0041927197,0.047946066,0.011443925,0.023837037
0.0061917,0.008705529,0.014882289,0.012646689,-0.00044696312,0.005225551,0.030036014
0.053266756,-0.017575184,0.03394155,-0.0029227522,-0.019427769,0.01372394,0.008576693
0.014591924,-0.0058045224,0.0074161636,0.0008805215,0.005213439,0.007633262,-0.0032392852
0.002020377,-0.0011694757,0.0030941553,-0.0142626045,0.010947851,-0.013786459,0.024550876
0.0032942821,-0.006623651,-0.00702742,0.00015597697,-0.005390095,0.011299281,-0.025487158
-0.010303888,-0.03901262,0.0029666778,0.022402428,0.015260869,-0.027655678,0.062245265
0.017540665,-0.017103642,0.014083294,-0.0014846466,0.015765773,0.018645087,-0.004853525
0.0005957463,0.0022636205,0.01129492,0.016428644,0.012433752,0.0034961822,0.008000944
0.016503574,-0.019894956,0.017214825,0.0073261997,0.0028412854,0.014186874,-0.02333466
0.010697307,0.0137515385,-0.030626368,-0.011303904,0.020701723,0.0133598605,0.020584883
-0.0036095758,-0.004487248,0.0026884195,-0.015506731,0.009165414,-0.003006584,-0.0017606793
0.0021047615,-0.0031044164,-0.0035696726,-0.021261834,0.0021586046,-0.009446889,-0.008624385
0.028575527,-0.024982458,0.0014354559,-0.013296517,0.004674332,0.006228192,-0.051156633
-0.0020696265,-0.017047139,-0.0018834182,-0.0060742213,-0.009880358,-0.011344393,-0.015661722
0.05152353,-0.016108535,0.033391673,-0.012745384,0.031141568,0.0325266,0.028985865
-0.0012087058,-0.025859091,-0.0057423282,-0.027044887,0.020263987,-0.025315337,-0.020733539
0.014970009,-0.019856267,0.027137158,-0.00050066976,0.01967213,0.005333899,-0.009540934
0.02478357,-0.018650344,0.015800186,-0.018601272,-0.006078551,0.024569802,-0.014280418
0.015602332,-0.0035772086,0.0026917905,0.012531612,0.010017047,0.027281808,-0.011790988
0.0073379762,-0.009690527,0.008841999,-0.0047940887,0.017275676,0.0073083746,0.003746429
-0.010913867,0.030051831,-0.02238477,-0.011525366,-0.0132372305,-0.001074695,0.0016048262
