0.1,"[[ 4.99124499e-03 -8.03091750e-03  1.63016301e-02 -4.36836621e-03
   9.83682927e-03 -7.21637253e-03  3.03456653e-03]
 [-2.90147979e-02 -1.27045214e-02 -2.58047506e-02 -1.11351898e-02
  -4.05792659e-03  1.12956250e-02 -1.87840518e-02]
 [ 2.74886005e-02 -1.32078107e-03  7.03913569e-02 -1.60473827e-02
   6.07760958e-02 -1.41734665e-04  1.75784677e-02]
 [ 5.23766652e-02  1.05094016e-01  4.12783027e-02  7.99695402e-02
   9.07906983e-03  2.82799657e-02  2.80444417e-02]
 [-1.04403216e-02 -1.17898500e-02  1.32193975e-03 -5.81306312e-03
  -1.35310246e-02 -1.08110998e-02 -1.85317993e-02]
 [ 4.49779667e-02  5.23149129e-03  7.65320333e-03  2.23660488e-02
   2.73085628e-02  3.71752791e-02 -8.04863463e-04]
 [-1.01431110e-03 -1.16584934e-02 -9.18284990e-03  8.29756819e-03
   1.48021290e-02  1.83120891e-02  1.99225452e-02]
 [-1.57993641e-02 -4.31798212e-02  7.35892132e-02 -1.08811231e-02
   4.07223776e-02  5.57868928e-03  2.47170255e-02]
 [ 1.44079067e-02  2.67935526e-02 -5.49306497e-02 -5.32028340e-02
   1.75050572e-02  1.25659956e-02 -5.94220497e-02]
 [ 3.15853804e-02  8.52614921e-03  1.23137878e-02 -1.27719026e-02
   1.22065507e-02  3.04567926e-02  1.43156759e-02]
 [ 3.93726490e-02 -8.42295401e-03  3.22956182e-02  8.33970215e-03
   4.32484858e-02  7.87268672e-03  1.20704330e-03]
 [ 7.05787688e-02 -6.58597201e-02  3.36924046e-02 -5.50908186e-02
   1.25670254e-01 -6.99380087e-03  7.53357783e-02]
 [-1.71303488e-02  6.70529087e-04  4.32859324e-02 -2.21642181e-02
   1.17543852e-02 -2.86509786e-02  1.41236177e-02]
 [-4.19307016e-02  2.37634033e-02  1.09756729e-02 -2.51915231e-02
  -1.13949310e-02 -2.70523932e-02  6.76453114e-02]
 [ 3.52652706e-02 -5.08215325e-03  7.93491770e-03  1.24088442e-02
   2.87201628e-02  2.58573890e-02  1.18748592e-02]
 [ 2.68590227e-02 -2.00385526e-02  8.44598468e-03  4.05153679e-03
   2.52194442e-02  1.14780823e-02 -2.94345692e-02]
 [ 4.58757393e-02  2.17254646e-02 -1.77206807e-02  6.33634700e-05
   1.60733908e-02  1.62901673e-02  1.44447377e-02]
 [-1.03243059e-02  1.30409258e-03  4.20545693e-03  1.10206632e-02
  -6.75129518e-03 -1.93681717e-02 -1.41935609e-02]
 [ 3.51965390e-02  1.63283776e-02  3.83989476e-02  1.38650471e-02
   2.48178039e-02  3.81842367e-02 -1.13181043e-02]
 [ 4.05249484e-02 -2.79741976e-02  1.41408220e-02  2.74095386e-02
   8.05724040e-02 -6.30809143e-02 -6.38878047e-02]
 [ 2.28071455e-02  1.56175336e-02  1.39337601e-02  1.71862599e-02
   2.36620791e-02  1.09273046e-02 -1.14916628e-02]
 [-5.55134728e-04  4.96095512e-03  1.08867586e-02  1.59578025e-02
   1.45264575e-02  1.09746389e-03 -4.94304113e-03]
 [ 1.88030712e-02 -4.58712205e-02  2.98566539e-02  7.05360994e-03
   2.17220671e-02 -1.03262011e-02 -3.33123170e-02]
 [ 2.20399704e-02  5.10756969e-02  3.75913344e-02 -5.97370556e-03
   5.20258509e-02  5.06798411e-03  5.03478087e-02]
 [-1.26337621e-03 -3.43084931e-02 -3.39068123e-03 -2.44852360e-02
  -8.01882590e-04 -1.97962113e-02 -9.07220412e-03]
 [ 3.34020518e-02  1.72440968e-02  1.63129997e-02  4.09646844e-03
   2.16904618e-02  1.98363699e-02  3.82507183e-02]
 [ 3.35008954e-03  2.01003477e-02  1.36638908e-02 -5.44543117e-02
   4.21783887e-02  3.21339928e-02  1.79433282e-02]
 [ 1.14954887e-02  1.28117809e-02 -1.13898527e-03  2.81503387e-02
   2.81799142e-03  1.66772734e-02 -2.43353080e-02]
 [ 7.10227666e-03 -1.87593009e-02 -9.20287520e-03 -3.67856808e-02
  -6.86020255e-02 -4.55489568e-03 -3.85004804e-02]
 [ 3.95474993e-02  9.97267663e-03  1.90286022e-02  2.44892240e-02
   7.53517682e-03  3.03219408e-02  9.00200475e-03]
 [-9.23697092e-03 -3.10395956e-02  9.93339624e-03 -2.11213771e-02
  -1.46718286e-02 -2.36874986e-02 -1.60867739e-02]
 [ 3.43562886e-02 -4.80334349e-02  6.03831522e-02 -2.71348022e-02
   8.75404030e-02 -6.49155155e-02  1.01030793e-03]
 [ 3.42861196e-04 -1.07594347e-02  4.81148474e-02 -3.27129699e-02
   2.11274754e-02 -4.23791260e-02  1.26334131e-02]
 [ 5.58791906e-02  5.52614853e-02  2.88559981e-02 -2.12340429e-03
   5.29708751e-02  2.72048954e-02  4.29991558e-02]
 [ 1.90583132e-02  1.60464346e-02 -7.86243659e-03  7.18592014e-03
   5.52851986e-03  1.23137804e-02 -9.96612757e-03]
 [-1.10985339e-02  6.48682797e-03  1.41008450e-02 -1.53428921e-02
   1.31388763e-02 -1.02402121e-02  7.81556591e-03]
 [ 1.88022908e-02  3.87507267e-02  3.17882523e-02  4.60139615e-03
   5.55443130e-02 -4.23874287e-03  4.47475575e-02]
 [ 7.53455013e-02  3.55745777e-02  5.01500107e-02  3.92989404e-02
  -2.19185208e-03  1.34843988e-02 -3.14433724e-02]
 [ 4.24041748e-02 -3.53914835e-02  1.80349406e-02 -1.71854754e-03
  -2.06340272e-02 -2.92971404e-03  2.80363578e-03]
 [ 1.28901824e-01 -2.10896065e-03  9.98143703e-02  1.20199649e-02
   1.01355247e-01  2.99156103e-02  8.67962986e-02]
 [-1.43874921e-02 -4.94325608e-02  1.85056366e-02 -3.35548967e-02
   4.28634360e-02 -3.31532806e-02  5.72551228e-03]
 [ 4.79481835e-03  2.35905536e-02  1.52032375e-02  3.54022696e-03
  -5.93638513e-03  2.79774168e-03  5.39314970e-02]
 [ 5.21289818e-02 -3.50073464e-02  1.91554744e-02 -2.04387456e-02
  -4.34917845e-02  3.66012240e-03  1.74646657e-02]
 [ 3.96126183e-03 -1.26355607e-02 -8.20696470e-04 -5.40161971e-03
   3.81478760e-03 -1.18795233e-02 -1.12857586e-02]
 [ 1.87334567e-02  4.15211217e-03  1.83938108e-02 -1.60968229e-02
   1.87565237e-02 -3.07750539e-03  4.89847362e-02]
 [ 1.54341841e-02  4.07195184e-03  2.60744011e-03  2.11430602e-02
   1.14023890e-02  2.26775296e-02 -1.92553643e-02]
 [ 6.86928704e-02  7.70207401e-03  8.94476399e-02  6.12282939e-02
   7.11433366e-02  2.24665478e-02  1.44180655e-01]
 [ 2.27249674e-02 -2.15882901e-02  2.10164059e-02 -1.77376962e-03
   2.99367476e-02  1.52870882e-02 -6.49837358e-03]
 [-1.87876187e-02  8.83648536e-05 -1.14910817e-03  4.52214340e-03
  -7.20594486e-04 -2.75351349e-02 -1.05974572e-02]
 [ 1.45667922e-02 -2.99804043e-02  1.59986932e-02  5.48011065e-03
   1.06203100e-02 -6.97162515e-03 -2.68781483e-02]
 [-8.71355459e-03  3.88493785e-03 -5.25724031e-02 -1.88566763e-02
   7.51461321e-03  3.06274230e-03 -5.41461958e-03]
 [-1.83839619e-03  6.44981535e-03  1.10017452e-02 -2.71552824e-03
   2.13731825e-02  9.06063057e-03 -4.89821658e-03]
 [ 1.78088490e-02  1.57146361e-02  1.25791896e-02 -5.07656392e-03
   1.79071277e-02  9.44492035e-03 -2.45686760e-03]
 [ 1.51616223e-02 -2.73614954e-02 -1.00879734e-02  9.43734590e-03
   9.77988075e-03 -1.65375099e-02 -6.98587298e-02]
 [ 3.02550700e-02  1.22246379e-02  3.62287089e-02  2.77774688e-02
   2.26328615e-02  1.43776210e-02  1.10678170e-02]
 [ 2.08314899e-02 -3.81969586e-02  1.41050415e-02 -3.84390987e-02
   1.14584481e-02  2.83538527e-03  3.68042220e-03]
 [ 2.03678738e-02 -6.88356441e-03  2.81130318e-02  4.47343942e-03
   5.93926571e-02 -1.87424999e-02 -8.91943648e-03]
 [-5.57335373e-03 -4.54571694e-02  1.44065144e-02 -2.03140378e-02
   1.21381553e-02 -2.57832222e-02 -3.45150046e-02]
 [ 2.13737786e-02 -1.49663659e-02  1.25387227e-02 -9.10159107e-03
   5.21706417e-03  2.89378799e-02 -7.63111608e-03]
 [ 2.88869464e-03 -1.62308663e-02 -1.29348263e-02  4.34679072e-03
   4.50971257e-03  9.67198238e-03 -3.37480344e-02]
 [ 9.68102738e-03 -1.05675841e-02  1.84259992e-02 -9.53788310e-03
   2.78001204e-02  5.15428232e-03 -2.83585093e-03]
 [ 1.95058081e-02  8.61308128e-02 -4.97068930e-03  1.85614917e-02
   2.73406645e-03  4.08906713e-02  3.71777005e-02]]"
0.5,"[[ 9.41862259e-03 -3.11616785e-03  1.69865228e-02 -3.04027204e-03
   1.45710520e-02 -3.23628541e-03  1.14660328e-02]
 [-1.05859956e-03  1.15564968e-02  3.61790461e-03  1.44149698e-02
   4.35560429e-03  3.53348926e-02  2.01030411e-02]
 [-9.23029892e-03 -3.30566391e-02  1.18891019e-02 -6.60166293e-02
   1.35123637e-02 -4.98678498e-02 -4.56245802e-03]
 [-3.78155075e-02  2.52209827e-02 -4.32213172e-02 -1.91708133e-02
  -8.24221149e-02 -4.06767130e-02 -8.66200775e-02]
 [ 8.96766502e-03  6.71938201e-03  2.22752243e-02  1.02835586e-02
   1.57001603e-03  1.59795079e-02  9.76998080e-03]
 [ 3.68718579e-02 -7.08215730e-03 -4.58985940e-03 -7.96491373e-03
   1.36628712e-03  3.40155922e-02 -2.31326204e-02]
 [ 2.03154646e-02 -1.92034468e-02  3.63496551e-03  1.97247043e-02
   1.57391641e-03  1.96859203e-02  3.24954838e-02]
 [-3.29222642e-02 -3.55592333e-02  5.99989295e-02 -1.14533148e-04
   9.93427448e-03 -9.66764148e-03  3.02196015e-02]
 [ 5.04502319e-02  3.76664326e-02 -3.31446081e-02 -1.00797415e-01
   3.45306247e-02  2.38145236e-02  3.52342576e-02]
 [ 2.19738465e-02 -9.29053687e-03  8.90578423e-03 -2.97138281e-02
  -1.22210896e-03  6.74065435e-03  6.84542721e-03]
 [ 2.27654856e-02 -3.23995352e-02  1.52710499e-03 -3.03853527e-02
   2.80503258e-02 -1.82668231e-02 -1.60783306e-02]
 [ 1.13746852e-01 -5.14721870e-02  3.42303216e-02 -9.63340178e-02
   1.19414240e-01 -2.73988256e-03  1.16164938e-01]
 [-2.99116243e-02  1.52606878e-03  2.76978556e-02 -3.41275409e-02
  -7.35163456e-04 -4.05116268e-02  1.71428267e-02]
 [-3.44732441e-02  2.76595466e-02  1.36007909e-02  2.24082507e-02
  -1.32406857e-02 -3.54390331e-02  6.40572831e-02]
 [ 3.95520851e-02 -1.44728720e-02  1.36889890e-02 -7.28045683e-03
   2.12653484e-02  2.31913608e-02  4.54501249e-03]
 [ 3.04976031e-02 -1.84556190e-02  5.85657218e-03 -1.34091787e-02
   2.66528912e-02  1.97740160e-02 -1.39552150e-02]
 [ 5.80994524e-02  2.28931215e-02 -5.78082353e-03 -1.40158031e-02
   3.50162089e-02  2.63780784e-02  1.49585288e-02]
 [-3.25469440e-03 -8.86207679e-04  1.07933842e-02  1.82213541e-02
  -4.59180563e-04 -3.14814097e-05 -1.45575712e-02]
 [ 4.05124854e-03 -1.10213812e-02  8.81690532e-03 -3.39834765e-02
  -1.40308244e-02  2.51709740e-03 -2.83029266e-02]
 [ 6.59999028e-02 -5.71692772e-02 -1.23611977e-02 -8.17939639e-02
   6.59390911e-02 -2.32353956e-02 -5.56454733e-02]
 [ 1.03208441e-02  2.69012846e-04 -5.02731279e-03 -1.29703376e-02
   1.39835756e-02 -5.17153088e-03 -1.65554285e-02]
 [-1.24857388e-03 -3.33511247e-03  1.70673861e-03 -1.37887849e-03
  -3.59096052e-03 -9.25075379e-04 -3.79564171e-03]
 [ 3.04602273e-02 -3.48618962e-02  3.14239375e-02 -7.02319061e-03
   3.43367085e-02  3.65956919e-03 -1.29788481e-02]
 [-9.78058390e-03  8.54616426e-03 -5.20398840e-04 -6.46875948e-02
   4.16264078e-03 -3.88136879e-02  3.09155639e-02]
 [ 3.84973288e-02 -7.37436349e-04  2.78655924e-02  1.20817358e-03
   3.45784947e-02  1.62360426e-02  3.34985852e-02]
 [ 1.02965059e-02 -5.99708734e-03  3.53353494e-03 -2.09616441e-02
   2.37137103e-03 -9.66784079e-03  1.59168970e-02]
 [ 3.40824500e-02  4.57849167e-02  5.75589761e-02 -5.71746826e-02
   4.39731441e-02  6.12828024e-02  9.17659551e-02]
 [-6.07949635e-03 -4.97981301e-03 -1.10884774e-02  7.62286596e-03
  -8.90113320e-03  7.98971672e-03 -3.44703235e-02]
 [ 3.04530896e-02  1.13095203e-02  1.40000172e-02 -1.50141204e-02
  -4.38813977e-02  1.51349287e-02  9.25700762e-04]
 [ 4.02743667e-02 -1.36167947e-02 -1.14275306e-03 -1.38222622e-02
  -3.35464664e-02  1.24778533e-02 -1.19368024e-02]
 [ 1.90128442e-02 -7.30432896e-03  2.96205599e-02  3.94784554e-04
   5.90072712e-03  3.76722706e-03  1.24631664e-02]
 [ 3.85717750e-02 -6.46724552e-02  1.39409890e-02 -7.78886378e-02
   8.39509144e-02 -7.55398721e-02 -2.60371307e-04]
 [-5.18355332e-03 -1.05649857e-02  1.07702473e-02 -5.07242717e-02
   9.99928173e-03 -6.02462739e-02  2.49628238e-02]
 [ 7.69257080e-03  1.05623584e-02  1.44170830e-02 -4.70417179e-02
   4.54140604e-02 -7.78375473e-03  1.94526538e-02]
 [ 2.05088779e-02  1.17135206e-02 -3.83787532e-03 -1.07539464e-02
   1.13386386e-05  2.03846321e-02 -1.43066354e-04]
 [ 1.46078668e-03  1.17631191e-02  2.01611854e-02 -1.44564994e-02
   1.14863655e-02 -3.79724731e-03  3.24069187e-02]
 [-8.39900691e-03  7.93668162e-03  6.46746438e-03 -2.75230464e-02
   4.19561453e-02 -3.26819755e-02  2.58452035e-02]
 [ 2.25959327e-02 -1.61777865e-02 -6.84191566e-03 -3.95516232e-02
  -4.49561775e-02 -1.49692511e-02 -9.70230252e-02]
 [ 4.93797585e-02 -2.66113281e-02  2.02288777e-02  1.23017384e-02
  -6.18682289e-03  4.69382759e-03 -7.45931314e-03]
 [ 1.09085754e-01 -6.40489757e-02  5.90737797e-02 -8.36098120e-02
   4.63633500e-02 -1.99591443e-02  3.33593935e-02]
 [ 4.36060317e-02 -1.86079014e-02  5.68307228e-02 -1.27395168e-02
   7.33983964e-02  2.86125997e-03  8.35048556e-02]
 [ 2.30219401e-02  2.42554918e-02  2.91278623e-02  1.11856665e-02
  -1.16709415e-02 -8.61638226e-04  4.68055345e-02]
 [ 6.51644617e-02 -3.01939379e-02  4.29380126e-02 -1.12597533e-02
  -2.26395093e-02  5.19642048e-03  9.73259285e-03]
 [ 1.82161741e-02 -3.05510871e-03  4.88396548e-03 -9.05125216e-03
   1.13750966e-02  6.72585517e-03  3.26599902e-03]
 [ 5.36746532e-03 -1.45017810e-03  1.19910464e-02 -1.11918645e-02
   2.05105059e-02 -1.70661341e-02  3.27642858e-02]
 [ 5.37251309e-03 -1.05861863e-02 -8.22402164e-03  2.51541892e-03
  -5.28159738e-03  1.61131322e-02 -2.84949914e-02]
 [ 3.01446076e-02 -2.70161927e-02  1.85549110e-02  3.41916084e-02
   2.08730865e-02 -7.04426542e-02  6.63859323e-02]
 [ 2.49376092e-02 -1.57151911e-02  2.23556962e-02 -9.32136551e-03
   2.96661332e-02  1.90228131e-02  5.88665623e-03]
 [-6.36430318e-03  2.17515118e-02  1.75535586e-02  1.11484779e-02
   2.19352208e-02  5.31486422e-03  1.57887638e-02]
 [ 2.13407427e-02 -2.54245959e-02  1.36308428e-02 -2.49926560e-03
   9.84427426e-03  1.24838594e-02 -2.21120827e-02]
 [ 1.15464851e-02  1.53191583e-02 -3.28163803e-02 -1.26210612e-03
   3.50670218e-02  2.25309096e-02  2.11010836e-02]
 [-1.67866647e-02  8.67772440e-04  9.58232954e-03 -2.05821879e-02
   1.32226432e-02 -1.65077939e-03  7.73787312e-03]
 [ 5.70699200e-03  7.51264684e-04 -6.68817665e-03 -3.27452198e-02
   2.23151711e-03 -1.00490442e-02 -4.19931579e-03]
 [ 3.31346355e-02 -4.81775254e-02 -8.73725768e-03 -2.09286958e-02
   1.34982681e-02  5.53613389e-03 -5.02818488e-02]
 [-4.10962198e-03 -1.45817939e-02 -2.07680953e-03 -1.39097730e-02
  -9.33119748e-03 -2.10558008e-02 -2.64557488e-02]
 [ 4.99711819e-02 -7.58121815e-03  6.32701889e-02 -1.41803902e-02
   6.50178045e-02  2.93576382e-02  5.60213700e-02]
 [ 1.14422280e-03 -3.35356146e-02 -1.52267423e-02 -4.13630158e-02
   3.83264199e-02 -3.64734605e-02 -1.77538469e-02]
 [ 2.07565520e-02 -2.83639207e-02  2.70113777e-02 -1.26805026e-02
   3.24392058e-02 -1.06145465e-03  1.76198583e-03]
 [ 2.58881804e-02 -2.85615865e-02  1.29290018e-02 -2.18730606e-02
  -1.85385384e-02  1.89307313e-02 -1.58217794e-03]
 [ 2.58955490e-02 -1.71617395e-03  4.64732200e-03  1.01995645e-02
   1.77244395e-02  3.50348838e-02 -7.30980095e-03]
 [ 1.08390013e-02 -2.36476935e-03  1.50743444e-02 -1.66869145e-02
   3.06509193e-02  4.91826050e-03  7.50225363e-03]
 [-3.70820635e-03  5.57648204e-02 -1.57885607e-02 -1.11193964e-02
  -3.39314938e-02  1.56185934e-02  1.07641499e-02]]"
0.9,"[[ 1.49397105e-02  3.27718165e-03  3.06690447e-02  4.80608083e-03
   1.74885355e-02  1.69316418e-02  2.57294532e-02]
 [ 2.68085692e-02  3.28859277e-02  4.25946340e-02  3.64165530e-02
   5.04899509e-02  4.75920513e-02  3.77683043e-02]
 [-6.07487634e-02 -8.03694278e-02  6.42492063e-03 -1.00879721e-01
  -2.31986213e-02 -6.43443987e-02 -7.95556754e-02]
 [-1.34903833e-01 -6.69753850e-02 -9.50432196e-02 -7.95094296e-02
  -1.24536939e-01 -1.00864425e-01 -1.52271897e-01]
 [ 3.84621248e-02  3.37898545e-02  6.19536340e-02  2.55056117e-02
   2.56268252e-02  4.43805531e-02  4.17440683e-02]
 [ 5.80952363e-03 -3.66800725e-02  1.13760624e-02 -2.04730108e-02
   2.25774441e-02  2.43277363e-02 -3.44051011e-02]
 [ 5.69606805e-03 -1.14985500e-02  2.93491669e-02  1.35188242e-02
   1.17359068e-02  2.59412895e-03  2.10541412e-02]
 [-2.62251813e-02 -6.93480149e-02  7.31725171e-02 -2.77338605e-02
   1.26597751e-02  8.38456489e-03  7.12727057e-03]
 [ 5.84508218e-02  1.12084284e-01 -5.08449459e-03 -5.36363088e-02
   8.50198604e-03  5.21015897e-02  7.10590482e-02]
 [-1.70018218e-04 -1.63519569e-02 -1.01866405e-02 -4.23350371e-02
  -1.97341572e-02 -4.06213151e-03 -1.06487172e-02]
 [-1.06463190e-02 -5.98212928e-02 -1.16178030e-02 -5.09224758e-02
  -7.17264507e-03 -2.67972797e-02 -4.01066840e-02]
 [ 6.79922923e-02 -2.77584679e-02  7.58382529e-02 -3.67018692e-02
   1.17713191e-01  7.70955905e-03  7.96981677e-02]
 [-2.01547444e-02 -7.02488376e-03  3.37443687e-02 -3.79152521e-02
  -1.24100428e-02 -3.58437896e-02 -1.32177388e-02]
 [-2.53304057e-02  3.81650068e-02  3.34945880e-02  2.71387044e-02
   1.59089118e-02 -3.45838703e-02  4.50754240e-02]
 [ 1.92698985e-02 -2.36971006e-02  1.15230726e-02  4.83140256e-03
   2.71195713e-02  2.38298904e-02  9.65210143e-03]
 [ 2.38399878e-02 -1.55811533e-02  2.63153519e-02 -1.10752238e-02
   2.87732854e-02  3.77409346e-02  2.87788478e-03]
 [ 5.44346683e-02  3.53872254e-02 -6.64521940e-03  6.01820555e-03
   4.21187580e-02  4.68883328e-02  5.61731942e-02]
 [-1.56357419e-03  4.21672966e-03  3.45275849e-02  2.99843643e-02
   2.55392902e-02  7.38634169e-03 -1.13158477e-02]
 [-2.81271171e-02 -4.71423715e-02 -8.33263528e-03 -6.28249273e-02
  -4.49309126e-02  3.94262047e-03 -4.07585092e-02]
 [-5.77330543e-03 -6.97290748e-02  2.17921473e-02 -3.14791054e-02
   4.77422960e-02 -4.21602093e-02 -1.21252388e-01]
 [-7.46478839e-03 -1.04065603e-02 -5.54722082e-03 -1.30422665e-02
   6.56300806e-04  7.81648979e-03 -1.53355917e-03]
 [-9.04672779e-03 -1.28207952e-02  2.49650795e-02 -8.86982400e-03
   1.09008521e-04 -5.84096881e-03 -1.35625368e-02]
 [ 4.24234681e-02 -2.57388912e-02  5.81241511e-02  1.08420765e-02
   2.95526292e-02  3.68456990e-02  1.56647135e-02]
 [-5.88006414e-02 -2.83443294e-02 -3.49366888e-02 -1.01968810e-01
  -5.30439205e-02 -6.46070242e-02 -2.57750209e-02]
 [ 7.06936195e-02  4.60204743e-02  7.41379485e-02  5.08029088e-02
   6.79305792e-02  6.23739883e-02  7.94843659e-02]
 [-2.09847484e-02 -1.76166892e-02 -3.09347287e-02 -3.35404649e-02
  -3.05036046e-02 -2.67191306e-02  2.34390446e-03]
 [ 8.19189474e-02  5.90823852e-02  8.70129615e-02 -6.56139106e-02
   5.93160838e-02  1.19140901e-01  1.32213995e-01]
 [-2.41369978e-02 -1.61654353e-02 -2.42836662e-02 -3.09181819e-03
  -2.17098836e-02  4.41572303e-03 -2.42059939e-02]
 [ 7.46373162e-02  7.61714280e-02  6.24076687e-02 -5.53795882e-03
  -4.32738066e-02  4.53794412e-02  4.03821394e-02]
 [ 3.35168047e-03 -3.74288000e-02  1.81691013e-02 -4.02764864e-02
  -5.02859093e-02 -3.23095801e-03 -3.47706489e-02]
 [ 4.75041643e-02  2.53592581e-02  7.97106922e-02  2.77507920e-02
   3.58312018e-02  3.06994878e-02  2.70797107e-02]
 [-2.15445906e-02 -6.68699592e-02  5.11892103e-02 -2.80482657e-02
   8.03034753e-02 -7.67700449e-02 -7.51775354e-02]
 [-9.95587278e-03 -6.68878388e-03  3.53832468e-02 -6.53463081e-02
  -2.83640176e-02 -4.56079505e-02 -5.33279963e-03]
 [-2.27866266e-02 -1.98264383e-02 -7.11429566e-02 -9.69850197e-02
  -2.70934626e-02 -1.14651192e-02  2.36028042e-02]
 [ 1.59974974e-02  2.16145217e-02  1.41665190e-02 -1.33215897e-02
   3.25683667e-03  2.43424755e-02  1.47025948e-02]
 [ 1.31551176e-02  2.36355923e-02  4.92243804e-02 -6.11990504e-03
   2.16568504e-02  1.62562001e-02  3.79707329e-02]
 [-3.40315141e-02 -2.34472323e-02 -3.10692899e-02 -5.19123524e-02
   3.48704588e-03 -3.48880962e-02  1.23807807e-02]
 [-4.20416072e-02 -6.72264397e-02 -3.13139521e-02 -8.98481980e-02
  -9.47841853e-02 -2.71427352e-02 -1.27259180e-01]
 [ 4.46685888e-02  1.03656657e-03  4.86334078e-02  2.61022933e-02
   2.51251878e-03  2.30470635e-02  1.61931403e-02]
 [ 1.48965521e-02 -1.12869740e-01  4.41879295e-02 -1.08219624e-01
  -1.68830082e-02 -4.03696373e-02 -2.79454160e-02]
 [ 8.50614980e-02  4.25200574e-02  1.46906018e-01  4.04038727e-02
   1.10098258e-01  4.70807031e-02  1.14434592e-01]
 [ 2.72565428e-02  3.43267284e-02  5.07445745e-02  4.05027047e-02
   1.09796664e-02  1.77659970e-02  6.74687177e-02]
 [ 6.64163753e-02  1.37797771e-02  3.66333686e-02  1.21415183e-02
  -4.56407443e-02  1.60639696e-02  3.03558148e-02]
 [ 2.45824922e-02  6.68187067e-03  2.21845135e-02 -1.11989328e-03
   1.40462257e-02  1.87298432e-02  1.04748961e-02]
 [-6.04006089e-03 -6.79302495e-03 -1.42016606e-02 -1.96807850e-02
   4.88366140e-03 -1.86610743e-02  2.39940006e-02]
 [-1.17850574e-02 -3.12465001e-02 -6.72535971e-03 -1.97040867e-02
  -8.28419253e-03  6.37726067e-03 -3.50380242e-02]
 [-2.41218824e-02 -7.34007880e-02  1.09509490e-02  1.10578788e-02
  -3.36305164e-02 -6.55804574e-02  8.49930346e-02]
 [ 2.77102627e-02 -1.97489541e-02  3.93944755e-02 -1.04338415e-02
   3.67985964e-02  4.02026102e-02  2.21139323e-02]
 [ 3.46096382e-02  4.03000303e-02  3.61030176e-02  2.61434279e-02
   3.07655260e-02  3.94828729e-02  6.29187375e-02]
 [ 1.52357863e-02 -2.84866355e-02  3.98593619e-02 -1.41510309e-03
   2.12150533e-02  2.40356140e-02 -2.39111651e-02]
 [ 1.69611238e-02  3.23177055e-02 -5.52274920e-02  5.92888845e-03
   3.22166048e-02  2.53206883e-02  3.93954851e-02]
 [-1.37692299e-02 -3.09387757e-03 -5.15277637e-03 -2.72759423e-02
  -4.66283923e-03 -3.53762298e-04  9.34493355e-03]
 [-1.28619103e-02 -9.29031614e-03 -1.02899605e-02 -4.66113761e-02
  -1.85630340e-02 -1.32858315e-02 -1.92162897e-02]
 [-3.67313181e-03 -2.94608679e-02  1.28328698e-02 -3.68731515e-03
   4.82998649e-03 -7.14300014e-03 -7.47893006e-02]
 [-3.49281728e-02 -5.67124784e-02 -2.86640264e-02 -4.71551344e-02
  -4.96615544e-02 -3.43111344e-02 -4.54168133e-02]
 [ 1.08972773e-01  3.59624773e-02  6.00113943e-02  4.48033959e-03
   5.04374579e-02  8.77995938e-02  1.30600199e-01]
 [-4.72793169e-02 -6.18425757e-02 -2.27774661e-02 -5.96908256e-02
   2.28345860e-03 -5.07409237e-02 -6.46602660e-02]
 [ 3.45136262e-02 -3.02644796e-04  7.22816139e-02  2.13408303e-02
   5.48554100e-02  2.51243431e-02  7.02688051e-03]
 [-5.66722499e-03 -2.93992218e-02  1.62996557e-02 -2.80205049e-02
  -2.83953343e-02  1.24678724e-02 -2.52938420e-02]
 [ 4.19467315e-02  1.15201455e-02  4.09359708e-02  2.45245919e-02
   4.74349558e-02  5.77993318e-02  2.36285571e-02]
 [ 1.80317312e-02 -1.16962390e-02  2.10529678e-02 -1.19085172e-02
   3.57543007e-02  2.84287017e-02  1.88577380e-02]
 [-2.89480481e-02  2.94014290e-02 -3.34187448e-02 -3.88488695e-02
  -3.69675048e-02  5.80053637e-03  1.24510275e-02]]"
