0.0047215237,-0.008881821,0.023099095,-0.006367223,0.010384228,-0.0065184156,0.0052265227
-0.029976094,-0.022848697,-0.02290866,-0.008128821,-0.013465301,0.0015308149,-0.012464944
0.03198244,0.00441036,0.085771866,-0.015148034,0.067174286,-0.0033359374,0.039422616
0.05162104,0.10922934,0.052490782,0.07572703,0.027762037,0.044550143,0.028280813
-0.011431042,-0.018006578,0.014841773,-0.011360964,-0.01929782,-0.010593679,-0.016931023
0.056108676,-0.009620676,0.034036037,0.01788264,0.031674657,0.042482905,0.015412882
0.017035998,-0.012179043,0.004101839,0.024317876,0.0088772625,0.0135118,0.04141451
-0.011631623,-0.04401347,0.08254394,-0.0030136947,0.039489146,0.005694898,0.030170415
0.0207652,0.034559064,-0.042552482,-0.064073,-0.011213129,-0.0006245773,-0.060333867
0.047666498,0.0098450575,0.02095843,-0.008242694,0.013899038,0.029948322,0.02706685
0.05220651,-0.0038608122,0.051271383,0.008052879,0.052865393,0.011662129,0.022792002
0.08958606,-0.06733476,0.059552964,-0.050636806,0.112449355,-0.000925642,0.09879096
-0.02249544,0.0074122474,0.047618274,-0.025608556,0.013432076,-0.027084509,0.019914195
-0.05472765,0.028093126,-0.0069291666,-0.010501403,-0.007930333,-0.04030982,0.08062176
0.050014287,-0.011458971,0.024054341,0.013471549,0.033643175,0.031616215,0.022870824
0.032298833,-0.027279578,0.028615661,-0.0026885513,0.022632059,0.012917328,-0.021010367
0.051334668,0.016500408,-0.004784364,-0.008426383,0.022731684,0.021195276,0.024302252
-0.017286286,-0.007355272,0.0128750885,0.004268376,-0.0017495081,-0.019408857,-0.007654762
0.04968538,0.017693618,0.056344572,0.012534228,0.027532367,0.04095482,-0.009530527
0.039701447,-0.03724207,0.05573505,-0.008752756,0.082276285,-0.04468376,-0.06931832
0.025921898,0.016865931,0.026108166,0.015232684,0.02917413,0.0107637,-0.0017390326
0.0050460277,0.004120716,0.029039558,0.016872816,0.014680618,0.0019190842,0.01029956
0.026778886,-0.049099423,0.053416662,-1.3325363e-05,0.02127887,-0.0028073024,-0.03087551
0.031718742,0.06788291,0.04835005,-0.0050038435,0.05745123,0.008241658,0.06680826
-0.004809822,-0.042470787,0.002733517,-0.029913144,-0.008618317,-0.021401025,-0.015044334
0.04433788,0.025281986,0.01732339,0.011642699,0.023917656,0.026309498,0.046109557
0.019350616,0.015069174,0.049955957,-0.070661925,0.03538081,0.030424038,0.034359004
0.013676456,0.012238886,0.003311607,0.027125828,0.0041327057,0.01862745,-0.025131257
0.013875196,-0.019238343,0.0016609742,-0.041087586,-0.09169701,-0.004855264,-0.056299444
0.065533176,0.010047076,0.048399776,0.028193463,0.004939895,0.03664123,0.010478366
-0.01045127,-0.03893537,0.02257624,-0.026177756,-0.020475857,-0.02492728,-0.014368832
0.023350699,-0.052014872,0.07779203,-0.035997782,0.096034564,-0.06710458,0.03053313
-0.004499186,0.0034992783,0.055079885,-0.03532923,0.015172627,-0.044769485,0.013199129
0.068094805,0.069489494,0.04161738,-0.009912279,0.07289259,0.038217343,0.07485325
0.024475943,0.012348525,0.010891749,0.0021072575,0.0010596188,0.015302182,0.00067640096
-0.010690291,0.006786937,0.026292294,-0.01699637,0.011074355,-0.014285577,0.018958813
0.020433694,0.05083842,0.040165614,0.0032625925,0.07388766,-0.0013067345,0.07483749
0.083008,0.031960167,0.079485506,0.016989902,0.008668477,0.031150138,-0.044752296
0.048014972,-0.04290599,0.027931215,-0.0005516205,-0.026044765,0.004140147,-0.0035252254
0.17980146,0.003139047,0.16413164,0.013907663,0.119962305,0.055624306,0.13318469
-0.0027197981,-0.052267477,0.05675197,-0.028687056,0.03568452,-0.038719125,0.055048324
0.014212759,0.023777671,0.022561532,0.0119564375,-0.0013886616,0.004842594,0.056115195
0.07367961,-0.03336631,0.024132553,-0.017345084,-0.052281242,0.01873084,-0.005315629
0.0033725474,-0.015167458,0.006850211,-0.013574,-0.00035516592,-0.008708937,-0.01879976
0.01736945,0.009253791,0.010590626,-0.012902746,0.02444183,6.463472e-05,0.05532006
0.023761943,-0.00018088147,0.017891038,0.020152941,0.014160253,0.023338566,-0.0077765994
0.09764744,0.035688747,0.103453085,0.10686519,0.089952216,0.033877455,0.18229708
0.0307062,-0.028037904,0.04108861,-0.004686216,0.03090696,0.01743707,0.0077447947
-0.027865566,0.00071826205,0.0068785627,-0.00768486,-0.0011276477,-0.020249356,-0.014246079
0.014842888,-0.040336423,0.032264262,-0.0049865227,0.008167536,-0.0021572765,-0.032051213
-0.017082456,0.005318812,-0.07375896,-0.022783477,0.003151387,-0.004932635,-0.017452903
0.0011348873,0.011610553,0.016141038,-0.0024456484,0.02040981,0.010240397,0.006450154
0.022797946,0.019558772,0.022127802,-0.006447714,0.018597191,0.007408672,0.007412704
0.020409377,-0.035294153,0.008811634,-0.0021541528,0.0035742559,-0.017105374,-0.069059156
0.040129162,0.020222051,0.046907946,0.029567262,0.031135798,0.02331337,0.014934402
0.038126986,-0.034739964,0.032628983,-0.04502237,0.012730751,0.010701654,0.01596118
0.016452778,-0.0019184276,0.03734884,-0.0018088669,0.06390543,-0.018992301,0.0037563038
-0.007827431,-0.054049097,0.028327312,-0.026835883,0.007444131,-0.029545154,-0.027492562
0.037592165,-0.018710094,0.019622454,-0.0048722764,-0.0057152323,0.02643424,-0.020478323
0.0063457247,-0.027680272,0.004506994,-0.0015890393,0.0021035085,0.0069359634,-0.026067764
0.009858416,-0.013934112,0.026908355,-0.014744674,0.032047756,0.0043336004,0.0031321421
0.026280504,0.08750817,0.0047147926,0.018847654,0.009775258,0.04062617,0.04844071
