0.22372086,0.21088125,0.19972748,0.1630078,0.12896389,0.11099343,0.098532856,0.09536615,0.09020859,0.08373615,0.08954513,0.09351386
0.30597562,0.29336154,0.27201694,0.22215275,0.16745043,0.12722644,0.08111338,0.05732608,0.026497647,0.009180789,-0.0008441508,-0.0079023875
-0.2337177,-0.1977359,-0.16037442,-0.13939466,-0.11300704,-0.096661136,-0.07845791,-0.08245675,-0.07493827,-0.06780769,-0.06614059,-0.062769994
0.084754184,0.07177937,0.077857494,0.06190739,0.044155277,0.04643,0.03921826,0.02989564,0.011819579,-0.003767307,-0.020486886,-0.020462487
0.30871964,0.30382168,0.29307634,0.2014194,0.14832373,0.095711365,0.08592966,0.0855315,0.10203213,0.12774135,0.15978104,0.17391303
0.06746801,0.06279347,0.0353671,0.01262176,-0.0044085607,-0.021085605,-0.03069815,-0.02215511,-0.0061408356,0.013892735,0.028834663,0.03396544
-0.015811805,-0.032525204,-0.08548351,-0.098688826,-0.104068086,-0.106368095,-0.10194874,-0.066850066,-0.018155366,0.030098481,0.065503396,0.08109559
0.0065457765,0.03643087,0.035079278,0.049932025,0.05582753,0.0676796,0.062191777,0.0553296,0.048485935,0.03668338,0.028443001,0.021354109
0.005922025,-0.003003154,-0.003451638,-0.04531014,-0.066219494,-0.0996409,-0.08849297,-0.07220713,-0.030866772,0.013163658,0.053120587,0.07586625
0.11538219,0.13384746,0.12426139,0.089983165,0.06349904,0.055783004,0.04600263,0.03879031,0.034411408,0.029502135,0.028350638,0.029536776
0.5376723,0.68451977,0.8002712,0.8024573,0.75287384,0.69483316,0.61910045,0.49026996,0.33515263,0.20428546,0.11350999,0.05313819
-0.38990644,-0.40971774,-0.4205919,-0.37263742,-0.32415083,-0.2816385,-0.24677494,-0.21092731,-0.16951665,-0.14036734,-0.12602244,-0.113869146
-0.4458483,-0.20757133,0.018089712,0.33461416,0.4547546,0.5690388,0.5403581,0.35514036,0.061550796,-0.24637385,-0.5044938,-0.63752854
-0.010578416,-0.04595473,-0.07215006,-0.111972,-0.12173138,-0.12698874,-0.12695032,-0.10823332,-0.08309497,-0.05206103,-0.033326525,-0.020532534
-0.05084061,-0.058147646,-0.036059365,-0.00012522191,0.015528716,0.018757075,0.0122625455,-0.0016013645,-0.018057194,-0.034112923,-0.048858657,-0.056985106
0.19556513,0.17242612,0.1499775,0.107805364,0.07250443,0.06303574,0.049218416,0.0485621,0.04685287,0.04435022,0.049054474,0.05486981
-0.10266919,-0.121796586,-0.11971255,-0.08970983,-0.06769326,-0.071779914,-0.06010741,-0.041342594,-0.028467376,-0.012260336,-0.0016758479,-0.0012588874
0.30413538,0.26600248,0.22057697,0.094560266,0.035035104,-0.0020686537,-0.007320389,0.014951184,0.043831334,0.07600086,0.10768303,0.12808932
0.32608682,0.32628632,0.30633646,0.2510773,0.19810498,0.1807794,0.14858395,0.13046023,0.11315859,0.09648355,0.09484819,0.09549907
0.013699319,-0.034251913,-0.040652,-0.02977997,-0.03466317,-0.012664869,-0.006307915,0.00246685,0.007085204,0.0019328389,0.0039738975,0.015549421
0.05755475,0.023422241,0.022476234,0.013745993,0.0011283755,0.00322086,0.006261211,0.009484993,-0.008479072,-0.03412146,-0.04002405,-0.042449698
0.12660073,0.09468029,0.04803866,-0.024815127,-0.059917763,-0.071933165,-0.073253825,-0.065100476,-0.042587373,-0.020616194,-0.00014416873,0.01660857
0.051535755,0.10123758,0.1443766,0.17214066,0.17635688,0.1746676,0.1543698,0.117934406,0.083344996,0.062131785,0.040924463,0.031598166
-0.7337531,-0.7775361,-0.74729246,-0.5318749,-0.38835433,-0.3323964,-0.2688172,-0.20750147,-0.1817151,-0.15965489,-0.15642363,-0.16767704
-0.26479083,-0.2598305,-0.23787531,-0.17831887,-0.13633022,-0.1061195,-0.09991241,-0.10282135,-0.12021895,-0.13867973,-0.16174397,-0.1759431
0.030236524,-0.04286979,-0.08788181,-0.13286602,-0.14291254,-0.1630806,-0.14548427,-0.10235313,-0.046218466,0.0072846115,0.04833102,0.07491967
0.27086526,0.26389542,0.26727104,0.2357541,0.20122248,0.18364123,0.16407225,0.1393342,0.11148691,0.07742819,0.06067618,0.05253157
0.3650659,0.36629468,0.38806754,0.37189367,0.33603668,0.31691888,0.28370535,0.24121928,0.17832239,0.10769154,0.066065215,0.04175032
0.09840667,0.059123125,0.040282212,0.020596959,0.0045642033,-0.011049718,-0.035462156,-0.03595435,-0.03435351,-0.01880094,-0.014378867,-0.0070769778
0.19007544,0.15553036,0.08393547,0.0033962429,-0.049396962,-0.08406064,-0.07993579,-0.037420273,0.01640226,0.07044255,0.12865138,0.15728498
0.4172091,0.37010777,0.32587773,0.19083452,0.11200756,0.06684175,0.049257368,0.058893085,0.077906266,0.0957709,0.12888592,0.14641383
0.06519065,0.12810616,0.111328185,0.030571274,-0.0020903405,-0.02269553,-0.037371814,-0.057884373,-0.040316958,-0.013035446,0.003379453,0.0119943395
-0.88153636,-0.98526704,-0.9525186,-0.71620303,-0.5534153,-0.4313808,-0.3415739,-0.2615534,-0.24231027,-0.25407,-0.27385494,-0.2815012
0.487077,0.4235137,0.3278001,0.13224676,0.00945881,-0.0437738,-0.09921956,-0.09690812,-0.05117008,0.0023247264,0.05742664,0.093644485
-0.6929601,-0.5843122,-0.49855578,-0.312083,-0.17772138,-0.096860975,-0.058515757,-0.075997144,-0.105688885,-0.13677508,-0.18187624,-0.216021
-0.044426255,0.04803157,0.15024066,0.16695115,0.1713045,0.16455919,0.18070537,0.13437071,0.10409726,0.079581365,0.055657722,0.056085296
0.18733908,0.18046568,0.14383996,0.095820844,0.06694852,0.044062182,0.030565545,0.039494522,0.053462014,0.07310857,0.09082875,0.095464066
0.022769734,-0.03537906,-0.07836874,-0.14909074,-0.16925564,-0.18390957,-0.16654742,-0.13045427,-0.08609615,-0.03996713,-0.0011569373,0.024632592
-0.40993476,-0.39502656,-0.39003325,-0.35711497,-0.31111437,-0.28354347,-0.2477652,-0.22423926,-0.18152219,-0.14147252,-0.121571414,-0.108302906
-1.2585833,-1.150223,-1.0062321,-0.69664526,-0.47501588,-0.35581547,-0.25820938,-0.25358495,-0.26210237,-0.27894783,-0.32932675,-0.3588283
-0.39523453,-0.41461897,-0.438191,-0.4000729,-0.3457454,-0.3290422,-0.28861445,-0.23246619,-0.15544318,-0.07350226,-0.0279629,-0.0061688945
0.19988035,0.19992797,0.1825024,0.13655701,0.105385326,0.08370713,0.07138513,0.063220866,0.05700805,0.055540007,0.054451734,0.055428647
-0.7608037,-0.7648487,-0.7013559,-0.5211667,-0.39537653,-0.3524012,-0.28101015,-0.23444399,-0.19092363,-0.15242879,-0.13951066,-0.1364572
0.12643147,0.099796474,0.0876067,0.0327487,0.008933067,-0.012969911,-0.00741452,0.009634703,0.035758775,0.06307335,0.092647165,0.107619084
-0.18689105,-0.16100156,-0.13160053,-0.06317833,-0.018952563,0.0067672133,0.014808461,0.0049466193,-0.012070954,-0.030005813,-0.051820952,-0.065488905
0.07584416,0.066725254,0.058781642,0.039832238,0.018797021,-0.0016739704,-0.020734936,-0.026596073,-0.03186526,-0.03289424,-0.029015586,-0.03283394
0.4227397,0.4255825,0.39613935,0.29288495,0.22511393,0.20470586,0.16631883,0.15291658,0.14672223,0.15014897,0.16434094,0.17594224
0.14133847,-0.021333128,-0.105764836,-0.22827095,-0.2643117,-0.29372287,-0.26966715,-0.18971586,-0.106725775,-0.030699704,0.03691695,0.07565143
0.20264518,0.2020012,0.17308444,0.09016514,0.0382073,0.013934135,-0.002410192,-0.008070193,0.0072072055,0.02984497,0.050119836,0.06582184
0.12540025,0.12156148,0.09707679,0.07372745,0.054492675,0.04505264,0.03369624,0.035184383,0.037029333,0.039732642,0.047318213,0.047800913
0.1914571,0.18964325,0.17873369,0.12746018,0.09564233,0.07896283,0.07086193,0.06298858,0.05840259,0.050653093,0.05338265,0.05535273
-0.08041198,-0.059962936,-0.07128149,-0.054213516,-0.044445716,-0.041418295,-0.051781274,-0.05138523,-0.05840671,-0.059099983,-0.06094956,-0.07059783
-0.1739979,-0.15873984,-0.15675786,-0.1384148,-0.11620129,-0.11657733,-0.09926646,-0.08459489,-0.054455537,-0.018581703,0.0013209097,0.010818571
0.2843725,0.21784446,0.15184146,0.08367059,0.026894286,0.002930969,-0.027173266,-0.013998143,-0.011333719,-0.0049611796,0.008985862,0.016060963
0.08449439,0.064056695,0.016137287,-0.04295951,-0.07239996,-0.08481662,-0.08922177,-0.071124434,-0.042079847,-0.015805323,0.0069817286,0.020084385
0.0037582042,0.022130322,0.00841802,-0.030942123,-0.038515143,-0.045150936,-0.044612408,-0.042120725,-0.017439727,0.011360277,0.028473731,0.03766994
-0.093883984,-0.07360466,-0.0668269,-0.03196848,-0.009549398,0.0013907701,0.008023538,0.008766189,0.007457409,0.0066493577,0.000514891,-0.0054329876
0.2588268,0.2914096,0.24486339,0.1580833,0.110133834,0.057741225,0.00354366,-0.01955343,-0.010637861,0.017657848,0.030844778,0.026150197
0.20618236,0.19481504,0.21227823,0.18793967,0.1591486,0.16940595,0.15791668,0.12992623,0.08218125,0.025315177,-0.023474902,-0.031672835
0.12703153,0.12624113,0.11041449,0.04865291,0.019539498,0.011383835,0.00927888,0.010994954,0.02823682,0.04933461,0.062354483,0.079990774
-0.62942135,-0.6320088,-0.61298287,-0.44313675,-0.32438114,-0.2542649,-0.20969224,-0.1686573,-0.15931141,-0.15590934,-0.17508307,-0.19253145
-0.43571758,-0.44238597,-0.46735284,-0.35345417,-0.2742599,-0.20617715,-0.17944184,-0.14442484,-0.12542994,-0.11250056,-0.11407218,-0.12186313
-0.19619578,-0.18230072,-0.19401117,-0.18323639,-0.15788844,-0.13656753,-0.121272616,-0.10499193,-0.079184085,-0.05062696,-0.04101757,-0.03334955
-0.065584324,-0.0481565,-0.057917543,-0.090891615,-0.08755542,-0.08497527,-0.06502818,-0.05334186,-0.017847221,0.009329056,0.031391777,0.043510556
0.2013252,0.18754075,0.17023884,0.10730375,0.06557006,0.040609583,0.022128835,0.011863664,0.0060528275,0.0022440273,0.0052050715,0.008654939
-0.22058946,-0.19035023,-0.16271362,-0.121030286,-0.094124034,-0.083532594,-0.055203002,-0.041748546,-0.026843164,-0.011355409,0.00060886145,0.0027158987
0.32863498,0.35701025,0.34082884,0.24848074,0.19041763,0.1448367,0.12423399,0.11217763,0.12978028,0.1496454,0.17244788,0.18249348
0.14951314,0.1258198,0.08565143,0.025031164,-0.010626435,-0.029710725,-0.037188895,-0.027322046,-0.0129756965,0.002717115,0.018612199,0.02949271
-0.7191855,-0.7680123,-0.70898134,-0.48812371,-0.34250048,-0.25238916,-0.19867557,-0.16254535,-0.1696698,-0.18766531,-0.22233799,-0.24061333
0.00025602803,0.035092313,0.09631559,0.16747083,0.1879934,0.19449942,0.1891772,0.14684862,0.08273156,0.009129949,-0.040194325,-0.07131979
0.28770837,0.21882325,0.16829598,0.019363523,-0.044135004,-0.10311833,-0.09833911,-0.05959882,0.026782349,0.117480114,0.19774467,0.24685624
0.20309883,0.2509242,0.26717612,0.18342543,0.1485286,0.11192815,0.103805095,0.08373791,0.1014649,0.13175312,0.15514864,0.16646048
-0.035393134,-0.040788766,-0.056348156,-0.0623745,-0.06292991,-0.06127565,-0.05799134,-0.04608061,-0.030611986,-0.014990978,-0.0034582624,0.001500858
0.097837105,0.10240318,0.08853531,0.087016635,0.078466535,0.07364391,0.06093999,0.056785896,0.0597573,0.065562986,0.07049079,0.071700744
0.30071506,0.28820628,0.25180036,0.13774106,0.07149775,0.02473566,0.010254577,0.01474081,0.043047376,0.086982206,0.119124524,0.14427312
0.597474,0.7000217,0.681067,0.5880983,0.50383687,0.46392405,0.43458983,0.381568,0.32974365,0.2887354,0.26352102,0.25111812
0.14104146,0.09869291,0.041369393,-0.12391639,-0.19177222,-0.2537828,-0.2491551,-0.20767485,-0.117429785,-0.015514893,0.06963451,0.116060615
0.39646152,0.45111972,0.4653228,0.41283843,0.32166812,0.35337123,0.32519746,0.27954286,0.22630455,0.13826019,0.10857372,0.11380854
0.3373684,0.29337835,0.23367316,0.13082221,0.064251214,0.02300489,-0.00476487,0.0043391436,0.026094414,0.05690872,0.08333312,0.10250601
0.47447705,0.4401921,0.3965805,0.26366317,0.17625701,0.12897992,0.11873084,0.1273809,0.14644894,0.16033047,0.19483319,0.21659201
-0.04468718,-0.026711117,0.01267159,0.03503542,0.04306487,0.04912138,0.060661934,0.044616602,0.015790317,-0.015374921,-0.034152925,-0.043340985
0.21178128,0.18848304,0.19563758,0.14891616,0.1207401,0.10666329,0.09572345,0.0825313,0.057190254,0.032772865,0.01703209,0.016238227
-0.2706324,-0.24001986,-0.20087138,-0.13886046,-0.09354086,-0.058547333,-0.041125536,-0.046071738,-0.055114016,-0.06279345,-0.08060381,-0.08618444
0.06746219,0.053081267,0.047890473,0.035377987,0.022147547,0.012801923,0.010578025,0.014595376,0.01560419,0.017092416,0.025893895,0.029511534
-0.31403735,-0.33379892,-0.3170079,-0.2542114,-0.2036998,-0.17377792,-0.14283928,-0.117727876,-0.10722925,-0.09878509,-0.09491957,-0.0941914
-0.051835015,0.016355775,0.018516958,0.08555558,0.108352855,0.13925125,0.12412089,0.10451721,0.08110766,0.05507271,0.02377965,0.004469283
0.27418935,0.22323753,0.17124161,0.07267818,0.0047036707,-0.037790224,-0.06638966,-0.05507394,-0.033516794,-0.009843557,0.01758752,0.03306648
-0.09675537,-0.12265171,-0.14123307,-0.1488616,-0.14015731,-0.13582402,-0.12641035,-0.102161825,-0.0695153,-0.03987166,-0.019278433,-0.007859696
-0.12799135,-0.1259538,-0.10132429,-0.06404434,-0.045213252,-0.022009239,-0.012986079,-0.01563356,-0.029200528,-0.04923069,-0.066938795,-0.06858679
0.14152032,0.1544761,0.1451074,0.12418948,0.0974407,0.07835092,0.04971917,0.028368091,0.0034703622,-0.015554683,-0.027990492,-0.038082473
-0.04955218,-0.037733156,-0.0107193375,-0.058936298,-0.0546977,-0.059357673,-0.019533731,-0.009903748,-0.0029899776,0.012444338,0.025417943,0.03977475
0.03093802,0.030210428,0.01384506,0.0017796308,-0.004583709,-0.015588604,-0.016893584,-0.008497756,0.011301838,0.028723963,0.04625739,0.050890096
-0.40888438,-0.34394658,-0.2739684,-0.18599403,-0.11059956,-0.083340466,-0.05608666,-0.07162781,-0.08065945,-0.083495885,-0.10341806,-0.11693631
-0.055376217,-0.1353333,-0.1927635,-0.2662338,-0.28997296,-0.294765,-0.29430658,-0.26352853,-0.22735414,-0.19051094,-0.16602445,-0.14670174
-0.11596768,-0.1254566,-0.15169184,-0.11183988,-0.0823552,-0.058493394,-0.05794664,-0.03442722,-0.024011249,-0.011471778,-0.012080323,-0.016597485
0.012030534,0.014782608,0.0035903268,-0.0044819526,-0.005863726,-0.0097560845,-0.012765516,-0.01067767,-0.003870042,0.0053797876,0.007338622,0.0074865073
-0.090805724,-0.13949245,-0.17345312,-0.20562765,-0.20268926,-0.19744265,-0.1757441,-0.13898203,-0.0875248,-0.042830605,-0.015024876,0.00612979
0.10711685,0.087492496,0.07254674,0.056789845,0.03675417,0.028866831,0.008355882,6.7700166e-05,-0.015298795,-0.03128679,-0.038318276,-0.043617465
0.2039534,0.22294766,0.18417269,0.124824144,0.08824833,0.049676344,0.024698682,0.027054146,0.05418358,0.095972575,0.1267493,0.13522509
-1.1002421,-1.0851257,-0.96512926,-0.69983137,-0.5082407,-0.37472308,-0.28169286,-0.2624794,-0.2719407,-0.30394888,-0.35634094,-0.37426075
-0.05496747,-0.09290068,-0.11951597,-0.12547766,-0.11805767,-0.11183706,-0.09820461,-0.07541396,-0.056400005,-0.04305941,-0.030833151,-0.026349157
0.15263963,0.1859262,0.16316289,0.079227395,0.050569598,0.025672272,0.011693798,0.006603688,0.036257274,0.077778995,0.1113902,0.1228815
-0.78149235,-0.7134334,-0.67537594,-0.4627541,-0.30927867,-0.22891903,-0.18998066,-0.18112764,-0.17499186,-0.16671284,-0.19848165,-0.2268375
-0.09709169,-0.12643917,-0.12440956,-0.11928796,-0.1029222,-0.09198424,-0.07555585,-0.05623661,-0.04695546,-0.03677591,-0.027929641,-0.022560164
-0.2247135,-0.22390029,-0.21221097,-0.17648917,-0.14057338,-0.1328977,-0.11233254,-0.094980836,-0.06806719,-0.040394362,-0.027917631,-0.02340779
-0.26917937,-0.25899556,-0.23471847,-0.17130348,-0.12479043,-0.09673159,-0.07582885,-0.06994176,-0.06705649,-0.06645916,-0.0761356,-0.079906344
0.3664483,0.42775977,0.49805784,0.4856083,0.4477538,0.43145913,0.36912096,0.2669767,0.13036926,-0.0012095347,-0.09471886,-0.14627755
-0.13506894,-0.16165213,-0.18190306,-0.18278228,-0.16663447,-0.16234104,-0.14185554,-0.10326114,-0.059039366,-0.011487111,0.020679032,0.038233645
0.09881683,0.11312458,0.10618569,0.06886907,0.040482912,0.022107098,0.006479522,-0.002500142,0.002262474,0.013353057,0.02208725,0.027534263
0.12659937,0.10222553,0.045641527,0.0007045567,-0.018453032,-0.03653364,-0.048950106,-0.0339137,-0.012818489,0.0145581085,0.034497205,0.037333474
-0.21162584,-0.21731967,-0.20914343,-0.1858489,-0.1575142,-0.13550194,-0.1136089,-0.09874508,-0.08181598,-0.071494594,-0.06712957,-0.062202547
-0.31767404,-0.37642005,-0.3722493,-0.3178864,-0.26562646,-0.24082193,-0.1971305,-0.1523335,-0.12821272,-0.102860965,-0.088384,-0.07938273
0.093922116,0.06512191,0.05991146,0.05217178,0.034058712,0.02141726,0.010887988,0.0081141405,-0.002207514,-0.017748415,-0.022744743,-0.025394762
0.60836756,0.6523595,0.6876491,0.5773498,0.468441,0.43648818,0.37004504,0.28581744,0.2054795,0.13156465,0.10164496,0.097123474
0.01200312,-0.029730443,-0.051752828,-0.06721427,-0.08126731,-0.09727009,-0.10646781,-0.099768564,-0.096023776,-0.08872713,-0.084099546,-0.08155843
-0.7747493,-0.8085557,-0.73184294,-0.5984539,-0.47815275,-0.40630057,-0.31513897,-0.2696274,-0.24255306,-0.22867739,-0.2291967,-0.21890494
-0.47872692,-0.32204974,-0.21012181,-0.09133881,0.0030250251,0.04975313,0.06863272,0.012973636,-0.03345889,-0.062462285,-0.117442064,-0.14711186
-0.26916993,-0.2524937,-0.23297572,-0.20407778,-0.16791102,-0.13778786,-0.111411884,-0.10336692,-0.08517419,-0.07087747,-0.066719726,-0.05950569
0.20327039,0.1875391,0.16829096,0.105675235,0.06972524,0.052701972,0.048433892,0.044170372,0.041725554,0.03857776,0.04285062,0.048068613
0.34948224,0.3086944,0.25698316,0.14851895,0.08145645,0.034297496,0.011959732,0.020204708,0.03625898,0.0561124,0.08088122,0.09471479
-0.054594763,-0.07787511,-0.08142198,-0.09520421,-0.092374496,-0.10955872,-0.10218401,-0.08859925,-0.07276021,-0.04808987,-0.032820646,-0.024998922
0.23765174,0.2765502,0.2843681,0.26280126,0.22852448,0.22109067,0.21330798,0.18790299,0.15956526,0.10612741,0.08050515,0.069324054
0.2573361,0.25391155,0.24318328,0.18768387,0.14081088,0.10038513,0.08887078,0.101417035,0.1239216,0.1494022,0.18786149,0.20127624
-0.10650568,-0.15136993,-0.1823504,-0.21045628,-0.21392554,-0.20782149,-0.18486874,-0.14449628,-0.09478131,-0.048842352,-0.0136283785,0.011143375
-0.32920885,-0.321011,-0.33571094,-0.22134516,-0.15992084,-0.11236043,-0.08905922,-0.052008867,-0.017886572,0.012743304,0.019505898,0.020006115
0.046132192,0.047345586,0.037278406,-0.005728364,-0.012435809,-0.05457011,-0.0602296,-0.043688208,-0.013236299,0.039159928,0.070048936,0.07985106
0.22399692,0.18667468,0.14583433,0.06454629,0.015982673,-0.017547831,-0.029473409,-0.020234108,0.0045765936,0.02708577,0.053749077,0.06906641
0.3185784,0.32982934,0.27669,0.19874021,0.14990059,0.13401724,0.11486596,0.114784494,0.121475995,0.12885629,0.14051962,0.14283253
0.34998757,0.31293064,0.23365486,0.107581496,0.041606784,0.0124643,-0.00021837652,0.023901105,0.065684065,0.11469882,0.15828013,0.18590067
-0.12703401,-0.17929599,-0.21846206,-0.22629339,-0.19999656,-0.18684793,-0.15567103,-0.111405954,-0.06518117,-0.027067259,-0.0049376264,0.008458734
0.0098543195,-0.016017381,-0.047845878,-0.06895313,-0.07371533,-0.08321032,-0.06944302,-0.03995356,0.0059792995,0.04877713,0.081398636,0.09956299
0.16248438,0.10490394,0.04260674,-0.041753173,-0.078894794,-0.09274076,-0.09139538,-0.06374872,-0.02418366,0.012440169,0.042946167,0.06354551
0.23286386,0.21441261,0.19840525,0.1368877,0.095725045,0.07786399,0.057281747,0.052433785,0.043350577,0.040932667,0.039708428,0.045151398
0.057687435,0.015751503,-0.006153807,-0.07057387,-0.09115624,-0.11022559,-0.11047471,-0.09190339,-0.061182078,-0.027434569,-0.0025508925,0.013064362
-0.019388739,-0.014904153,0.009330597,0.054751493,0.08271818,0.08775108,0.09868178,0.085340194,0.051688053,0.014677674,-0.012900809,-0.032716796
-0.07777059,-0.11347893,-0.10640068,-0.077942416,-0.06706844,-0.04482662,-0.040882997,-0.03743153,-0.051090233,-0.07229934,-0.086135924,-0.08796352
0.26435405,0.22587577,0.21588616,0.17199844,0.13708062,0.10761182,0.08997072,0.085250996,0.07555322,0.060729742,0.06357034,0.063075125
-0.07142121,-0.06996268,-0.08153318,-0.1027934,-0.10429129,-0.11045081,-0.10571869,-0.09129013,-0.0589438,-0.023341298,0.001250226,0.01509399
0.16453323,0.17552057,0.20343024,0.25177217,0.24651048,0.2619009,0.2389175,0.19788533,0.13179442,0.060679756,0.008530989,-0.013302311
-0.17433083,-0.25723624,-0.311619,-0.34211254,-0.34415454,-0.35002708,-0.3310891,-0.2768798,-0.216892,-0.15588759,-0.11683862,-0.0923854
0.061572015,0.036742575,0.018548153,-0.024873257,-0.04223557,-0.05743608,-0.048945993,-0.02790207,0.00045251474,0.030447967,0.056934036,0.07406375
0.22764124,0.2601686,0.30217904,0.29011416,0.2662175,0.26790363,0.2535447,0.21243723,0.15759769,0.08209811,0.04557219,0.02788189
0.07382253,0.10347156,0.12117582,0.20232421,0.22734609,0.22066227,0.18990324,0.16276407,0.1226394,0.08636818,0.052157264,0.017918315
-0.11052544,-0.10676506,-0.054806456,-0.019640267,-0.007253617,0.008985609,-0.014672026,-0.058189094,-0.11739127,-0.17460625,-0.22569647,-0.24866354
0.44842577,0.41972086,0.4019211,0.29337853,0.2219626,0.18581492,0.1676992,0.14547792,0.12945354,0.10560877,0.1082498,0.11290963
0.15445744,0.13420147,0.10803266,0.057467833,0.02262552,-0.00027398765,-0.019206822,-0.021401715,-0.01993424,-0.015254758,-0.0084784115,-0.005085977
0.0083948495,0.008609278,-0.0060877204,-0.034896363,-0.03982807,-0.049371082,-0.050154366,-0.04489807,-0.030223817,-0.008715281,0.0056690797,0.010826562
-0.005132651,-0.0021717064,-0.0072019584,0.0017593689,0.004357163,-0.0012765117,-0.002967149,0.0024960786,0.0091938265,0.016785376,0.02430367,0.022672946
0.08194705,0.16368207,0.25206834,0.3114969,0.3240016,0.34038925,0.31224215,0.22480464,0.09609712,-0.029883903,-0.1220912,-0.17377281
-0.0043892954,0.0058358386,0.009332627,0.06299773,0.081199005,0.10286457,0.090071306,0.079502076,0.054235384,0.023766704,0.0006542541,-0.016601961
0.17272106,0.19145396,0.21384236,0.1955964,0.1743357,0.16404888,0.1544279,0.13435416,0.100526616,0.0722229,0.053472392,0.046360895
-0.06566672,-0.0047500283,0.00461486,0.045794606,0.064417645,0.0936013,0.087040395,0.07262563,0.056494437,0.049901016,0.03151445,0.024038784
0.17079893,0.1765589,0.19567299,0.18609269,0.16516748,0.15729797,0.14112169,0.11341793,0.07434555,0.039219514,0.014953133,0.0061788335
-0.17560363,-0.104421854,-0.03481838,0.0042530894,0.04115878,0.049718753,0.05769582,0.02453357,0.00514441,-0.0018006228,-0.023757642,-0.031117622
0.0030751545,-0.017910965,-0.029098703,-0.025651237,-0.030008517,-0.024835654,-0.0288253,-0.024511509,-0.027800225,-0.033589717,-0.03556753,-0.03619244
-0.024672195,-0.052787744,-0.041803524,-0.040045336,-0.03569254,-0.051845297,-0.048246935,-0.04143395,-0.032864843,-0.021727998,-0.013286728,-0.010078751
0.15362187,0.11958545,0.14875989,0.18549101,0.18096602,0.20036857,0.17695808,0.14532891,0.06523836,-0.026346033,-0.0790096,-0.110108465
0.14623399,0.21346584,0.2795478,0.40579206,0.42249104,0.43258387,0.38564843,0.31486592,0.20007959,0.08437917,-0.00021613389,-0.054659247
0.10811551,0.13078809,0.13892084,0.12456796,0.102383375,0.09733248,0.07974629,0.06004484,0.03874275,0.018505383,0.006149346,0.002144158
0.14241484,0.113762066,0.059395373,-0.020510599,-0.05543466,-0.08728714,-0.08698569,-0.06265794,-0.009736329,0.049417347,0.093399264,0.11669532
-0.043227278,-0.027884707,-0.018497027,0.019744843,0.035199936,0.052555047,0.050687294,0.045055084,0.031187197,0.016212,0.0062042214,-0.0018517021
0.18316269,0.048270702,-0.022594362,-0.07803261,-0.13093686,-0.21105671,-0.22107956,-0.14685072,-0.050129667,0.05307546,0.15403523,0.19852503
0.14350027,0.15464792,0.16178837,0.1397356,0.11700991,0.10740915,0.095264524,0.07283069,0.052863233,0.034509517,0.019759467,0.017140344
-1.13454,-1.1096705,-1.0037168,-0.80892086,-0.6172227,-0.5151253,-0.40406722,-0.3553043,-0.30525738,-0.25696838,-0.25703973,-0.25125048
-0.74156004,-0.670274,-0.6070536,-0.4914937,-0.36192355,-0.30151945,-0.24219218,-0.22048353,-0.18408984,-0.13639534,-0.1320985,-0.13717023
0.21578783,0.18808353,0.1489325,0.058047563,0.005438,-0.018806815,-0.02847559,-0.016919345,0.009240903,0.03472156,0.06414464,0.08315393
0.108180575,0.11639503,0.116591915,0.108544886,0.094548106,0.09014927,0.07663392,0.06160695,0.042320736,0.02390232,0.010042252,0.0036281608
0.33466628,0.33344555,0.3247951,0.2696441,0.22071901,0.20815489,0.18624553,0.16925617,0.1432825,0.113721654,0.100862235,0.09907355
-0.31264028,-0.31119567,-0.30519924,-0.25111556,-0.19875932,-0.16596039,-0.13474524,-0.108699515,-0.082499616,-0.058308646,-0.049237777,-0.045715034
0.17519957,0.1366726,0.09708339,-0.00065656006,-0.04497455,-0.07684435,-0.075025484,-0.05995767,-0.026632033,0.008849241,0.039898295,0.059361033
0.84297323,0.7938014,0.71263444,0.46208692,0.30079108,0.21432006,0.16522402,0.15603477,0.15200137,0.16131902,0.20740151,0.23151815
-0.54985774,-0.541033,-0.5052804,-0.37559628,-0.2812354,-0.23084894,-0.19605578,-0.17655975,-0.15947469,-0.14493261,-0.1501016,-0.15676628
-0.19546649,-0.13360885,-0.11504394,-0.08914134,-0.056421362,-0.056286596,-0.04660137,-0.053557206,-0.028796311,0.00780933,0.019697871,0.02320169
-0.21226138,-0.17973217,-0.1787929,-0.15791011,-0.12281458,-0.11838944,-0.10423651,-0.093618095,-0.07349537,-0.041133102,-0.025539607,-0.025800042
-0.034945667,-0.050217956,-0.050934624,-0.0580005,-0.05627041,-0.051653035,-0.046940174,-0.03714449,-0.027811032,-0.02095897,-0.012199013,-0.006600989
0.3053161,0.30091947,0.28490874,0.21070734,0.15305337,0.122199774,0.09161252,0.06798664,0.04494191,0.026906079,0.019036815,0.016922908
-0.08568421,-0.12657824,-0.16380686,-0.16054171,-0.15050316,-0.13101397,-0.116866454,-0.08289785,-0.054561123,-0.031575404,-0.016661989,-0.0055157067
-0.06356184,-0.113444,-0.15076913,-0.18587305,-0.19363822,-0.19843434,-0.18593024,-0.15080422,-0.10891025,-0.062353734,-0.03580755,-0.014765188
0.062356435,0.066584304,0.051989604,0.008664761,-0.012669563,-0.021619858,-0.022268206,-0.019042687,-0.0030013984,0.015660334,0.032272056,0.0447989
-0.5238122,-0.5242885,-0.4997996,-0.40461946,-0.3238506,-0.27285165,-0.23429292,-0.20843595,-0.18521175,-0.16281319,-0.16344409,-0.16272931
-0.030699553,-0.043965425,-0.07759566,-0.10636088,-0.11273183,-0.121583626,-0.11224994,-0.08558074,-0.037100937,0.0130297635,0.051057212,0.06986412
-0.12626202,-0.11974978,-0.10960178,-0.08119656,-0.0651288,-0.045308426,-0.04543318,-0.048176236,-0.055853005,-0.0629008,-0.07128708,-0.07486665
-0.797134,-0.5809102,-0.5383372,-0.3408803,-0.21971506,-0.13361865,-0.10585427,-0.14633599,-0.17177829,-0.19990197,-0.25453192,-0.29367006
-0.07303462,-0.08126398,-0.090486415,-0.10322876,-0.104575396,-0.10599704,-0.10870752,-0.107250005,-0.09304685,-0.07850729,-0.07132657,-0.06665305
-0.2482156,-0.22370973,-0.13794008,0.011514068,0.080819055,0.1178945,0.13748834,0.10927611,0.036603287,-0.04382377,-0.10631943,-0.142386
0.18160093,0.14810076,0.13591844,0.057995245,0.023694754,-0.009512678,-0.016625643,-0.011627428,-0.0016501695,0.011427974,0.028574793,0.03657648
-0.58927846,-0.5292052,-0.49406788,-0.28178072,-0.16105434,-0.09908238,-0.06547564,-0.058777034,-0.0642591,-0.073235035,-0.10294652,-0.12981667
-0.28968433,-0.35785902,-0.36573339,-0.31550705,-0.27750617,-0.23120295,-0.1858611,-0.13294289,-0.09020907,-0.054331936,-0.046016373,-0.021207623
-0.24886836,-0.23379259,-0.22833446,-0.16836384,-0.11904891,-0.09466517,-0.08222003,-0.07360807,-0.062429443,-0.04998935,-0.05784352,-0.06387361
0.04606296,-0.007191077,-0.04821737,-0.09464963,-0.10675827,-0.12059204,-0.11186421,-0.081837215,-0.05098226,-0.021926248,0.005788235,0.017849322
0.055928536,0.050662953,0.06610495,0.1075629,0.11682889,0.12486975,0.11488745,0.10254359,0.06705713,0.023535084,-9.082444e-05,-0.017823612
0.000551075,0.00450496,-0.009032411,-0.0063861758,-0.009349097,-0.013958234,-0.018387035,-0.0152733475,-0.01050501,-0.00085434737,0.004537859,0.0048690457
-0.0076101255,0.042991452,0.027522467,0.0018218458,0.001600489,-0.010925993,-0.0037260875,-0.0018857345,0.01700132,0.046453234,0.0643388,0.068219125
-0.25293407,-0.28555745,-0.3025743,-0.22898608,-0.18234701,-0.1798758,-0.15831582,-0.110757545,-0.06226968,-0.010303159,0.02390942,0.033129767
-0.02087561,0.007390715,0.052978948,0.09308373,0.1117754,0.12491799,0.114292786,0.07841127,0.026013345,-0.027114129,-0.067139685,-0.08919583
0.0169262,0.07054949,0.07997945,0.17917149,0.21370125,0.23915604,0.21855947,0.18876877,0.138625,0.07781023,0.038066782,-0.0019787028
-0.026767083,-0.0557653,-0.123621136,-0.09940535,-0.10842466,-0.1093429,-0.10162951,-0.052530646,-0.012714826,0.007084321,0.036724314,0.042232424
0.10199557,0.099354714,0.047514945,0.014594659,0.0030883104,-0.011359021,0.00028969347,0.02526164,0.07164498,0.1176288,0.14808129,0.16480367
-0.19758628,-0.18977034,-0.15675369,-0.102058016,-0.077355236,-0.06683382,-0.042323563,-0.030464279,-0.024344124,-0.024333049,-0.019779729,-0.016900776
0.12307201,0.10544911,0.08490929,0.032480046,0.013779841,-0.001609765,-0.0042841583,0.0060176253,0.017212711,0.031173173,0.04663767,0.054123536
-0.14976443,-0.15923679,-0.16592534,-0.15206563,-0.13487409,-0.13242492,-0.116515085,-0.087194726,-0.059877187,-0.025888758,-0.0072876103,0.0029612705
-0.30784342,-0.3238946,-0.35089442,-0.31484094,-0.26200348,-0.24482125,-0.20108591,-0.14057364,-0.073482126,0.00013527647,0.046524838,0.06935171
0.012575986,0.067514166,0.040969126,0.04381883,0.038670916,0.023036342,0.0019159578,-0.006761208,0.008332869,0.033784024,0.042347893,0.039953604
0.23111948,0.18892409,0.139346,0.030784577,-0.014511555,-0.0451442,-0.041748524,-0.01386632,0.035808966,0.0859682,0.12879045,0.1559245
0.5863473,0.6174423,0.5712546,0.52721614,0.3970574,0.28364965,0.1930863,0.16239628,0.13993832,0.13875522,0.18218249,0.17837876
-0.5611286,-0.5583225,-0.5590026,-0.41337538,-0.3114598,-0.2649967,-0.22369984,-0.18013597,-0.13066703,-0.08303806,-0.07190124,-0.07307149
0.12606627,0.1483427,0.1488826,0.13259684,0.1132837,0.10731804,0.08545774,0.059144057,0.030382177,0.00043912418,-0.018302234,-0.030485705
0.27430835,0.27780163,0.25110504,0.1866234,0.13872641,0.10394697,0.07377629,0.058397412,0.050210383,0.040869825,0.037541218,0.033474647
0.22766638,0.21361238,0.18762362,0.13318631,0.086506546,0.060337767,0.045010716,0.05141636,0.060014334,0.068721294,0.08910496,0.09796989
-0.04014,-0.09026714,-0.1287511,-0.19120449,-0.20211881,-0.20500773,-0.19088778,-0.15749761,-0.11241691,-0.06409317,-0.036503725,-0.0125408545
0.8668215,0.9311963,0.8983588,0.6632669,0.5212239,0.43126217,0.35468554,0.27007905,0.25336346,0.26509804,0.26195112,0.27450395
-0.100746505,-0.15592001,-0.15169698,-0.10194519,-0.08918052,-0.080020905,-0.06609677,-0.039012555,-0.03442227,-0.03938792,-0.03772701,-0.036890406
-0.19368225,-0.18843167,-0.20128652,-0.20811476,-0.19046688,-0.17687584,-0.15501292,-0.13614193,-0.099784486,-0.06561601,-0.04411541,-0.032537602
0.1872255,0.20727703,0.2056478,0.14471255,0.11482476,0.08825787,0.07034652,0.05901818,0.055133484,0.066766426,0.07765177,0.08224716
0.18743293,0.19042511,0.17322363,0.12485548,0.084670275,0.059651107,0.04180567,0.0365569,0.036738124,0.04122689,0.050981324,0.054918945
0.0022564996,0.00028079818,0.012076433,0.0077995565,0.014472789,0.010528974,0.0035028658,-0.009377018,-0.026465522,-0.039499674,-0.055191584,-0.06373242
0.17367521,0.16801827,0.14462745,0.11011341,0.08185017,0.07102639,0.05571649,0.054549146,0.04775682,0.041709617,0.0442087,0.043518156
0.22269362,0.22266978,0.2263057,0.18830562,0.15171541,0.13876837,0.12202993,0.1026825,0.08039209,0.05655095,0.049515087,0.048182726
0.20053989,0.17129177,0.14202532,0.09659861,0.061541244,0.020203456,0.012413874,0.023736387,0.05088622,0.083316796,0.11386022,0.12596256
-0.087325096,-0.08716088,-0.065827385,-0.02758985,-0.0048283637,0.006995067,0.014018707,0.009726938,-0.0016676392,-0.015273761,-0.030902617,-0.03799277
-0.087123245,-0.0588817,-0.025200918,0.02925931,0.058692776,0.063192055,0.06317163,0.04830925,0.024492092,0.0032053888,-0.01605894,-0.035346717
0.16396478,0.18335947,0.2022512,0.18585142,0.15470669,0.1440022,0.114384055,0.078516476,0.031393845,-0.011328761,-0.04866104,-0.06245918
-0.014581269,-0.035373703,-0.05475723,-0.087407,-0.087136306,-0.08947569,-0.074135646,-0.051383168,-0.011725366,0.028220817,0.059313264,0.07582137
0.04657404,0.063109085,0.06054506,0.025849666,0.013304137,-0.0051582456,-0.0072235987,-0.009743739,0.0044827424,0.023596104,0.03862202,0.04438341
-0.1810553,-0.20117226,-0.20572178,-0.17719483,-0.14904499,-0.13295448,-0.10992774,-0.08532339,-0.059840057,-0.04235797,-0.032028947,-0.026262995
0.33956,0.42519927,0.50037897,0.5067009,0.47574133,0.48287165,0.44013128,0.3401388,0.22009902,0.08702038,0.0012768656,-0.044217795
0.08823516,0.0817594,0.06075254,0.022355717,-0.00021556392,-0.011614226,-0.019430228,-0.01715357,-0.00586815,0.0061628507,0.017833013,0.024914669
0.110904746,0.06995565,0.029750466,-0.035631984,-0.066737056,-0.08575526,-0.08841564,-0.06671104,-0.036465555,-0.0061716028,0.019621108,0.036381554
-0.22878803,-0.21709517,-0.20078266,-0.11255574,-0.06907877,-0.035497695,-0.029586136,-0.030536816,-0.04709678,-0.069424875,-0.094010845,-0.10781828
-0.34701598,-0.43958303,-0.5185326,-0.3932599,-0.3466322,-0.36002362,-0.33484697,-0.21865696,-0.11616509,-0.00978734,0.07961943,0.10338897
0.13527447,0.12730937,0.105057135,0.060873404,0.032313004,0.003128916,-0.00066514313,0.0077221766,0.029140607,0.053554043,0.07260734,0.08272416
-0.24432464,-0.20057799,-0.1651076,-0.06794289,-0.011933893,0.016232103,0.023205087,0.014533199,0.0016299635,-0.013329767,-0.031491242,-0.049047716
-0.4919271,-0.4584437,-0.44433954,-0.33332247,-0.24269408,-0.20172682,-0.17656395,-0.15062949,-0.12099424,-0.08398339,-0.079000644,-0.085550115
-0.10234675,-0.09945934,-0.06245293,-0.03657318,-0.02839072,-0.013046846,-0.01948034,-0.04887805,-0.11164796,-0.17098942,-0.21546082,-0.2372439
0.5472457,0.5040456,0.45978305,0.37892684,0.28494927,0.22776636,0.16695483,0.13310854,0.090412706,0.045041792,0.028759588,0.019733898
0.25674838,0.23070097,0.23634727,0.20704824,0.16623807,0.15891725,0.12305333,0.08440655,0.018754523,-0.046822384,-0.08841975,-0.105665565
-0.14218386,-0.12204502,-0.10055387,-0.06533674,-0.037623197,-0.023351666,-0.011492878,-0.010269072,-0.01379982,-0.017078772,-0.019922972,-0.025852395
-0.17346352,-0.17768809,-0.15060353,-0.09766558,-0.06157683,-0.03843043,-0.020872198,-0.010318592,-0.017254185,-0.025504492,-0.031504586,-0.037340924
-0.45814356,-0.39788082,-0.35928592,-0.2764136,-0.2022301,-0.18228717,-0.14281368,-0.12424042,-0.07983905,-0.031601463,-0.006499,-0.0018118694
0.34940603,0.39393,0.36751592,0.31394568,0.25498477,0.20224267,0.15323395,0.12206015,0.10793878,0.110993326,0.116154805,0.11284305
0.11356722,0.09393579,0.06523907,0.035255544,0.011397056,0.0028790012,-0.0039217174,0.009613611,0.021437775,0.03326294,0.051536508,0.05749321
0.63949764,0.65307605,0.63826776,0.5287261,0.41216862,0.31903648,0.27772123,0.23928301,0.22030716,0.19762838,0.19321235,0.19150366
0.2496192,0.23505324,0.17026472,-0.030893445,-0.12804216,-0.18635383,-0.18959492,-0.13831492,-0.059859544,0.038206585,0.12119737,0.16441077
-0.059795678,-0.106225796,-0.12453554,-0.14293274,-0.14212644,-0.15071198,-0.1375152,-0.10463859,-0.06520811,-0.02304463,0.008083681,0.026451584
0.20878853,0.1933337,0.18528557,0.16027465,0.12872557,0.12045108,0.103157386,0.090939514,0.06644486,0.039083116,0.024017774,0.0177823
-0.05429084,-0.014396854,-0.013312459,-0.03729581,-0.03326664,-0.034683827,-0.029972058,-0.032898568,-0.01605646,0.0059742164,0.017275762,0.022145838
0.1333904,0.10056151,0.069087625,0.024811879,-0.0022992343,-0.019324169,-0.026074573,-0.010942135,0.007077407,0.026928283,0.047197033,0.058925267
0.33833107,0.365093,0.38746077,0.3279601,0.2804108,0.26253787,0.241488,0.19749403,0.14729589,0.08771338,0.06454778,0.05045049
0.22386554,0.24254167,0.2575448,0.2386829,0.20066576,0.15754509,0.117210746,0.07637625,0.029300408,-0.0072110193,-0.028133469,-0.046994567
0.042122096,0.035243772,0.038538933,0.046797045,0.042829286,0.045920637,0.042915035,0.042618163,0.027775176,0.013680603,0.004858004,0.0006637685
0.016458374,-0.008552957,-0.038521893,-0.066356465,-0.07993887,-0.085695975,-0.08162893,-0.06384512,-0.034979716,-0.010815654,0.008903906,0.021891946
0.13811505,0.07936542,0.04634857,-0.026530653,-0.06468181,-0.08439993,-0.08454245,-0.07035584,-0.042655878,-0.016899245,0.006933408,0.028584125
-0.03305623,-0.032925636,-0.042472053,-0.050052546,-0.046007477,-0.039896827,-0.031280123,-0.021825153,-0.0074206293,0.0051740743,0.013114146,0.0179746
0.3821765,0.26601827,0.16967997,0.0710617,-0.026381403,-0.017992303,-0.008196726,0.062326897,0.13785762,0.18582319,0.2613692,0.32853666
-0.37903205,-0.39699715,-0.3810089,-0.36054155,-0.30971876,-0.27978784,-0.23495969,-0.20698948,-0.17880127,-0.15668058,-0.15764427,-0.14835738
0.086955756,0.0057438463,-0.07409744,-0.18695152,-0.23764578,-0.26660785,-0.25657934,-0.19584474,-0.10535064,-0.00746118,0.068925135,0.11944832
-0.087733395,-0.111031115,-0.11957459,-0.13398308,-0.120174654,-0.12092662,-0.096621744,-0.0647047,-0.024046507,0.020213734,0.052197985,0.06878342
0.293189,0.3070464,0.2982394,0.20222932,0.14879228,0.11056926,0.091567785,0.08538917,0.09553328,0.13294268,0.15081991,0.17192373
-0.3329109,-0.3184932,-0.32541692,-0.25659794,-0.20375594,-0.15965943,-0.14104405,-0.12352443,-0.11240491,-0.106664374,-0.11393009,-0.12188549
-0.058454514,-0.033666186,-0.01881995,-0.0015724674,0.009510592,0.0057118703,0.006024774,-0.003645897,-0.003316193,0.0034073777,-0.0013267109,-0.003245607
0.04160528,0.02194824,-0.001566127,-0.042912886,-0.05618628,-0.07223977,-0.073886506,-0.059007253,-0.03912409,-0.012193406,0.0068340376,0.014922142
0.6308218,0.50501525,0.32907975,0.11783975,-0.0022589564,-0.067385614,-0.057154536,0.014626801,0.13145548,0.2020638,0.3038775,0.35972738
0.11754605,0.13594759,0.15273395,0.14153764,0.13158303,0.12276374,0.1131963,0.096776456,0.07315019,0.05169878,0.039139226,0.030316152
0.7849424,0.6037343,0.38487053,0.14123726,-0.03117919,-0.1419599,-0.16402215,-0.04432565,0.13157254,0.2677829,0.42989022,0.5153003
-0.101665914,-0.08882502,-0.08363507,-0.08661693,-0.081148475,-0.076705284,-0.07042441,-0.066491835,-0.055589695,-0.046409257,-0.038932662,-0.035467602
0.22208187,0.22326922,0.20169362,0.11926501,0.07302211,0.04665018,0.03157036,0.028547559,0.037397284,0.06312535,0.07569773,0.09261545
-0.3763301,-0.42639992,-0.4276992,-0.32719997,-0.25295436,-0.20737803,-0.16448557,-0.11436423,-0.08395419,-0.070815995,-0.06634157,-0.06485297
-0.14767012,-0.18657213,-0.2144772,-0.21167883,-0.18912438,-0.18189064,-0.16260125,-0.12588364,-0.08563724,-0.04468025,-0.021152176,-0.0077275746
1.3441178,1.3085636,1.2292497,0.9074311,0.69129753,0.5646765,0.48858002,0.46689206,0.42572686,0.418684,0.42140344,0.44544375
-0.24539994,-0.24300048,-0.25035837,-0.23123923,-0.19588384,-0.18503365,-0.16293314,-0.13902065,-0.100054264,-0.058685757,-0.03933633,-0.03137905
-0.16637264,-0.15326485,-0.14287719,-0.10395289,-0.07280214,-0.0663151,-0.05055958,-0.038712654,-0.022016658,-0.0019023176,0.008311085,0.0086035915
0.24672413,0.1471042,0.038955986,-0.14877069,-0.24097115,-0.32579148,-0.33581161,-0.27968138,-0.18958744,-0.086636156,0.0003213361,0.043601006
0.25626767,0.24070165,0.1978576,0.115694776,0.06115374,0.0414204,0.01611739,0.016484242,0.029593673,0.047976375,0.064881906,0.07995927
-0.3979984,-0.33707047,-0.3084796,-0.21974409,-0.15140814,-0.12894493,-0.11184946,-0.11492186,-0.107588276,-0.08688912,-0.089320816,-0.09853925
-0.016490292,-0.009151589,-0.029561162,-0.052728906,-0.057635006,-0.06968615,-0.07260831,-0.06454852,-0.040318005,-0.010960409,0.0072972476,0.01486285
-0.20053108,-0.20476294,-0.17816256,-0.13831155,-0.10507271,-0.07564474,-0.05050674,-0.042612366,-0.039501563,-0.049157076,-0.059818722,-0.060029157
-0.09748842,-0.08711555,-0.05827862,-0.03181056,-0.011762202,0.0016099289,0.009730667,0.002531819,-0.011421336,-0.0295042,-0.044222865,-0.04994291
0.016867347,0.025928464,0.017848507,-0.0063723135,-0.016610583,-0.014529141,-0.017694337,-0.02341774,-0.025369782,-0.030818539,-0.03455432,-0.035095993
-0.062896416,-0.05386327,-0.057164982,-0.026968174,-0.010989346,0.0069891885,0.00012798607,-0.003365077,-0.013839375,-0.02625575,-0.043341756,-0.05133107
0.21423769,0.1849713,0.09529436,0.005776167,-0.06313592,-0.12412995,-0.12534237,-0.07207358,0.0019408166,0.0809266,0.16459996,0.19797638
-0.07134186,-0.095240526,-0.12178893,-0.14440449,-0.14949575,-0.13810743,-0.12976266,-0.10810876,-0.07496827,-0.044981897,-0.020883255,-0.0032712258
-0.491854,-0.4082873,-0.25521892,-0.055404723,0.054319024,0.11782265,0.14137334,0.079300106,-0.025434032,-0.13954854,-0.23452887,-0.2871357
0.33720765,0.36006525,0.3734898,0.34505802,0.30176258,0.28093597,0.24556574,0.20035818,0.14417775,0.0879703,0.054582372,0.035098635
-0.03871518,-0.022243986,-0.0006851088,0.003382787,-0.010296136,-0.013694078,-0.046239443,-0.096194655,-0.16968977,-0.24109863,-0.30595115,-0.3368738
-0.1039812,-0.13901077,-0.16176824,-0.16498743,-0.15208754,-0.1479652,-0.13389194,-0.10193117,-0.06052635,-0.01885901,0.01060294,0.024910776
0.11792754,0.14693901,0.17103687,0.15928942,0.14401862,0.1482417,0.1353341,0.10309403,0.06657809,0.029834583,0.0029065497,-0.0067087226
-0.017968407,-0.01882436,-0.018334165,-0.003781991,-0.0004555476,0.002019656,0.0071335994,0.014831796,0.02195031,0.026289243,0.029319838,0.031791694
0.13646081,0.11598629,0.1290414,0.16561943,0.16125134,0.15904027,0.14449164,0.13035557,0.092256054,0.04207456,0.011161812,-0.007102616
-0.0018818162,-0.0067748493,-0.0006451409,-0.007246118,-0.009652859,-0.015203568,-0.015388735,-0.018405577,-0.020437688,-0.021781173,-0.021789107,-0.022146478
-0.16768306,-0.24531573,-0.28730282,-0.29205948,-0.27458322,-0.2710599,-0.22961396,-0.15239155,-0.06734922,0.015486874,0.08008161,0.116712704
0.05386351,0.04383728,0.03850516,0.015291691,0.0047617555,-0.036939114,-0.022147447,-0.00079475343,0.030662604,0.0675415,0.10389325,0.11594682
0.01926597,0.025236852,-0.014267616,-0.061199024,-0.06806946,-0.076040596,-0.05843176,-0.027191177,0.013723515,0.056570325,0.091219716,0.10549225
-0.13200866,-0.10545654,-0.051615,0.056749135,0.097151175,0.12766354,0.12536049,0.0986314,0.04466609,-0.013786096,-0.05882742,-0.08215458
-0.018394977,-0.008195672,0.014390551,0.037840765,0.047630046,0.04619201,0.05445156,0.051861964,0.052410714,0.053209476,0.05548545,0.055869598
0.041282803,0.025239069,0.012335084,-0.018164579,-0.030595861,-0.03201263,-0.029033732,-0.02141942,-0.0060952846,0.005771877,0.0139250085,0.02332491
0.2046063,0.30975634,0.37989536,0.38301033,0.3651323,0.33599117,0.32746702,0.28770754,0.24296945,0.20016469,0.1805295,0.16072795
-0.021002576,-0.035022277,-0.044094697,-0.05270777,-0.052108027,-0.062027954,-0.05750677,-0.04717201,-0.03210712,-0.015274968,-0.006154485,-6.67274e-05
0.1999818,0.17343955,0.1351072,0.05130525,-0.0046146214,-0.030242115,-0.024798498,-0.01033143,0.026748456,0.057790134,0.09395766,0.12248076
-0.06322139,-0.09034659,-0.11197451,-0.123182185,-0.12029414,-0.11454889,-0.10146781,-0.07875335,-0.05242106,-0.029655669,-0.012982648,-0.0024887528
0.11689281,0.080653176,0.039850026,-0.020476274,-0.06456409,-0.086756736,-0.11526473,-0.1146781,-0.10387385,-0.08790673,-0.071758576,-0.062404893
-0.08473194,-0.054158144,-0.08259736,-0.0722151,-0.0680848,-0.07008256,-0.06273428,-0.03732688,0.006404996,0.046970524,0.08296233,0.0929586
0.08450299,0.13970211,0.16128317,0.1410407,0.13367766,0.12718987,0.12324786,0.09728916,0.089094564,0.083364084,0.07553401,0.07481553
-0.18856369,-0.15690327,-0.12478286,-0.035724536,0.00057528913,0.010483459,-0.0030690134,-0.02337011,-0.05417836,-0.07784692,-0.108829886,-0.12959933
0.061968032,0.028772265,0.011247098,-0.018348455,-0.029707275,-0.037437487,-0.032445926,-0.018856674,-1.6219914e-05,0.018362056,0.03333958,0.043567773
0.18349843,0.18187934,0.19872008,0.19657835,0.17334768,0.16817322,0.14765704,0.12204176,0.07867845,0.03542027,0.008695185,-0.002918452
0.2729201,0.25927755,0.2208709,0.1479358,0.09950116,0.06806305,0.05336091,0.063668236,0.082603246,0.10636197,0.13434684,0.14790754
-0.21257114,-0.13857974,-0.14257638,-0.08811663,-0.05739896,-0.057641067,-0.05041492,-0.044037014,-0.011287974,0.02746661,0.0512093,0.05027722
0.006242823,0.06051231,0.12177211,0.18544936,0.2042174,0.22344467,0.20461524,0.1515285,0.09823302,0.047823243,0.006117061,-0.015791908
-0.13844706,-0.17503491,-0.18310869,-0.21765198,-0.22768275,-0.3041148,-0.26169658,-0.19124883,-0.069025524,0.06246175,0.17727554,0.231542
0.06947641,0.116931155,0.14863853,0.16653599,0.16393399,0.16457036,0.13645,0.08796117,0.033821587,-0.016430555,-0.05940662,-0.083112784
-0.0979523,-0.099735096,-0.10822801,-0.11753777,-0.100690804,-0.10322104,-0.0747765,-0.04931832,-0.013893813,0.019263078,0.04913658,0.05891552
0.3440164,0.52608806,0.4156844,0.30227962,0.23476464,0.20086727,0.123127215,0.09221587,0.13890325,0.21810392,0.25779885,0.26064065
0.027023613,-0.016252704,-0.062082604,-0.09845065,-0.11340489,-0.12662706,-0.1305593,-0.10186814,-0.06992783,-0.035108306,-0.008697033,0.0032808892
-0.060090497,0.0008751601,0.045092717,0.045981884,0.046682373,0.025309093,0.028859366,0.007916262,0.0061912965,0.01338793,0.02512873,0.024095925
-0.36216187,-0.29694584,-0.21418941,-0.034467876,0.053612262,0.11599675,0.11578807,0.072544634,-0.009879902,-0.09057391,-0.16875505,-0.21472016
-0.31599632,-0.28686664,-0.24324736,-0.14231783,-0.07571429,-0.023707226,-1.50203705e-05,-0.0050928444,-0.035238132,-0.06809784,-0.10658562,-0.12584256
-0.012739513,-0.014509777,-0.016153939,-0.027321657,-0.024776088,-0.028159983,-0.026779743,-0.02435274,-0.010217244,0.007379952,0.017981388,0.022302534
0.4491322,0.44656387,0.43716535,0.36752793,0.3003386,0.2612553,0.21987325,0.1863124,0.14029703,0.09455246,0.07185778,0.059687868
0.10172382,0.1181983,0.113324136,0.10073363,0.085846424,0.07594533,0.07533968,0.073581204,0.072666086,0.07197541,0.07336183,0.07576091
0.5270861,0.52528286,0.50190496,0.34505922,0.2531488,0.21364069,0.20429158,0.18586862,0.18252045,0.18272945,0.20122585,0.21986184
-0.036486637,-0.063656226,-0.063371696,-0.06744969,-0.07073137,-0.05605422,-0.051601853,-0.053404577,-0.061589453,-0.077830926,-0.089038745,-0.08719552
-0.55056125,-0.45436552,-0.40086985,-0.25138903,-0.13401228,-0.03810343,-0.014756888,-0.038921684,-0.076595366,-0.11705052,-0.17320077,-0.2098841
0.02249453,0.037880678,0.051797815,0.06150253,0.062309563,0.067332394,0.065475926,0.0620139,0.05509326,0.053288046,0.046662647,0.045593474
-0.43193108,-0.40624902,-0.335508,-0.19027793,-0.10274139,-0.039910108,0.0015166402,0.0030184835,-0.025368981,-0.066566184,-0.10128192,-0.11956833
0.1677471,0.14835438,0.11546845,0.07622835,0.041873347,0.024245478,0.005407963,0.0037151985,0.011611061,0.019206613,0.030480899,0.03633059
-0.28186736,-0.28243232,-0.2806993,-0.25988415,-0.2328969,-0.21604052,-0.19112903,-0.17123738,-0.14152493,-0.114743814,-0.09914933,-0.0889848
-0.45777217,-0.40141103,-0.37396565,-0.26340693,-0.19077072,-0.13787971,-0.12235117,-0.12046407,-0.12204681,-0.12224304,-0.13398087,-0.1469354
0.01507527,0.08523694,0.12419267,0.18216866,0.20574856,0.23738585,0.2297925,0.18564558,0.12425068,0.058248844,0.0039756075,-0.025590673
0.04193265,-0.0020808503,-0.04070037,-0.098728284,-0.12355451,-0.13567102,-0.13027649,-0.1034531,-0.06549698,-0.027983222,0.0029822756,0.024138074
0.1426452,0.14206505,0.13121933,0.09217496,0.065583475,0.04664153,0.025509354,0.013404392,0.008887669,0.0108426595,0.011127351,0.01240147
0.35537905,0.3494144,0.33497152,0.25861716,0.19591692,0.15668087,0.112932995,0.091984056,0.067689165,0.060278136,0.054032404,0.0520209
-0.16502908,-0.17981884,-0.18736291,-0.17873064,-0.15710814,-0.14624596,-0.12095899,-0.09318442,-0.060687467,-0.029681146,-0.009880919,0.0014665909
0.41757137,0.44626898,0.5038584,0.48626244,0.44095796,0.43067527,0.3717001,0.28626877,0.15121405,0.011999801,-0.081789166,-0.12751885
-0.6182731,-0.48740387,-0.32710516,-0.19466919,-0.11213189,-0.0073370337,0.02394247,-0.060339212,-0.14510235,-0.24993345,-0.33386517,-0.3562212
0.47854835,0.35817164,0.22911859,-0.00034958124,-0.12785935,-0.21469086,-0.22402397,-0.15522307,-0.057018504,0.051220752,0.15375987,0.21352582
0.053279076,0.043853775,0.008060582,-0.021693468,-0.04031767,-0.055678558,-0.061079938,-0.041412592,-0.0036075637,0.038924813,0.070412576,0.08612606
0.13951835,0.16412288,0.14873666,0.13607424,0.11880116,0.103274554,0.08456634,0.075532764,0.060258023,0.053984296,0.051375605,0.041963235
0.30175957,0.28341252,0.25158578,0.16695434,0.111408144,0.082264595,0.06561044,0.06831105,0.07831296,0.093030035,0.11296558,0.12600356
-0.17102912,-0.044467732,-0.036413297,0.06366821,0.09154379,0.11603667,0.1069567,0.08210253,0.06999164,0.048047297,0.03208722,0.013839437
-0.03296584,-0.06514448,-0.0789244,-0.0757395,-0.076269835,-0.07626732,-0.0739625,-0.06402725,-0.06394836,-0.06596635,-0.07122544,-0.07165042
0.18761969,0.13274765,0.07997751,-0.005740851,-0.052069873,-0.08731705,-0.08790085,-0.05353193,-0.011638217,0.03405875,0.08019591,0.10428277
0.22346735,0.24044058,0.22303438,0.16663171,0.124670684,0.09928288,0.06904945,0.047951117,0.037797347,0.0356615,0.035572156,0.035241786
-0.052904204,-0.06416678,-0.07588186,-0.06512881,-0.06224874,-0.063435495,-0.06968651,-0.06251154,-0.05388011,-0.047305334,-0.041938473,-0.043693714
-0.3727908,-0.3756399,-0.34600693,-0.26408246,-0.17221445,-0.14519784,-0.11161724,-0.08603575,-0.07949147,-0.05696037,-0.05871228,-0.07171414
-0.47291932,-0.5072424,-0.4921208,-0.393485,-0.3166542,-0.2515533,-0.20933071,-0.17478287,-0.15615946,-0.14669111,-0.15285152,-0.14813802
0.71420825,0.67977065,0.6356286,0.50740874,0.39306307,0.32134336,0.27293223,0.25588322,0.23432517,0.22603227,0.23733853,0.24745688
0.05689002,0.0868579,0.1167919,0.17774503,0.18969321,0.21802013,0.2009366,0.17195448,0.10718083,0.037227146,-0.016043086,-0.044751115
-0.12147649,-0.09747569,-0.14146814,-0.10663842,-0.084746875,-0.08362453,-0.07430532,-0.049255602,-0.0056651086,0.03870723,0.06072273,0.0650807
-0.41902623,-0.4465768,-0.37878823,-0.22975394,-0.13512652,-0.10753372,-0.07363695,-0.054295763,-0.05380801,-0.05817473,-0.07059874,-0.08499849
0.46044153,0.40560716,0.36151838,0.2875779,0.2215372,0.20758557,0.18023303,0.19148758,0.19617072,0.1909821,0.21424782,0.22813548
-0.040008884,-0.017460167,-0.0049765036,0.031285927,0.040643215,0.05772052,0.043429166,0.02396439,-0.0054043643,-0.03535764,-0.057785094,-0.07256341
-0.047706597,0.025165468,0.10583283,0.22508004,0.2613265,0.2578184,0.22044498,0.15984988,0.07691795,0.010907672,-0.048243895,-0.09005658
0.17630157,0.19067737,0.17585969,0.18611321,0.17286524,0.18724686,0.17004386,0.1593149,0.14012149,0.11553289,0.09737852,0.09242217
-0.18073331,-0.18085992,-0.15086055,-0.06605996,-0.020624548,0.0069930553,0.0175986,0.017307729,-0.0076089203,-0.034442723,-0.061414678,-0.07606132
-0.573584,-0.58711725,-0.5563792,-0.42219055,-0.30414236,-0.24142042,-0.18698844,-0.15371814,-0.14017344,-0.13014892,-0.13657533,-0.14891785
0.098064944,0.09457676,0.07338421,0.032012753,0.009994179,-0.00026875734,-0.0076911673,-0.0077862963,0.003451461,0.011377485,0.019147746,0.025544073
0.18928951,0.16008326,0.13041258,0.07350466,0.039949983,0.011106685,0.00777252,0.022254013,0.044135213,0.06669225,0.0884068,0.100132085
0.046530727,0.056759365,0.032203473,0.04140316,0.038834155,0.022840813,0.012097925,0.016703121,0.023218244,0.036314923,0.05129613,0.045550425
0.51050764,0.5323998,0.5066092,0.39560616,0.31115884,0.2738281,0.22896877,0.19542998,0.17070866,0.15556169,0.15594704,0.1596143
0.071623564,0.042628337,0.032565705,0.022178497,0.011190537,0.009025818,0.0059495587,0.008960359,0.0043059485,-0.0025130939,-0.010312492,-0.008755894
-0.7743325,-0.7982785,-0.7394695,-0.6113562,-0.49547994,-0.42740345,-0.33982462,-0.29610735,-0.24149522,-0.20460463,-0.1962451,-0.1774882
0.4701354,0.4696405,0.50641066,0.4420937,0.38135347,0.32076812,0.3127726,0.31035608,0.27360898,0.24338087,0.2702868,0.26297635
0.033790946,0.041825853,0.030844081,0.042772636,0.043732293,0.06585811,0.062095843,0.05687626,0.050369456,0.029887486,0.017347142,0.011186913
-0.65459645,-0.43716213,-0.40246606,-0.32438433,-0.23175782,-0.17938726,-0.14950165,-0.16934055,-0.12624985,-0.06729763,-0.06216292,-0.068743534
0.22777145,0.20333943,0.17685668,0.13127118,0.0909864,0.07490544,0.055627167,0.05447548,0.052342128,0.049020894,0.055739038,0.06025105
-0.017349653,-0.053747408,-0.09130314,-0.13630717,-0.1534426,-0.16010554,-0.16396847,-0.14963348,-0.15182246,-0.15423527,-0.15089193,-0.15259323
-0.027175758,-0.04391466,-0.051920712,-0.053220235,-0.057013825,-0.054867078,-0.051895227,-0.041682903,-0.032278806,-0.02536406,-0.016987622,-0.012123702
0.57574695,0.55803263,0.5539654,0.43271276,0.3352204,0.2823668,0.21797407,0.16749105,0.10403291,0.041156244,0.017808225,0.002346933
0.1737163,0.20728663,0.186202,0.1304864,0.095099196,0.0770556,0.05506838,0.041585825,0.047095098,0.058586307,0.07069234,0.07328063
-0.019645825,-0.04588213,-0.064932056,-0.073688574,-0.07587966,-0.07167047,-0.068750545,-0.055606067,-0.038075954,-0.026410002,-0.014129404,-0.0069552977
0.11108825,0.10109883,0.12712274,0.12963174,0.12284993,0.115403295,0.098907776,0.0755932,0.05335265,0.029981803,0.01663129,0.009912759
-1.7504964,-1.8307804,-1.6873811,-1.0350322,-0.66417754,-0.4052108,-0.2813704,-0.21234179,-0.2959402,-0.43065205,-0.56369305,-0.65019107
-0.018566389,-0.020961728,-0.05317061,-0.06423411,-0.06687504,-0.0887239,-0.08258133,-0.056002706,-0.007957727,0.049937546,0.091119446,0.108371586
0.6964963,0.61273724,0.5154847,0.24819657,0.11069137,0.037237704,0.021860719,0.044953465,0.1108852,0.17373523,0.2555085,0.30437657
-0.21776822,-0.18033268,-0.15495974,-0.08666379,-0.036082946,-0.01734018,-0.0040986836,-0.00647144,-0.0023026094,0.00078476034,-0.0037909169,-0.013184272
0.5073568,0.47145054,0.40332192,0.22897536,0.12158859,0.05265537,0.025110334,0.028479457,0.064500906,0.10755804,0.1545299,0.18308046
0.27202255,0.38784102,0.50665283,0.6030201,0.5907016,0.58236194,0.50814193,0.3670916,0.1753281,-0.022628795,-0.15941192,-0.2438221
-0.12318718,-0.08763778,-0.08288421,-0.06472345,-0.03756593,-0.02548011,-0.009879639,0.0016957838,0.0103057865,0.028567526,0.039355095,0.037434746
0.14365679,0.12459113,0.091485515,0.0042357445,-0.03298773,-0.063155726,-0.063009694,-0.048009858,-0.005142875,0.038019378,0.07548401,0.09688957
-0.043108895,-0.04591124,-0.06340495,-0.071131885,-0.07095773,-0.08251225,-0.074704,-0.052564085,-0.024033826,0.008787016,0.03346251,0.042406347
0.09975354,0.16339356,0.230043,0.2884857,0.2890473,0.3143296,0.27495414,0.19627535,0.089458816,-0.020131122,-0.10823018,-0.15216899
-0.4827807,-0.47414207,-0.46149635,-0.36209783,-0.28185976,-0.22775842,-0.18412314,-0.14324102,-0.100540735,-0.06749052,-0.049045496,-0.04339239
-0.19905822,-0.21560284,-0.18571086,-0.12040978,-0.07557017,-0.0514711,-0.030475408,-0.023840852,-0.03432352,-0.04841479,-0.06367326,-0.07077573
-0.37902638,-0.24918905,-0.23209468,-0.09503223,-0.016200706,0.019323975,0.015822902,-0.007367447,-0.01750511,-0.022685021,-0.04796846,-0.08210638
-0.15126282,-0.09707329,-0.013103217,0.10337368,0.15113142,0.19251993,0.17586073,0.115437776,0.01484777,-0.0862128,-0.16838776,-0.21327655
-1.1754934,-1.189414,-1.0875506,-0.77259904,-0.5610646,-0.4149873,-0.30676845,-0.25334963,-0.2547135,-0.28288627,-0.32870644,-0.34478527
-0.012859565,-0.010341609,-0.005609475,-0.03645786,-0.03772153,-0.050016724,-0.044231877,-0.044450864,-0.03227179,-0.015169991,-0.006566629,4.1395426e-05
-0.12491392,-0.11365852,-0.08387004,-0.07105216,-0.05419008,-0.05345595,-0.034553237,-0.032902867,-0.029431295,-0.025376529,-0.030000934,-0.027650207
0.09423541,0.09267378,0.06938235,0.0651384,0.06346215,0.06638092,0.06135795,0.062174007,0.052903954,0.052157655,0.03660474,0.033432283
0.15136088,0.13557474,0.11058409,0.04953468,0.013608173,-0.0058714077,-0.00885959,0.00096677244,0.022305932,0.042484537,0.06800104,0.08240706
0.12418391,0.12009381,0.09815442,0.0612014,0.042276353,0.021923125,0.01698722,0.023926094,0.04190365,0.0630389,0.082730375,0.088752136
-0.100747794,-0.10894813,-0.11996795,-0.101686254,-0.08779439,-0.08587104,-0.0738447,-0.053922754,-0.03302496,-0.010355525,0.0015661484,0.0073050596
0.29748398,0.2538982,0.1826207,0.021288648,-0.0585967,-0.0992547,-0.11946386,-0.097765535,-0.055391967,0.0027212873,0.04891105,0.08251939
-0.1154304,-0.11030719,-0.057789028,-0.011396199,0.00046652555,0.060598254,0.06072125,0.026415199,-0.017550558,-0.076922536,-0.1131644,-0.11552014
-0.07878211,-0.12695165,-0.098616384,-0.094018266,-0.08852805,-0.07567175,-0.06611982,-0.07117809,-0.09602666,-0.12974846,-0.15020919,-0.15240279
0.32493812,0.20673823,0.08042392,-0.13094461,-0.23682293,-0.28093034,-0.27694818,-0.20837373,-0.094951645,0.017329335,0.11612307,0.18287238
0.38261977,0.39335105,0.33669615,0.25265396,0.18174794,0.1462738,0.11664766,0.11697478,0.13151318,0.14991376,0.17149934,0.18323742
0.16125338,0.17189687,0.15317133,0.11607624,0.083148524,0.05981896,0.041611135,0.032411277,0.038262714,0.04675655,0.057121627,0.060630016
0.18418919,0.15515509,0.13717046,0.08957912,0.05343008,0.032095537,0.025508352,0.028742164,0.032370266,0.035015397,0.040886775,0.05004851
0.38687742,0.34804866,0.3272811,0.20225233,0.12427297,0.07945943,0.051725626,0.03279975,0.018497825,0.007665001,0.0153782945,0.022411227
0.12350235,0.12567042,0.11710358,0.073483884,0.050248012,0.037371837,0.02720159,0.021627728,0.025323013,0.03140537,0.037353877,0.04194325
0.24881,0.2572996,0.2366781,0.18416655,0.14420956,0.118577376,0.097271726,0.088542186,0.083801724,0.08983804,0.092964694,0.095910564
-0.042219996,-0.05736753,-0.078752026,-0.09267305,-0.09299466,-0.09661461,-0.092316926,-0.073740855,-0.047646455,-0.017437037,0.0033013932,0.01390307
-0.07765265,-0.11172132,-0.12698871,-0.14423087,-0.14374521,-0.13770345,-0.13138436,-0.116341144,-0.09600717,-0.08311485,-0.073556066,-0.06562881
-0.19718389,-0.1934155,-0.20286304,-0.16645178,-0.13392165,-0.10804375,-0.09519798,-0.074592486,-0.044664353,-0.01586394,-0.0047585275,0.002742827
-0.044968914,-0.035692908,-0.031959362,-0.028125651,-0.022178113,-0.014717646,-0.012732465,-0.016076094,-0.019697692,-0.022785163,-0.028658353,-0.030031474
0.27716672,0.265042,0.25625634,0.20746085,0.16542429,0.14958845,0.124231294,0.10760906,0.08002265,0.05404919,0.042998202,0.03939466
-0.29564252,-0.29204148,-0.28217703,-0.21533452,-0.17078373,-0.14451173,-0.11972136,-0.100244895,-0.08217784,-0.0668997,-0.06359309,-0.06238357
0.66448313,0.64255077,0.6254215,0.55008477,0.46445602,0.42244828,0.37636378,0.33246863,0.2633804,0.19436428,0.15653047,0.13797897
-0.044214036,-0.05205421,-0.08096767,-0.064970195,-0.056181423,-0.04830314,-0.036723044,-0.014333453,0.011197541,0.032338195,0.046338566,0.051728144
-0.06242137,-0.07143089,-0.047917757,-0.02728992,-0.007924974,-0.005779743,0.0026600882,0.008812938,0.007819403,0.018928763,0.018832749,0.023283998
0.05006919,0.015108652,-0.039201066,-0.11298075,-0.13357764,-0.13670821,-0.109980114,-0.064675435,-0.001109153,0.05363159,0.10334681,0.1337771
-0.003844087,0.03247688,0.02346519,0.024563737,0.030464862,0.029929306,0.025344007,0.019577203,0.017964574,0.029110547,0.026769832,0.024619551
-0.04542588,0.0045374185,-0.16782773,-0.20256767,-0.18878177,-0.16487369,-0.11072171,-0.045175463,-0.0047186315,0.0582321,0.09557782,0.10944672
-0.19605254,-0.20444351,-0.18947136,-0.103727944,-0.061154574,-0.028171971,-0.015783481,-0.010563843,-0.024433874,-0.046950992,-0.067765325,-0.080277726
0.22763325,0.28929377,0.3597818,0.38856912,0.36042863,0.37041894,0.32833695,0.24721652,0.13166234,0.006477382,-0.07368842,-0.114332706
-0.26788926,-0.26163632,-0.2603487,-0.17847128,-0.120760895,-0.07833503,-0.04158312,-0.020481158,-0.029442003,-0.045241065,-0.05748283,-0.072352886
0.18811044,0.12951286,0.08147767,0.022868186,-0.021092534,-0.04675767,-0.047025427,-0.008859053,0.022767566,0.05043403,0.08838728,0.10721436
0.3826658,0.34922323,0.27478275,0.10489261,0.015533119,-0.029441878,-0.04578133,-0.025556117,0.029848203,0.09054865,0.14735544,0.18514037
-0.4946647,-0.49430302,-0.2928961,-0.022430182,0.07794863,0.14641488,0.1275819,0.01028201,-0.18969584,-0.41313407,-0.5768358,-0.65526175
0.35553467,0.35786742,0.37538788,0.34254605,0.28078434,0.277193,0.22260836,0.16055001,0.088072866,0.013300065,-0.038858965,-0.05176472
0.19026975,0.20070091,0.16457587,0.07847467,0.04237035,0.0069812834,0.0091352165,0.03045562,0.051748738,0.084211074,0.12936893,0.13630407
0.35097843,0.40718186,0.45560583,0.43341509,0.3669287,0.32011986,0.3058347,0.2629499,0.20161109,0.1431198,0.12543854,0.11074148
-0.15749568,-0.16747446,-0.18425497,-0.16531062,-0.139505,-0.12847733,-0.114445046,-0.09284748,-0.06951675,-0.043716628,-0.03237828,-0.027599186
-0.31712878,-0.33958104,-0.35674137,-0.33848277,-0.30189216,-0.2711638,-0.22322431,-0.17220956,-0.104028344,-0.03920123,0.0041488446,0.03250967
-0.111049384,0.056035876,0.15382728,0.24719973,0.31359196,0.31765404,0.30840474,0.20302673,0.13549493,0.08324541,0.009121891,-0.030303523
-0.06052253,0.046341993,0.053374015,0.18391699,0.19855092,0.20829256,0.176481,0.13735083,0.078512326,0.0149938585,-0.023380054,-0.067114875
0.009565755,0.029806366,0.05587904,0.078565404,0.08407478,0.094567075,0.09455679,0.08117848,0.058399092,0.03217085,0.017273441,0.010087758
0.06592783,0.06605627,0.04883275,-0.00010442175,-0.02090401,-0.037423007,-0.0430825,-0.04116954,-0.009837864,0.026484808,0.051254608,0.06840299
0.1606011,0.16240373,0.15188116,0.12828791,0.104662746,0.0981357,0.0769192,0.05970504,0.03790904,0.019927543,0.008771989,0.0038811322
0.19281226,0.16448316,0.100345194,-0.03330162,-0.082546085,-0.1334439,-0.13779634,-0.11003396,-0.036523484,0.048098065,0.11594361,0.14612411
-0.83597547,-0.7684724,-0.7144954,-0.5314121,-0.38858145,-0.3173669,-0.2490143,-0.23096654,-0.18548048,-0.14656703,-0.14830992,-0.15116751
0.17827341,0.17785756,0.16550466,0.12969276,0.10145193,0.089013204,0.07949233,0.06948011,0.05848771,0.04834506,0.042765655,0.043204553
-0.08170075,-0.07673383,-0.09379254,-0.12202636,-0.12145537,-0.12297622,-0.11026788,-0.09424555,-0.053993475,-0.014197411,0.013964111,0.03062332
-0.036580343,-0.05731214,-0.073444076,-0.08467554,-0.0809045,-0.071925804,-0.060254388,-0.040797815,-0.017274413,0.0036395432,0.018467657,0.029052237
0.24087465,0.2666824,0.28081113,0.27149165,0.24233899,0.23124304,0.2049281,0.16933422,0.12964658,0.08660513,0.059131715,0.046134442
-0.2080962,-0.22045442,-0.16918895,-0.11769453,-0.07615763,-0.03424847,-0.0025299042,-0.003958583,-0.026094668,-0.059584133,-0.08462245,-0.08951712
-0.16850564,-0.19569984,-0.18342254,-0.1727842,-0.15221669,-0.14872229,-0.11973155,-0.09879698,-0.07263166,-0.047055546,-0.026256457,-0.01237271
-0.026618686,-0.05181794,-0.11404006,-0.1727246,-0.17599432,-0.20464078,-0.19327308,-0.1340146,-0.048806712,0.05086127,0.12454524,0.15244427
0.16077763,0.15468214,0.14822327,0.09922501,0.067187205,0.058282483,0.045388263,0.03419008,0.026063453,0.01868033,0.016327227,0.021388933
0.45538044,0.391644,0.33953106,0.18125936,0.08843723,0.019952416,0.00013309717,0.011363745,0.034399584,0.060584206,0.09863135,0.119157076
0.12698236,0.10069852,0.06002699,0.003286004,-0.026964352,-0.04104524,-0.050492108,-0.036679044,-0.010443952,0.015488898,0.037929505,0.051501557
0.15272251,0.26104382,0.3149508,0.3976695,0.40042228,0.3930032,0.34108096,0.26540923,0.16896024,0.082428336,0.017882977,-0.033842307
-0.015523078,-0.025594866,-0.03171501,-0.037499152,-0.03007286,-0.026341118,-0.010505445,0.0054735467,0.013982292,0.023073537,0.03380417,0.037064865
0.14854088,0.16124393,0.15822417,0.11753741,0.094035275,0.08460872,0.080720276,0.06484333,0.065709755,0.06757424,0.06857216,0.076372445
0.13325816,0.15496452,0.14711563,0.09833656,0.0682333,0.047812678,0.03907104,0.037929162,0.048614956,0.06749698,0.08448627,0.095264435
0.15977582,0.12809688,0.096720845,0.044797763,0.014728546,-0.0044988543,-0.012826316,0.00019841641,0.018733248,0.03944765,0.06198146,0.07335936
-0.22048974,-0.17164451,-0.14904691,-0.080786765,-0.0388681,-0.052098192,-0.03925892,-0.027952872,0.00024049357,0.0399348,0.065020464,0.064781986
0.16493298,0.16083048,0.15843913,0.1420006,0.11733889,0.10712441,0.08789906,0.07161443,0.050421998,0.025149237,0.012253024,0.005224474
-0.31272203,-0.33239937,-0.33031422,-0.31514567,-0.28127062,-0.2587876,-0.22464864,-0.18689741,-0.13741256,-0.089398496,-0.061284114,-0.039680675
0.061899457,0.11327198,0.09920397,0.041509777,0.022556566,0.0017869249,-0.00029736012,0.0023560822,0.031142626,0.073274374,0.10313452,0.11526379
-0.0762794,-0.1236661,-0.15002435,-0.17377797,-0.17770328,-0.16492635,-0.15636839,-0.13693629,-0.11025986,-0.088284194,-0.07735181,-0.060648255
0.2527103,0.25100777,0.23219451,0.17073287,0.1254518,0.10014956,0.0708628,0.053679485,0.04494647,0.043716878,0.044972487,0.047803998
-0.33207995,-0.3232084,-0.3298475,-0.2472955,-0.19678488,-0.15687591,-0.16491537,-0.16024613,-0.15243857,-0.14564976,-0.15586427,-0.16630466
0.06647077,0.019452557,-0.07625829,-0.1852311,-0.21365897,-0.1994763,-0.17079276,-0.10436865,-0.02700618,0.05269734,0.112454414,0.15825294
-0.31267482,-0.32625777,-0.29217762,-0.21343964,-0.15840748,-0.11576973,-0.09326148,-0.08590293,-0.099226266,-0.11741018,-0.13665879,-0.14350279
0.019730516,-0.031012654,-0.08510625,-0.13795552,-0.15759322,-0.16281152,-0.16226907,-0.13283694,-0.09142883,-0.05263131,-0.021997541,-0.0021432638
-0.10228332,-0.079629794,-0.08277778,-0.072803676,-0.059477758,-0.054792497,-0.04865116,-0.040943287,-0.017098073,0.011750231,0.024823243,0.031560056
0.19051042,0.19712266,0.20769891,0.16418803,0.13111603,0.10550099,0.089067474,0.0712468,0.05147458,0.036253043,0.029908914,0.029071644
-0.06668059,-0.08019571,-0.08052193,-0.052280422,-0.036147818,-0.028271005,-0.024358269,-0.01837228,-0.014102669,-0.015083024,-0.016307592,-0.018698452
0.13366877,0.13669841,0.13366137,0.10238336,0.08257079,0.070987955,0.06685263,0.06338967,0.06540084,0.06871618,0.07484032,0.08045629
-0.028278623,-0.10906938,-0.16739786,-0.21736637,-0.23180638,-0.23088911,-0.20939383,-0.16072372,-0.098662786,-0.039459545,0.0047734343,0.037274897
-0.85472363,-0.8032016,-0.69016564,-0.49123797,-0.31907666,-0.23715174,-0.16126722,-0.15145704,-0.14581569,-0.13475665,-0.16144735,-0.17712499
0.00045892596,-0.010930885,-0.06563671,-0.083776474,-0.094356954,-0.100011304,-0.09314947,-0.053757448,-0.00121006,0.054655198,0.09544916,0.115237325
-0.2770042,-0.24929199,-0.2505426,-0.19241184,-0.14308631,-0.11465144,-0.09838542,-0.08460469,-0.076052554,-0.0641904,-0.06793919,-0.075937495
0.11443699,0.1544819,0.1744442,0.16394489,0.14524698,0.14725414,0.12971368,0.09876214,0.06552559,0.032241527,0.006760653,-0.0034902766
-0.10430137,-0.09505156,-0.07326213,-0.07570127,-0.06438519,-0.06498745,-0.053210188,-0.056898598,-0.051752593,-0.04087629,-0.040535573,-0.034635413
-0.2706259,-0.22166893,-0.1692482,-0.089105904,-0.029697925,0.001960069,0.021030173,0.010289915,-0.015427351,-0.039201297,-0.06323246,-0.081999496
-0.05951661,-0.09200105,-0.119255185,-0.12616703,-0.12065331,-0.11067332,-0.09957573,-0.07229746,-0.04666534,-0.02223238,-0.0066249534,0.005771401
0.3662502,0.36237988,0.33979106,0.24963179,0.1809785,0.14602149,0.121334076,0.10857877,0.11106813,0.11895061,0.13104329,0.14446582
-0.059016205,-0.04227211,-0.036230102,-0.02860606,-0.021349806,-0.022739325,-0.023023978,-0.024805013,-0.01924995,-0.010472087,-0.0068303226,-0.007851284
0.061029203,0.036280066,0.021571457,0.0192734,0.023806453,0.016647816,0.022593446,0.038901895,0.041965634,0.048040643,0.05677791,0.05411396
-0.13773423,-0.12099692,-0.09207298,-0.0421035,-0.014223725,0.0004281178,0.009641223,0.003065601,-0.0068861246,-0.0167967,-0.026549336,-0.03174386
0.08407346,0.07855277,0.07367956,0.057304733,0.045441814,0.040382013,0.033265103,0.026858058,0.010856563,-0.0014809072,-0.015752789,-0.01872712
-0.010511457,-0.015319949,-0.008824499,-0.017526023,-0.020179361,-0.012592018,-0.016123272,-0.023719624,-0.03617712,-0.047635354,-0.057668537,-0.05810049
-0.035633646,0.0033557862,0.036337048,0.10486419,0.12672302,0.14124799,0.12936911,0.09772458,0.045456823,-0.0063493783,-0.04494144,-0.072570056
-0.12443651,-0.12143422,-0.100663126,-0.05913523,-0.036537617,-0.016072892,-0.0095424205,-0.013786763,-0.028612938,-0.048639804,-0.06375769,-0.07058321
0.0077789174,0.023126587,0.024102319,0.019556388,0.015420875,0.009942416,0.004940875,-0.0017426196,-0.00052891555,0.0023438688,0.002937749,0.0015813112
0.4719266,0.42685187,0.39466718,0.27137747,0.18232992,0.14434843,0.11541145,0.10390273,0.09375432,0.08188434,0.08384776,0.09738226
-0.15651251,-0.1687924,-0.1946578,-0.16503198,-0.13959053,-0.12259216,-0.11715376,-0.09663973,-0.081232935,-0.063371114,-0.06326942,-0.06429347
-0.51513034,-0.49147815,-0.42135924,-0.26375157,-0.18058585,-0.18861474,-0.121183306,-0.10823427,-0.049368247,0.0047261715,0.038045287,0.059769273
-0.89500076,-0.94592,-0.855524,-0.5831667,-0.41073087,-0.30839482,-0.23750752,-0.19611585,-0.19914986,-0.22092342,-0.25808036,-0.27427098
0.04069286,-0.032334663,-0.06691505,-0.105813764,-0.12593701,-0.13762917,-0.13600487,-0.10935705,-0.08430137,-0.06239129,-0.03960277,-0.024516303
0.09679142,0.07630392,0.059440956,0.027882665,0.0048911683,-0.013119362,-0.02457453,-0.024062604,-0.017682428,-0.0077026836,0.00043592975,0.0061956756
0.5949907,0.5522126,0.4940449,0.36330187,0.25200105,0.20699567,0.16536145,0.15558736,0.15102242,0.14354354,0.16065755,0.17779556
0.032494966,0.022326615,0.0031157248,-0.010531001,-0.01734329,-0.02875854,-0.029156841,-0.015287343,0.004790794,0.028831664,0.04623635,0.054228343
-0.17964347,-0.21855378,-0.25438738,-0.26742506,-0.25251448,-0.24832067,-0.2269709,-0.18152942,-0.12680575,-0.06699451,-0.026328273,-0.005283937
-0.24710988,-0.25566047,-0.25856832,-0.22268811,-0.1848287,-0.16333082,-0.14685598,-0.12795272,-0.101500355,-0.075618036,-0.067957826,-0.06309888
-0.0012316629,-0.02666751,-0.03866608,-0.06838022,-0.07842349,-0.07854903,-0.0760248,-0.06332637,-0.0468504,-0.028973456,-0.01805955,-0.005066216
-0.10390744,-0.094023764,-0.10444156,-0.09761463,-0.0864099,-0.07898213,-0.06621486,-0.052250534,-0.02647474,-0.0016770079,0.015460873,0.024724707
-0.12595159,-0.06369554,-0.037929952,-0.02065944,0.0017905608,-0.0013608374,0.0016846582,-0.011488294,-0.006490701,0.0024519805,0.0024423413,-0.0028726347
0.061948985,0.027416945,-0.025485732,-0.059761226,-0.07995646,-0.097241886,-0.12670109,-0.11403109,-0.10353446,-0.08184225,-0.07105897,-0.07261804
0.027573489,0.026898874,0.00814436,0.008878082,0.004306756,-0.008161083,-0.014270142,-0.0024899766,0.01756486,0.041119523,0.060502075,0.06461634
-0.082914434,-0.12821604,-0.13654435,-0.13458218,-0.12651137,-0.14118612,-0.13004829,-0.107784666,-0.08470389,-0.059702415,-0.041271374,-0.033774585
-0.63382363,-0.54093,-0.32671165,0.07285982,0.25368267,0.38090283,0.38144332,0.2723148,0.045348704,-0.20182419,-0.40323353,-0.51782596
0.17742355,0.16076717,0.13869858,0.08541705,0.052979693,0.034654975,0.025583632,0.03226039,0.039176926,0.05350426,0.065786295,0.075396694
-0.074986145,-0.063543856,-0.1334912,-0.22535075,-0.23089139,-0.2312246,-0.21475779,-0.15707389,-0.064348385,0.08201339,0.121867165,0.17105445
0.4116434,0.3696803,0.35893837,0.273094,0.1963296,0.1782549,0.12123306,0.0744424,0.014764138,-0.05112543,-0.0896586,-0.10038541
0.05591906,0.057802614,0.05243348,0.024486443,0.010336628,-0.006277874,-0.010209495,-0.0101019405,0.0063068476,0.028634947,0.046856567,0.054952405
0.48174185,0.42186692,0.37814912,0.22375727,0.1226338,0.058357447,0.0042744726,-0.01472275,-0.026771098,-0.02338629,-0.014921792,-0.0005835444
