0.070711896,0.08100094,0.09049094,0.075463355,0.073746204,0.057994585,0.051450647,0.039376087,0.035036113,0.031451408,0.02939368,0.028621152
-0.22203119,-0.1801458,-0.16503489,-0.14911613,-0.12700488,-0.09866534,-0.07762555,-0.07409069,-0.067279324,-0.061755165,-0.059798867,-0.06387979
0.16249308,0.14569736,0.13044317,0.10385247,0.09349896,0.07891682,0.07321763,0.06622441,0.06547169,0.0654623,0.07014063,0.07156488
-0.009673294,-0.0051354803,-0.0056324154,-0.014723885,-0.021075575,-0.023142643,-0.021724459,-0.022452578,-0.019162385,-0.015147226,-0.011911846,-0.012004579
-0.47296757,-0.45077366,-0.3829183,-0.34014523,-0.304003,-0.2667393,-0.21670714,-0.1984089,-0.18654273,-0.18415792,-0.18573049,-0.18664001
-0.29253012,-0.3111158,-0.30956334,-0.28197816,-0.25359023,-0.21564168,-0.19680956,-0.16478181,-0.14372991,-0.1241167,-0.1170678,-0.1134052
0.18542257,0.16970325,0.15854886,0.14854789,0.13585523,0.12177837,0.1099355,0.099336416,0.08656916,0.07404744,0.068254575,0.064830616
0.078043446,0.08327416,0.07526797,0.07441485,0.065911956,0.057913557,0.04982823,0.043193266,0.04053161,0.03701432,0.036686685,0.03670127
0.08594838,0.07749671,0.066602424,0.058110654,0.051759586,0.04580564,0.04283572,0.04025779,0.038650993,0.040020354,0.042890966,0.0444972
0.009684511,0.00041169673,0.00087139755,0.025129773,0.032301374,0.037454613,0.024339769,0.021036537,-0.0013331817,-0.024679672,-0.042817637,-0.051020462
0.01374508,0.014124921,0.0074545313,-0.003039265,-0.0049546827,-0.002788851,0.00011817552,0.002751667,0.008230781,0.015208717,0.02151015,0.025876775
0.008593231,-0.002878083,0.01411574,0.029723346,0.042525265,0.043870956,0.0373058,0.032033138,0.014331273,-0.0038102688,-0.018371856,-0.0279403
-0.11745374,-0.09644878,0.08797607,0.032743663,0.0888409,0.028083205,0.1233567,0.051772594,0.055234104,0.022372589,0.021576434,0.019615158
-0.36555904,-0.3910237,-0.37831974,-0.35284838,-0.33368587,-0.30129588,-0.26415688,-0.22800429,-0.19726709,-0.16987877,-0.15376765,-0.14475001
-0.08740111,-0.0648493,-0.022412851,-0.010127246,0.010806628,0.020768926,0.027504519,0.0120327845,-0.009756014,-0.039086282,-0.061445665,-0.070791066
0.09379948,0.11886904,0.09917791,0.07626787,0.06690802,0.061920468,0.0555725,0.048811235,0.05646123,0.06445462,0.072652824,0.074942514
0.17967561,0.12931517,0.06691417,0.023929209,0.0014222562,-0.011057228,-0.02431184,-0.012922123,0.015530273,0.051022485,0.07707843,0.096945815
0.058689095,0.05098465,0.042800162,0.032243993,0.02717931,0.02031169,0.017199695,0.013391238,0.011485279,0.008535661,0.009627771,0.011398705
0.663514,0.59617376,0.562197,0.50935125,0.46545306,0.41691893,0.37609518,0.34505242,0.31525537,0.2877518,0.2771563,0.2726147
-0.04821903,-0.040523577,-0.04106882,-0.03237728,-0.030588575,-0.023224693,-0.021427175,-0.018621601,-0.018007204,-0.019655606,-0.020532764,-0.02095469
-0.08026424,-0.11752887,-0.10801275,-0.084307715,-0.06979897,-0.06089597,-0.05350616,-0.044981092,-0.05166029,-0.062133946,-0.06936136,-0.0749402
0.02783005,0.016477564,0.015548505,0.009362532,0.01574513,0.017357225,0.021889824,0.023891943,0.027661491,0.028953634,0.03136829,0.028651364
0.19139925,0.19596197,0.19282779,0.19454966,0.16266024,0.1299878,0.105424896,0.08405677,0.057342276,0.036909632,0.023589645,0.022023275
-0.23371875,-0.17073591,-0.1190812,-0.095240176,-0.07227492,-0.06175421,-0.038548827,-0.04726076,-0.04358366,-0.0523737,-0.05847171,-0.06626565
-0.22947048,-0.21517952,-0.20989789,-0.17597657,-0.16470397,-0.13780707,-0.12763675,-0.10912055,-0.10114614,-0.093913674,-0.09336392,-0.09342728
0.049900003,0.059218384,0.046732746,0.035878938,0.030314464,0.022501886,0.016737401,0.014977334,0.022575915,0.031663448,0.0385482,0.042151093
-0.04105495,-0.05966354,-0.07001615,-0.055456303,-0.056506675,-0.049792323,-0.045530364,-0.035415463,-0.030759662,-0.027446467,-0.02445268,-0.023519415
-0.012546767,-0.031764545,-0.04813249,-0.044412464,-0.04935098,-0.046303354,-0.04449185,-0.037079927,-0.033575755,-0.029215302,-0.024113918,-0.018738303
1.2602655,1.3002226,1.0530407,1.0011349,1.2153282,1.1448073,0.8206177,0.7308318,0.6488547,0.6349919,0.59892726,0.55779827
0.658315,0.7116474,0.67567027,0.57338595,0.5444207,0.48142865,0.4379681,0.3798906,0.3635158,0.35336173,0.3553831,0.34974444
0.03179589,0.016481593,0.025267117,0.034907054,0.045784,0.049451604,0.0396267,0.040108033,0.016939493,-0.001756791,-0.015045553,-0.024585053
0.10892089,0.111472726,0.11086199,0.10837476,0.10564074,0.09164987,0.08143759,0.069736764,0.05992411,0.05173341,0.04700091,0.043333218
0.10726454,0.12647527,0.1256066,0.1211565,0.10379538,0.08837353,0.0769061,0.06477736,0.059266657,0.055006124,0.0529651,0.051246215
0.039492235,0.05546599,0.039653018,0.05054935,0.028598687,0.023532834,0.012740047,0.011763744,0.011310728,0.013006056,0.014355354,0.017595807
-0.06217573,-0.087628104,-0.1052237,-0.109132946,-0.10615722,-0.09754501,-0.09011105,-0.07326483,-0.057002284,-0.03775304,-0.024941241,-0.018157527
-0.018439418,-0.020467449,-0.017222494,-0.015078617,-0.015949635,-0.017698167,-0.015733212,-0.01247972,-0.009329708,-0.0052631544,-0.0036327315,-0.0041708197
-0.18557712,-0.18403868,-0.1650913,-0.1353662,-0.11178388,-0.09578701,-0.089060575,-0.077915214,-0.07715905,-0.07562742,-0.07969244,-0.08286032
0.30947262,0.3014403,0.27731216,0.24655253,0.2245488,0.19434232,0.17570394,0.15667483,0.14518192,0.13684058,0.13758102,0.13189301
-0.21827255,-0.2551141,-0.2592103,-0.2357875,-0.22937359,-0.2133834,-0.19158348,-0.16231595,-0.13502198,-0.11053771,-0.09583257,-0.08696155
-0.4050831,-0.44387424,-0.45048064,-0.40959293,-0.37831098,-0.33311826,-0.3051734,-0.25682744,-0.22269538,-0.19081573,-0.1748543,-0.16809243
0.111564815,0.131392,0.09622384,0.098204926,0.08431901,0.078880206,0.05365987,0.04838592,0.050867695,0.055283573,0.057840686,0.062159915
0.45920286,0.46787518,0.4400774,0.3822937,0.33032954,0.28409716,0.2519799,0.2157729,0.19939505,0.18528526,0.18271607,0.18827903
-0.19317602,-0.20399316,-0.22480825,-0.1945263,-0.19366416,-0.16905415,-0.15600023,-0.13028656,-0.105862625,-0.0867545,-0.074888274,-0.068043716
0.2953633,0.26442304,0.27762282,0.24053806,0.24284285,0.2250314,0.21880186,0.20058802,0.18398562,0.16137397,0.15073399,0.13625158
0.03253285,0.0027609076,-0.003715327,-0.019817213,-0.014449682,-0.021872818,-0.021488268,-0.014701506,-0.006236526,0.007001289,0.015801253,0.021313477
-0.24188629,-0.38032532,-0.41086927,-0.36056113,-0.35157555,-0.32693386,-0.28141367,-0.23420168,-0.20186093,-0.18791035,-0.16560698,-0.16014591
0.20792487,0.21511017,0.21260683,0.18572566,0.17373101,0.1539704,0.13551724,0.10941699,0.08299719,0.059272047,0.04745795,0.04697309
0.066418566,0.049640357,0.018782943,0.014969334,-0.00060105324,-0.003776759,-0.0068359524,-0.0013562739,0.010804132,0.020156477,0.029385298,0.0320676
-0.16146424,-0.15516868,-0.12714522,-0.10013163,-0.07690799,-0.060026437,-0.05224867,-0.047499888,-0.05601555,-0.0633218,-0.07244141,-0.07676018
-0.02161471,-0.03142223,-0.03227774,-0.029632868,-0.028390232,-0.025812268,-0.02525552,-0.020194871,-0.020276763,-0.018374398,-0.01838401,-0.018105503
0.5012866,0.6419097,0.62011623,0.6022717,0.570399,0.51444453,0.43399584,0.3639375,0.3376829,0.3202438,0.3048665,0.29843748
-0.38364112,-0.47328413,-0.43785483,-0.3547613,-0.30861592,-0.30071378,-0.26618457,-0.22466837,-0.1889017,-0.16209802,-0.14944431,-0.15131608
0.2762929,0.30318445,0.28489536,0.25262976,0.18650155,0.1527068,0.12912437,0.117486626,0.11597237,0.11997052,0.12343666,0.12486829
0.22953126,0.18051736,0.1680677,0.15459098,0.15288799,0.14439659,0.13106887,0.124084175,0.106599376,0.08709562,0.07577591,0.0704281
-0.08796319,-0.119492546,-0.13470617,-0.10188799,-0.10579611,-0.09410458,-0.08388853,-0.06926123,-0.06435437,-0.06439862,-0.06185501,-0.060993664
0.07752564,0.09570682,0.06624381,0.08479682,0.07268734,0.07111377,0.052895866,0.04369209,0.033378746,0.02310711,0.019699149,0.019376904
-0.3545407,-0.38911834,-0.37022924,-0.31378752,-0.27654243,-0.23769705,-0.21237227,-0.18404555,-0.17833307,-0.18124962,-0.18795721,-0.19328398
0.19316687,0.1928829,0.17535698,0.1611445,0.1337004,0.11750725,0.10437336,0.089816995,0.081498705,0.07482089,0.072410494,0.07738416
0.30148053,0.2827468,0.26131463,0.2184227,0.19650497,0.17105238,0.15601449,0.13954443,0.13178995,0.12696381,0.13031307,0.13220042
-0.069877505,-0.049861524,-0.024669088,-0.014052212,-0.0033040494,0.0051596686,0.01050169,0.0070149302,-0.0022807792,-0.012476914,-0.021752685,-0.027952552
0.3819491,0.3935797,0.40554386,0.34925157,0.33430237,0.28198472,0.25825226,0.21881922,0.20102319,0.18887872,0.18477629,0.1799233
-0.046462,-0.06853231,-0.074711874,-0.07782936,-0.07527697,-0.068815716,-0.055656876,-0.050080575,-0.045799144,-0.043797642,-0.03875655,-0.032985914
-0.07931788,-0.037865333,-0.0013487041,-0.013157621,-0.0017566383,0.00081600994,0.018073067,0.006952584,0.009210646,0.008199282,0.00881245,0.007219076
0.03338089,0.033888698,0.02824581,0.021028463,0.013714235,0.012693636,0.008803036,0.011497546,0.014215205,0.020296654,0.022887291,0.024493475
-0.19606403,-0.22242975,-0.20043334,-0.1769013,-0.1482667,-0.11806007,-0.09508247,-0.07051295,-0.065588996,-0.060922414,-0.061491735,-0.06847362
0.14463736,0.15259823,0.15131146,0.13032238,0.11463382,0.09573638,0.08847201,0.07463676,0.0705972,0.06758033,0.06858418,0.06839331
-0.111846745,-0.093881674,-0.08547102,-0.077814884,-0.068665825,-0.056444973,-0.04698205,-0.042968474,-0.036678694,-0.033357847,-0.03215523,-0.033467125
0.08345588,0.07228209,0.06477148,0.04963261,0.040505283,0.03072095,0.03121803,0.028950475,0.032287445,0.036505073,0.04193659,0.044394106
-0.52814233,-0.47085276,-0.42086184,-0.22681612,-0.24708602,-0.22336939,-0.22214234,-0.1940763,-0.18896347,-0.19123152,-0.21147342,-0.22083136
0.1604146,0.16994946,0.16668254,0.1488117,0.1345673,0.11061284,0.09747304,0.081884734,0.07936475,0.07817849,0.07908381,0.078943074
0.24602795,0.2818484,0.27066362,0.22997637,0.20297298,0.17364769,0.15400858,0.12863827,0.118085265,0.11057181,0.11039059,0.11259424
-0.10210754,-0.09098175,-0.08316973,-0.06372319,-0.05737266,-0.049704798,-0.04453695,-0.03851018,-0.03458654,-0.030050885,-0.030573715,-0.031417206
0.14346798,0.11619307,0.0670549,0.06657007,0.053633064,0.054509535,0.030216768,0.03243047,0.028007723,0.024835385,0.023822479,0.025676556
0.11808737,0.07731477,0.054872796,0.04272163,0.030115202,0.018202335,0.009145275,0.009675309,0.009646997,0.010856703,0.014070518,0.020521339
-0.08599578,-0.081238724,-0.07052275,-0.053592987,-0.041660853,-0.031543754,-0.031951502,-0.028924186,-0.03401818,-0.037245303,-0.04315839,-0.04547064
-0.058833946,-0.06946813,-0.07592808,-0.091580294,-0.08980542,-0.08344363,-0.069608524,-0.059067555,-0.04231125,-0.024548378,-0.01144468,-0.0023824181
-0.36271426,-0.35563302,-0.32909733,-0.289522,-0.26040488,-0.2228559,-0.19754045,-0.17098266,-0.15609506,-0.14432251,-0.14336097,-0.14497913
-0.26864907,-0.2489466,-0.253684,-0.20167679,-0.18538229,-0.15462717,-0.14830408,-0.12758844,-0.113939695,-0.10579914,-0.10420152,-0.105497405
0.23002426,0.24610789,0.25514513,0.23488978,0.2232689,0.20259586,0.18158968,0.15279013,0.12123612,0.09294453,0.075869724,0.06839242
0.19584288,0.19616374,0.17958131,0.15584196,0.1336708,0.1150569,0.10509926,0.09362846,0.08728873,0.08149079,0.08139955,0.08145274
-0.029119039,-0.025706084,-0.027014945,-0.027652562,-0.031229228,-0.026490543,-0.024400286,-0.019111153,-0.014607627,-0.008753119,-0.0064494694,-0.0049570585
1.2466723,1.2776731,1.1273525,0.90938884,0.80950123,0.7287661,0.62906724,0.54796517,0.5047648,0.4544336,0.44838718,0.4442913
0.11262489,0.117476985,0.1107745,0.10484196,0.09294459,0.09040557,0.083382696,0.07718254,0.06774923,0.056798425,0.050730858,0.045887318
-0.15134749,-0.11510346,-0.09911688,-0.05841303,-0.040727317,-0.017241329,-0.022776544,-0.01965949,-0.036791615,-0.05454228,-0.072444975,-0.08484648
-0.096678406,-0.1167824,-0.12533075,-0.12322995,-0.119855985,-0.10658312,-0.09416473,-0.07764455,-0.06296953,-0.04818048,-0.038600076,-0.033871625
-0.0001750919,-0.0014152434,0.014455173,0.014905898,0.017915772,0.013350932,0.01939535,0.015081457,0.012558729,0.007837181,0.005212934,0.0014934489
0.34538582,0.31810647,0.25435227,0.21025099,0.18167451,0.15542354,0.13883486,0.1261095,0.13430113,0.13958126,0.15514436,0.15793009
-0.061589006,-0.049187828,-0.023874812,-0.01884786,-0.013977349,-0.019785762,-0.010625191,-0.014247239,-0.014781445,-0.014546506,-0.0149002895,-0.016462296
0.30690175,0.19336927,0.10398209,0.2331006,0.124567926,0.05741015,0.036825478,0.031243593,0.050984353,0.035100877,0.03921804,0.043548882
-0.49114203,-0.44634086,-0.37872812,-0.32153192,-0.27441314,-0.23333043,-0.20639771,-0.19037116,-0.19301055,-0.19797117,-0.21298629,-0.22113341
0.055740528,0.04722972,0.05218866,0.05488918,0.059949473,0.050248075,0.044240564,0.03743773,0.027014194,0.017214341,0.011493284,0.007993409
0.47715452,0.47677517,0.41703928,0.34749484,0.27494234,0.23205468,0.1794529,0.1391665,0.10328056,0.06713885,0.061641127,0.08197838
0.012207441,-0.0058406554,-0.013974436,-0.022325933,-0.023491777,-0.020909734,-0.010915913,-0.0042422973,0.0044785887,0.007766187,0.012439672,0.0109612085
-0.1509866,-0.1319356,-0.11615518,-0.09996644,-0.09140749,-0.08588216,-0.079925224,-0.071486436,-0.060275525,-0.047710717,-0.043244377,-0.041336477
0.07113734,0.047241732,0.0294905,0.0065473467,-0.0024135113,-0.004896939,-0.0032243878,0.00832548,0.0067852363,0.0089869425,0.015673019,0.013810083
-0.06518316,0.03603944,0.033162057,0.039712027,0.02884148,0.037247576,0.01605931,0.011357658,0.010874212,0.022477843,0.02211108,0.022036836
-0.059782505,-0.07991359,-0.09400656,-0.060929127,-0.064071395,-0.052664164,-0.05910632,-0.04628089,-0.047552936,-0.04913015,-0.054346934,-0.054023415
0.060472284,0.08435332,0.1024728,0.091918334,0.087657765,0.07175057,0.06713696,0.05112949,0.044538137,0.039556477,0.03534376,0.03399326
0.10572078,0.07504912,0.057626687,0.061409622,0.053176768,0.048064515,0.02726809,0.026372068,0.010760993,0.0002882965,-0.009743627,-0.008496195
0.0644973,0.07665588,0.07059525,0.047307707,0.038765125,0.033674665,0.035478868,0.028794054,0.030289622,0.033561718,0.03951395,0.04415748
0.35336554,0.29849225,0.24645352,0.22737974,0.18410528,0.14837952,0.12778917,0.116234496,0.10367985,0.09232582,0.09561795,0.10324207
-0.2469111,-0.21905354,-0.18084508,-0.16606586,-0.14896841,-0.13004905,-0.10749082,-0.09893773,-0.090328865,-0.084993295,-0.0862845,-0.08733589
-0.1918594,-0.19584882,-0.19735894,-0.17370453,-0.16773206,-0.14497721,-0.1296928,-0.11168058,-0.09744901,-0.0894732,-0.0850523,-0.084409185
0.17315091,0.17790154,0.1790596,0.1318178,0.104849234,0.07450308,0.07484459,0.06274709,0.065643154,0.07668115,0.08802532,0.09487198
-0.08712961,-0.13668555,-0.1553895,-0.14189914,-0.13257748,-0.10848057,-0.09660284,-0.07399919,-0.06259411,-0.05951979,-0.05422257,-0.052719217
0.011390995,0.047758415,0.03995993,0.024461396,0.02747842,0.029462613,0.022169486,0.021245647,0.03055688,0.04666206,0.053828657,0.056640502
0.013514146,0.062010583,0.07599834,0.04977825,0.05320492,0.046877213,0.04380668,0.029881705,0.025687365,0.023542626,0.022573259,0.020090763
0.015223381,-0.0061561055,-0.01800453,-0.02854697,-0.034921296,-0.037396684,-0.0342931,-0.023508228,-0.009970926,0.0032862034,0.01308348,0.015907293
0.10001494,0.102526076,0.11373201,0.098053746,0.08540524,0.06686267,0.06788724,0.05398745,0.048066333,0.040383123,0.038271137,0.03774154
0.01702999,-0.0018910654,-0.005051855,-0.0020052586,0.0027035475,0.001894651,-0.0014627799,-0.0011573285,-0.006640802,-0.010993828,-0.0141119845,-0.014174307
-0.09355914,-0.11299018,-0.12457585,-0.13148092,-0.13156265,-0.12439735,-0.10733087,-0.09091388,-0.071181975,-0.049739487,-0.033384964,-0.025084898
0.36268646,0.34317416,0.31880015,0.22748643,0.17299324,0.121926785,0.11694342,0.10937303,0.13434117,0.17095721,0.20078504,0.21776727
0.10263349,0.22844128,0.27937436,0.26519924,0.2551546,0.24406528,0.22421706,0.18277092,0.1575588,0.13704449,0.11449106,0.104308546
-0.03971645,-0.054011717,-0.054773577,-0.05850818,-0.05571727,-0.045879625,-0.03546904,-0.027764257,-0.022339297,-0.01998733,-0.01775721,-0.017876823
0.052325204,0.07374208,0.057543088,0.06060011,0.055024974,0.060468875,0.047364302,0.04231403,0.027724862,0.01585064,0.009763808,0.008503437
-0.40287018,-0.412685,-0.378037,-0.33159152,-0.29226398,-0.2543376,-0.2238675,-0.19791631,-0.18695945,-0.18099096,-0.18317987,-0.1834912
0.15420309,0.15463367,0.14223514,0.13367818,0.113182336,0.09670899,0.084570035,0.07396415,0.06708123,0.059941866,0.05839242,0.057713713
0.6705883,0.5747875,0.48429906,0.4008304,0.36484402,0.32076892,0.2855466,0.25960243,0.24206471,0.2273038,0.23130564,0.23709273
0.0062393183,0.025100155,0.031949393,0.037386317,0.03596242,0.035949305,0.03098244,0.024095727,0.015198254,0.0075369086,0.0010155565,-0.0007368019
0.067696616,0.06788576,0.058934085,0.047144152,0.03921011,0.034577522,0.030234713,0.029703625,0.034231752,0.039334778,0.044217806,0.04563176
-0.14636403,-0.17425892,-0.19581333,-0.16063014,-0.19924024,-0.2023499,-0.1908719,-0.15902849,-0.1258702,-0.094144955,-0.07491106,-0.062940285
0.1413549,0.19567844,0.20708579,0.19007695,0.18189618,0.16610524,0.14716873,0.12145218,0.10915551,0.09906015,0.09017645,0.08522916
0.49270394,0.496949,0.5043408,0.43837085,0.39355692,0.35535502,0.32211003,0.28985792,0.2615266,0.23621997,0.22041656,0.2119829
0.13349324,0.13666208,0.13264254,0.11662759,0.11062401,0.10356787,0.09290162,0.08142792,0.07179484,0.063456066,0.05776814,0.05576597
0.09512277,0.08416726,0.07067095,0.05779177,0.047955103,0.03898287,0.033032782,0.028256185,0.025746502,0.02497955,0.027746271,0.029753428
0.13355973,0.13084865,0.110693835,0.08702955,0.082863286,0.07233375,0.060414318,0.049786717,0.041485935,0.033927448,0.032829624,0.033309855
-0.8962823,-0.77614987,-0.6011472,-0.5845582,-0.4911906,-0.435036,-0.3358363,-0.31777188,-0.28426546,-0.2575196,-0.2525466,-0.2574771
0.04141753,0.023192547,0.0051470324,-0.0057117566,-0.014836818,-0.017433677,-0.020415932,-0.015320063,-0.009323116,-0.0019068345,0.0042898282,0.009377718
0.04960052,0.0771141,0.113843955,0.12833728,0.14107208,0.12772791,0.113251515,0.08659156,0.04414256,0.0058657555,-0.021180071,-0.032510377
-0.050698638,-0.06891762,-0.07381882,-0.06375069,-0.057545915,-0.050284214,-0.051185586,-0.04438639,-0.04316114,-0.04427239,-0.045771696,-0.0463251
0.20466639,0.21883214,0.21677037,0.18214922,0.1611516,0.14112315,0.13217163,0.112152934,0.101625696,0.090540625,0.08875514,0.0877078
0.30088785,0.28911042,0.24449733,0.2060904,0.17536338,0.15408187,0.13673115,0.12549502,0.12613007,0.12883556,0.13816147,0.14265838
0.29069734,0.28217623,0.26163846,0.2553051,0.2522944,0.21890259,0.1813556,0.15148538,0.122088976,0.0861671,0.06942977,0.058395624
-0.31486425,-0.33758396,-0.32276988,-0.27878872,-0.2594775,-0.23140904,-0.20425344,-0.17531396,-0.15616295,-0.14133428,-0.1345028,-0.13128911
-0.16509123,-0.19950533,-0.20267381,-0.18865484,-0.17716533,-0.161781,-0.14531338,-0.12135015,-0.106005885,-0.093624964,-0.08638329,-0.08473131
0.3093269,0.3057096,0.26447245,0.23193349,0.20727637,0.18429162,0.16562302,0.14882395,0.1435561,0.13702051,0.14070705,0.14083101
0.2915716,0.2821839,0.26242554,0.21377465,0.18155165,0.1465096,0.1330699,0.11564055,0.11424599,0.113812074,0.12022502,0.124083966
0.012973053,0.023988176,0.02127567,0.015087811,0.015353147,0.015967116,0.018031308,0.012407803,0.013048874,0.010436603,0.011806374,0.0126075605
0.0024559349,0.0012397124,-0.0052283723,0.0016189944,-0.001813068,-0.000707143,-0.0027164472,-0.0017060032,0.0013743741,0.0013728598,0.00054099504,0.00014949124
0.010741274,0.012722991,0.000544406,0.008214066,0.0004951246,0.0020240024,-0.006513809,-0.0010959022,0.0015786542,0.0102641685,0.013246565,0.01439374
-0.13196418,-0.13232656,-0.12704319,-0.11660939,-0.10723124,-0.09537842,-0.084844016,-0.07404201,-0.06482851,-0.05660869,-0.052964948,-0.051519573
0.04341294,0.07645377,0.082976386,0.06623929,0.06600097,0.06079883,0.059108123,0.04494708,0.038644884,0.031736214,0.02638161,0.026050728
-0.14998433,-0.14268604,-0.1271585,-0.10639028,-0.07807517,-0.05893156,-0.050036862,-0.047044493,-0.046703808,-0.055133756,-0.063454986,-0.07254094
-0.26130834,-0.27628675,-0.26586908,-0.24137352,-0.22869125,-0.19897708,-0.17624575,-0.14622422,-0.12981595,-0.11426251,-0.10776949,-0.106492154
0.18901242,0.22692958,0.17782176,0.16019115,0.1344846,0.12320482,0.09058886,0.08495023,0.09030788,0.10484286,0.11628008,0.12289749
-0.02205174,-0.011702109,-0.012014672,0.0068184882,0.01150303,0.009997945,0.0027424246,0.0020243227,0.00011035055,-0.0030218698,-0.0068021733,-0.010948835
-0.23011261,-0.24994734,-0.22307085,-0.19639823,-0.17405504,-0.16116056,-0.13778247,-0.12230447,-0.112178035,-0.10504958,-0.10278608,-0.10174262
-0.056879245,-0.048946347,-0.037404925,-0.039525054,-0.028756507,-0.029337797,-0.023924299,-0.023410436,-0.02271517,-0.020698734,-0.019752232,-0.02134772
0.40967333,0.44105506,0.4477093,0.42425296,0.40523195,0.36693478,0.3266763,0.2805313,0.23819445,0.19873118,0.17084911,0.15446322
-0.6945415,-0.7011162,-0.6407779,-0.57402325,-0.5126984,-0.45942852,-0.39262292,-0.34993455,-0.31222165,-0.290644,-0.28039712,-0.27854043
0.08371105,0.11432329,0.11401127,0.112794146,0.1058615,0.10154556,0.08528688,0.07219608,0.060301557,0.049544223,0.04091106,0.03779254
0.40594006,0.37601498,0.31827003,0.23067102,0.18846673,0.14370939,0.14165697,0.1271878,0.15598752,0.18343508,0.21865848,0.2319727
0.22058469,0.20134564,0.20524034,0.17855562,0.16498822,0.13753587,0.13243523,0.11211599,0.10305859,0.08782341,0.08281179,0.07760438
0.18288024,0.19450024,0.18656844,0.16112684,0.14176942,0.11897991,0.106885836,0.09305559,0.09245938,0.09308143,0.096166,0.09548929
0.049856268,0.08643484,0.12703979,0.11421768,0.1204233,0.11274236,0.11094241,0.08015666,0.046827354,0.011873186,-0.008952357,-0.01505806
-0.025378495,-0.08764869,-0.14649357,-0.13775961,-0.13904417,-0.12257817,-0.117861316,-0.09366758,-0.07791874,-0.06539537,-0.050354574,-0.041877687
-0.3311172,-0.31453672,-0.35502928,-0.3332485,-0.32749987,-0.27336565,-0.2551705,-0.20626825,-0.17518419,-0.1402087,-0.12107308,-0.11294331
-0.06841793,-0.071319446,-0.07929435,-0.050800867,-0.045483522,-0.03667052,-0.04577315,-0.037797064,-0.042561002,-0.047506843,-0.054380804,-0.05855509
0.093231976,0.12883955,0.15268797,0.1388179,0.11977404,0.09225169,0.09763684,0.07673988,0.07454443,0.07484564,0.078648016,0.07883099
0.41949403,0.4155873,0.3653661,0.31632745,0.2782256,0.24441777,0.21143307,0.18368115,0.16685611,0.15250799,0.15177473,0.15414701
-0.042750277,-0.023117345,-0.0067202,0.0057038963,0.010175511,0.011307009,0.006012477,0.001599744,-0.008432198,-0.015425932,-0.023661757,-0.026680484
-0.44416076,-0.43594015,-0.3198757,-0.301194,-0.24838874,-0.24147743,-0.18410018,-0.17772928,-0.16659464,-0.1570166,-0.15660226,-0.15608707
-0.023038372,-0.021106426,-0.029461171,-0.032529913,-0.028431017,-0.023935545,-0.023997638,-0.01998682,-0.01589141,-0.011606824,-0.00904626,-0.009223825
0.14757329,0.15732843,0.16662273,0.16317867,0.15237151,0.14609611,0.13788411,0.12459488,0.1020844,0.07861137,0.06476143,0.054931037
0.09965472,0.088786714,0.07979653,0.06405553,0.052486792,0.042175934,0.03421136,0.03129219,0.031143844,0.034302674,0.03580319,0.038937654
0.06183909,0.053726338,0.050681666,0.05424142,0.0469879,0.04489579,0.03692921,0.03870386,0.036669806,0.03913532,0.038884997,0.040060483
0.100476824,0.10390448,0.09234288,0.06454376,0.04744348,0.03788674,0.034946486,0.034211315,0.042900283,0.053009532,0.061743848,0.06554693
-0.22687683,-0.2289564,-0.2115531,-0.16842367,-0.14225802,-0.1134237,-0.107228816,-0.09458707,-0.10334545,-0.117164455,-0.13125761,-0.13860576
-0.22467038,-0.17569718,-0.15770924,-0.14547952,-0.13423899,-0.1141832,-0.09655607,-0.0862174,-0.068580195,-0.05309227,-0.045433313,-0.04379402
0.33979246,0.30704564,0.2907918,0.22385965,0.1859779,0.14120452,0.13095409,0.11432998,0.115383565,0.12302024,0.13481185,0.14405501
-0.047556326,-0.06100565,-0.080048636,-0.07697588,-0.074835494,-0.06688601,-0.06739837,-0.05472292,-0.046183616,-0.038727865,-0.033551313,-0.03174653
0.30662912,0.24053797,0.1974015,0.18005316,0.15936819,0.13226739,0.115191534,0.10224977,0.09198579,0.078811735,0.081173524,0.08334596
-0.22628607,-0.23632757,-0.20726497,-0.18961984,-0.16830009,-0.15746662,-0.13102007,-0.11926316,-0.10699882,-0.09631478,-0.08962355,-0.08662963
0.018524144,0.016874243,0.021017544,0.014329278,0.012912108,0.008242998,0.009431165,0.0057916427,0.0029856134,-0.0010088561,-0.0022290442,-0.0025395602
-0.12434727,-0.14987184,-0.14805073,-0.12216289,-0.11063823,-0.10330093,-0.100054406,-0.08461769,-0.07796568,-0.0698147,-0.066751845,-0.06548175
0.30405158,0.29823607,0.28332132,0.23957482,0.21839355,0.18605423,0.16872475,0.1459568,0.13307416,0.12298022,0.121885106,0.12229051
-0.4383636,-0.44464135,-0.4260769,-0.38769647,-0.34794495,-0.30087745,-0.25756803,-0.22306469,-0.19615223,-0.17708293,-0.16597566,-0.16407198
0.2682924,0.28486803,0.27577972,0.23408121,0.20558582,0.17804202,0.16441253,0.14503303,0.1348933,0.12538794,0.124153145,0.118683495
-0.34198987,-0.27090716,-0.29032698,-0.18135113,-0.16373447,-0.11147854,-0.126558,-0.10757251,-0.112974,-0.120735586,-0.13456164,-0.1433191
0.1301888,0.1530801,0.14094988,0.12570047,0.11116591,0.095396444,0.084506944,0.070245944,0.06667525,0.065130234,0.067316815,0.069249615
0.30822486,0.2724573,0.23243618,0.21486887,0.1951631,0.1796548,0.14409314,0.13536786,0.113077104,0.09910408,0.08954547,0.08734213
0.2231521,0.19572726,0.13618998,0.118213505,0.10656081,0.09512879,0.08127174,0.07059008,0.06381114,0.046264715,0.046495125,0.048064813
0.30454233,0.3222546,0.25852048,0.20893157,0.16891849,0.14176145,0.11273481,0.10123539,0.110332884,0.12653528,0.14284465,0.15400471
-0.20036508,-0.12900451,-0.17969598,-0.08447416,-0.09614313,-0.050860777,-0.09701002,-0.069006115,-0.059157178,-0.03998755,-0.0440529,-0.045713715
-0.30054358,-0.2598887,-0.15636942,-0.12561813,-0.08758706,-0.09371343,-0.057527393,-0.06990644,-0.07451366,-0.08309756,-0.0940799,-0.101940334
-0.14659424,-0.13860291,-0.12448566,-0.12073158,-0.10751465,-0.09135002,-0.076129824,-0.06560568,-0.056659702,-0.047589585,-0.043691237,-0.042713832
0.04876493,0.003920302,-0.021516308,-0.03271608,-0.03956785,-0.039703302,-0.035685867,-0.02220834,-0.009720191,0.0026419833,0.0138480775,0.019478649
0.10254297,0.08760018,0.08338776,0.09026357,0.0893819,0.0834333,0.06967306,0.059139583,0.041948963,0.021929368,0.009020232,0.0024521872
0.5400779,0.69758487,0.59422964,0.3529321,0.26041576,0.21468806,0.19209912,0.14342579,0.14345858,0.1365776,0.15948243,0.17148024
-0.13770656,-0.10612394,-0.089135975,-0.081692494,-0.07193131,-0.058977805,-0.049509235,-0.048655592,-0.045586847,-0.043088987,-0.043738406,-0.044545867
-0.2255268,-0.24830818,-0.24519593,-0.21560486,-0.20588934,-0.18540475,-0.16843615,-0.14307596,-0.1278499,-0.11552332,-0.10973485,-0.1060355
0.026351111,0.020847514,0.0028341264,0.0056913123,-0.0035064667,0.0016231053,-0.0035954341,0.0033068396,0.0030128025,0.0040484257,0.0049107037,0.00458277
-0.8318383,-0.91784036,-0.89691144,-0.79712665,-0.73814887,-0.63962895,-0.5724924,-0.47978893,-0.43630674,-0.3980807,-0.38637352,-0.3776001
0.07637218,0.121719986,0.12940064,0.12160143,0.11608871,0.11012511,0.09361681,0.0783419,0.06636706,0.058556527,0.048993696,0.044245444
0.08054882,0.20687643,0.27494678,0.230789,0.2881139,0.2630391,0.24198684,0.17709124,0.13798979,0.10614843,0.082454495,0.07174755
-0.16011441,-0.14168915,-0.113376126,-0.081796154,-0.049277365,-0.024403453,-0.018917084,-0.014446855,-0.025796764,-0.040530108,-0.055111237,-0.06692482
0.06817408,0.013722595,0.019940905,0.06569033,0.079307936,0.06399755,0.068025075,0.055649944,0.04092554,0.012858374,0.0006253235,-0.0066713057
0.18802413,0.17670158,0.1424499,0.12673508,0.10785641,0.09481091,0.077680945,0.070442215,0.06676524,0.06306085,0.06505339,0.06765476
-0.08977809,-0.09403843,-0.0824836,-0.061108638,-0.05623719,-0.053473197,-0.046311967,-0.040844366,-0.037866548,-0.037478678,-0.037916336,-0.039907634
0.09265408,0.08767302,0.0643329,0.056289107,0.041802496,0.034769222,0.025914185,0.025387958,0.02864036,0.035237897,0.040936537,0.04582388
0.00011865422,-0.036207806,-0.047682565,-0.038205996,-0.04052209,-0.03825494,-0.033118695,-0.020740533,-0.010857901,-0.004311623,0.0022446066,0.0028136075
-0.334831,-0.30573535,-0.3012691,-0.2581415,-0.2310155,-0.18654318,-0.17066649,-0.15204702,-0.14881915,-0.15137812,-0.1554856,-0.15717506
0.049043767,0.03436469,0.022565877,0.037225537,0.033423845,0.027788036,0.017031461,0.01739335,0.012479659,0.007866517,0.0045807026,0.002219949
0.049343303,0.01549308,0.0002522543,-0.011165053,-0.017446488,-0.02573514,-0.020013109,-0.017235257,-0.006776724,0.00022558868,0.00912638,0.015898522
-0.14807382,-0.18876997,-0.213436,-0.18134286,-0.16627224,-0.14416835,-0.14096439,-0.112541206,-0.09761339,-0.08205226,-0.07399633,-0.07061649
0.15078554,0.18339226,0.14857341,0.14088339,0.12268667,0.11980322,0.08882211,0.08222666,0.075537056,0.07417023,0.070844606,0.06982315
-0.261533,-0.26050007,-0.25111443,-0.23686692,-0.21022215,-0.17884663,-0.1535792,-0.13359794,-0.1211213,-0.1112519,-0.10557489,-0.104294986
-0.114008814,-0.0503138,-0.01247555,-0.0039989054,0.0076795816,0.012349308,0.00022922456,-0.006547034,-0.019457772,-0.021938786,-0.03363034,-0.038784593
0.1093678,0.10560085,0.10156747,0.09131909,0.08205801,0.06953742,0.06310621,0.056327492,0.05381445,0.052968483,0.054194428,0.053639334
-0.5927583,-0.6168475,-0.588079,-0.5159136,-0.47131225,-0.41860545,-0.37241927,-0.32160312,-0.29422548,-0.27264068,-0.2635979,-0.262013
0.32152322,0.3373567,0.32332253,0.289452,0.25754964,0.22187957,0.19770779,0.169159,0.15231335,0.13969928,0.1359427,0.13528818
0.031071506,0.029253244,0.01225625,0.0064147934,-0.0055340305,-0.0050472915,-0.007036235,-0.0040106997,0.0055078827,0.014318604,0.019383457,0.025274012
0.15642875,0.15726455,0.14654393,0.12401517,0.1086766,0.090242706,0.082999684,0.07082946,0.06584874,0.06269184,0.0647724,0.064869136
0.2373214,0.24070139,0.22807592,0.20521814,0.18206353,0.15277508,0.13657418,0.11720737,0.10811751,0.10135692,0.10159345,0.10239813
-0.097182155,-0.10453202,-0.092810616,-0.0864424,-0.076961786,-0.06367833,-0.05110743,-0.039804474,-0.03415023,-0.032048054,-0.03142581,-0.033553984
0.021115337,0.008182632,-0.0019511059,-0.0060387067,-0.011531696,-0.01074912,-0.0095172785,-0.0072624274,-0.0061076265,-0.005570464,-0.002244195,-0.0009324569
0.085974485,0.10933116,0.11204519,0.10531612,0.10808737,0.10283857,0.090642236,0.07520238,0.058230773,0.043722436,0.033709846,0.028559728
-0.10617134,-0.06999418,-0.036697075,-0.048481524,-0.025473088,-0.029716797,-0.017145813,-0.028314099,-0.014421925,-0.005205393,-0.0018861294,-0.0008498877
0.21389346,0.2196171,0.23519108,0.2509318,0.2504378,0.2272703,0.19105692,0.16090506,0.11759521,0.076196864,0.042344287,0.024810627
-0.024440927,-0.021100529,-0.026610732,-0.018012509,-0.01824439,-0.016693957,-0.018191617,-0.014681562,-0.013532577,-0.011871586,-0.011037896,-0.012358716
0.12381843,0.12365887,0.13665603,0.09009097,0.09044946,0.06444186,0.07953383,0.06783892,0.07320431,0.0814226,0.09379654,0.09213823
0.24263623,0.20665503,0.16890296,0.1419062,0.13460478,0.12291926,0.107219204,0.101586014,0.09628223,0.0870817,0.086517066,0.08279008
-0.06011072,-0.09369689,-0.09873123,-0.090501375,-0.08626549,-0.07787132,-0.06617882,-0.056049008,-0.04961044,-0.04777234,-0.04442916,-0.041797727
0.041166663,0.054871537,0.035355583,0.01859324,0.019130258,0.024005778,0.022631977,0.017828774,0.019368187,0.017918793,0.021792179,0.021788768
0.055295713,0.07828464,0.0806793,0.07672485,0.0686492,0.058615595,0.055534434,0.04526636,0.04086136,0.040035024,0.041198753,0.041640278
0.0644479,0.09203893,0.09114735,0.07369997,0.048973724,0.036671307,0.03148233,0.031445846,0.041970573,0.06059899,0.06975085,0.07583827
-0.10503913,-0.12778096,-0.13248421,-0.13191573,-0.1278771,-0.117984556,-0.098913625,-0.0836782,-0.06517675,-0.051192265,-0.03838531,-0.033016853
0.3641596,0.37153983,0.35188907,0.31165713,0.28768578,0.254024,0.22363615,0.18995476,0.16904338,0.15017125,0.14182287,0.14050302
-0.5908886,-0.57833457,-0.54425937,-0.5015714,-0.4555967,-0.39983994,-0.3497256,-0.30461973,-0.26290053,-0.22891594,-0.21399623,-0.2082248
-0.18600567,-0.20918822,-0.21274656,-0.19821323,-0.18021277,-0.16548151,-0.14347237,-0.123770155,-0.09934534,-0.08126077,-0.067392066,-0.062283468
-0.2303643,-0.2530882,-0.2619324,-0.20427285,-0.18768188,-0.16299377,-0.1596269,-0.13423425,-0.12834927,-0.12408409,-0.1255901,-0.12711579
-1.0148118,-1.0880184,-0.99963015,-0.89820886,-0.81244266,-0.7249065,-0.6302898,-0.5478332,-0.50327957,-0.47267193,-0.46426922,-0.4631027
0.03758819,0.03741864,0.028802963,0.02840396,0.021150753,0.013451796,0.010911434,0.006721746,0.0053106295,0.0033749975,0.0045478577,0.0060681715
-0.024684489,-0.022918025,-0.024434816,-0.01907195,-0.017596338,-0.012317174,-0.013633573,-0.009899415,-0.010013707,-0.009773226,-0.01072856,-0.011778893
0.103798285,0.10007185,0.09306931,0.07995973,0.068397954,0.058989804,0.051372133,0.04464174,0.042043187,0.0399001,0.03991292,0.04099372
-0.12398911,-0.11206058,-0.100416645,-0.08678095,-0.082327686,-0.07516436,-0.06451663,-0.05878646,-0.052547105,-0.049086045,-0.047996633,-0.04856383
0.08078289,0.09378743,0.09347159,0.07614185,0.068680614,0.056094047,0.055525072,0.044746075,0.044397503,0.04157791,0.043823153,0.044651296
0.094651565,0.09653412,0.10077472,0.0925091,0.085129,0.07245259,0.06780389,0.056180503,0.04508157,0.03606875,0.03211175,0.031575616
0.11408473,0.12873891,0.118888296,0.10820989,0.09281641,0.083222106,0.0702222,0.06172212,0.058086187,0.057603646,0.057363346,0.05837128
0.088713676,0.09304792,0.08090858,0.06389603,0.052671503,0.04032078,0.030673042,0.026740264,0.032159425,0.041182283,0.04749522,0.052669905
0.100511774,0.068393126,0.07228711,0.0431311,0.04190164,0.02166652,0.02253598,0.015455894,0.015708636,0.018027613,0.02461432,0.029460907
-0.26136717,-0.25110662,-0.22175017,-0.21703523,-0.19365647,-0.17224029,-0.14365175,-0.12897056,-0.116128564,-0.103854686,-0.09732082,-0.095142506
0.00035740063,0.028312303,0.029900223,0.028808612,0.027091768,0.023747135,0.022751102,0.016891547,0.022112925,0.026902026,0.0299596,0.030956002
0.13284773,0.12086044,0.10285917,0.0700008,0.053987667,0.04455912,0.04486668,0.044047065,0.05424998,0.06452137,0.07500411,0.08036519
0.15196258,0.123159364,0.108899936,0.10245778,0.093187764,0.081885636,0.07414466,0.07034396,0.06476573,0.059041165,0.05848846,0.055109642
0.095560625,0.0780397,0.08535122,0.07411644,0.07330836,0.054108746,0.0506028,0.041879743,0.04004735,0.039448727,0.03994387,0.03940208
-0.026723685,-0.021540701,-0.019380316,-0.015255788,-0.014928348,-0.011359972,-0.010260022,-0.008700851,-0.010581916,-0.0127327945,-0.014461389,-0.015115379
0.1753359,0.17924938,0.15702924,0.14014438,0.11617319,0.0946725,0.084952906,0.0764494,0.07951595,0.08495936,0.09385923,0.09731062
-0.117860876,-0.112247884,-0.096797295,-0.08658397,-0.07878071,-0.070187464,-0.06116175,-0.055244807,-0.05027194,-0.04560358,-0.04463594,-0.044552684
-0.57864815,-0.30457377,-0.124509156,-0.13985819,-0.071828425,-0.026789248,0.03275454,-0.011064053,-0.023723751,-0.04123503,-0.06361669,-0.0830605
-0.111063525,-0.10944967,-0.0835697,-0.0855806,-0.06887837,-0.06673991,-0.048826598,-0.047782183,-0.03954193,-0.03540277,-0.031885363,-0.031317174
-0.022121195,-0.020336982,0.002010502,-0.004497855,-0.014107619,-0.02894229,-0.015723245,-0.018917594,-0.011769414,-0.0069433525,-0.0020638108,-0.0010686591
0.15764573,0.13010755,0.092036724,0.050041363,0.019542947,0.0034560114,0.002683133,0.0067153126,0.02812367,0.05229795,0.075131044,0.08838679
0.2965097,0.25799295,0.250186,0.22459352,0.2248635,0.19777775,0.18263575,0.15509349,0.12683834,0.095966354,0.08420129,0.07606667
0.14812005,0.17233062,0.16389748,0.16030401,0.15411602,0.1415511,0.11499537,0.096838586,0.07342659,0.054025203,0.041980445,0.035978027
0.15065132,0.16161117,0.16253991,0.14298457,0.14024775,0.12589046,0.11242369,0.09859443,0.09166524,0.087738045,0.08390963,0.081389144
0.04690279,0.04505576,0.052997835,0.051244825,0.047031585,0.034007505,0.030609088,0.02532193,0.026384508,0.028020091,0.02775319,0.027286787
-0.2734269,-0.263756,-0.23898704,-0.21906397,-0.19286832,-0.1705414,-0.15245046,-0.13537525,-0.11863203,-0.10149405,-0.096856326,-0.093035296
-0.35722956,-0.33998603,-0.3110167,-0.2945093,-0.27057087,-0.24515565,-0.20640408,-0.187004,-0.1570178,-0.13482147,-0.12094292,-0.1135913
0.3649055,0.39260885,0.3773961,0.34047192,0.3231637,0.2913872,0.28206983,0.244867,0.22681949,0.20845868,0.20734522,0.20114234
-0.02811931,0.07599965,0.07039681,0.07827802,0.07217917,0.081984416,0.04890871,0.03922347,0.022759862,0.019840553,0.0068642795,0.0053471103
0.275481,0.24643551,0.21663721,0.1883741,0.15552102,0.122050256,0.10053,0.09060164,0.09239372,0.09688096,0.10442281,0.11067453
0.094395235,0.13827875,0.14721826,0.14074026,0.11657709,0.09959217,0.0870671,0.07390105,0.06588035,0.06706637,0.06467897,0.06509489
0.016427286,0.0440232,0.03755758,0.031954113,0.020962188,0.014556142,0.010350604,0.0034401417,0.004853059,0.006867742,0.008787125,0.012416529
-0.2451793,-0.23498568,-0.18635562,-0.13516659,-0.12101661,-0.09762831,-0.078096196,-0.06684263,-0.06923492,-0.07790461,-0.09145009,-0.09892281
-0.08956468,-0.10496291,-0.085158445,-0.06547451,-0.05268892,-0.0462437,-0.040489838,-0.038311265,-0.048820123,-0.06002778,-0.070364974,-0.07346897
0.06081897,0.020991027,-0.014658064,-0.039683312,-0.06137526,-0.062385485,-0.061222255,-0.048675552,-0.03153017,-0.012812376,0.0030728169,0.0178089
0.30347097,0.25043383,0.3246674,0.31411642,0.2904744,0.20063454,0.17873439,0.14806902,0.11844337,0.103342295,0.08627276,0.07412162
-0.38423365,-0.55190074,-0.5449765,-0.54069364,-0.49938494,-0.46457013,-0.41695353,-0.33971304,-0.30043262,-0.2579764,-0.2354456,-0.23958123
-0.026925534,-0.017048497,0.015759736,0.020636648,0.03147424,0.022250101,0.025838867,0.016190298,0.008624192,0.001579348,-0.004184153,-0.006481901
-0.043296594,-0.052133664,-0.051587515,-0.052665554,-0.04910633,-0.047248922,-0.03852959,-0.035406113,-0.028588796,-0.02441691,-0.020177536,-0.01758702
0.058256418,0.038964175,0.029613972,0.014218904,0.0021468103,-0.00077560544,-0.002559431,0.0025774837,0.007392481,0.015082665,0.019227348,0.024288695
-0.040424176,-0.09535645,-0.10916624,-0.09253405,-0.09067894,-0.084464,-0.0790442,-0.06532576,-0.06737246,-0.068666406,-0.066698425,-0.06365689
0.21130326,0.20835915,0.17732364,0.14742044,0.1154241,0.09422587,0.07849598,0.07145432,0.074078314,0.08148995,0.090032876,0.09843455
-0.20751396,-0.15116557,-0.14078268,-0.12049626,-0.10008258,-0.06754053,-0.06269789,-0.05900453,-0.06119083,-0.0648357,-0.071933344,-0.07512008
-0.47420156,-0.4993182,-0.47818083,-0.45000583,-0.43289953,-0.38438913,-0.33741164,-0.2872626,-0.26163232,-0.23596859,-0.22332853,-0.21872424
-0.18812011,-0.14802657,-0.1239779,-0.11909871,-0.11444725,-0.10059973,-0.08614973,-0.07652211,-0.061761737,-0.045914277,-0.0403812,-0.03834112
1.5462906,2.0158849,1.6452949,1.5795428,1.5183494,1.5258497,1.1301984,1.0272009,0.88774836,0.84729254,0.7861147,0.75095785
0.22796734,0.23746356,0.20698023,0.17356728,0.14496015,0.12559393,0.10857783,0.09615344,0.09522962,0.09717974,0.10298096,0.10619851
-0.30652124,-0.32953113,-0.30452883,-0.2866881,-0.27160305,-0.25095665,-0.21651559,-0.1918352,-0.1731176,-0.15831728,-0.14932366,-0.14239094
0.21530427,0.22283645,0.20960426,0.20019087,0.19498703,0.1807366,0.15663476,0.13582419,0.112460844,0.09167918,0.078890845,0.06927057
-0.13268688,-0.13251108,-0.1429567,-0.13514152,-0.13043025,-0.12092956,-0.11609913,-0.09536924,-0.06832617,-0.03696505,-0.019665219,-0.011175767
-0.02259013,-0.0053404644,0.03160514,0.034180067,0.03769274,0.031878255,0.031017298,0.028313251,0.015030733,0.00699912,-0.0034720935,-0.012399953
-0.37326562,-0.30724782,-0.261084,-0.24276304,-0.21439013,-0.18058431,-0.14793354,-0.13975833,-0.1235846,-0.11359951,-0.11174914,-0.11038786
-0.23226668,-0.18763267,-0.11976035,-0.094680935,-0.06496526,-0.047118917,-0.029260263,-0.036729053,-0.054161444,-0.07482604,-0.09524365,-0.10483176
-0.095659636,-0.10453285,-0.10792183,-0.09054232,-0.09291473,-0.08555785,-0.0792398,-0.063697554,-0.05665101,-0.04775408,-0.04249018,-0.0399882
0.03047289,0.010471571,0.011839308,0.0109254755,0.008924354,0.005519375,0.011236239,0.0121290535,0.011768367,0.010275077,0.010576222,0.010957347
-0.30767432,-0.326597,-0.31425464,-0.28498334,-0.26145846,-0.23016292,-0.20161724,-0.17383184,-0.1559124,-0.14046383,-0.13275355,-0.12828675
0.051935047,0.041411117,0.02336061,0.010804638,-0.0009320006,-0.0061049536,-0.004509136,-0.0019119307,0.0076140836,0.018179864,0.028190188,0.03442155
0.033567313,0.061235562,0.036745545,0.02245164,0.008222917,0.010255236,0.006314341,0.006641593,0.021997867,0.034409173,0.045717873,0.05003778
-0.027736392,-0.035006016,-0.02079828,-0.0042380653,0.002492277,0.008240081,0.006712407,0.0067667216,-0.0041216826,-0.016141325,-0.026806481,-0.032921396
0.03510501,0.024901833,-0.0001611365,0.02666551,0.034551393,0.03651265,0.017075751,0.01649472,0.008312078,-0.0005733846,-0.008308809,-0.014661521
-0.2002098,-0.1791997,-0.14255081,-0.12221336,-0.09878437,-0.08618297,-0.0768961,-0.06854651,-0.066532224,-0.06286628,-0.06677705,-0.07098916
-0.060859703,-0.041668866,-0.03449998,-0.046961695,-0.045756493,-0.04024283,-0.033980608,-0.02942053,-0.021737296,-0.010778731,-0.005672533,-0.003580518
0.07373274,0.040861636,0.007734239,-0.0028043091,-0.015618637,-0.012253523,-0.010928869,0.0018912256,0.015977398,0.027886786,0.039860465,0.045864765
0.19780807,0.20154203,0.1963186,0.17241964,0.15797594,0.1373767,0.120536976,0.10196592,0.086767346,0.076068066,0.07072811,0.070008636
0.023454558,0.0020999163,-0.016352229,-0.015892357,-0.010945566,0.0011305436,-0.005975418,0.0033231787,-0.0023876242,-0.008111842,-0.011366401,-0.015239641
0.17879425,0.15423256,0.12848154,0.08716196,0.06479074,0.047217846,0.043403715,0.04254332,0.050281286,0.061494008,0.07443695,0.082373366
0.2166239,0.19159338,0.16966736,0.17789802,0.1725234,0.15022537,0.12487416,0.108473994,0.09012615,0.0689801,0.059855245,0.05658868
0.0026887655,0.06307687,0.054487377,0.03246571,0.03317532,0.046110287,0.033871144,0.030283526,0.035958473,0.049198404,0.052851655,0.058219828
-0.10964975,-0.055192724,-0.019349888,-0.008552656,0.0061305314,0.019226983,0.019140676,0.0067191124,-0.009399004,-0.025873639,-0.04243315,-0.048867337
0.07737845,0.09789875,0.09025304,0.08958571,0.08143234,0.078253224,0.07017971,0.061312456,0.056265406,0.05021695,0.04589502,0.042263627
-0.27574807,-0.31072918,-0.2981463,-0.27809492,-0.25354874,-0.22713052,-0.19632857,-0.16993165,-0.14846638,-0.13312373,-0.12445777,-0.11879044
-0.10807541,-0.14033738,-0.14748153,-0.13900153,-0.13307112,-0.11886852,-0.102766976,-0.082445994,-0.066422224,-0.05038477,-0.03880876,-0.033722516
0.09131332,0.09064033,0.0834042,0.069124274,0.062074065,0.05655764,0.04888533,0.045413487,0.043847345,0.04581035,0.046284955,0.047977056
-0.41709852,-0.44513962,-0.4065851,-0.33559465,-0.30394953,-0.27092928,-0.24432237,-0.21064387,-0.20154446,-0.1926156,-0.1948143,-0.19719157
0.095746286,0.08039288,0.08246663,0.07414407,0.06378211,0.05664251,0.0520602,0.044050504,0.032769926,0.020144556,0.012688264,0.013541173
0.0783034,0.07679754,0.053155676,0.036179148,0.022838794,0.023097105,0.013726495,0.014514983,0.010298673,0.011087358,0.012894563,0.017090347
0.5230619,0.57434964,0.5418674,0.42824692,0.3777218,0.34178114,0.300937,0.26868665,0.25440383,0.2527163,0.2566439,0.25588083
-0.0332018,-0.065382786,-0.06951776,-0.068237096,-0.06566054,-0.06695391,-0.05475148,-0.0451581,-0.032027736,-0.019573202,-0.008695621,-0.0037873313
-0.08400062,-0.08022897,-0.07389106,-0.059681185,-0.05600454,-0.047763575,-0.04386693,-0.03894156,-0.040203754,-0.041784324,-0.044119053,-0.044993345
-0.14123178,-0.12982307,-0.13224632,-0.13270378,-0.12177403,-0.09960741,-0.09023866,-0.078554094,-0.069387645,-0.056763723,-0.050166234,-0.04369542
0.36139154,0.34568673,0.3051207,0.26464564,0.23302637,0.2020373,0.18092284,0.16570975,0.16715607,0.16870351,0.17669258,0.17780963
-0.033211343,-0.05723219,-0.08439894,-0.081374586,-0.08603035,-0.076892905,-0.07755136,-0.060620368,-0.046435814,-0.030328676,-0.019597158,-0.013311332
0.13579738,0.1455241,0.14170045,0.1127877,0.10211498,0.09003499,0.0822247,0.06992625,0.064905845,0.06364523,0.06436772,0.06740934
0.08122094,0.09237041,0.08117691,0.07541463,0.06451144,0.061660893,0.05302333,0.049044937,0.05117464,0.05401908,0.05623635,0.057240147
-0.014027349,-0.014031084,-0.01148699,-0.0124760335,-0.007329246,-0.002940408,-0.0024937904,-0.0042255362,-0.008460458,-0.014587149,-0.018012688,-0.01968954
0.11137462,0.08242039,0.06337345,0.041139796,0.030213177,0.021876626,0.023666129,0.024686083,0.031399637,0.037412956,0.04620438,0.05036314
0.17871809,0.16714889,0.17551199,0.121499196,0.11555781,0.09931255,0.0995796,0.08708266,0.07977558,0.0796056,0.08296397,0.08369964
-0.061163362,-0.074521,-0.05536362,-0.05921427,-0.0558517,-0.057705104,-0.04521372,-0.041542064,-0.037235714,-0.035061892,-0.034297317,-0.03301574
0.07849136,0.0967879,0.09008715,0.07576327,0.07297228,0.066409856,0.053415112,0.046139058,0.04425206,0.047501463,0.048479926,0.0504048
0.94567066,0.94737655,0.8576047,0.77232033,0.6946077,0.63265395,0.5373224,0.47289222,0.40452823,0.34133947,0.3143961,0.31245342
-0.0692463,-0.06965789,-0.057259366,-0.03812714,-0.056102183,-0.063305475,-0.062410094,-0.05247881,-0.04527338,-0.03506376,-0.03397081,-0.030840978
0.31409603,0.26743785,0.22317335,0.1973463,0.1804424,0.15455492,0.13628782,0.12590036,0.1197516,0.11390206,0.118215635,0.118499845
-0.3080588,-0.31531078,-0.3284795,-0.30416372,-0.2926605,-0.25977275,-0.23295039,-0.19713071,-0.16356516,-0.13366823,-0.11417463,-0.104478225
-0.090345144,-0.09040125,-0.08191237,-0.08414303,-0.07187872,-0.06111896,-0.05167059,-0.046500422,-0.042113647,-0.038548276,-0.037439995,-0.035316892
0.7120532,0.6683272,0.6447604,0.57974297,0.5609404,0.47129464,0.39979944,0.33548868,0.2842512,0.2424581,0.22250873,0.21890576
0.25651717,0.25789976,0.2410107,0.18395102,0.15388742,0.12332657,0.10650435,0.090143204,0.089751005,0.09900889,0.10822238,0.11923095
-0.12725852,-0.09297216,-0.083761916,-0.07003053,-0.06725971,-0.057904564,-0.054997727,-0.046849027,-0.035086848,-0.021689594,-0.017836787,-0.016726576
-0.3066715,-0.36699325,-0.33741158,-0.2994807,-0.263888,-0.24274507,-0.20945537,-0.17789978,-0.16727388,-0.15462875,-0.1474884,-0.1482681
0.15665254,0.1911719,0.20145598,0.16393226,0.16367353,0.1528247,0.15419877,0.12931067,0.117666826,0.10172224,0.09599378,0.088355735
-0.00048743188,-0.036402978,-0.046124138,-0.05596769,-0.05976408,-0.059563797,-0.049669452,-0.03724561,-0.026046745,-0.013459979,-0.0026177634,0.0031461585
0.23183136,0.23769881,0.24081796,0.22509511,0.20995899,0.18838422,0.16976213,0.1474399,0.12398782,0.10124926,0.08788163,0.07967929
0.03168046,0.051369928,0.06348679,0.050627597,0.055819243,0.061734766,0.056989953,0.054128602,0.04647059,0.042825606,0.036810417,0.029836973
0.07099712,0.060904864,0.0885492,0.081943735,0.09304872,0.08425093,0.08397412,0.0726413,0.059144326,0.045403197,0.034003377,0.027442597
-0.5420075,-0.5073107,-0.47122526,-0.39477777,-0.36984938,-0.31931615,-0.2940597,-0.25487977,-0.24217506,-0.2263511,-0.2279023,-0.22783946
0.027499365,0.010274196,0.011537783,0.004948888,0.006402079,0.0019391291,0.0032962002,0.004185533,0.0049136207,0.0059467927,0.007704719,0.007869293
-0.16127768,-0.19514634,-0.19069403,-0.18916062,-0.18258318,-0.17237507,-0.15541631,-0.13111162,-0.11154685,-0.08751547,-0.073309615,-0.06593917
-0.62131363,-0.7131142,-0.7211491,-0.64469206,-0.5976998,-0.5322379,-0.48615035,-0.40809637,-0.3581211,-0.3112069,-0.2903006,-0.27748457
-0.38994125,-0.45510364,-0.40033954,-0.36558688,-0.30847493,-0.29177895,-0.24827711,-0.22126089,-0.20009063,-0.19029988,-0.18809567,-0.19004092
-0.27450246,-0.24983801,-0.23571539,-0.19795415,-0.1769732,-0.14440282,-0.13378891,-0.11512931,-0.10787579,-0.10020113,-0.10249588,-0.1044883
0.19897853,0.20771825,0.19383144,0.17774262,0.15985626,0.14196831,0.1274344,0.10931662,0.09660353,0.082940236,0.07809914,0.07470392
0.004342732,-0.008624949,-0.010113645,-0.017630754,-0.019495554,-0.025191663,-0.022692684,-0.019043608,-0.013082689,-0.0057046153,-0.00055486336,0.0025517475
-0.122680835,-0.19514376,-0.19457427,-0.16819942,-0.13707615,-0.11501152,-0.0944754,-0.07684191,-0.06947601,-0.07852936,-0.08065119,-0.08788173
-0.028554212,-0.04930995,-0.04922595,-0.0376037,-0.030725107,-0.030834569,-0.030804623,-0.025655054,-0.02355528,-0.02177865,-0.022031294,-0.022399642
-0.38438457,-0.3954249,-0.34752244,-0.31438452,-0.2806368,-0.25383842,-0.2158968,-0.1875207,-0.17479071,-0.1629434,-0.1598233,-0.162195
-0.27611718,-0.2326366,-0.19794819,-0.19829026,-0.17204556,-0.14551383,-0.116171464,-0.10438666,-0.08401409,-0.065149754,-0.056773216,-0.054387122
0.084205694,0.09110813,0.100073606,0.09381014,0.09630245,0.09142217,0.08256367,0.070445776,0.056411557,0.042244088,0.03206007,0.026339255
-0.30445087,-0.30170268,-0.2887045,-0.24291995,-0.22336319,-0.19261876,-0.17901032,-0.15582298,-0.15097964,-0.1487014,-0.15256566,-0.15408957
-0.05230616,-0.06486066,-0.065501556,-0.05811468,-0.05090755,-0.04390902,-0.03940881,-0.028979797,-0.024844881,-0.019812794,-0.017294746,-0.019865757
-0.11073181,-0.11318037,-0.10621281,-0.0852834,-0.08054787,-0.06891274,-0.065903924,-0.05612657,-0.055652082,-0.053759694,-0.055719372,-0.055615086
-0.66520756,-0.69620824,-0.649881,-0.5557799,-0.47932115,-0.42237684,-0.3674196,-0.3173793,-0.27913976,-0.25165164,-0.24204654,-0.24520035
-0.004690785,-0.00598209,-0.023131475,-0.0030520987,0.0007875003,0.00332601,-0.011296362,-0.004879766,-0.0059320554,-0.0007300591,-0.0007397868,-0.0028332602
0.06761432,0.05607211,0.062040016,0.05372625,0.032444365,0.013608061,0.015348155,0.015659545,0.01794846,0.023485312,0.027179683,0.030968685
-0.045920815,-0.027946614,-0.019044086,-0.013331421,-0.0048582256,7.545203e-05,-0.0028046072,-0.004524052,-0.0073551796,-0.0068314746,-0.009296063,-0.0104516
-0.07211972,-0.066815495,-0.062066868,-0.05968308,-0.041869782,-0.030578192,-0.027101278,-0.021699857,-0.01779795,-0.014366705,-0.013601445,-0.015852258
-0.02911472,-0.019903144,-0.020201571,-0.0059818625,-0.0030108355,0.001191318,-0.000902839,-0.0011866763,-0.002593832,-0.004468091,-0.0062603615,-0.008697901
0.23622666,0.21219912,0.18812096,0.1759762,0.16817355,0.1469796,0.12609556,0.11349231,0.10128665,0.09045487,0.086793326,0.08396384
0.016412733,0.059807744,0.081835985,0.076119736,0.06934927,0.06449198,0.063011296,0.046162155,0.036575276,0.025575593,0.016404986,0.014517864
0.42186752,0.5055373,0.5446589,0.48365802,0.45714533,0.40106142,0.36274266,0.29513663,0.24303155,0.1938848,0.16380921,0.15035667
0.1139074,0.091799654,0.08252057,0.068467535,0.059055068,0.04429121,0.044284806,0.03665071,0.030739956,0.022171225,0.023144871,0.023798283
0.055522546,0.036814526,0.00050875545,-0.0003138855,-0.009842031,-0.008972786,-0.013315283,-0.007344298,-0.0034512728,0.000711482,0.0075946525,0.009952139
-0.027873632,-0.012554139,0.0043789707,0.015437134,0.025942916,0.031598825,0.032453604,0.02437937,0.012734193,-0.002216761,-0.013125353,-0.019917723
-0.07315655,-0.049940478,-0.045650348,-0.03387326,-0.02162674,-0.009830855,-0.012958944,-0.018756963,-0.030546501,-0.041578215,-0.050299384,-0.05042415
0.20126158,0.22786811,0.23062414,0.19955821,0.18744467,0.16350107,0.14407536,0.12138202,0.105183594,0.095059,0.08949421,0.08771574
-0.08794317,-0.06079665,-0.014293432,0.005751997,0.016771287,0.0062572733,0.012180254,0.0050021335,0.004604824,0.0058552176,0.0011000633,-0.005173959
0.06587257,0.09770252,0.13460179,0.11211487,0.112687126,0.09926791,0.10567931,0.078188375,0.060669966,0.04133831,0.03192103,0.028362624
-0.4133431,-0.4405533,-0.42020983,-0.34185064,-0.31411892,-0.27712774,-0.2516886,-0.21684527,-0.20543572,-0.20168471,-0.20513582,-0.20821245
-0.00065213256,-0.024502013,-0.023579583,-0.027091272,-0.029694295,-0.033891298,-0.027464483,-0.020541867,-0.013152116,-0.0037261704,0.0024562282,0.0048128664
-0.0004960499,-0.011826664,-0.018677687,-0.025578586,-0.03471663,-0.041736096,-0.037981857,-0.0316897,-0.018873874,-0.0043329895,0.005972634,0.012330973
0.2758835,0.26590088,0.24724737,0.22936256,0.20171864,0.17963701,0.1633733,0.14158879,0.12519214,0.10450716,0.09698224,0.09550382
-0.061889056,-0.065883085,-0.06538205,-0.07150175,-0.07264541,-0.07020815,-0.056348126,-0.04902482,-0.03619284,-0.023207605,-0.013051741,-0.006394107
0.14543453,0.14643364,0.1309952,0.10715689,0.096593514,0.086532086,0.07821054,0.07282921,0.0751844,0.080267996,0.085437685,0.08747664
-0.16460165,-0.20073976,-0.20084608,-0.17545731,-0.15787306,-0.14282683,-0.13059846,-0.10911575,-0.09623433,-0.08339195,-0.077578574,-0.075699896
-0.042683452,-0.0121638775,0.032915086,0.023459494,0.030957222,0.024074808,0.03582062,0.016653921,0.012037411,0.0014983937,-0.006104864,-0.006803233
0.06787601,0.030937515,0.018187597,0.011805169,0.0057692453,-2.8811395e-05,-0.0062572286,-0.0028736591,-0.0053727143,-0.0050472654,-0.004999224,-0.0008364804
0.07475311,0.13198519,0.15054277,0.1862188,0.2035003,0.20102274,0.16443942,0.13461228,0.09473259,0.053729534,0.020317435,0.0019520298
0.08859858,0.078654215,0.06332467,0.05068507,0.039124623,0.033786036,0.02614335,0.026084855,0.02737369,0.031458527,0.033841006,0.037268616
0.22821435,0.21728408,0.21273045,0.18750499,0.18341507,0.17006852,0.15535942,0.13799852,0.124200076,0.10984428,0.10125264,0.09622364
0.3047401,0.36140555,0.3251625,0.29910386,0.26874566,0.24151687,0.20805971,0.17651564,0.16844895,0.15566976,0.1516158,0.1493028
0.3792479,0.29547092,0.2061724,0.1567716,0.10071069,0.07965714,0.061317205,0.0787687,0.11271858,0.14972366,0.18369986,0.20494723
0.18062042,0.1634263,0.16416445,0.14469327,0.13182114,0.105090834,0.101741016,0.08749754,0.08333382,0.07780543,0.078166,0.076487705
0.08773017,0.08315073,0.07925373,0.08181921,0.074979156,0.0704064,0.059713125,0.053371854,0.04024534,0.028157238,0.021188762,0.01813272
-0.30591404,-0.2811632,-0.24937323,-0.2219164,-0.19245133,-0.1596445,-0.13771975,-0.12288205,-0.11507151,-0.10909025,-0.11097385,-0.11149731
-0.2344217,-0.219721,-0.21456762,-0.18901253,-0.16838159,-0.13303684,-0.12069229,-0.102015495,-0.094407655,-0.08979734,-0.09064898,-0.09229168
0.03309772,0.040320057,0.041091323,0.033264402,0.032750543,0.041892022,0.035833027,0.03295583,0.02094974,0.015473269,0.0065357573,0.007963423
-0.032261163,0.0020961165,-0.06893988,-0.0017938539,-0.03951353,-0.022564467,-0.048315965,-0.02752192,-0.006543264,0.012106657,0.023032632,0.026882559
-0.03611713,-0.028967788,-0.017376836,-0.016239375,-0.008947287,-0.007075377,-0.00417519,-0.0053044595,-0.004142478,-0.004957624,-0.0062550474,-0.007524874
-0.1040405,-0.088531315,-0.06960273,-0.0664398,-0.055979043,-0.05210512,-0.042074323,-0.04280684,-0.039676253,-0.037717644,-0.03705884,-0.03700613
-0.21452403,-0.25645185,-0.23528752,-0.22265057,-0.20297581,-0.18937021,-0.16353571,-0.14008494,-0.12521102,-0.11229112,-0.1047009,-0.09997599
0.13680242,0.14973547,0.14081112,0.12522581,0.11730307,0.107253514,0.093647614,0.07988283,0.06956141,0.06073465,0.055406854,0.0539508
0.7396533,0.72041065,0.6816481,0.58698344,0.53446674,0.47516155,0.44003028,0.38560393,0.36402524,0.334872,0.3341087,0.33475286
0.06446999,0.05012127,0.04921536,0.033284575,0.044308998,0.04520253,0.04657872,0.039910134,0.034225397,0.027031176,0.023474094,0.022553414
-0.027518468,-0.027291507,-0.022869248,-0.02246166,-0.018098729,-0.020555634,-0.017044844,-0.016355412,-0.010072676,-0.0052863043,-0.0018289145,-0.0006163325
1.2618673,1.3496261,1.4212903,1.1454127,1.0196676,0.857283,0.8051435,0.6583662,0.61549425,0.5882913,0.5828825,0.5863735
-0.15979618,-0.20209664,-0.20544183,-0.20165022,-0.18206246,-0.16739847,-0.14403205,-0.122606985,-0.10608747,-0.090047084,-0.07726866,-0.071619585
0.30325803,0.3099308,0.33317298,0.306785,0.30043018,0.2725362,0.2534958,0.20605618,0.16136616,0.113965675,0.09006514,0.079628766
0.16813703,0.1909144,0.18775585,0.18408377,0.17235819,0.15955605,0.13465542,0.1158518,0.094750896,0.07792872,0.06450154,0.060217503
-0.05997231,-0.05541697,-0.050837684,-0.05653715,-0.04828026,-0.035080582,-0.023854261,-0.020639092,-0.020850174,-0.021789093,-0.01980396,-0.018639036
0.3583086,0.29662067,0.22380656,0.24459559,0.20143741,0.15509407,0.103305176,0.083943695,0.06744176,0.047054455,0.04248324,0.049270123
0.37783176,0.32353663,0.30438167,0.26561123,0.23927647,0.20164514,0.17962217,0.16158724,0.14336698,0.13339947,0.12994081,0.1315589
0.21527603,0.21295476,0.1884178,0.16058983,0.14568447,0.1357418,0.117153525,0.10262042,0.09122308,0.07671796,0.071194336,0.06697375
-0.13260415,-0.11303575,-0.06942749,-0.058278635,-0.044008985,-0.044433787,-0.032934055,-0.036652327,-0.03966613,-0.04314825,-0.049761623,-0.053044796
-0.079597175,-0.08075817,-0.08101196,-0.07425316,-0.068239324,-0.056989424,-0.050523974,-0.042479996,-0.037465587,-0.034551237,-0.033006765,-0.03354661
-0.34762162,-0.338259,-0.31647313,-0.28011003,-0.24364339,-0.20565292,-0.1789777,-0.15362051,-0.13304716,-0.115867116,-0.11078469,-0.11343806
-0.17681256,-0.19956648,-0.21464753,-0.17549352,-0.16459702,-0.13787398,-0.13706155,-0.11171729,-0.10837504,-0.09994067,-0.09910591,-0.09621978
0.0054158885,0.012017005,0.0010763705,0.0112844845,0.011135994,0.016575597,0.00933614,0.009498802,-0.00029887212,-0.008587077,-0.013786057,-0.01626664
0.6183156,0.65003777,0.60217845,0.54022664,0.49057576,0.4418096,0.3772127,0.33383024,0.30817544,0.29343295,0.28239214,0.27358395
0.019096605,0.04628536,0.053216103,0.039840564,0.036575183,0.03501134,0.02631263,0.02253808,0.01879612,0.019278543,0.016471319,0.014848655
-0.2728923,-0.28116208,-0.290219,-0.2214549,-0.20275521,-0.17404512,-0.17919414,-0.15249076,-0.14546442,-0.1398733,-0.14406683,-0.14537056
-0.07124758,-0.07725919,-0.08678258,-0.07750057,-0.0894864,-0.07940115,-0.07632662,-0.06493215,-0.06281824,-0.058379993,-0.055980936,-0.04893039
0.16084208,0.14785795,0.13202423,0.113743775,0.10207042,0.08753469,0.07765797,0.06798508,0.060500562,0.051191017,0.04951907,0.048082776
0.0628939,0.06335724,0.07130039,0.0628477,0.065157615,0.062136684,0.06365213,0.05622492,0.052572228,0.0471823,0.044311475,0.04167814
-1.371633,-1.3640659,-1.3820344,-1.2085252,-1.1148238,-0.94514465,-0.8774292,-0.7451066,-0.67481375,-0.60438305,-0.5812203,-0.56863725
-0.03199724,-0.004056759,0.0182271,0.019571438,0.020214453,0.019851789,0.023264796,0.016938709,0.009613082,0.0038994737,-0.0012120921,-0.004945839
0.09389225,0.09120397,0.06283249,0.048767254,0.03386967,0.02605661,0.021775894,0.020486668,0.032004096,0.043602128,0.05436868,0.060210515
-0.114392504,-0.11061439,-0.12289999,-0.11557508,-0.112887755,-0.09637739,-0.09249929,-0.07579157,-0.06227332,-0.04774954,-0.039882045,-0.03873522
0.19453639,0.21891674,0.21972443,0.18912674,0.16904607,0.14653796,0.14383589,0.12514853,0.12352221,0.123356864,0.12841895,0.1265463
0.13397694,0.12681918,0.13166946,0.1088009,0.10402191,0.08975362,0.087979585,0.07449655,0.06849492,0.061230853,0.05967761,0.05830447
-0.08618166,-0.112194024,-0.13303941,-0.12978056,-0.13057221,-0.1224009,-0.11493622,-0.09628387,-0.07798409,-0.06050884,-0.04893706,-0.04320696
0.12079221,-0.02784571,-0.14017524,-0.13544866,-0.1612663,-0.16477843,-0.17478967,-0.12708147,-0.085960165,-0.04122545,-0.003062576,0.016263492
-0.068205774,-0.0827197,-0.06659839,-0.0676337,-0.056671023,-0.05466585,-0.040538054,-0.034720447,-0.030907473,-0.027262114,-0.023403555,-0.023717718
0.10508919,0.1372346,0.15034497,0.12204991,0.10763173,0.09214656,0.08278709,0.06772571,0.059271436,0.05400582,0.04977623,0.04798575
0.05803151,0.04799975,0.018148102,0.009236179,0.0036186576,0.0041867346,-0.0039841235,0.0023026913,0.009459671,0.017717276,0.024176184,0.028170168
0.115586884,0.12918195,0.1279742,0.118991464,0.10689412,0.09501239,0.08160391,0.07252671,0.06515788,0.062001392,0.058193184,0.05538806
-0.012244649,-0.014665959,-0.013636148,-0.0027974667,-0.0043144566,-0.0018756059,-0.004299286,-0.0028967496,-0.0037817026,-0.006452026,-0.008544377,-0.010441503
-0.21834229,-0.2526815,-0.25430214,-0.2294392,-0.20745417,-0.18573454,-0.16881205,-0.1452678,-0.13055836,-0.117972754,-0.10971337,-0.1043928
0.12282704,0.11328498,0.10955911,0.10331949,0.10684968,0.099349484,0.08761652,0.076819584,0.060016602,0.04553878,0.037213873,0.029490978
0.31527507,0.2962026,0.27276108,0.23375535,0.21337,0.18561172,0.16442434,0.14417773,0.1271996,0.111081384,0.10501685,0.10315743
0.1481539,0.1472715,0.17866957,0.16511118,0.17475376,0.15198685,0.1526798,0.121641226,0.09163238,0.055823192,0.037219286,0.024408713
-0.18050396,-0.15824339,-0.12718865,-0.08992377,-0.073213145,-0.058361903,-0.052727103,-0.04899983,-0.057443053,-0.067667104,-0.08085383,-0.087991044
0.10158552,0.037304275,-0.021419525,-0.007084444,-0.015168056,-0.0143083185,-0.021905348,-0.004480794,1.8619001e-05,0.0104503855,0.021470763,0.026935175
0.006305799,-0.035473477,-0.05253692,-0.040784217,-0.038777623,-0.029568631,-0.029207822,-0.014031887,-0.014151894,-0.016092226,-0.015161391,-0.015517436
0.20052046,0.23315409,0.20975259,0.18549037,0.1526202,0.13474324,0.1147015,0.09907142,0.0934957,0.08580851,0.083817,0.082376525
0.11176175,0.12123276,0.11568906,0.09119656,0.08251669,0.06905697,0.06833866,0.058813505,0.060639746,0.063499235,0.06967945,0.0720453
0.029935919,0.01846857,0.0069237947,-0.0066637285,-0.009998433,-0.01103799,-0.008426249,-0.0024457276,0.008576933,0.020618899,0.029510215,0.031067884
-0.12736754,-0.1466121,-0.14931042,-0.14223744,-0.1368563,-0.12523292,-0.10961013,-0.092399865,-0.0775274,-0.06389691,-0.05479481,-0.05090468
0.12698612,0.1599796,0.13790934,0.10425463,0.08534439,0.07667419,0.06258029,0.05865371,0.06871311,0.086531416,0.09826237,0.105121866
0.14531516,0.12020155,0.08909179,0.0604627,0.04014276,0.025293693,0.017812133,0.017890885,0.02755624,0.040384464,0.052399144,0.061559886
-0.12500265,-0.13011941,-0.09901656,-0.10160047,-0.08558959,-0.08011308,-0.060110234,-0.056551695,-0.05340912,-0.052473795,-0.052877165,-0.05456336
-0.22166093,-0.24605139,-0.2574203,-0.22025315,-0.21072657,-0.18263282,-0.16956006,-0.141584,-0.123667546,-0.11113819,-0.10529626,-0.10380995
0.5473136,0.56434417,0.5379776,0.49802595,0.45700887,0.40550017,0.35747868,0.30975628,0.27845484,0.24716097,0.23277058,0.22579642
0.12843364,0.12669712,0.09788607,0.08387602,0.07374234,0.07506928,0.061413854,0.06136045,0.061571985,0.061801378,0.063331604,0.062470835
0.1980521,0.16143207,0.10500486,0.09227836,0.07786303,0.06640564,0.038684994,0.036549933,0.033106364,0.032810125,0.037258882,0.043683074
-0.48092633,-0.4731105,-0.4382153,-0.38523585,-0.35309285,-0.30866912,-0.2698693,-0.23828383,-0.21781965,-0.20402676,-0.2004596,-0.1980711
-0.19332832,-0.12759525,-0.09412214,-0.07640329,-0.05955918,-0.043360427,-0.033564687,-0.03792949,-0.038293973,-0.04141198,-0.04876744,-0.05340617
0.47094408,0.48123482,0.46130985,0.3680206,0.33079174,0.28855872,0.27231967,0.23731698,0.23337325,0.2290756,0.23584196,0.23892102
-0.3545217,-0.36066204,-0.32815075,-0.3296231,-0.28827563,-0.2692284,-0.22014374,-0.19730163,-0.15898192,-0.1267057,-0.10280053,-0.09446031
0.2199543,0.18230341,0.13714068,0.106903926,0.0702716,0.04334037,0.032722503,0.03206092,0.047931403,0.068770826,0.087363765,0.10337782
-0.21644683,-0.27547854,-0.27676398,-0.26363632,-0.24442619,-0.2206145,-0.19644216,-0.16841155,-0.15513778,-0.1425868,-0.13463536,-0.12557212
0.07810918,0.03452391,0.01121673,0.008855537,0.006233223,0.0009565875,-0.004431814,-0.0036890581,-0.005734928,-0.008645676,-0.0063031465,-0.003495451
0.5917953,0.57543576,0.55702055,0.47384453,0.4532119,0.40529254,0.37313393,0.3185028,0.28364408,0.25178695,0.23878284,0.23175684
0.030987553,0.03477113,0.04068139,0.062140528,0.06020852,0.058717407,0.04219123,0.03665327,0.01889194,0.0012795031,-0.015607651,-0.023248091
0.1669634,0.17004317,0.17756502,0.16237234,0.15339622,0.13867414,0.12994936,0.108671,0.08335869,0.06181939,0.04895162,0.046029385
-0.059581243,-0.07611694,-0.104905084,-0.092453554,-0.090820685,-0.078241125,-0.08191191,-0.0653453,-0.04964814,-0.034555946,-0.02629168,-0.021362662
-0.019026933,-0.03860775,-0.028169671,-0.02695196,-0.029274337,-0.028317973,-0.019271823,-0.015983857,-0.018114708,-0.01757963,-0.016327843,-0.013220495
0.0041380674,0.18897691,0.2874516,0.21774504,0.2503649,0.23952138,0.22604208,0.16745411,0.13890842,0.13413885,0.11343658,0.109349504
0.97686386,0.9776006,0.94598657,0.8253691,0.7554934,0.65872115,0.5881441,0.5065266,0.46608838,0.42076582,0.39450395,0.38700175
0.3195585,0.25769967,0.2328639,0.1920755,0.16780135,0.12927169,0.13116151,0.119941026,0.12399565,0.12649487,0.14166743,0.144806
-0.050088838,-0.037577346,-0.027070478,-0.0037121698,0.00074567646,0.0055917427,-0.00039770454,0.00090895966,-0.006874297,-0.011257311,-0.018483657,-0.022691378
0.03104958,0.043070734,0.029711567,0.032939553,0.023665905,0.019341046,0.006246427,0.00688417,0.00907307,0.01418923,0.015188183,0.016195863
0.054541577,0.058474075,0.046829037,0.024489831,0.014747746,0.009592224,0.0075349696,0.0052146316,0.007893916,0.012679567,0.018723268,0.024171643
0.35007322,0.29793313,0.28869566,0.26311347,0.20768002,0.17004398,0.15323403,0.1331715,0.11141315,0.08647679,0.08076373,0.0835567
0.07285982,0.054863304,0.04263085,0.033608623,0.020634014,0.008429229,0.0072596483,0.007979982,0.010597624,0.018074287,0.025726482,0.032687895
0.14097616,0.09574047,0.076473325,0.056168392,0.0469878,0.0349451,0.026481107,0.026410565,0.023876414,0.023879856,0.027121596,0.03330995
0.047259886,0.056652986,0.05649264,0.04929379,0.043419387,0.038993627,0.031304453,0.026063105,0.021606855,0.020089589,0.017238019,0.017112706
-0.24072759,-0.2605139,-0.27439559,-0.2338895,-0.21752039,-0.18744887,-0.18119994,-0.14993054,-0.13592798,-0.12203145,-0.11724691,-0.11486252
-0.12896478,-0.13454092,-0.11001754,-0.083755374,-0.06594671,-0.05970951,-0.051518023,-0.04843518,-0.052623622,-0.058363438,-0.06542914,-0.07086121
-0.012299424,0.01877696,0.041344337,0.04060495,0.049287286,0.04933702,0.045580532,0.032054666,0.01661361,0.0018781256,-0.010419367,-0.014716569
-0.31696856,-0.32435852,-0.2593192,-0.22553955,-0.20196457,-0.19067575,-0.15797542,-0.1446861,-0.13995028,-0.14156821,-0.14781767,-0.15015705
-0.3354532,-0.37202817,-0.36870074,-0.33393174,-0.3089143,-0.27500933,-0.24405335,-0.20770551,-0.18472537,-0.16822873,-0.15862757,-0.15494674
0.25037578,0.25752535,0.230196,0.19181396,0.17108466,0.14822817,0.13455915,0.112377204,0.10639651,0.09847283,0.100832105,0.10532729
-0.18448699,-0.0556553,-0.10033332,-0.09323099,-0.0898495,-0.03554894,-0.074287474,-0.06831569,-0.07456142,-0.060456693,-0.066009924,-0.055875376
0.4748258,0.49519715,0.45764357,0.44264832,0.38340825,0.33828193,0.28958067,0.25453758,0.22451958,0.19356547,0.17802168,0.16946064
-0.06402424,-0.047764905,-0.042783655,-0.04828847,-0.042086158,-0.029791638,-0.022131752,-0.018715076,-0.014084833,-0.009468235,-0.0069799367,-0.007027589
0.14902517,0.15246975,0.14352465,0.12809263,0.11452748,0.10514567,0.09015936,0.07433418,0.06161999,0.04581076,0.034611553,0.034173958
0.16764359,0.13052166,0.11849253,0.103198856,0.08378804,0.06471605,0.052769676,0.049095273,0.049195066,0.05349416,0.05625342,0.06267405
0.081817076,0.047371462,0.049908243,0.043451272,0.030158877,0.007989757,0.0018059239,0.0012669563,0.00031498075,0.003221795,0.0040382706,0.00853841
-0.015027335,-0.013417775,0.0058340775,0.004350947,0.0075016804,0.009693496,0.013975824,0.009154517,-0.0001255367,-0.009826435,-0.016772956,-0.018271454
-0.3155042,-0.3159476,-0.26909387,-0.24182484,-0.22887273,-0.22098029,-0.18228061,-0.16291915,-0.13684165,-0.11210871,-0.09835796,-0.09437801
-0.13303712,-0.15125127,-0.1536631,-0.1341686,-0.11852029,-0.09910975,-0.08933555,-0.076327726,-0.07142046,-0.071567446,-0.073586024,-0.07284256
-0.2917215,-0.30524242,-0.28582278,-0.26652816,-0.2546951,-0.2379693,-0.20145711,-0.17785746,-0.1516782,-0.12924066,-0.11419514,-0.10388904
-0.7791246,-0.78147143,-0.7097201,-0.6258122,-0.57244515,-0.5041042,-0.437329,-0.38658357,-0.36321527,-0.3459075,-0.34571558,-0.3427496
-0.25218415,-0.28310996,-0.29968187,-0.26654148,-0.2471617,-0.21377625,-0.19507928,-0.16424178,-0.14490671,-0.13056004,-0.121269986,-0.117520064
0.23600733,0.20029104,0.16812293,0.13785908,0.12315227,0.10646711,0.09400621,0.08932631,0.08781021,0.08651614,0.09157959,0.09252033
-0.3083823,-0.35746345,-0.37844926,-0.34577894,-0.3296258,-0.28101978,-0.25939968,-0.21358211,-0.19065952,-0.1721858,-0.16479954,-0.15746637
-0.06702353,-0.07316949,-0.077575855,-0.07361001,-0.0745485,-0.07078273,-0.06409909,-0.0534679,-0.041822325,-0.029228121,-0.020413067,-0.016644828
0.04206085,0.04437358,0.03423836,0.024749056,0.0076668933,-0.0007657483,-0.0012898333,-0.00019145012,0.009383317,0.017127037,0.02361972,0.02727509
0.19555828,0.2164161,0.20734307,0.18021232,0.15640613,0.1320899,0.11179292,0.09786753,0.089553095,0.086728126,0.08658508,0.08435104
0.10410061,0.1173061,0.12096525,0.10177538,0.09269727,0.077954724,0.06821174,0.05549799,0.05033764,0.048304174,0.045891926,0.047244597
-0.034289427,-0.0129015595,0.0012128502,0.0015220977,0.009381764,0.012294229,0.00991381,0.004769724,-0.0022064894,-0.0062632747,-0.011672085,-0.012858421
0.044514526,0.03961382,0.019286774,0.029175218,0.020428434,0.021157965,0.012133371,0.008990176,0.00078640506,-0.008757215,-0.014317352,-0.0132078435
0.34174386,0.33765623,0.31158337,0.265937,0.23308288,0.19616537,0.17412105,0.15086459,0.1408816,0.1364731,0.1395818,0.14145695
0.056543637,0.101074874,0.12646855,0.1256071,0.12539667,0.113070145,0.09900318,0.07985118,0.0613088,0.04750873,0.034789123,0.028143827
-0.16189395,-0.13842751,-0.12591222,-0.11267788,-0.09574059,-0.0774335,-0.06767594,-0.06332947,-0.0634189,-0.06469584,-0.067424715,-0.06846372
0.13817593,0.16121402,0.15811674,0.13780415,0.123362124,0.112378545,0.097493775,0.082941175,0.07062026,0.06254143,0.0566888,0.05623246
0.09816206,0.08586596,0.05919051,0.04086723,0.024864733,0.028454103,0.020551845,0.024530172,0.028654791,0.034386903,0.038825687,0.04278998
-0.06385205,-0.07718997,-0.07940152,-0.07253898,-0.06664714,-0.05929733,-0.050285656,-0.044220857,-0.039788757,-0.03745253,-0.034836084,-0.03299091
-0.22701687,-0.30541453,-0.29749095,-0.27726954,-0.25114548,-0.22543709,-0.18976863,-0.16045995,-0.15050104,-0.14367339,-0.13631086,-0.13078098
-0.102677435,-0.0897426,-0.09018318,-0.07886219,-0.075265445,-0.0640874,-0.056935824,-0.049907,-0.04234724,-0.03830027,-0.03518469,-0.034451418
