-0.37262064,-0.3286981,-0.29697132,-0.23748262,-0.23342621,-0.2221262,-0.18938595,-0.18023986,-0.16139682,-0.16620487,-0.17917329,-0.16986103
-0.02694843,-0.038173385,-0.044704698,-0.06604485,-0.07247159,-0.062021695,-0.061748706,-0.043472473,-0.03794493,-0.014943866,-0.0052610394,0.021199672
0.059039127,0.061593976,0.06711024,0.06811314,0.07099143,0.07380339,0.093773484,0.09569502,0.08134802,0.08934796,0.10283634,0.10333078
0.21087727,0.17440648,0.1602007,0.105757155,0.088705264,0.08453302,0.09199892,0.08316459,0.09347646,0.12284313,0.12224194,0.14876129
0.037237145,0.022671912,0.016820155,0.006525146,-0.0049815513,0.0010279603,-0.0028373916,0.008606698,0.0074390993,0.018674502,0.018859923,0.031856935
-0.0703105,-0.053331435,-0.05851939,-0.042406026,-0.0415122,-0.036842834,-0.043086346,-0.0293076,-0.044946212,-0.045599554,-0.029152997,-0.033861864
1.2298099,1.167478,1.131673,1.0858935,0.93417245,0.8881638,0.862809,0.84485507,0.8880408,0.9366241,0.81017816,0.7288653
-0.24097787,-0.21506798,-0.20808807,-0.17417094,-0.15098014,-0.14849141,-0.1476452,-0.15298206,-0.14876851,-0.17144273,-0.15931483,-0.16916898
-0.24830407,-0.26199216,-0.25210187,-0.25896427,-0.24904437,-0.23188816,-0.21784088,-0.19906521,-0.19355986,-0.16932777,-0.13704027,-0.12838945
0.22652896,0.20887229,0.199946,0.18767816,0.1996305,0.18469758,0.18217885,0.17543587,0.17614041,0.16034952,0.16097835,0.14419377
0.22602642,0.22679788,0.229184,0.23043782,0.23480439,0.2245218,0.22139543,0.2139321,0.20502658,0.20186515,0.19050188,0.16698462
-0.088991255,-0.08176635,-0.069872044,-0.059199512,-0.04046878,-0.045476098,-0.036812734,-0.05052556,-0.054113146,-0.071546525,-0.059078407,-0.06575233
-0.07627963,-0.08272634,-0.077840425,-0.077443205,-0.06906481,-0.07548552,-0.075064,-0.07486046,-0.076630086,-0.08745146,-0.07085013,-0.07732581
-0.28756174,-0.28594366,-0.28052467,-0.27050534,-0.25901037,-0.23569009,-0.22011471,-0.1919541,-0.18245706,-0.1569692,-0.1364191,-0.10752528
-0.25105065,-0.24236777,-0.23355724,-0.23339553,-0.22453712,-0.20630889,-0.19284305,-0.18441358,-0.17415245,-0.16028494,-0.14978495,-0.12998985
0.489327,0.48609924,0.4733125,0.4503441,0.4628082,0.43748814,0.44717902,0.4197895,0.41819793,0.41837552,0.39292562,0.36318737
-0.81884694,-0.77651596,-0.7340618,-0.6734172,-0.58784914,-0.5799989,-0.5670901,-0.552707,-0.5379639,-0.5857843,-0.53846,-0.5151075
0.2292647,0.23627014,0.23995396,0.25826174,0.24807248,0.2316466,0.20974973,0.19254503,0.17195147,0.14281665,0.12443528,0.065301314
-0.5053391,-0.47645178,-0.46242708,-0.46806315,-0.44189265,-0.41398534,-0.37570056,-0.37171513,-0.35582194,-0.31503505,-0.27646843,-0.2496829
-0.0797936,-0.05364285,-0.044870324,-0.01924172,-0.016047463,-0.01681954,-0.021652713,-0.026747655,-0.034271605,-0.05402407,-0.056843843,-0.0699536
-0.49983191,-0.4722549,-0.43482462,-0.40726265,-0.39510107,-0.37258112,-0.34735334,-0.34316605,-0.33789694,-0.3310687,-0.3114306,-0.28937903
-0.94247675,-0.89508194,-0.85093653,-0.8340922,-0.80531716,-0.76811033,-0.7215627,-0.6985981,-0.6617424,-0.6271402,-0.58733267,-0.544419
0.017196324,0.012791273,0.01588881,0.0047536492,0.0044197217,0.0017779376,0.010255568,0.013078174,0.012358105,0.025678344,0.029566975,0.030552614
-0.39291722,-0.39155382,-0.38008836,-0.38247776,-0.37099725,-0.34789914,-0.33616027,-0.30974337,-0.29310617,-0.27496007,-0.2470448,-0.21462229
0.05244577,0.049399413,0.04171255,0.040442325,0.039339464,0.035219602,0.03594133,0.038735267,0.03911832,0.04157888,0.043654446,0.0392943
-0.04307916,0.0008063838,0.017348923,0.06548682,0.08221878,0.062751055,0.055803426,0.029466942,0.015932217,-0.03525473,-0.047516473,-0.081307635
-0.15102856,-0.10965037,-0.105390996,-0.058772463,-0.05670765,-0.045179203,-0.04249046,-0.048955087,-0.055646114,-0.06391793,-0.069075845,-0.08541264
-0.17295171,-0.1638946,-0.15718295,-0.14925988,-0.1426716,-0.12805368,-0.117591836,-0.116516426,-0.112167135,-0.1083619,-0.09888509,-0.08780525
0.03527532,0.037903603,0.03691775,0.029987836,0.022955427,0.026444927,0.032448802,0.02900825,0.03371221,0.047180828,0.03987465,0.049190685
0.015983526,0.035390325,0.04345164,0.05615838,0.057934027,0.050215468,0.048087664,0.030982941,0.020687327,0.0068565947,0.0011674413,-0.021190654
-0.07838386,-0.09365265,-0.098885894,-0.10477126,-0.096217185,-0.09142211,-0.08372973,-0.06705988,-0.061489873,-0.05778707,-0.0497649,-0.033345897
-0.005769373,-0.009287376,-0.016341627,-0.02659102,-0.035626356,-0.028884312,-0.027334033,-0.024113383,-0.01628323,0.0021126545,0.0015477231,0.016123123
0.31804577,0.2850782,0.27169225,0.25517988,0.2501585,0.22733378,0.21994048,0.20215079,0.20197335,0.18332809,0.17126021,0.16220556
-0.05974041,-0.065882154,-0.06793836,-0.07016585,-0.066198096,-0.058786076,-0.06349881,-0.053339593,-0.050259314,-0.0474695,-0.039382093,-0.034487695
0.04104386,0.03903916,0.031302746,0.023479246,0.035470508,0.02462009,0.02583597,0.02969572,0.03181658,0.029979803,0.03684655,0.034209363
-0.25462213,-0.22693141,-0.21768615,-0.18158832,-0.16125706,-0.14419582,-0.1432654,-0.13834466,-0.13333163,-0.15506224,-0.15562348,-0.14633381
-0.0754105,-0.070642374,-0.082671784,-0.070910186,-0.072747126,-0.059274793,-0.06933792,-0.035895847,-0.03160324,-0.0329521,-0.030407786,0.0011530817
-0.049819384,-0.035860132,-0.030146148,-0.03207079,-0.016560635,-0.011236151,0.00044121686,-0.016356317,-0.010307564,-0.0078266375,-0.0036689527,-0.0021029226
0.2690565,0.27298844,0.24601564,0.23297139,0.2321373,0.20517546,0.18447797,0.17212032,0.15230934,0.14320377,0.13630894,0.1465269
0.13201913,0.15057094,0.1495793,0.15182416,0.15842545,0.1582612,0.16437148,0.14548649,0.139636,0.13848135,0.12999626,0.12857535
-0.07673486,-0.06568224,-0.056354165,-0.03903671,-0.034737073,-0.029102877,-0.025248727,-0.019566955,-0.0159206,-0.019515133,-0.031387802,-0.023482725
0.3812173,0.36590868,0.32594973,0.2917729,0.2776134,0.268571,0.25383914,0.25616157,0.24826129,0.27000567,0.26031247,0.27512246
0.33516288,0.3087606,0.29266497,0.2669867,0.25068042,0.2343379,0.20579262,0.20702337,0.19612268,0.19119911,0.17612849,0.16555884
-0.21320672,-0.20645706,-0.19597718,-0.19495912,-0.18850076,-0.17703255,-0.16885225,-0.16608262,-0.16054818,-0.15821962,-0.1455066,-0.12632881
-0.9078451,-0.873706,-0.82653356,-0.77675617,-0.7498372,-0.71359074,-0.6861152,-0.65643394,-0.6520617,-0.6406835,-0.59489894,-0.56462616
-0.01772815,-0.022731736,-0.024458177,-0.010184609,-0.018444978,-0.017279914,-0.028404946,-0.023260098,-0.028323475,-0.042514775,-0.043429755,-0.052345857
-0.10610866,-0.11029062,-0.108008794,-0.10653151,-0.1193026,-0.11533498,-0.12737523,-0.122519344,-0.1276201,-0.1320262,-0.1267865,-0.13415131
0.3466785,0.3069398,0.28959894,0.24759375,0.23804452,0.23228821,0.23653579,0.24496341,0.24261174,0.26915213,0.25608507,0.275898
-0.45043436,-0.4239033,-0.39580712,-0.36389428,-0.3495318,-0.33314824,-0.32392484,-0.320559,-0.3205554,-0.33301672,-0.30880663,-0.30855054
0.27496517,0.2645035,0.2542988,0.24541998,0.22320706,0.21556665,0.19517523,0.19446549,0.18528472,0.18430117,0.15751491,0.15709022
-0.091740236,-0.10332725,-0.099830136,-0.11724556,-0.11246386,-0.10816668,-0.09336968,-0.081850894,-0.07581427,-0.053257395,-0.037309736,-0.026603578
0.28774855,0.25226954,0.231078,0.19842936,0.19156732,0.16468692,0.15502794,0.14754277,0.14203945,0.1412832,0.13869363,0.12985183
-0.3380627,-0.33148083,-0.3223888,-0.31895724,-0.31262735,-0.2964093,-0.28933614,-0.27116126,-0.2685418,-0.25022164,-0.22942193,-0.20623529
-0.37259954,-0.34111992,-0.31869113,-0.3001118,-0.29516932,-0.28045127,-0.2593807,-0.2716908,-0.25640693,-0.25009778,-0.25317535,-0.23706692
0.2367001,0.21811752,0.2065312,0.1870334,0.17424881,0.16964349,0.15984866,0.15742673,0.16004905,0.16256827,0.14599985,0.14001742
-0.036841854,-0.026327545,-0.01753153,-0.015958615,-0.01281631,-0.017180752,-0.01149915,-0.027101852,-0.022193823,-0.026737345,-0.032078527,-0.039770007
-0.062878236,-0.015537158,-0.00843963,0.038608976,0.041255016,0.04296256,0.04238178,0.032199524,0.028687317,-0.0017624944,-0.012747552,-0.03677658
0.25848258,0.259586,0.24822533,0.25520903,0.23580687,0.22087362,0.21002154,0.21654564,0.22009756,0.22117876,0.18871321,0.17200363
-0.20095709,-0.18020831,-0.17696218,-0.16940188,-0.16964382,-0.1568632,-0.14560598,-0.14957604,-0.13865529,-0.13447867,-0.124226846,-0.12645549
-0.6548643,-0.6145436,-0.55972815,-0.5308156,-0.52537453,-0.50635827,-0.45955044,-0.45501444,-0.4616818,-0.42416936,-0.38935843,-0.36711788
0.35509866,0.31837386,0.28907531,0.2488003,0.23618937,0.2278616,0.21730915,0.22896248,0.22679406,0.24299958,0.23771238,0.24863918
0.0621545,0.07326372,0.061275207,0.057744436,0.07006268,0.065335214,0.063068606,0.061815415,0.061036874,0.057521265,0.060247064,0.050436202
0.12314612,0.08610533,0.05963999,0.020015858,-0.006211534,0.0051354766,-0.005199164,0.02102793,0.024427716,0.063548185,0.074679114,0.08806711
0.009300811,0.030274367,0.039654322,0.058795623,0.05317207,0.042750042,0.045698456,0.040457692,0.04734624,0.04301975,0.02964199,0.008698169
0.07975999,0.076618,0.063559905,0.036501147,0.022241518,0.031619117,0.044310406,0.055536307,0.066617,0.10827726,0.11248449,0.12811558
0.048652556,0.054466963,0.053843986,0.051786583,0.054576974,0.05689174,0.054030992,0.04913751,0.04651591,0.043734323,0.04533215,0.03979027
-1.2941295,-1.235371,-1.1878695,-1.1243294,-1.0768633,-1.0153526,-0.97538596,-0.9469835,-0.91174835,-0.9086127,-0.85186726,-0.7868167
0.18110658,0.16796777,0.15195064,0.13876592,0.13972369,0.11266666,0.095109,0.08547628,0.08037252,0.05889355,0.051205236,0.04075668
-0.13490042,-0.1258904,-0.11059475,-0.10768187,-0.11104694,-0.09535581,-0.10771732,-0.09507954,-0.100965284,-0.09775383,-0.08830902,-0.07594149
0.04961337,0.04113502,0.0284694,0.014903707,0.022965133,0.017969985,0.009904671,0.013166767,0.01516143,0.0057824156,0.012710017,0.020686563
-0.41649356,-0.3981877,-0.37658167,-0.3371599,-0.32372913,-0.30336708,-0.30363613,-0.2785497,-0.2728948,-0.28758013,-0.27710244,-0.26268834
0.12964791,0.12478977,0.09772804,0.11608343,0.09840861,0.08646524,0.0452577,0.05580534,0.040148932,0.011429841,-0.002010271,-0.016165748
-0.10219753,-0.11239356,-0.11777575,-0.14126426,-0.15694505,-0.14587112,-0.13972142,-0.13155667,-0.12948471,-0.10197362,-0.08489823,-0.055902123
-0.18139973,-0.17102066,-0.1623657,-0.15689817,-0.15233932,-0.14106065,-0.13010393,-0.12068407,-0.12204237,-0.107506186,-0.09640314,-0.08394118
0.37449348,0.367189,0.3646806,0.35883084,0.3590524,0.33890572,0.3289466,0.3192474,0.30322036,0.292924,0.27674818,0.25185466
0.055395443,0.04140401,0.022861484,-0.01636286,-0.0014944077,-0.0050486475,0.0043327436,0.009283744,0.000104144216,0.045845583,0.06969573,0.06974298
-0.40217033,-0.38814437,-0.37147862,-0.33396292,-0.2955699,-0.27477825,-0.28921762,-0.25949374,-0.25238365,-0.2830608,-0.26590854,-0.24678975
-0.35261136,-0.33783084,-0.3197546,-0.29275316,-0.27204734,-0.26559132,-0.25133473,-0.24843223,-0.23895529,-0.2491364,-0.2369523,-0.22651568
-0.15608992,-0.14820163,-0.1380735,-0.14045654,-0.13623732,-0.109803274,-0.09389955,-0.084764116,-0.06573559,-0.046954826,-0.04515556,-0.026650788
-0.14645255,-0.1583243,-0.15758589,-0.16503596,-0.16059794,-0.14625165,-0.14049357,-0.12724403,-0.1287225,-0.11245714,-0.09236984,-0.07616989
0.16883713,0.16467234,0.16834517,0.15122215,0.15974785,0.15125695,0.15290032,0.13970563,0.13968514,0.13503526,0.1316496,0.12434488
0.33083582,0.3127355,0.2882414,0.26464954,0.25103122,0.22860809,0.21696496,0.20156296,0.19773266,0.19193722,0.17353633,0.16056359
-0.2849528,-0.29178616,-0.28054908,-0.27977607,-0.2977961,-0.2729276,-0.2770323,-0.2669717,-0.26361564,-0.2614947,-0.255933,-0.2511386
0.007648692,0.015788874,0.013120714,0.011652032,0.011837242,0.008886924,0.0105382735,-0.0070291264,-0.0054197377,-0.010593792,-0.010123401,-0.016855212
-0.08952835,-0.08188794,-0.075152084,-0.05895237,-0.04938043,-0.04620786,-0.045721408,-0.044728234,-0.045228615,-0.055609886,-0.05595252,-0.055777587
0.01852721,0.022204494,0.023313321,0.04017025,0.038118534,0.0359151,0.05182506,0.067707755,0.07515177,0.08375335,0.07700939,0.0705836
-0.6870905,-0.66296124,-0.63441557,-0.5812316,-0.54850346,-0.5165889,-0.501537,-0.48053083,-0.47387078,-0.4926292,-0.45730242,-0.44226235
0.20584744,0.25460565,0.2653634,0.31506371,0.3277022,0.29217052,0.27936202,0.23293675,0.2146449,0.14590436,0.11267232,0.045730162
0.22859746,0.23611122,0.23903863,0.22989643,0.23432043,0.22909525,0.23375612,0.20674837,0.20383501,0.20266417,0.18397863,0.1712251
-3.6985148e-06,0.005812298,-0.006941081,0.006074508,-0.007899858,0.0006116219,-0.011801161,-0.0071765184,-0.0023780875,-0.01374407,-0.02172402,-0.037542958
-0.019117324,-0.016513135,-0.019987874,-0.028209757,-0.040792804,-0.039046764,-0.035773665,-0.03381236,-0.02696227,-0.012995488,-0.020769771,-0.008824578
0.49886703,0.4637055,0.42533273,0.35506624,0.3338028,0.305882,0.30335426,0.30504662,0.3088417,0.34352192,0.3359728,0.34509328
0.09835772,0.08151334,0.079954475,0.06869262,0.061466344,0.066272624,0.05544207,0.05736205,0.05134666,0.05290324,0.04675493,0.04474032
-0.3826472,-0.37046447,-0.3570953,-0.34546235,-0.33372056,-0.31175736,-0.29578865,-0.2806264,-0.271717,-0.25627062,-0.23323174,-0.21234639
0.10935412,0.119578734,0.115725085,0.14929476,0.12110022,0.11352232,0.11346177,0.101333834,0.10530719,0.10092649,0.07481697,0.055017337
0.06660926,0.056733213,0.036224246,0.024960563,0.010764383,0.01219664,-0.0040656347,-0.0040042046,-0.0058142003,0.0028013978,-0.0022005644,0.0042457115
0.1822432,0.1677039,0.15521215,0.14842093,0.1401188,0.13076605,0.1233162,0.13077113,0.12251891,0.12654528,0.1218837,0.122214034
0.16568913,0.13367629,0.11425712,0.07471614,0.050220758,0.057086267,0.056639127,0.058941394,0.056788098,0.093688056,0.09182926,0.11065375
-0.14833571,-0.12531023,-0.11551426,-0.09365047,-0.076421015,-0.077102795,-0.076965675,-0.086613856,-0.07840083,-0.102144584,-0.108819306,-0.11995273
0.21483797,0.201252,0.19570786,0.18923599,0.18795663,0.17697182,0.17473169,0.17179613,0.16644591,0.15982343,0.14788222,0.13289507
0.23784108,0.21344593,0.20359698,0.17715648,0.16201086,0.16247872,0.15913385,0.14637871,0.14917473,0.15522736,0.14549032,0.14571981
