-0.79221976,-0.77673995,-0.7640714,-0.7429621,-0.71643615,-0.7027169,-0.69387853,-0.6679387,-0.65979964,-0.646332,-0.6525286,-0.6809623
0.763167,0.78978825,0.79626715,0.78858656,0.77392876,0.77127576,0.75866985,0.7279282,0.71267915,0.65788305,0.6175776,0.5576727
0.2928817,0.24744421,0.21913949,0.19978797,0.17914277,0.163714,0.16896099,0.17761432,0.18148717,0.20728815,0.22290704,0.26368654
0.22670975,0.16543378,0.12385827,0.10393022,0.081929356,0.058226317,0.06339556,0.078713566,0.10366911,0.14474031,0.19060993,0.24813339
0.30155057,0.29554027,0.28764054,0.27767664,0.26635432,0.2582938,0.26143965,0.25686195,0.2618089,0.26791343,0.2554453,0.26046672
0.006788004,0.014805749,0.025826301,0.023259453,0.025701482,0.011112049,0.010221276,0.008131731,0.019784743,0.017062485,0.045024768,0.042392887
0.32356924,0.38865858,0.42987514,0.44915026,0.45607185,0.4687132,0.46104127,0.41928694,0.3707138,0.3020712,0.22431377,0.15498611
-0.13742918,-0.10696278,-0.10099311,-0.085085735,-0.07745598,-0.06652291,-0.07049145,-0.08092527,-0.08856898,-0.11766911,-0.13327712,-0.17714775
-0.4953504,-0.5068356,-0.5050093,-0.4972577,-0.4910228,-0.48957348,-0.4878315,-0.46997297,-0.45675993,-0.4387293,-0.40706444,-0.38959193
0.13136023,0.098997414,0.08805128,0.066663414,0.05256556,0.04032764,0.05392854,0.05957435,0.06467642,0.07943447,0.11249722,0.14141485
-0.069500975,-0.04871364,-0.035425976,-0.0058951825,0.001838237,-0.000922516,-0.0027110726,-0.008550718,-0.03868276,-0.063681066,-0.118969455,-0.14484572
0.33029985,0.23697437,0.1693734,0.11794609,0.072781205,0.044467837,0.060245544,0.07958332,0.12155545,0.1765984,0.26688302,0.34409925
-0.74010265,-0.7145648,-0.6928676,-0.66968226,-0.6272586,-0.602987,-0.6145394,-0.5886826,-0.5787177,-0.5723573,-0.58168924,-0.58301324
0.06883925,0.06580511,0.05874231,0.0643115,0.06306194,0.06100397,0.059204374,0.061124362,0.058609918,0.061418407,0.044207867,0.053789336
-0.20199034,-0.21831849,-0.22273163,-0.2217856,-0.2202675,-0.21999261,-0.21861571,-0.20628612,-0.19906515,-0.1836272,-0.16704649,-0.14475715
0.11857192,0.044585884,-0.0033908188,-0.032445908,-0.057022393,-0.093038425,-0.078567386,-0.06012079,-0.035488054,0.013086319,0.085332714,0.15023178
0.04635744,0.06745459,0.07958948,0.09060678,0.09577182,0.10243203,0.10442277,0.0950575,0.07841756,0.05857933,0.02952952,0.0042444263
-0.4082452,-0.42023334,-0.41715342,-0.42873698,-0.4118917,-0.421039,-0.4126386,-0.39120537,-0.38246265,-0.34077552,-0.29391995,-0.2708609
-0.45742664,-0.4590025,-0.46901414,-0.46277496,-0.46831003,-0.44325104,-0.44104472,-0.43381783,-0.43873268,-0.43183506,-0.41999832,-0.43019742
0.52820486,0.68519056,0.7528148,0.83064383,0.8036604,0.86294353,0.85814166,0.72852623,0.6295973,0.47104004,0.27354282,0.111078955
0.22653827,0.18602917,0.165539,0.14862435,0.13647471,0.12791312,0.13180812,0.14159143,0.14515217,0.15715446,0.1778538,0.21061347
0.36929166,0.48336354,0.54951423,0.5469997,0.56714654,0.62371475,0.58560526,0.54720527,0.503927,0.4136727,0.3376508,0.20923665
-0.32731682,-0.31803834,-0.31800216,-0.3135282,-0.31593853,-0.30838603,-0.3063333,-0.30885527,-0.28984407,-0.2790327,-0.2449883,-0.25136963
0.20196575,0.19936794,0.2160165,0.21568763,0.21150847,0.20335385,0.20557995,0.19798052,0.17981341,0.1629799,0.1410327,0.14895359
-0.1143482,-0.17505231,-0.2114752,-0.22268218,-0.23146059,-0.26145765,-0.2468829,-0.21560356,-0.18342721,-0.12974367,-0.069890276,-0.009227652
0.21495984,0.16695817,0.12691718,0.10362864,0.07820411,0.053817756,0.06703841,0.076956734,0.08557623,0.1296352,0.16372657,0.2022879
0.48950064,0.54337835,0.58471936,0.57950103,0.5935912,0.60603166,0.59416044,0.568457,0.52157575,0.47621214,0.40185413,0.33807632
-0.046824723,-0.025860649,-0.013545614,0.00052783266,0.005161863,0.008636747,0.008925874,-0.0005234182,-0.010842305,-0.023737755,-0.047199316,-0.06462116
-0.18755017,-0.20947236,-0.2177561,-0.20643282,-0.20036176,-0.20776421,-0.21118388,-0.19782758,-0.19254848,-0.18183598,-0.17587769,-0.14430922
0.3727591,0.38121155,0.38951907,0.3833452,0.36703303,0.3575785,0.36082736,0.3370302,0.3262627,0.3067886,0.29596433,0.2850765
0.18091357,0.1659714,0.15108627,0.13247785,0.11868656,0.10984497,0.12328564,0.118602075,0.13173288,0.14553662,0.17202109,0.18649219
0.18441121,0.16190135,0.1477204,0.13306716,0.123444945,0.118760064,0.12524141,0.13136634,0.121188976,0.13798222,0.14355695,0.1591008
0.26981437,0.29626143,0.31089368,0.33401632,0.3339982,0.33482647,0.3199234,0.30622703,0.28806472,0.26416656,0.20731473,0.1812427
0.018104695,0.031562887,0.035613235,0.028074376,0.025346022,0.024434706,0.0237299,0.016562767,0.030412724,0.04003208,0.048254438,0.031131506
0.47531632,0.3998149,0.32998428,0.27987492,0.23911746,0.2113983,0.20578778,0.225784,0.27172583,0.31366807,0.4098212,0.45960835
-0.4691239,-0.45771104,-0.43815762,-0.43035603,-0.42055023,-0.40220052,-0.40808547,-0.41116786,-0.40806285,-0.4377666,-0.3828935,-0.3857162
0.03437043,0.022932865,0.022992272,0.017625686,0.006774612,0.0074168146,0.013924353,0.00788223,-0.0013918951,-0.0070630424,-0.001982076,0.005499155
-0.037575632,-0.046292856,-0.05573404,-0.05160278,-0.046866715,-0.04915934,-0.044232212,-0.025288783,-0.044090867,-0.022982284,-0.055377867,-0.061686024
0.08092156,0.091996774,0.09757653,0.08831339,0.09825567,0.11380756,0.10574554,0.11409773,0.106987536,0.106777236,0.0830362,0.070756264
-0.024078025,-0.07841134,-0.104792446,-0.12994273,-0.14555958,-0.13760997,-0.16315985,-0.14334135,-0.15006551,-0.1371174,-0.089079134,-0.042374942
-0.148966,-0.16835454,-0.18282163,-0.1831329,-0.1894649,-0.1888386,-0.18231821,-0.17627752,-0.17202473,-0.16236824,-0.14601758,-0.12581547
-0.22533667,-0.19870332,-0.19220637,-0.174501,-0.1647011,-0.15118644,-0.15288036,-0.15560007,-0.15075523,-0.15761906,-0.17823449,-0.19914055
0.07222021,0.0060292333,-0.03644751,-0.0688256,-0.08589637,-0.10385704,-0.09644647,-0.07108115,-0.039443567,0.012733363,0.079744205,0.14150259
-0.43467975,-0.43556088,-0.43691257,-0.42628562,-0.41475183,-0.40881187,-0.40851724,-0.3914313,-0.37577638,-0.35423952,-0.338013,-0.33255038
0.17301537,0.18006636,0.17836504,0.17156741,0.17708777,0.17673059,0.16833423,0.16915812,0.16099332,0.16738455,0.15429686,0.14590088
0.076013476,0.012907386,-0.0072539,-0.05068989,-0.073181584,-0.10685104,-0.07040243,-0.06321606,-0.035165533,-0.0060920194,0.09234609,0.14630397
-0.7399358,-0.7567209,-0.7797022,-0.75967073,-0.76279604,-0.7549188,-0.7210027,-0.71749765,-0.7153176,-0.70161855,-0.6700234,-0.6451597
0.5687101,0.56292844,0.5351083,0.5288576,0.49345934,0.4878698,0.4864816,0.45514232,0.44737428,0.44930676,0.42315122,0.42299998
0.061513666,0.022395916,-0.011817902,-0.035942733,-0.05506645,-0.053563997,-0.041796595,-0.034804903,-0.012419142,0.008119345,0.052212946,0.08734097
-0.30411422,-0.26500624,-0.2441031,-0.22143699,-0.2033837,-0.1809618,-0.19457121,-0.19478673,-0.18967737,-0.20882322,-0.23231405,-0.26076648
0.096814185,0.0965001,0.09340958,0.08354811,0.08662976,0.08777839,0.093761,0.08979069,0.08690231,0.078866586,0.08367562,0.08532886
0.010723893,-0.016754024,-0.0331066,-0.046191283,-0.051230475,-0.06086684,-0.056190643,-0.04293158,-0.03300947,-0.015648177,0.014412471,0.032416023
-0.053126834,-0.05114826,-0.06294382,-0.07856863,-0.0766338,-0.055816874,-0.065173835,-0.05738107,-0.0556259,-0.06640104,-0.059961315,-0.07061699
-0.47756267,-0.46912402,-0.46722728,-0.4576488,-0.44481716,-0.42329827,-0.42995524,-0.41382986,-0.40663567,-0.3962717,-0.3975745,-0.40314096
0.27710783,0.27719557,0.28384376,0.27834275,0.27050376,0.26761037,0.2655296,0.2505195,0.22798589,0.22021806,0.18265739,0.17975128
-0.18270542,-0.14680487,-0.13380814,-0.11653889,-0.106559224,-0.093328744,-0.097336926,-0.10498171,-0.10320003,-0.11479543,-0.14268325,-0.1749969
0.25787672,0.29927966,0.29642513,0.2962724,0.2830137,0.3047827,0.28389028,0.25883925,0.21509765,0.2002711,0.18447553,0.07775727
0.017130971,0.009512367,0.015226222,0.008984553,0.012122046,0.021613307,0.015128476,0.022756912,0.017797757,0.01372501,0.015346337,0.02311159
-0.47186792,-0.4501306,-0.4392982,-0.4194716,-0.39139056,-0.38222408,-0.3932712,-0.37497857,-0.3525251,-0.3377983,-0.3369551,-0.333158
0.11221733,0.118371345,0.12683256,0.11993161,0.11603215,0.1187294,0.12128923,0.115154915,0.11044337,0.105920136,0.10368602,0.08934224
-0.24681142,-0.28019083,-0.29008952,-0.30147997,-0.30698487,-0.32912442,-0.3156016,-0.30256844,-0.29475346,-0.26475438,-0.20757273,-0.18569611
0.3792651,0.35569477,0.3258044,0.2980236,0.27188152,0.24280238,0.26268396,0.25461778,0.26195884,0.29180506,0.3322912,0.3370428
-0.007660902,-0.03825227,-0.059479944,-0.07386032,-0.08219598,-0.09118713,-0.09459929,-0.07467863,-0.04742001,-0.019376822,0.026913356,0.05399072
0.38146883,0.3586348,0.35136837,0.32411587,0.30499792,0.29923767,0.3030051,0.29306933,0.27676988,0.26759228,0.28766912,0.2945943
-0.055818208,-0.11422215,-0.1813512,-0.19393276,-0.24991794,-0.2530399,-0.20848484,-0.21953742,-0.21325122,-0.15309994,-0.15128925,-0.089235604
0.020313343,0.048153013,0.064260095,0.08553343,0.08117054,0.06464438,0.0843813,0.05343149,0.049917296,0.017089654,0.0074748658,-0.018088168
0.19948368,0.17339951,0.17667428,0.15733004,0.1533601,0.13858649,0.14291722,0.15091,0.149357,0.15938291,0.17191124,0.19661106
-0.30150855,-0.2649463,-0.23980373,-0.21057943,-0.18577464,-0.17014004,-0.18806238,-0.18612608,-0.19649175,-0.21672451,-0.24746794,-0.272483
-0.7506485,-0.6871588,-0.6352463,-0.5811936,-0.53713566,-0.502397,-0.5380057,-0.5307146,-0.5163736,-0.548701,-0.57676727,-0.60457045
-0.41516775,-0.4375856,-0.45356885,-0.45067608,-0.4494709,-0.44364095,-0.443976,-0.42544383,-0.4058143,-0.37544352,-0.3388184,-0.3035717
-0.3624414,-0.37625456,-0.38281578,-0.3820223,-0.3708287,-0.37104043,-0.37295443,-0.35056347,-0.3264859,-0.30157495,-0.26700005,-0.2440357
-0.1298615,-0.106125206,-0.08399971,-0.076176226,-0.05752907,-0.041274093,-0.040646836,-0.04458403,-0.059938427,-0.080730654,-0.110568635,-0.12514386
0.05216736,0.023836728,0.013175057,0.0012455396,-0.0127686,-0.017286725,-0.010368887,-0.0042874776,0.017076872,0.023062944,0.05331096,0.08745755
-0.26818913,-0.16988195,-0.11666292,-0.040738434,-0.0036858767,0.010496199,-0.0030741394,-0.041751668,-0.09102531,-0.15993181,-0.26572037,-0.34340468
0.18266134,0.2513712,0.3133758,0.33681038,0.35449585,0.3610201,0.3607813,0.31660914,0.2698536,0.185224,0.12178551,0.065707855
0.031677894,0.050751824,0.061799847,0.07498079,0.07724416,0.07685678,0.07521113,0.063895166,0.051561568,0.030896632,0.010325948,-0.00866688
0.069224626,0.02712299,-0.002472788,-0.027952813,-0.042938538,-0.061241224,-0.05154644,-0.035621352,-0.0009280965,0.029414382,0.09064826,0.12094875
0.11867793,0.11120038,0.10623806,0.0979003,0.08140924,0.0867331,0.08698475,0.081146225,0.08418705,0.094432846,0.100092515,0.10344519
0.07473742,0.06276302,0.04909602,0.03345871,0.026395723,0.023289055,0.028410539,0.03029976,0.038093723,0.052790467,0.07457823,0.07704118
-0.3611224,-0.34445477,-0.33762187,-0.32190531,-0.31967118,-0.31553775,-0.30378607,-0.30704132,-0.29612482,-0.2915841,-0.2938582,-0.30961987
0.21074663,0.20568164,0.19924876,0.19144446,0.18208979,0.17748195,0.1747841,0.16894501,0.16701382,0.16992956,0.17599103,0.17411521
-0.044350404,-0.067623936,-0.08433602,-0.09165834,-0.095489234,-0.10088653,-0.09878983,-0.08979422,-0.07792726,-0.067258894,-0.036613144,-0.01804163
0.5355787,0.49677682,0.4739732,0.42847848,0.411518,0.40722364,0.405638,0.41656607,0.4285031,0.44307372,0.4683269,0.49939254
-0.28947067,-0.344571,-0.3845685,-0.4028656,-0.41599283,-0.42392215,-0.4149899,-0.3874546,-0.34578776,-0.29287964,-0.21364425,-0.16282094
0.12240033,0.13178463,0.12840012,0.13368103,0.13036549,0.13336709,0.1270271,0.118761666,0.11553226,0.10155986,0.089317895,0.076571375
-0.40870547,-0.43694395,-0.42977667,-0.45714656,-0.45868146,-0.46178526,-0.44765174,-0.4308061,-0.39407068,-0.35872748,-0.27061516,-0.22094242
0.16203359,0.21528164,0.2291396,0.2365737,0.2531456,0.2604928,0.25185144,0.23698986,0.2300525,0.18820558,0.1682132,0.09846565
0.5540095,0.5248413,0.5011329,0.47715762,0.4575196,0.44702423,0.440469,0.44074747,0.4422694,0.44389537,0.4475105,0.46476185
0.5061464,0.4880022,0.48614892,0.45820367,0.43952256,0.41193292,0.437231,0.42245716,0.4238909,0.4158975,0.4252835,0.43315434
0.084129706,0.069860905,0.051873222,0.0449941,0.03245078,0.030982561,0.035492986,0.032337848,0.034102928,0.03994235,0.054247633,0.06091204
0.07010669,0.0563413,0.041609187,0.040317144,0.030372057,0.025630172,0.027728159,0.030248398,0.034301233,0.043062493,0.052152045,0.059627675
0.029507887,0.0653982,0.07806824,0.10213947,0.11375822,0.12624508,0.113429084,0.108448304,0.09544454,0.07861298,0.012795867,-0.015544286
-0.5676824,-0.593005,-0.6006147,-0.5903648,-0.5828536,-0.58189255,-0.5663421,-0.5374043,-0.5346358,-0.4974762,-0.48919216,-0.45480928
0.34763402,0.2693083,0.24023491,0.1813181,0.13240734,0.120732695,0.1394642,0.13729915,0.15269363,0.18468861,0.26681474,0.3415519
0.14766496,0.1078076,0.0754751,0.062362388,0.04308012,0.028428212,0.032442108,0.0415114,0.060915485,0.08973857,0.12642936,0.1577864
-0.120901085,-0.11055913,-0.10997391,-0.10005648,-0.099666804,-0.09338086,-0.089096665,-0.09413969,-0.09921561,-0.10486807,-0.11733113,-0.12684871
0.05629494,0.048339076,0.06621927,0.06824428,0.06774101,0.041202515,0.041932255,0.049971774,0.03214805,0.027274735,0.0323061,0.033673394
0.40005553,0.40312418,0.40614653,0.3882987,0.38134196,0.3840801,0.3767673,0.36568445,0.34940872,0.3340338,0.3227251,0.3004585
0.17809194,0.20559132,0.22660765,0.22729462,0.23078996,0.23533776,0.2353653,0.224749,0.20773225,0.18029693,0.1466673,0.11566465
-0.26497528,-0.2926087,-0.30176648,-0.30773202,-0.3181677,-0.3190813,-0.30417547,-0.2934532,-0.2717101,-0.25274393,-0.21099888,-0.17925207
-0.0473478,-0.09338134,-0.12269987,-0.14256105,-0.15609005,-0.16181953,-0.14919105,-0.13347176,-0.11335507,-0.07784451,-0.035146337,0.0092823375
-0.07816936,-0.107553855,-0.13160123,-0.13803966,-0.14963646,-0.15880677,-0.14725178,-0.14036319,-0.12833291,-0.10622153,-0.074932896,-0.050049976
-0.14824963,-0.18786776,-0.22074293,-0.23617196,-0.25123632,-0.26951104,-0.23692444,-0.22943127,-0.20393029,-0.15342665,-0.119462505,-0.07717978
0.27243462,0.25921413,0.25113642,0.23697382,0.22616814,0.22859359,0.22369559,0.22048236,0.21898597,0.21089286,0.2126637,0.22608732
0.12593624,0.107405156,0.08830717,0.08576546,0.07299954,0.052553892,0.06182749,0.0602062,0.07114441,0.07818366,0.10135054,0.10719469
0.13631389,0.16024493,0.19461401,0.19390477,0.21303189,0.21648471,0.21418086,0.20629871,0.1800211,0.15007965,0.111674584,0.09304558
-0.3859272,-0.36156914,-0.3554301,-0.34043664,-0.34643036,-0.32881728,-0.30979452,-0.32709068,-0.31758645,-0.3289494,-0.31229913,-0.31228924
0.005522076,-0.018606387,-0.03739924,-0.056309782,-0.063511044,-0.07166975,-0.060668625,-0.052249588,-0.03196086,-0.005937703,0.026270717,0.047180887
-0.06267321,-0.17854506,-0.2602561,-0.31455654,-0.3755979,-0.39848185,-0.36547565,-0.35702336,-0.32596675,-0.25807196,-0.12486019,-0.017485872
0.598763,0.5411363,0.49976227,0.46405903,0.44521028,0.41025332,0.42012084,0.42753813,0.44904757,0.49367434,0.52416253,0.5867111
0.03628028,0.0224674,0.00950427,0.00059653446,-0.007696092,-0.0136791505,-0.010590516,-0.011047792,-0.0037676133,0.005528331,0.025830831,0.040189523
0.12259166,0.13362713,0.14544882,0.14291432,0.14445482,0.14277731,0.13895689,0.13275425,0.12876888,0.11639949,0.11072178,0.09864391
0.0023499057,-0.00911057,-0.015802592,-0.025359869,-0.033084616,-0.039634272,-0.02759619,-0.030265644,-0.016709685,-0.0131056085,0.01674854,0.030952016
0.12583596,0.14153875,0.15966728,0.16252282,0.17235367,0.17014077,0.16354401,0.15609941,0.14045367,0.11368638,0.09548451,0.080029994
-0.32827663,-0.3210841,-0.30051368,-0.2869265,-0.3168472,-0.3351751,-0.2703747,-0.31246895,-0.3386409,-0.35591438,-0.3277141,-0.33780336
-0.66316754,-0.6947171,-0.72724897,-0.7245903,-0.72515315,-0.712919,-0.70245856,-0.67631733,-0.6460833,-0.60992426,-0.5592005,-0.527748
-0.32397234,-0.33573633,-0.33918893,-0.33408165,-0.31508788,-0.3123634,-0.32109645,-0.29515532,-0.28562424,-0.2669996,-0.24978168,-0.23160005
-0.70830107,-0.67553425,-0.6982546,-0.66263044,-0.69139194,-0.6457665,-0.6127827,-0.6513585,-0.66697085,-0.7045653,-0.686021,-0.75346136
0.14128229,0.16136017,0.18866485,0.19856197,0.20047002,0.21559045,0.20026049,0.1947307,0.1731483,0.14850801,0.09830527,0.080135
0.4550079,0.39684376,0.34799314,0.32184994,0.28540748,0.24541582,0.26128858,0.26474497,0.29142576,0.3269992,0.3763873,0.42577192
0.09521909,0.11795215,0.13727753,0.1467478,0.15930736,0.1630771,0.14475657,0.14316191,0.14120004,0.12432606,0.09468892,0.079008855
-0.5942685,-0.58965456,-0.6087003,-0.61764044,-0.62130743,-0.5964849,-0.59582675,-0.58341134,-0.52638364,-0.49316102,-0.41264972,-0.4158459
0.09494671,0.08236794,0.07617091,0.0659128,0.057256863,0.047879726,0.052248575,0.047097288,0.044034563,0.049360983,0.06911331,0.07572375
0.056420587,0.07231437,0.08055703,0.07515158,0.07881979,0.08225053,0.07560128,0.07138204,0.07334201,0.06658061,0.06476092,0.048573375
0.086674266,0.08962053,0.09899634,0.09835601,0.09878869,0.09216647,0.10330501,0.098070756,0.078155465,0.074249625,0.05273117,0.046195753
0.31367016,0.32563537,0.32765597,0.32775596,0.32108667,0.31566226,0.31164315,0.29754177,0.28492126,0.26691347,0.2383282,0.22836196
-0.11175939,-0.11692493,-0.11668089,-0.12524316,-0.13201821,-0.12836374,-0.11375654,-0.12040574,-0.12314102,-0.12677577,-0.108784735,-0.10030757
0.09283793,0.051391497,0.02875647,0.011384614,-0.0026694685,-0.012845464,-0.005766675,0.007601887,0.025261424,0.048498895,0.080756575,0.12177247
0.0053057056,-0.012165129,-0.024432298,-0.028442554,-0.03326992,-0.039425716,-0.04025746,-0.033841893,-0.023923576,-0.0118770115,0.0019906014,0.019263487
-0.6635096,-0.67353195,-0.6795438,-0.6614733,-0.6374811,-0.6295953,-0.64689136,-0.6101304,-0.5611549,-0.52352375,-0.4839181,-0.4526172
0.12613282,0.08535488,0.061165527,0.041611105,0.01654376,0.0072012693,0.017287135,0.016681075,0.019406378,0.041863106,0.073598534,0.109064616
-0.086779594,-0.1560227,-0.20121653,-0.2526048,-0.2987491,-0.30108932,-0.26936942,-0.2720403,-0.25156462,-0.2169675,-0.088449925,-0.0425514
-0.07027326,-0.042258695,-0.044979304,-0.054977216,-0.061612636,-0.026118904,-0.02411206,-0.037044108,-0.07504393,-0.09035832,-0.12547329,-0.16497713
0.35795945,0.3322528,0.31776655,0.30461127,0.29489267,0.28382444,0.28248104,0.28308147,0.27795306,0.27786696,0.2802776,0.30098268
-1.5335435,-1.4649576,-1.4330707,-1.3791908,-1.328335,-1.261003,-1.2648299,-1.2456757,-1.228127,-1.2456079,-1.2403098,-1.2815039
0.2720056,0.24921487,0.22269958,0.2095306,0.19668533,0.18411951,0.18029964,0.18489629,0.20011704,0.21440308,0.23783876,0.25287327
-0.24514098,-0.23257393,-0.21883622,-0.21140301,-0.19080313,-0.17411892,-0.18877926,-0.16941972,-0.16407128,-0.16115999,-0.16418192,-0.18311557
-0.060924597,-0.05232977,-0.049610604,-0.048550382,-0.018253386,-0.007425666,-0.0311025,-0.009317927,-0.0064768717,0.003467504,-0.02966276,-0.015741274
0.5612558,0.61591613,0.64582896,0.6416168,0.6300819,0.6507585,0.66155636,0.6100455,0.5559729,0.47422203,0.40980414,0.3263555
0.28192148,0.28037658,0.26326048,0.25658748,0.23561135,0.22809012,0.23754284,0.21915966,0.21679781,0.22037056,0.2142796,0.21210507
-0.04269041,-0.020841457,-0.004517231,0.00075704604,-0.005348522,0.005541891,0.013375275,-0.011863194,-0.021169104,-0.050793488,-0.04170112,-0.06436145
-0.20637518,-0.21310428,-0.23151487,-0.23022887,-0.2337806,-0.22727688,-0.21535964,-0.209106,-0.20071259,-0.17868753,-0.17297965,-0.16628276
-0.24431503,-0.2625878,-0.26625055,-0.27046853,-0.26295504,-0.25992882,-0.26118442,-0.24146956,-0.23743132,-0.22180243,-0.19815385,-0.18263666
0.59526306,0.54115146,0.5152707,0.47103983,0.4305845,0.40333533,0.41555053,0.4179389,0.45803228,0.5029873,0.53812057,0.60123694
-0.07717115,-0.08657207,-0.092934266,-0.095592454,-0.09477897,-0.09508772,-0.09422122,-0.08646324,-0.07651511,-0.064192206,-0.053981386,-0.04101692
-0.11999936,-0.19767135,-0.26662064,-0.2935786,-0.3227747,-0.3365715,-0.31194222,-0.29265565,-0.2559355,-0.19908738,-0.11101956,-0.036056884
-0.234604,-0.23949057,-0.23898144,-0.22574297,-0.21709287,-0.22130094,-0.22274041,-0.20914376,-0.20441276,-0.1984979,-0.19209687,-0.18639715
0.27286813,0.24967769,0.24518289,0.23482093,0.21907076,0.2063584,0.20716047,0.2060364,0.21188125,0.2166001,0.22521794,0.2524077
0.029497474,0.32534933,0.52990294,0.6534437,0.74055684,0.8359899,0.75657403,0.6418064,0.47772738,0.21656059,-0.08099739,-0.36490673
0.79360807,0.75362134,0.68181765,0.6332773,0.57849175,0.57009685,0.5465781,0.5342625,0.5621379,0.6133487,0.6711411,0.66501087
-0.83751476,-0.85440695,-0.86227125,-0.8272121,-0.80123574,-0.83462125,-0.81405544,-0.78144467,-0.7390093,-0.6817692,-0.64446545,-0.594097
-0.4745187,-0.5148197,-0.54518145,-0.5533092,-0.56211567,-0.5578543,-0.5463726,-0.51954496,-0.493001,-0.44402194,-0.38558656,-0.34753072
0.4783189,0.48292425,0.49343127,0.46986443,0.4650916,0.46608934,0.46628976,0.4572875,0.43937021,0.430463,0.40606153,0.3963824
-0.2332523,-0.247029,-0.26673108,-0.27512562,-0.27975488,-0.2797866,-0.274177,-0.26238647,-0.24513635,-0.21727842,-0.18110768,-0.18365835
-0.3368308,-0.2627169,-0.23301896,-0.19764972,-0.15000096,-0.11177668,-0.1470266,-0.13829759,-0.15966491,-0.19649099,-0.27056506,-0.33547783
0.40590283,0.3913331,0.38417745,0.3710929,0.34986115,0.3353213,0.3496331,0.32869393,0.32320458,0.30921468,0.31986156,0.3306928
-0.46544355,-0.5232165,-0.5580525,-0.57409394,-0.57224584,-0.58660936,-0.5765024,-0.5319667,-0.49263436,-0.4127468,-0.34604552,-0.28587997
-0.11531975,-0.12359911,-0.15361342,-0.17561272,-0.204622,-0.20002185,-0.20269933,-0.20671248,-0.16642028,-0.13785261,-0.058915906,-0.07337557
-0.14849342,-0.1569927,-0.14787176,-0.16014484,-0.17193802,-0.17297623,-0.16511786,-0.16968821,-0.15331267,-0.15520273,-0.11565808,-0.10453282
-0.14561355,-0.19565034,-0.20344621,-0.21599762,-0.23891042,-0.2834354,-0.25131828,-0.24839064,-0.22038926,-0.18302669,-0.084064916,-0.027174406
-0.17155811,-0.18835348,-0.2179112,-0.21766575,-0.23611423,-0.22733109,-0.21737021,-0.21558961,-0.20638774,-0.19743799,-0.1777864,-0.17297485
-0.23071131,-0.23473199,-0.2435453,-0.23642755,-0.23520702,-0.22722958,-0.22851937,-0.22086373,-0.20755681,-0.1998027,-0.187643,-0.17446539
-0.89745003,-0.8698645,-0.85565114,-0.820495,-0.7844613,-0.7583485,-0.7637219,-0.73801816,-0.7208757,-0.70653844,-0.70558363,-0.7123781
0.2139229,0.19903466,0.1955665,0.17175184,0.15641698,0.14862016,0.16401327,0.15425509,0.15537107,0.16474344,0.17226017,0.19123778
0.09825109,0.055960555,0.023893628,0.0062766,-0.0029504746,-0.022829719,-0.016064532,0.0031650886,0.02380603,0.059680104,0.09729535,0.13243818
-0.0028516743,0.031444985,0.07047855,0.06362201,0.0642761,0.05391678,0.08530898,0.055362757,0.047314286,0.015681762,0.038411446,0.008428458
0.191222,0.16506672,0.15230207,0.130904,0.12348412,0.109306134,0.107546106,0.11961883,0.1277207,0.14034477,0.16967487,0.18968014
-0.02453494,-0.01210149,0.00808106,-0.0005428158,0.012189753,0.011934776,0.013140269,0.012543296,-0.009499542,-0.014958288,-0.020524848,-0.046054207
0.5661419,0.5207449,0.46264547,0.4009538,0.388937,0.36201435,0.3467257,0.37168902,0.4282424,0.5055022,0.56846225,0.6247709
0.094700284,0.026316702,-0.023385063,-0.052566394,-0.06914078,-0.09057905,-0.085217595,-0.059101596,-0.024088785,0.027495079,0.09896016,0.16105294
0.09309138,0.095184654,0.09526998,0.1028118,0.09488602,0.093260065,0.10002284,0.08812498,0.088666946,0.07421725,0.06198667,0.061604585
0.31847882,0.3413443,0.36113995,0.35155863,0.35005832,0.36444086,0.3499369,0.3387722,0.3207546,0.30174106,0.27300003,0.2395742
0.027066711,-0.00553935,-0.04615999,-0.07006832,-0.0920875,-0.10164078,-0.09763348,-0.08384879,-0.044243775,0.00271599,0.054821428,0.07499994
0.5115635,0.5360047,0.55374813,0.53216743,0.5260535,0.50581354,0.48188573,0.4684974,0.4801499,0.44775164,0.48728096,0.43519548
0.036336787,-0.002821885,-0.026978098,-0.040896915,-0.05741279,-0.079282776,-0.06295985,-0.054373354,-0.031206116,0.0039541163,0.046868995,0.08432664
-0.20426112,-0.21991098,-0.22323266,-0.21215183,-0.21228342,-0.22899067,-0.21684487,-0.2143214,-0.21326858,-0.1991171,-0.18504253,-0.15383549
0.008852586,-0.03315317,-0.05796946,-0.070159584,-0.079893716,-0.097722426,-0.09547741,-0.075338595,-0.052567475,-0.011734825,0.024566682,0.06890458
-0.1572152,-0.21285506,-0.26153693,-0.28018588,-0.2847343,-0.30059925,-0.29880577,-0.25854367,-0.20827338,-0.14399144,-0.07781769,-0.023739848
0.35652795,0.38718802,0.40764713,0.41068983,0.4143772,0.41962963,0.40223134,0.38514727,0.37998247,0.3415962,0.30122808,0.2756836
-0.14223833,-0.14986959,-0.1563481,-0.16641551,-0.1640959,-0.16481596,-0.15233031,-0.1402542,-0.11028704,-0.08126448,-0.061976016,-0.036811687
-0.08536486,-0.11976756,-0.14808774,-0.16380118,-0.1892206,-0.19732988,-0.16914012,-0.17274761,-0.15602566,-0.14202203,-0.08160199,-0.057678428
-0.026843484,-0.028997464,-0.036281183,-0.042740703,-0.030357076,-0.035987087,-0.031607367,-0.022302195,-0.00845515,0.004067245,0.022243265,0.017445005
-0.0602589,-0.05657123,-0.06384572,-0.06358549,-0.056476578,-0.051240314,-0.06012895,-0.052608486,-0.03726991,-0.035820123,-0.023378976,-0.030434018
-0.2237486,-0.29457027,-0.3307247,-0.3470775,-0.36534798,-0.38496283,-0.37314218,-0.3445226,-0.31016704,-0.24872892,-0.17359218,-0.098678164
-0.18996286,-0.22885102,-0.26744753,-0.28691852,-0.3052752,-0.30207932,-0.29158023,-0.28045443,-0.25301236,-0.22885486,-0.16877013,-0.1440754
0.121627085,0.11102495,0.10779005,0.09840981,0.09460887,0.08860799,0.088887684,0.09181344,0.10003968,0.109155014,0.11399649,0.12483349
0.19662553,0.135729,0.10085279,0.0631561,0.028725326,0.009672672,0.028625637,0.037202597,0.059205815,0.101203725,0.17274824,0.21407406
-0.4329337,-0.44997317,-0.46021852,-0.44917554,-0.44718397,-0.44717187,-0.43834338,-0.4248641,-0.41612923,-0.40280414,-0.37673092,-0.35608333
0.00042018667,-0.028460257,-0.061067395,-0.07221784,-0.08459741,-0.08947072,-0.08910382,-0.0761497,-0.04889037,-0.027357029,0.015810892,0.036890958
-0.21790174,-0.19931918,-0.186811,-0.1756294,-0.15135726,-0.13805597,-0.15380956,-0.13899499,-0.13695568,-0.13865367,-0.15086411,-0.1601621
0.54920703,0.53575134,0.5290236,0.5030902,0.49124175,0.4832339,0.47581995,0.47387105,0.46221963,0.4654585,0.4585283,0.45315778
-0.6909233,-0.6990199,-0.71788013,-0.7139431,-0.697404,-0.67645264,-0.67781925,-0.6482911,-0.60881007,-0.5729259,-0.5283413,-0.5102423
0.12432576,0.27547747,0.35705844,0.4366777,0.48098958,0.5181604,0.4845719,0.42995617,0.35316277,0.22531763,0.04472183,-0.105209365
-0.06961472,-0.026585855,0.0018918887,0.032013193,0.050427713,0.059076637,0.04884229,0.03662215,0.023456693,-0.013747547,-0.061443344,-0.099845245
0.50453264,0.4550236,0.40911847,0.3858831,0.3557812,0.33083597,0.3360529,0.33127657,0.35222295,0.373232,0.39763498,0.44279376
0.19114624,0.19266711,0.1969197,0.19125018,0.18946132,0.18314981,0.18571204,0.1805561,0.16799544,0.16654961,0.15176342,0.14847013
-0.00838856,-0.018304717,-0.016395107,-0.02047489,-0.020944264,-0.024007939,-0.02146656,-0.016441539,-0.012707941,-0.01148036,-0.002288431,0.0072060595
0.19604445,0.14585376,0.13953148,0.09942692,0.083627224,0.090089336,0.08455002,0.10011326,0.10505678,0.10468236,0.15259326,0.18959032
-0.7482969,-0.8742689,-0.9219159,-0.9585888,-0.9695012,-0.94753456,-0.94610995,-0.8850055,-0.9288209,-0.8899454,-0.8195175,-0.71414167
0.026352977,0.035826374,0.04386831,0.05665297,0.06614817,0.06492019,0.052615207,0.052939955,0.041667327,0.028641973,0.012034453,0.009817967
0.03941184,0.032340262,0.032364972,0.026653986,0.015253466,0.016099378,0.024445023,0.018173885,0.015081229,0.008536395,0.01930533,0.018475069
-0.1356042,-0.13166323,-0.12576693,-0.12235947,-0.11959034,-0.112053744,-0.11219941,-0.11047138,-0.10895353,-0.109276175,-0.11335639,-0.111447535
-0.03969711,-0.05452955,-0.06463575,-0.07646717,-0.087271646,-0.08806452,-0.0796745,-0.081038095,-0.083599694,-0.06813582,-0.040796466,-0.027548218
0.19057214,0.22164096,0.23619667,0.24079126,0.24478222,0.2408781,0.24026394,0.22312601,0.22064099,0.20299467,0.17573841,0.14528105
-0.026180089,-0.038986556,-0.046207026,-0.051805638,-0.0573041,-0.06046021,-0.057994545,-0.05593419,-0.056445703,-0.049179938,-0.034733318,-0.026023285
-0.4011851,-0.4262932,-0.4389131,-0.4025016,-0.41473722,-0.4370231,-0.4157431,-0.41347983,-0.41263115,-0.39430243,-0.38494864,-0.35378197
-0.16885471,-0.18274483,-0.18302076,-0.18555409,-0.19230828,-0.19138142,-0.18800643,-0.18207732,-0.17429498,-0.17177714,-0.14196706,-0.13876013
-0.2351496,-0.27250028,-0.2979187,-0.30217764,-0.30771008,-0.3177269,-0.31223595,-0.2929191,-0.27175212,-0.23433438,-0.18807957,-0.1453914
-0.23879349,-0.28093553,-0.31400257,-0.31894964,-0.32897866,-0.3273235,-0.31075382,-0.29281485,-0.29191855,-0.2609214,-0.2389289,-0.19755973
-0.76867235,-0.8094674,-0.83816886,-0.83046526,-0.8208529,-0.8180024,-0.8166196,-0.7747266,-0.7403387,-0.6994763,-0.63563794,-0.59694684
-0.3369192,-0.38636395,-0.40884352,-0.42550275,-0.43630204,-0.4422732,-0.43318233,-0.40905377,-0.3806305,-0.33940002,-0.26878226,-0.21589114
-0.2575062,-0.26299447,-0.26884785,-0.26262146,-0.2501771,-0.24649978,-0.25086677,-0.23512143,-0.21746208,-0.20502295,-0.1886172,-0.17668112
-0.50105053,-0.51427203,-0.51864356,-0.5190498,-0.518507,-0.5125545,-0.4939621,-0.48245007,-0.45991164,-0.4377054,-0.395766,-0.3746978
0.26624775,0.203355,0.15090181,0.09835781,0.056488037,0.024935305,0.04743275,0.052719876,0.08428548,0.14798112,0.25933155,0.28820747
0.070696816,0.052433304,0.0322693,0.026965477,0.015887305,0.0043383166,0.01593583,0.017539099,0.026314028,0.044412766,0.06265439,0.07567881
-0.21094178,-0.17900182,-0.16058114,-0.14353551,-0.13160038,-0.11301616,-0.12253612,-0.12136322,-0.121715546,-0.13666677,-0.16358921,-0.19510534
-0.042885035,-0.06049834,-0.08391229,-0.090113,-0.09131564,-0.08786646,-0.09558174,-0.07541179,-0.052514985,-0.022559384,-0.0071535567,0.018593464
0.044371285,0.064014696,0.075073294,0.073757626,0.08420248,0.087097704,0.084892385,0.081781685,0.078993335,0.06544015,0.058188938,0.029784966
-0.16925588,-0.23168236,-0.26593888,-0.28719082,-0.2940882,-0.30558282,-0.29877788,-0.26774243,-0.2521147,-0.20703769,-0.1452552,-0.093978986
-0.10481134,-0.1113929,-0.12451675,-0.13581684,-0.14624666,-0.12755746,-0.13241619,-0.13051003,-0.102346,-0.09992546,-0.05660762,-0.05433558
0.09478387,0.062294662,-0.00628227,-0.047117352,-0.12874502,-0.10302007,-0.03267899,-0.08792779,-0.121721774,-0.13056764,-0.074603885,-0.11935512
-0.27142245,-0.3060723,-0.3248527,-0.33090717,-0.33780172,-0.34669673,-0.33449727,-0.3174285,-0.29706275,-0.2657286,-0.21778029,-0.18532915
-0.17407006,-0.19078651,-0.19902658,-0.20248157,-0.20006308,-0.19618589,-0.19807105,-0.18205583,-0.17078204,-0.14736274,-0.13801274,-0.1134021
-0.08235367,-0.1367365,-0.17519893,-0.18355262,-0.19423588,-0.21141398,-0.2064755,-0.1822286,-0.14516896,-0.10367529,-0.047484998,0.009827917
-0.048379503,-0.12538914,-0.17183273,-0.20051819,-0.22774784,-0.23887044,-0.2262558,-0.19844474,-0.16957277,-0.10690512,-0.050019786,0.023392484
-0.32478616,-0.30901462,-0.2885648,-0.26918063,-0.25298125,-0.24172197,-0.24438137,-0.24251702,-0.25027955,-0.25877,-0.27491888,-0.27409887
0.03232327,-0.0076619387,0.09798151,0.055279493,-0.009489834,-0.1220426,0.06915793,-0.020567954,-0.058781087,-0.05974111,0.006548643,0.13790804
-0.14438322,-0.19115624,-0.23352799,-0.22988059,-0.22949357,-0.24657685,-0.24878949,-0.21830575,-0.19006254,-0.14560421,-0.10930695,-0.056102417
-1.0491445,-0.989583,-0.9598661,-0.9100354,-0.8570327,-0.808588,-0.8288351,-0.80452883,-0.79049987,-0.80277807,-0.82341194,-0.86201483
-0.47443748,-0.42702457,-0.38599992,-0.36180282,-0.33689818,-0.31302622,-0.31787777,-0.3259866,-0.32766753,-0.35878503,-0.37933853,-0.3954523
0.045404788,0.09263476,0.1170418,0.14287746,0.16441505,0.16847186,0.15537512,0.14400235,0.12532538,0.09919999,0.040029395,0.0050991587
-0.38009238,-0.3574416,-0.35235804,-0.3218944,-0.3160857,-0.30552834,-0.300336,-0.3098019,-0.319285,-0.33992147,-0.35488918,-0.36757538
0.050463006,0.064992495,0.059814937,0.07809648,0.07880137,0.08104925,0.07480639,0.06695989,0.05900156,0.0389645,0.019670118,-0.0022768304
-0.13357021,-0.107323915,-0.08554627,-0.067616194,-0.05923567,-0.06498746,-0.06152857,-0.06802931,-0.06706016,-0.07682345,-0.08211484,-0.103514284
0.00019279495,0.025557648,0.03929636,0.048902348,0.063234,0.064676285,0.06893051,0.06206055,0.044014327,0.028129518,-0.0038380139,-0.035266742
0.32947683,0.36188298,0.38100764,0.4018852,0.40592027,0.4089438,0.3959617,0.37412906,0.34543535,0.3074328,0.24204871,0.2140558
0.31416383,0.34215978,0.36193058,0.3632171,0.3571044,0.36006585,0.35837963,0.33575842,0.31328136,0.2828386,0.25514165,0.22266598
-0.27461815,-0.25628173,-0.23531646,-0.22500291,-0.2086377,-0.19531606,-0.20052792,-0.1952942,-0.19703247,-0.2155624,-0.2174837,-0.23442082
-0.071083814,-0.045388505,-0.036279507,-0.022284638,-0.00461068,-0.005349666,-0.017518442,-0.016244132,-0.0212439,-0.020865478,-0.041876707,-0.060543273
0.01886561,0.021567842,0.029904384,0.024790093,0.035750568,0.025887053,0.029754268,0.02854344,0.02735865,0.018407604,0.02342509,0.023062728
-0.31692007,-0.3245122,-0.3364696,-0.33795804,-0.33496916,-0.33571944,-0.32786566,-0.31573385,-0.2888119,-0.266989,-0.22703601,-0.22543517
0.052324086,0.14596425,0.2164308,0.2557023,0.27975237,0.30428517,0.2885395,0.24892387,0.18778831,0.111120254,-0.0013819113,-0.09214618
0.14735183,0.10841766,0.0698135,0.064999014,0.051299676,0.029990517,0.03501755,0.05080623,0.07683377,0.110719934,0.13621539,0.17313296
0.16412005,0.12955765,0.10209389,0.08091162,0.06507138,0.06214632,0.066714965,0.077827096,0.09668732,0.12080039,0.14622793,0.17377159
0.044027608,0.0189149,0.0041959174,-0.0004301034,-0.0053781383,-0.016417451,-0.016758572,-0.006057106,-0.0011648685,0.014382115,0.031443775,0.055803735
-1.3790276,-1.3449339,-1.3343312,-1.2764813,-1.2301089,-1.190912,-1.1924375,-1.1611401,-1.1314884,-1.1316645,-1.1095822,-1.1205003
-0.22091818,-0.22678353,-0.22589922,-0.22573435,-0.22092716,-0.21717028,-0.21496034,-0.2011404,-0.19005936,-0.17361988,-0.16463296,-0.16442984
-0.37494057,-0.41187996,-0.42330635,-0.42914277,-0.426704,-0.42033157,-0.4214583,-0.38990265,-0.35979003,-0.3226132,-0.28528488,-0.2419133
0.34992987,0.29954326,0.2658134,0.24028076,0.22009957,0.19185954,0.19733839,0.20814493,0.23002607,0.26872608,0.3083508,0.3593731
0.013235739,0.0014072852,-0.013345789,-0.037893537,-0.037893,-0.02825389,-0.023807425,-0.012147956,0.0019066855,0.022545513,0.0398647,0.045513827
0.07560841,0.031165257,0.0013449043,-0.021234304,-0.046233833,-0.052731976,-0.041261464,-0.03448695,-0.01434429,0.012519196,0.06221877,0.10026722
0.04090671,0.08916247,0.11652578,0.13209797,0.14453156,0.15812701,0.15517461,0.1333608,0.11215049,0.07100908,0.028978914,-0.01889649
0.14159414,0.1265194,0.10029632,0.09412591,0.08306753,0.07654357,0.070123136,0.07477569,0.098381445,0.10823323,0.12750514,0.13420191
-0.11262995,-0.1098933,-0.10608201,-0.11118818,-0.09995262,-0.09327878,-0.09176876,-0.08321766,-0.079850465,-0.07326038,-0.072163224,-0.068648234
-0.053043824,-0.07274,-0.09380282,-0.111101784,-0.11797353,-0.11594111,-0.113531604,-0.103597604,-0.09014268,-0.06977573,-0.031664185,-0.026949327
0.30853942,0.2953667,0.2829954,0.27519828,0.28004462,0.25973576,0.25294,0.26520783,0.2659032,0.281028,0.27719033,0.28433308
0.06364412,0.069175445,0.07494758,0.06647423,0.076468214,0.07795143,0.07685669,0.07664711,0.08047448,0.070432454,0.06954174,0.06557292
-0.21162732,-0.14182508,-0.11884032,-0.056427754,-0.03129454,-0.022986427,-0.051629446,-0.06979236,-0.07691674,-0.09501216,-0.18364762,-0.22784497
-0.1055954,-0.12344539,-0.13500637,-0.13587289,-0.13799825,-0.14608231,-0.14517646,-0.13364768,-0.11795391,-0.10323253,-0.086374,-0.06781496
-0.21909633,-0.21387345,-0.20941955,-0.21081927,-0.1912002,-0.181694,-0.19966754,-0.17660275,-0.16150768,-0.15013541,-0.1368505,-0.13645732
0.07450688,0.096159875,0.10622923,0.10717878,0.11788836,0.13557999,0.12231733,0.12182105,0.116081566,0.092421345,0.07550329,0.049875326
0.19765694,0.20336175,0.20219126,0.20414059,0.2068429,0.19846313,0.19218934,0.18904667,0.19195813,0.18580134,0.18043055,0.16362415
-0.11253941,-0.13582627,-0.16422331,-0.16427597,-0.17391217,-0.17833543,-0.16994599,-0.162725,-0.14449413,-0.1261132,-0.09993376,-0.07936236
-0.27241132,-0.276366,-0.27475232,-0.28375542,-0.2681907,-0.2634474,-0.26111132,-0.24675083,-0.25074482,-0.2311636,-0.20651115,-0.20398317
0.56031656,0.51097316,0.46252328,0.406856,0.3733435,0.35724226,0.37368056,0.38744748,0.4235201,0.4593855,0.50521016,0.5452221
0.02994781,0.10605618,0.14405978,0.17824993,0.20200557,0.22632277,0.19690582,0.17821139,0.16012494,0.11013658,0.029665317,-0.028819468
-0.05186851,-0.013393275,0.00853055,0.02433601,0.033563063,0.05196896,0.041545555,0.028632432,0.017574597,-0.008050874,-0.043807194,-0.08238754
0.062567934,0.09291168,0.11355351,0.12236411,0.13598554,0.1425052,0.13464653,0.12728313,0.11743209,0.09511457,0.06596173,0.037357584
-0.09023979,-0.13889655,-0.15238866,-0.17419499,-0.18241474,-0.19614704,-0.19723606,-0.17408168,-0.1547309,-0.11988081,-0.061866857,-0.005601164
-0.0514415,-0.09048541,-0.11019139,-0.12118143,-0.13583885,-0.15159827,-0.14598893,-0.13540624,-0.13641915,-0.11503914,-0.08018708,-0.04629863
0.19953804,0.172366,0.17192023,0.15506795,0.15013844,0.13128297,0.12721351,0.13339755,0.123359986,0.13066724,0.14263006,0.17060928
0.15918353,0.1179306,0.09438269,0.07080503,0.052463457,0.03981842,0.0503774,0.0580154,0.06966458,0.10331706,0.1338979,0.17780901
-0.04436077,-0.050478105,-0.039278332,-0.046798047,-0.03413614,-0.022125043,-0.03400582,-0.016817719,-0.01821573,-0.009882461,-0.0146062635,0.007601686
-0.12750056,-0.17975134,-0.2038972,-0.2298876,-0.24172276,-0.25894243,-0.24504519,-0.22207832,-0.19324997,-0.14625224,-0.08428454,-0.025013847
0.20070504,0.19661543,0.19514912,0.20293674,0.20018454,0.18479092,0.17737961,0.16898423,0.1814888,0.16484575,0.15374747,0.16067928
0.34026155,0.3468165,0.34546077,0.3233757,0.32987544,0.32140863,0.3345371,0.32685244,0.33828372,0.3203143,0.31927246,0.2993346
-0.16400112,-0.20409645,-0.22769499,-0.2399739,-0.24235755,-0.25246084,-0.23748542,-0.22090161,-0.2143435,-0.18239602,-0.1542798,-0.1129544
-0.42957863,-0.39900562,-0.39915058,-0.3865284,-0.38000754,-0.35225874,-0.35585892,-0.3532922,-0.3369575,-0.324873,-0.3226042,-0.360358
0.30037808,0.27812144,0.27496755,0.24448198,0.2332784,0.2296888,0.23723076,0.2375843,0.24621083,0.24812728,0.2750384,0.29017824
0.030187463,0.012875248,-0.006435573,-0.0208724,-0.034947585,-0.02852014,-0.034072846,-0.028755791,-0.017920807,-0.0025159866,0.03518509,0.03204161
0.25371227,0.27528894,0.29489413,0.299229,0.30090988,0.30321002,0.2985534,0.28423998,0.2673439,0.24397737,0.20542692,0.18800838
0.31671122,0.3079181,0.32011014,0.29437515,0.2901874,0.29700845,0.29455483,0.2907,0.27031296,0.2631231,0.23160487,0.24192013
0.4174833,0.42397627,0.4380149,0.42955676,0.4161036,0.40746513,0.41246352,0.38739753,0.3689233,0.33495292,0.3247299,0.30824682
0.53369904,0.6032053,0.6539288,0.6653169,0.6688719,0.69769096,0.67818147,0.63930154,0.5901923,0.5068294,0.41101438,0.3432051
0.6618838,0.87851906,1.0152996,1.1212599,1.169057,1.1977909,1.1569821,1.0543623,0.9350387,0.72175044,0.46509755,0.2492074
-0.35763657,-0.39519718,-0.40541956,-0.41458574,-0.41215238,-0.40730733,-0.41008472,-0.38631368,-0.4026289,-0.37792945,-0.36051172,-0.32311514
-0.04911718,-0.075103015,-0.09649641,-0.11247286,-0.12388053,-0.13307962,-0.11939666,-0.112588145,-0.09102609,-0.06410532,-0.023579136,0.0019994285
0.3362981,0.36556226,0.36786354,0.38130033,0.3951882,0.40087688,0.3649435,0.3634781,0.3459565,0.32201475,0.2834443,0.24177444
-0.15569583,-0.1893743,-0.21234739,-0.22570103,-0.2334461,-0.23047954,-0.22080451,-0.20199598,-0.18035868,-0.15021893,-0.11415145,-0.07771519
-0.123606235,-0.1281814,-0.12935647,-0.12475014,-0.121490106,-0.12168385,-0.11536231,-0.11387665,-0.10745251,-0.102844566,-0.101640895,-0.08537035
0.20077404,0.22245553,0.23554815,0.2440865,0.25109297,0.2552105,0.24356714,0.23647265,0.22395432,0.21069625,0.15960558,0.14501248
-0.13076721,-0.088269904,-0.06917998,-0.05551681,-0.043484643,-0.018343955,-0.025618315,-0.037088647,-0.05222313,-0.07833795,-0.11222332,-0.15035582
0.30457795,0.26493686,0.2565163,0.252784,0.24766436,0.22354135,0.22486597,0.23179781,0.22427776,0.22105247,0.22918397,0.26055664
0.7682377,0.71398884,0.70845807,0.65744936,0.64280874,0.57608116,0.60628754,0.60226864,0.6178715,0.6398629,0.6983983,0.7053153
0.1977301,0.18354452,0.17673041,0.15620366,0.13571417,0.13026273,0.14877048,0.13122109,0.12909368,0.1214746,0.14428245,0.15926372
0.13392632,0.1562186,0.1707598,0.17079484,0.1690456,0.17176297,0.1754523,0.16190273,0.17405078,0.14845791,0.13610213,0.10988679
-0.59033906,-0.58654296,-0.5875159,-0.5786596,-0.5659462,-0.55692965,-0.55090654,-0.53508,-0.5141205,-0.49623114,-0.46283174,-0.46471673
0.24128467,0.2769935,0.3031566,0.31465036,0.32042375,0.32599568,0.3143353,0.2962004,0.26514745,0.2371355,0.1813653,0.13663343
0.19580474,0.16437979,0.15024471,0.14467934,0.12941167,0.09373495,0.10112612,0.10427807,0.13098368,0.15457007,0.19099553,0.22382268
0.28708747,0.29787523,0.30310088,0.3005776,0.298269,0.29919308,0.29020172,0.2792922,0.26474702,0.24493732,0.2144226,0.20022331
0.81390744,0.85570693,0.8712183,0.89680415,0.8934462,0.8827881,0.86884135,0.8318286,0.78459585,0.7194733,0.61995393,0.5689616
0.15367332,0.12208977,0.11768368,0.10859033,0.08903917,0.05856736,0.069077864,0.06652075,0.089594916,0.10001318,0.14874206,0.18922925
0.10792008,0.10532068,0.08388217,0.07340476,0.06428779,0.07228144,0.076931894,0.07376133,0.078262806,0.083152995,0.08072061,0.07330491
-0.06552252,-0.06008905,-0.047149934,-0.042302158,-0.03369524,-0.039206874,-0.02838155,-0.026337828,-0.044114538,-0.043901533,-0.062111985,-0.06707939
-0.12082532,-0.08957418,-0.074004255,-0.05656159,-0.04474987,-0.036447555,-0.04476124,-0.04929316,-0.045062028,-0.04889611,-0.076750375,-0.08742429
-0.47278303,-0.46058062,-0.46371233,-0.44208658,-0.42219597,-0.4146456,-0.41895568,-0.40069962,-0.37662524,-0.3590211,-0.35659122,-0.3600143
0.20768803,0.20146012,0.20076261,0.19017658,0.18858539,0.18130392,0.18087514,0.18275954,0.17744823,0.18162946,0.17583348,0.17395167
0.15045065,0.31329733,0.42198074,0.49945498,0.5524791,0.58109456,0.56176966,0.49599424,0.40598518,0.27617013,0.081518315,-0.06096519
0.13471264,0.08800939,0.047542885,0.022620454,0.0015994459,-0.011030689,0.0006869137,0.0102484375,0.03208393,0.06390977,0.118639976,0.15788215
-0.93533134,-0.8465093,-0.77831084,-0.7093706,-0.6407546,-0.6056726,-0.62691796,-0.61301684,-0.6120065,-0.6318016,-0.7032223,-0.7495102
0.12954284,0.087554015,0.061857253,0.059643023,0.046860166,0.026727863,0.030028932,0.0470943,0.06778625,0.09759547,0.11576173,0.16521439
0.22780475,0.23692477,0.24213344,0.23734166,0.24864316,0.24998221,0.23951903,0.23995993,0.22922264,0.22381407,0.19044295,0.19205403
0.48769644,0.49116927,0.49522662,0.4692185,0.48212945,0.47212616,0.45941752,0.46306452,0.45384973,0.46053872,0.44653046,0.44857222
0.2663008,0.30106163,0.3183547,0.33617687,0.34628934,0.338934,0.33409655,0.31553972,0.28970408,0.2590145,0.2059593,0.17394483
-0.109176174,-0.012752652,0.12129781,0.15018156,0.19986618,0.27179873,0.24247348,0.23271304,0.15343931,0.07633209,-0.08120602,-0.13421388
-0.17589284,-0.17804928,-0.18653062,-0.17561537,-0.17807683,-0.18255119,-0.17190406,-0.16847108,-0.15824522,-0.14426965,-0.14146388,-0.14063062
0.32367703,0.3169796,0.3082202,0.28708845,0.2874645,0.2778831,0.27341396,0.2729305,0.28226677,0.28563792,0.30709645,0.31096354
-0.31265563,-0.2436942,-0.20223776,-0.15771115,-0.11658421,-0.088393,-0.11143622,-0.113788754,-0.13542752,-0.17833814,-0.2513324,-0.31301242
0.1511263,0.10337439,0.07232018,0.047886714,0.029215857,0.01750338,0.016878203,0.030730769,0.053911284,0.08744571,0.13366698,0.18576801
-0.35936758,-0.3670779,-0.3822072,-0.38651088,-0.38417378,-0.38019502,-0.36347827,-0.35447025,-0.341898,-0.31627437,-0.2867538,-0.28241995
0.44196865,0.35398027,0.29899335,0.24231479,0.19779274,0.17129233,0.18722719,0.20066881,0.24194072,0.27973008,0.38024995,0.44859618
-0.7410434,-0.78503,-0.7928993,-0.8025999,-0.78251064,-0.75416285,-0.7766929,-0.73098004,-0.7203286,-0.698712,-0.6380085,-0.5768558
0.6044021,0.6672864,0.7329653,0.7594241,0.77176523,0.7363034,0.74119186,0.6928953,0.62999856,0.5611191,0.4665075,0.42482898
1.0354636,1.0459015,1.0828493,1.0671891,1.0661578,1.0008996,0.9918013,0.9592682,0.93931186,0.86201096,0.8660372,0.8304872
-0.44832423,-0.46640754,-0.48377925,-0.48175278,-0.4634528,-0.44983622,-0.46515617,-0.42989114,-0.39843842,-0.3662752,-0.33216545,-0.30189615
0.051695004,0.026705727,0.006677188,-0.006540172,-0.010054648,-0.01479923,-0.019056633,-0.006668724,0.0090262,0.03652404,0.061341755,0.085889876
0.08626746,0.048406675,0.023731194,0.008512959,-0.006183751,-0.030300573,-0.024400458,-0.012710564,0.004972674,0.039284553,0.086519085,0.11328876
0.1569232,0.23170726,0.28184143,0.32129294,0.3457819,0.3595582,0.33486694,0.30469877,0.26534122,0.19668892,0.10326879,0.037595477
-0.55561846,-0.53873295,-0.53768384,-0.5061865,-0.49241388,-0.4750565,-0.47167176,-0.4674078,-0.4794115,-0.49129555,-0.50588363,-0.5223845
0.21465273,0.20251086,0.19842489,0.1898859,0.18044746,0.17277984,0.17239876,0.17124668,0.16697526,0.17058411,0.16923141,0.18072324
-0.06971842,-0.03444197,-0.030319773,-0.022942685,-0.015942492,0.0042437837,-0.0023776516,-0.011109091,-0.025057353,-0.045452733,-0.059582274,-0.11046408
-0.6537651,-0.7038527,-0.72339153,-0.7149927,-0.71488047,-0.7413675,-0.70917237,-0.67740154,-0.6839278,-0.6256819,-0.578878,-0.542572
-0.015091034,-0.019155307,-0.023862004,-0.023278315,-0.029036224,-0.035086755,-0.028137561,-0.030925598,-0.016763145,-0.008033262,-0.002873023,0.007261985
-0.58915454,-0.5997215,-0.60452676,-0.58809555,-0.56847554,-0.57187885,-0.5781048,-0.5444884,-0.50627494,-0.464419,-0.42067102,-0.39647478
0.36533368,0.39063227,0.40814528,0.41444683,0.40954494,0.40674758,0.40948278,0.3842687,0.3596371,0.31737,0.27775258,0.24387683
-0.14971444,-0.15931442,-0.16531041,-0.16757703,-0.16631103,-0.16613337,-0.16645402,-0.15710306,-0.14820826,-0.1348052,-0.11770429,-0.10943888
0.2199404,0.22970282,0.24337149,0.24402826,0.24289335,0.24673896,0.24617171,0.2361951,0.22483596,0.20687991,0.17920488,0.17705931
-0.5248381,-0.50051326,-0.49253815,-0.47979906,-0.45211124,-0.4305434,-0.43647763,-0.4239641,-0.4167067,-0.41113794,-0.40799847,-0.42278752
0.49078795,0.4930215,0.4890505,0.4869404,0.47949734,0.4646325,0.45650363,0.4489133,0.4299004,0.42799652,0.39274627,0.3889563
-0.033342846,-0.028467372,-0.037146635,-0.03383786,-0.02837577,-0.017832689,-0.026189838,-0.02164102,-0.006714944,-0.013760954,-0.012618003,-0.010384278
0.30399194,0.22130415,0.17977977,0.13661721,0.080972046,0.052935302,0.083945155,0.071757674,0.07369968,0.10873154,0.18458979,0.25123885
-0.28126615,-0.31870076,-0.34864,-0.3588434,-0.3755167,-0.36932385,-0.35217702,-0.33824313,-0.32827932,-0.30507463,-0.2558133,-0.22645018
-0.18813793,-0.18241495,-0.16564749,-0.16089383,-0.17062053,-0.17392059,-0.15382473,-0.17149235,-0.16911933,-0.18177426,-0.16022646,-0.15627305
-0.21812226,-0.25099936,-0.26633534,-0.26620635,-0.2674248,-0.27503482,-0.2798347,-0.25855267,-0.24160583,-0.21018933,-0.17760107,-0.13945228
-0.017462198,-0.02785892,-0.0277059,-0.026113547,-0.032440215,-0.03862445,-0.027888663,-0.029877193,-0.04197716,-0.03808267,-0.04801766,-0.035192963
0.23045191,0.3317731,0.40287483,0.43989193,0.46053514,0.49498403,0.48305696,0.43223873,0.36112687,0.2625709,0.13501681,0.03230987
-0.11111984,-0.14851382,-0.15957937,-0.16301014,-0.13150203,-0.15056306,-0.16854781,-0.1301185,-0.118310094,-0.094770156,-0.057474244,-0.016305096
0.32676458,0.268209,0.29885268,0.25012264,0.20636147,0.09849781,0.17094252,0.14836353,0.1951442,0.252937,0.37402487,0.48966366
1.0278864,1.055077,1.0649713,1.0620931,1.0619045,1.0435634,1.0176284,0.99827206,0.93668437,0.87142205,0.8134855,0.72461057
-0.3814851,-0.37062788,-0.3542144,-0.33787984,-0.3209114,-0.3145176,-0.3202519,-0.3076437,-0.30394492,-0.3003399,-0.3018216,-0.3024623
-0.064193465,-0.0752455,-0.0764956,-0.08135663,-0.08584985,-0.08798917,-0.082436346,-0.082273945,-0.0784804,-0.075653166,-0.05456812,-0.044591397
0.09706449,0.110113904,0.12558378,0.1185875,0.11500512,0.11525367,0.11943264,0.105750166,0.09683947,0.06674182,0.07296774,0.055236634
0.08722102,0.059052423,0.013054088,0.017422944,-0.0030895025,-0.009994701,-0.0033949018,-0.0042421594,0.0032559112,0.018845823,0.035663486,0.059131984
-0.013475557,-0.006475024,-0.00874117,-0.005660955,-0.008102842,-0.0022263825,-0.016100995,-0.009835973,0.006264534,0.013341719,0.016184168,0.008401675
0.4460038,0.4628623,0.47798824,0.46980023,0.4629409,0.4629161,0.46931455,0.44481134,0.4153171,0.38386557,0.33929685,0.31911087
0.20948127,0.19888009,0.18179543,0.15856937,0.15522355,0.15353173,0.15005113,0.15619412,0.16219917,0.18861899,0.19187905,0.1984541
-1.0861025,-1.0461588,-1.0267423,-0.989948,-0.92756814,-0.90005994,-0.9211801,-0.8789879,-0.84084356,-0.8238921,-0.8026462,-0.8204591
0.17490482,0.20256925,0.21649373,0.21390525,0.22825173,0.24414876,0.22800222,0.21740237,0.18444991,0.14677128,0.12572205,0.08293943
0.31056362,0.3123583,0.3071081,0.29433286,0.29456797,0.29801178,0.28721145,0.28665435,0.27768645,0.26427966,0.2559309,0.24206388
-0.3438369,-0.3783688,-0.39575386,-0.4090202,-0.41014156,-0.3984305,-0.40091223,-0.37306896,-0.36369956,-0.3364542,-0.29994687,-0.26957497
-0.05651488,-0.115598574,-0.12301707,-0.14854716,-0.17403944,-0.20882188,-0.18508098,-0.1788207,-0.14285141,-0.099452436,-0.020412574,0.073735714
0.3653702,0.42039317,0.46123022,0.47591704,0.4819801,0.4840535,0.47945276,0.4480307,0.40766776,0.3544794,0.28303117,0.2249001
0.17634894,0.12467601,0.08742712,0.06501578,0.049622953,0.031546876,0.03668998,0.051737092,0.0797579,0.10294545,0.1580953,0.20299977
0.3192797,0.2899641,0.2773709,0.24881855,0.24695528,0.21789894,0.22973153,0.2368064,0.25084704,0.26920274,0.3033893,0.32823965
-0.23190477,-0.17140776,-0.13871899,-0.105923936,-0.079488695,-0.055868566,-0.06294322,-0.07933198,-0.104967974,-0.15093338,-0.20783587,-0.26283827
0.17764808,0.21921158,0.25087604,0.26934466,0.28046685,0.2925927,0.28109175,0.25646755,0.2254341,0.16459663,0.11305603,0.07561622
-0.66533995,-0.673572,-0.63258845,-0.6070756,-0.60023844,-0.6420294,-0.6122767,-0.598203,-0.5577784,-0.5220622,-0.4666708,-0.409665
0.7338135,0.69521946,0.6522581,0.63407016,0.58789945,0.55385447,0.5548712,0.54077077,0.572175,0.5885092,0.6012047,0.6492021
-0.1861083,-0.1428613,-0.11387547,-0.08376744,-0.06787722,-0.05195123,-0.05811368,-0.073134765,-0.09516394,-0.1362282,-0.17959918,-0.22421587
0.9103926,0.85526985,0.82815945,0.7932903,0.7726064,0.74256,0.7334085,0.74733657,0.7384946,0.773842,0.7529628,0.8098667
0.16842014,0.16646226,0.16592261,0.16948274,0.16846275,0.16187535,0.15782735,0.15572317,0.14692707,0.14207686,0.12601937,0.1265987
0.117061526,0.07992682,0.058185697,0.05120492,0.04080832,0.01906702,0.0143221915,0.027774379,0.04362514,0.066341184,0.09611894,0.13373159
-0.3278504,-0.34860885,-0.3504212,-0.3599352,-0.35118932,-0.34741655,-0.33940676,-0.32036048,-0.30676576,-0.2894338,-0.25086102,-0.22474839
0.12718067,0.10659798,0.09228092,0.07554455,0.06326776,0.054335445,0.062010676,0.059231527,0.06885367,0.0765022,0.10871807,0.12809291
0.20837112,0.18316774,0.17563659,0.1581031,0.14569904,0.13444923,0.14524782,0.14661098,0.15232575,0.16547626,0.18174347,0.20558947
0.2347167,0.23618783,0.23342893,0.22021094,0.21041721,0.22517866,0.23063767,0.22210474,0.21931061,0.20809472,0.19212767,0.17907046
-0.4169428,-0.39025635,-0.37526625,-0.34975788,-0.32574028,-0.30933395,-0.31801775,-0.307922,-0.30201128,-0.30846095,-0.32106057,-0.33693936
-0.12419661,-0.12199291,-0.111252904,-0.10351436,-0.09367556,-0.10103753,-0.09650091,-0.09400868,-0.10471766,-0.10634825,-0.11977351,-0.114841186
-1.6398385,-1.5672293,-1.5383787,-1.4803758,-1.3340852,-1.2889965,-1.3674846,-1.2621925,-1.199679,-1.1558187,-1.1460528,-1.1762518
0.3727359,0.64118266,0.8238797,0.9317361,1.0033835,1.0790452,1.0227621,0.914858,0.7680278,0.52605283,0.22749919,-0.034625083
0.30394816,0.3186213,0.32538036,0.32083204,0.3084499,0.3035993,0.305698,0.28230757,0.27289778,0.26810652,0.25062916,0.22859387
0.021104116,0.0028194487,-0.017856479,-0.026269197,-0.03901189,-0.04960683,-0.039757922,-0.039022632,-0.028388917,-0.00927392,0.02068463,0.03690717
0.23248748,0.22846182,0.2111578,0.20073557,0.19336842,0.1873955,0.1850035,0.19049226,0.2056848,0.22282562,0.22502425,0.2294066
0.0093282685,-0.038355574,-0.069383726,-0.09070465,-0.10504879,-0.11485374,-0.10393567,-0.08841458,-0.07162568,-0.037141223,0.0037714876,0.047573
-0.6424196,-0.6086657,-0.58813196,-0.56445706,-0.54185176,-0.5007124,-0.5032345,-0.4948206,-0.49748543,-0.5100174,-0.51976115,-0.5545574
0.03504989,0.018027306,0.006862238,-0.0015961006,-0.0061938986,-0.02150324,-0.0130841285,-0.011223979,-0.0014537051,0.016220637,0.034826092,0.05132574
0.529843,0.5678491,0.57883453,0.5906589,0.60575193,0.61659443,0.59667575,0.58700925,0.54151404,0.5115805,0.4123225,0.37682322
-0.24829872,-0.22094274,-0.20904249,-0.18729948,-0.168433,-0.16555524,-0.16184442,-0.16364712,-0.15118729,-0.16826946,-0.18920872,-0.20164497
0.17055345,0.30456847,0.3646074,0.405056,0.44621372,0.49005055,0.44191176,0.41086173,0.36687887,0.26728064,0.14146897,0.006317109
-0.09421158,-0.04426983,-0.021793172,-0.002747357,0.014169052,0.04073167,0.03398508,0.023861945,0.014218211,-0.018237323,-0.0665631,-0.11163969
0.13022387,0.11190382,0.085161395,0.08829297,0.08314374,0.07349938,0.070359595,0.07707519,0.08387977,0.09592109,0.096830554,0.11291988
-0.03319611,-0.081090406,-0.1296586,-0.1421292,-0.17853081,-0.20625184,-0.19883676,-0.18734065,-0.16694857,-0.09721214,-0.03084969,-0.007360883
-0.51033556,-0.5022338,-0.4890561,-0.48266938,-0.46894142,-0.453694,-0.4602955,-0.4488576,-0.43978366,-0.4317176,-0.40051866,-0.4002242
-0.158779,-0.23646721,-0.2838849,-0.30442756,-0.33429712,-0.36405474,-0.33730388,-0.31786796,-0.27274072,-0.22139463,-0.12781987,-0.05270568
0.08848806,0.0873886,0.087540634,0.092803374,0.09134106,0.08717544,0.08263452,0.08027052,0.08039001,0.07953018,0.0665566,0.073400445
0.30760536,0.26575625,0.25027135,0.22412163,0.21315947,0.19879791,0.19856493,0.21115097,0.21789707,0.25565886,0.26906672,0.31921655
0.11441356,0.09299373,0.07483444,0.06432,0.060907744,0.046830885,0.049362734,0.05744189,0.060052156,0.08279823,0.09436301,0.10785063
0.5596897,0.608006,0.63293564,0.62941444,0.63905996,0.636417,0.6377446,0.6072337,0.56057113,0.52275085,0.4495627,0.39191145
0.39157727,0.28766018,0.22388364,0.17147979,0.13633057,0.079018325,0.09483868,0.12062183,0.15051048,0.26131943,0.35769203,0.44141918
-0.000500489,-0.01834572,-0.03516335,-0.051887907,-0.061812676,-0.06084046,-0.060186498,-0.051068306,-0.02984567,-0.006805271,0.02292547,0.03380792
-0.13791299,-0.13626161,-0.14449401,-0.12665862,-0.12314485,-0.12289699,-0.12547156,-0.119928285,-0.11466584,-0.11368837,-0.12032389,-0.11911187
0.6849813,0.6248828,0.5844108,0.5806415,0.5654688,0.5046825,0.4990446,0.50076115,0.49576658,0.52045107,0.5329536,0.5762035
0.021326326,0.026726328,0.0373893,0.047125712,0.049576014,0.048504934,0.045752708,0.041786343,0.028628528,0.018903073,-0.0045332112,-0.002011288
-0.07458143,-0.037588023,-0.020191893,0.007251382,0.026106223,0.032801926,0.023184687,0.013366476,0.0008560419,-0.032491244,-0.06936038,-0.101034395
0.2565215,0.42530477,0.5281211,0.61053973,0.65982574,0.6971911,0.66923225,0.5996593,0.50884444,0.36896914,0.15637246,0.0023733154
0.05589231,0.005718045,-0.032418966,-0.05099462,-0.06935783,-0.0794549,-0.07296434,-0.060986698,-0.06589581,-0.040071033,-0.028036118,0.01084673
-0.35001755,-0.38004553,-0.4095512,-0.416702,-0.4215862,-0.4156441,-0.41262552,-0.39345336,-0.3556714,-0.31879327,-0.26612917,-0.22603548
0.42901218,0.3858165,0.36467427,0.3184233,0.2915628,0.27494135,0.29831016,0.29357487,0.2938007,0.30273014,0.3513854,0.37354016
0.22994155,0.2038804,0.1917544,0.17384376,0.16087037,0.15452828,0.15206759,0.15737623,0.16474631,0.17616753,0.19412409,0.21559688
0.5698101,0.58090097,0.56187737,0.5570793,0.5491374,0.53786004,0.5257613,0.5164704,0.51439077,0.5206803,0.45969722,0.46508917
-0.014791049,0.08553824,0.15474117,0.18696544,0.2182109,0.25664204,0.23773222,0.19787127,0.1454117,0.051181346,-0.028368056,-0.12179755
-0.23516081,-0.21939047,-0.22154322,-0.22204445,-0.19407073,-0.17450753,-0.18863058,-0.16959688,-0.16731101,-0.16237272,-0.16603309,-0.17832698
0.08002832,0.10697973,0.13294911,0.14440686,0.15232328,0.15925872,0.15063024,0.13981506,0.11929856,0.092406526,0.0554097,0.030945867
0.4649885,0.41923928,0.37295064,0.3305901,0.31400847,0.28808764,0.2920616,0.2984806,0.3104726,0.36424488,0.4002525,0.44406858
-0.05566457,-0.07057226,-0.074902564,-0.07275291,-0.06886707,-0.07386303,-0.07889358,-0.06638504,-0.0594788,-0.0503453,-0.039072923,-0.021320263
0.31423646,0.3523596,0.37389508,0.3818711,0.39038303,0.39076284,0.37974846,0.36098862,0.3413769,0.2961491,0.25883108,0.2131798
0.20178212,0.17245157,0.16137011,0.13389039,0.13515234,0.096771106,0.103403695,0.10943379,0.11142941,0.11496784,0.16846886,0.1317345
-0.01950968,-0.007483177,-0.00334391,0.004392367,0.0072522983,0.007891774,0.0052979663,0.0009855889,-0.0020946711,-0.009892862,-0.025121285,-0.035431206
0.020275794,-0.025971793,-0.052017942,-0.08094545,-0.09134129,-0.094807334,-0.0879675,-0.06715931,-0.05123598,-0.01106688,0.028809432,0.06927311
0.07842311,0.05914992,0.04925397,0.042741254,0.04520698,0.039754912,0.035750315,0.042368174,0.050659284,0.05322437,0.08728053,0.10203296
-0.027210534,0.025411889,0.052661657,0.078120634,0.09556596,0.108372375,0.094738305,0.081516,0.07099594,0.026908636,-0.010257762,-0.06796034
-0.06468319,-0.039667822,-0.02592665,-0.010050878,0.0065297037,0.012083232,0.0068122074,0.005735174,0.0008993745,-0.017417692,-0.041717514,-0.06607138
0.09545384,0.040264465,0.018990286,-0.009580068,-0.02124592,-0.04683412,-0.02971965,-0.009709045,0.0008812398,0.04460805,0.08712655,0.14251429
-0.4082116,-0.34344107,-0.31570017,-0.2782238,-0.2613967,-0.23114774,-0.22320801,-0.24800658,-0.29101723,-0.33706993,-0.40331304,-0.47986042
0.080088064,0.08553454,0.09011901,0.08685236,0.08496052,0.092387,0.094179496,0.08900628,0.083486766,0.06602384,0.059790604,0.04688443
-0.5222398,-0.5109078,-0.50988245,-0.5002446,-0.49086076,-0.47557917,-0.46548474,-0.46186554,-0.4387481,-0.43292597,-0.4051967,-0.40085766
0.45700338,0.46760896,0.47640613,0.44573125,0.42323804,0.43215007,0.432283,0.41390818,0.42201144,0.39743674,0.4052735,0.37019455
0.06377076,0.018083848,-0.015683405,-0.0414325,-0.06941985,-0.07704747,-0.06702059,-0.05590018,-0.03322804,0.009887978,0.04839601,0.08726031
0.3807903,0.3715866,0.37023795,0.35172188,0.34478408,0.32933435,0.33032665,0.32670802,0.32409772,0.33109632,0.3299639,0.34079847
-0.2450481,-0.32962817,-0.3739853,-0.39229214,-0.41125542,-0.4417113,-0.4277209,-0.38762352,-0.3443275,-0.27056995,-0.19075915,-0.103029236
-1.1228956,-1.1158674,-1.1089946,-1.0818032,-1.050812,-1.0221301,-1.0217295,-0.9911718,-0.954277,-0.9438352,-0.8731783,-0.8564508
0.049521293,0.07857743,0.09878783,0.11556498,0.12561838,0.1301817,0.12115914,0.11030317,0.09045834,0.06170003,0.02998133,-0.0024453094
0.3863463,0.37704986,0.3608707,0.35039377,0.32847872,0.32908887,0.32883728,0.31390157,0.3049798,0.28212368,0.26788417,0.2654915
0.21360278,0.1577804,0.12527715,0.09733769,0.07922533,0.060551092,0.068209305,0.08460009,0.10505462,0.15008786,0.19408001,0.25253853
0.35434803,0.39352268,0.4045594,0.41162273,0.4032998,0.40665868,0.4188467,0.38406834,0.3669738,0.33867228,0.27151808,0.23556584
-0.5214007,-0.55392,-0.5667953,-0.54024255,-0.5216454,-0.5376133,-0.5432674,-0.5109215,-0.48777658,-0.4521792,-0.42563367,-0.37041587
-0.46128267,-0.49067414,-0.5065837,-0.5083861,-0.5063939,-0.51973855,-0.50663155,-0.48352912,-0.47703904,-0.4291283,-0.3888071,-0.3766183
-0.34376848,-0.36204892,-0.4002308,-0.41858488,-0.45071357,-0.43021503,-0.38096416,-0.39963505,-0.3936879,-0.39034054,-0.32470167,-0.33153692
-0.24286397,-0.28463572,-0.30276942,-0.31008446,-0.31329906,-0.32188693,-0.31693444,-0.29510468,-0.2761768,-0.2386474,-0.19646424,-0.15025203
0.07414238,0.0072292686,-0.04554431,-0.07348575,-0.08335313,-0.123966515,-0.10759804,-0.07582304,-0.034555465,0.03127338,0.10608813,0.17468023
1.1037464,1.1992185,1.2676082,1.2682024,1.2531152,1.2678069,1.2364978,1.1769671,1.1168102,0.983199,0.8816559,0.72918326
-0.078826904,-0.07591045,-0.06538541,-0.056182034,-0.04924254,-0.053525917,-0.050836932,-0.0503907,-0.05695656,-0.05921206,-0.06438221,-0.05659014
0.3034496,0.32200184,0.34115693,0.34187824,0.347799,0.342523,0.32849866,0.3178017,0.30142844,0.28341383,0.2635536,0.23730412
-0.086015046,-0.06530921,-0.052186888,-0.03540688,-0.02184936,-0.01231524,-0.02382493,-0.025061492,-0.030339591,-0.051192574,-0.06874109,-0.080719836
0.33001226,0.22956005,0.18806574,0.16143304,0.12167591,0.06747085,0.09627864,0.107515275,0.07757628,0.119998366,0.16320762,0.25284716
0.2383899,0.22393298,0.2063609,0.1916791,0.16592774,0.15220372,0.16073531,0.14573659,0.16055164,0.17282842,0.20546396,0.20217855
-0.38134038,-0.4204413,-0.44298932,-0.44619817,-0.43901277,-0.45309108,-0.44943523,-0.41318628,-0.364868,-0.317042,-0.25872734,-0.20162913
-1.2649422,-1.2063682,-1.1583244,-1.0959768,-1.035775,-0.9963296,-1.023002,-0.9911262,-0.9841354,-0.9817879,-1.0158694,-1.0354257
0.40259096,0.39636242,0.39254516,0.3748914,0.35664573,0.35494083,0.35821155,0.34408256,0.3453138,0.33765692,0.33632302,0.33709297
-0.19886109,-0.18652545,-0.17524868,-0.1655233,-0.15917875,-0.15835804,-0.15860341,-0.16242637,-0.15827039,-0.16743398,-0.15299606,-0.16035935
0.002890557,-0.031440757,-0.05175527,-0.05586101,-0.07113214,-0.09471421,-0.0783609,-0.07639367,-0.055862457,-0.025630016,0.0009305272,0.046346657
0.6951865,0.9129398,1.0691391,1.1405336,1.2237679,1.2433981,1.2091253,1.1262462,0.9894993,0.80356133,0.5694248,0.33609045
-0.30712637,-0.33382785,-0.36126512,-0.36775446,-0.37658072,-0.36705834,-0.36329532,-0.34282774,-0.3145199,-0.2729741,-0.24239099,-0.21427795
0.5087862,0.495954,0.44449562,0.4643721,0.48799142,0.4527706,0.43868867,0.46198145,0.4539461,0.48830205,0.42168918,0.4493189
-1.0798837,-0.9654838,-0.839778,-0.7914074,-0.710358,-0.6237466,-0.65971786,-0.62204456,-0.63680947,-0.6675287,-0.78458756,-0.855154
-0.050237074,-0.044625014,-0.036240768,-0.027551446,-0.030457579,-0.027295679,-0.027606037,-0.03413343,-0.03815936,-0.046332613,-0.053756244,-0.056228634
0.28336668,0.27708375,0.2705019,0.2681596,0.26199502,0.24336556,0.24375033,0.23844816,0.23761098,0.2349797,0.23006955,0.2360109
0.0656476,0.06425421,0.06771171,0.065189496,0.058685567,0.057437345,0.061468374,0.05349334,0.04142209,0.030660957,0.03778903,0.03132654
0.58898896,0.5582975,0.5237806,0.4882861,0.45319426,0.44549364,0.44554943,0.43255168,0.43051326,0.44594443,0.47040436,0.48377952
0.3772623,0.42129356,0.44495964,0.42881018,0.4261175,0.4448256,0.42676908,0.41555792,0.40722987,0.38413557,0.33933303,0.30231062
0.13450353,0.092106014,0.058727384,0.033070832,0.023248449,0.012164623,0.012497246,0.03139799,0.053439364,0.09282359,0.13621537,0.17562601
-0.37268606,-0.39041984,-0.3811289,-0.3861431,-0.3909321,-0.40338242,-0.39341983,-0.38550782,-0.3758338,-0.365362,-0.30215597,-0.28070274
-0.1367863,-0.11342578,-0.10805508,-0.09011282,-0.08832422,-0.07949652,-0.07086022,-0.082771435,-0.09335463,-0.10963045,-0.13683298,-0.1664066
0.71374094,0.6558204,0.6069974,0.5520289,0.49224204,0.46293023,0.47531372,0.46588054,0.53447163,0.6009554,0.65530187,0.72699404
0.13855563,0.12685683,0.11259794,0.093872964,0.08518981,0.092338756,0.08564442,0.08763537,0.08166526,0.08668914,0.10698879,0.10498625
-0.09945722,-0.049869478,-0.020142466,0.0052854866,0.037651196,0.05236137,0.032333568,0.03327,0.014774829,-0.0060312897,-0.064001635,-0.104139954
-0.01665575,-0.027794963,-0.03137309,-0.03736891,-0.037780963,-0.03908246,-0.04014568,-0.034394205,-0.01996146,-0.01617385,-0.0020425348,0.016663158
0.014828559,0.021037778,0.019896738,0.023665521,0.028005205,0.031346485,0.03063575,0.03194122,0.025963333,0.022095563,0.0057104887,-0.0046091937
-0.25784504,-0.295536,-0.31875828,-0.32869595,-0.33601677,-0.3456412,-0.3380089,-0.31860903,-0.29060686,-0.2532659,-0.20097029,-0.16105787
0.28132215,0.25535393,0.24044117,0.21083352,0.18977788,0.19608629,0.19484536,0.19783956,0.21479258,0.23365769,0.24562031,0.2762128
0.06897317,0.034130998,0.00091638416,-0.021754347,-0.0411963,-0.05009932,-0.045277774,-0.03560014,-0.01579187,0.02391117,0.05707991,0.08888878
0.102470584,0.09544882,0.08445493,0.08252372,0.08165635,0.07188673,0.07144897,0.070897885,0.062227566,0.066271044,0.06385808,0.06347342
-0.2099775,-0.22761929,-0.23448317,-0.23561424,-0.24175152,-0.24084944,-0.23668212,-0.22727911,-0.22056782,-0.21039997,-0.18130252,-0.16594884
0.10641215,0.03922853,-0.01676169,-0.038954347,-0.061951846,-0.071709156,-0.07091616,-0.046442226,-0.018834487,0.035089307,0.08206859,0.14577428
0.5882178,0.59629124,0.5967801,0.5584404,0.52698374,0.53507584,0.5333726,0.50356144,0.49052304,0.47738206,0.49217445,0.44654596
0.14836174,0.05401653,-0.020370424,-0.049109012,-0.08285743,-0.119394004,-0.10452369,-0.077228665,-0.038284272,0.03890851,0.113515005,0.20374879
0.16414542,0.1555455,0.1608081,0.13733663,0.12584588,0.14569189,0.14394686,0.14047018,0.13430288,0.12744811,0.1380403,0.13887191
-0.7321354,-0.66563076,-0.6093526,-0.5590618,-0.5069445,-0.48518926,-0.5049808,-0.49886554,-0.5033768,-0.5270298,-0.5711292,-0.60337573
-0.98607993,-1.0140513,-1.0352526,-1.0193642,-0.98884916,-0.9868232,-1.0139139,-0.950317,-0.897961,-0.79599214,-0.7593793,-0.7013835
0.15643635,0.12831591,0.10409683,0.09297863,0.07493124,0.06756484,0.0748676,0.08090587,0.08933264,0.11275252,0.12633888,0.14861046
-0.32196608,-0.2655853,-0.22800007,-0.19754322,-0.17627506,-0.15757029,-0.16504088,-0.17767939,-0.19498792,-0.22756603,-0.26706532,-0.31681746
0.274268,0.2644494,0.25037208,0.24481344,0.22891663,0.225645,0.22634083,0.21553454,0.2128133,0.2092444,0.20636372,0.21160747
0.3557891,0.25618118,0.20199364,0.14940867,0.11995345,0.083111614,0.10057393,0.12703988,0.15806237,0.22895315,0.30320156,0.40182024
0.120711565,0.117398635,0.11591878,0.10963896,0.10926938,0.108339906,0.10227467,0.106196426,0.10399951,0.11194463,0.11129804,0.11426463
0.3177639,0.33486277,0.34977672,0.35138953,0.34699407,0.34625617,0.34167397,0.32548684,0.30478215,0.276366,0.24424994,0.22042297
0.07875616,0.08336895,0.083181694,0.080111615,0.07617003,0.08287096,0.07790676,0.07613983,0.07162693,0.068587616,0.053261105,0.046451326
-0.759218,-0.85297585,-0.9292387,-0.9716462,-0.9831897,-1.0033152,-0.9500274,-0.8943355,-0.8247096,-0.7243501,-0.56532586,-0.49571198
0.035476085,0.066735856,0.09321831,0.10577698,0.1099518,0.12206379,0.11730094,0.09669412,0.06461585,0.023812361,-0.0136707425,-0.046800308
-0.023695411,-0.022176258,-0.017856842,-0.011401378,-0.0082499925,-0.013019575,-0.012616117,-0.011542028,-0.0094918255,-0.008508395,-0.015426863,-0.013208047
0.120678395,0.07273874,0.038315497,0.017944962,0.0006015003,-0.017885,-0.015797064,-0.0010046959,0.025284305,0.06388909,0.11388141,0.15936804
0.073156476,0.041151196,0.018251568,0.015959337,0.0061337203,-0.00781174,-0.00021067262,0.006902635,0.026535213,0.04214015,0.06512597,0.08985797
0.19778642,0.26046634,0.30755213,0.33518,0.36217883,0.36768472,0.35071188,0.32914114,0.29043218,0.2321196,0.15691406,0.09312822
-0.6400532,-0.6312602,-0.6399704,-0.6214544,-0.591984,-0.58107615,-0.58491457,-0.55501395,-0.50007355,-0.4676156,-0.4431326,-0.42107075
-0.18704769,-0.18473077,-0.17053765,-0.1635999,-0.15639631,-0.15577435,-0.14892061,-0.15003777,-0.15396969,-0.1517784,-0.15241809,-0.14547855
-0.038167316,-0.05053344,-0.059386484,-0.062940024,-0.061343577,-0.06442506,-0.06758731,-0.056199796,-0.046925828,-0.032072537,-0.018958751,-0.005910118
-0.6902583,-0.6995642,-0.6952358,-0.6723406,-0.6505577,-0.6463062,-0.65005124,-0.62488633,-0.6066597,-0.59884864,-0.5577009,-0.5294674
0.33419734,0.39688432,0.44451457,0.4619062,0.47707066,0.49572176,0.48024407,0.45714515,0.41535223,0.36497194,0.2673028,0.21134403
0.03882069,0.055959404,0.05288681,0.06829632,0.06655224,0.073888555,0.057857007,0.056099378,0.058424663,0.059329774,0.030850597,0.009231135
0.12255287,0.15272896,0.1941167,0.19864272,0.20425507,0.21866623,0.2136582,0.19328089,0.14855629,0.10051766,0.05778439,0.023314718
-0.14813007,-0.14446327,-0.14393711,-0.14082722,-0.13645414,-0.12991612,-0.13243957,-0.12693249,-0.1237051,-0.11678873,-0.11562762,-0.12063057
