0.10613159,0.093617536,0.115023814,0.11574109,0.10347437,0.080405444,0.0732005,0.059106186,0.047807038,0.035124645,0.027751345,0.027470015
-0.13347761,-0.1868837,-0.19972539,-0.19866283,-0.18021643,-0.16743551,-0.15024903,-0.12181071,-0.09461873,-0.07020854,-0.05405455,-0.04470894
-0.2593419,-0.31881663,-0.3297116,-0.2982668,-0.2768438,-0.247391,-0.2271954,-0.18546663,-0.16345356,-0.1452574,-0.13219324,-0.12384702
-0.14282154,-0.13703158,-0.11117639,-0.0673105,-0.0384219,-0.025185123,-0.017614834,-0.011598431,-0.018545672,-0.035437286,-0.050235882,-0.05633123
-0.0025244616,-0.009176198,-0.022277832,-0.019153455,-0.0149126565,-0.009399433,-0.0058229305,0.0033143861,0.009613392,0.016741153,0.020318268,0.019717414
-0.10827985,-0.06620667,-0.019486561,-0.013897106,-0.008138135,-0.010787383,0.023834698,0.012181211,0.016685225,0.026090577,0.035009213,0.04231926
0.0103311185,0.011017981,0.01027036,0.006694559,0.0066083157,0.0049326206,0.0058612693,0.0058686472,0.011062391,0.014619914,0.017323319,0.016614025
0.09607727,0.08523601,0.059401922,0.04015006,0.027746521,0.01723108,0.0025783256,-8.174032e-05,0.0020526815,0.007831126,0.011508567,0.011192216
0.10347472,0.14680637,0.17004487,0.13941985,0.13142343,0.11823414,0.11981616,0.09467924,0.0843607,0.07958708,0.075117126,0.07188101
0.7495325,0.77531755,0.6478647,0.5705679,0.49298602,0.45134243,0.38991097,0.37984544,0.3621063,0.3358557,0.31218287,0.3015177
-0.1886325,0.07797217,0.15470326,0.073295504,0.058451504,0.07864925,0.1011526,0.023561284,0.010358036,0.008339405,0.011023566,0.007289484
-0.04645276,-0.08004901,-0.08191756,-0.07846893,-0.07904892,-0.078861505,-0.07502611,-0.06746225,-0.073332764,-0.08185847,-0.08533326,-0.08547999
0.079069585,0.09101722,0.080338836,0.06467236,0.054400053,0.056248844,0.051264286,0.051135212,0.048655644,0.054247722,0.057279054,0.057856146
-0.5422953,-0.5321263,-0.48135865,-0.42325747,-0.3703788,-0.3173781,-0.25436646,-0.2122625,-0.17917815,-0.15711522,-0.1415887,-0.13507792
0.14169529,0.07990137,0.023368746,-0.011105329,-0.04036565,-0.050121546,-0.06253673,-0.052254543,-0.043723397,-0.02789931,-0.012989249,-0.005076345
0.13188452,0.13766307,0.12302639,0.10373703,0.091061816,0.081880495,0.06903651,0.061548997,0.05652065,0.05479892,0.053127594,0.051478766
0.1795187,0.18091075,0.1732186,0.14538182,0.13062789,0.10947916,0.0974078,0.074504696,0.07111306,0.070208475,0.073169895,0.07849031
0.12915823,0.13229913,0.111810446,0.08957909,0.07283288,0.051686756,0.024385378,0.013733946,0.010958176,0.013831253,0.01130246,0.0063465517
-2.0140722,-2.2539458,-2.2047477,-1.9187044,-1.7056549,-1.4926549,-1.307623,-1.0495048,-0.9027177,-0.79731756,-0.744158,-0.7177593
-1.4975824,-1.6074122,-1.6008255,-1.2660894,-1.1284784,-0.93868744,-0.87953067,-0.676442,-0.60956717,-0.55823827,-0.5437208,-0.5468628
-0.28766906,-0.25285754,-0.205399,-0.1710854,-0.13017964,-0.100984946,-0.0811328,-0.07034728,-0.065325506,-0.06515317,-0.07099779,-0.07664478
-0.13930203,-0.11327256,-0.080494344,-0.07828531,-0.060322404,-0.043981723,-0.029039301,-0.028983563,-0.033298098,-0.034519296,-0.039995134,-0.04488187
0.22294472,0.17872989,0.17098233,0.14688143,0.11530638,0.09180955,0.077571705,0.056978554,0.032645218,0.025475651,0.021967515,0.029337175
0.048444666,0.037452184,0.023519464,0.026122507,0.021118108,0.022883542,0.010485958,0.013125289,0.0008472018,-0.011703238,-0.02113542,-0.026066601
-0.5163035,-0.5204654,-0.4716357,-0.41135132,-0.36439133,-0.32140136,-0.26066715,-0.22488946,-0.20156983,-0.18808885,-0.17812023,-0.17369387
0.02313353,-0.035640597,-0.06466377,-0.05050566,-0.061786167,-0.060444053,-0.08162194,-0.06870393,-0.07964541,-0.0831372,-0.08644743,-0.08367784
0.19135717,0.18967506,0.17159927,0.14460447,0.11908675,0.09936997,0.08549656,0.0745415,0.071758606,0.06850509,0.06945038,0.06727275
0.075611696,-0.011546701,-0.038647383,-0.042568013,-0.058747903,-0.08597191,-0.072349094,-0.0684645,-0.04846225,-0.027066275,-0.0027691014,0.017376227
0.093594894,0.08606832,0.08844762,0.0723022,0.05997806,0.049336955,0.03952305,0.028098084,0.015339153,0.0015627276,-0.0056031253,-0.007696854
-0.18057689,-0.15440299,-0.14879335,-0.14620101,-0.121904224,-0.10631362,-0.0958061,-0.08923614,-0.0806626,-0.08060251,-0.08324426,-0.08914063
0.77513874,0.6790048,0.5786236,0.48717684,0.39308834,0.32088172,0.2526351,0.23005545,0.21428335,0.20780796,0.21626948,0.22068597
-0.035176437,-0.0538657,-0.056697696,-0.04895012,-0.044066325,-0.0387315,-0.035902116,-0.026345659,-0.025648275,-0.024901217,-0.025058784,-0.023583174
-0.07669856,-0.06540467,-0.029689506,-0.028359182,-0.015356541,-0.014554985,0.00076316297,-0.0072977953,-0.0005920846,0.002257973,0.005920749,0.010017935
-0.15570836,-0.21538883,-0.23869649,-0.20915027,-0.18078505,-0.15577164,-0.15887944,-0.1233666,-0.105520375,-0.09296714,-0.08833929,-0.08489554
-0.24697016,-0.26828066,-0.2643992,-0.245866,-0.2291067,-0.20698209,-0.1809501,-0.15503582,-0.13552809,-0.11841684,-0.105494455,-0.10007006
0.14238691,0.13566656,0.1171386,0.09446185,0.08115667,0.07017341,0.06509652,0.06032955,0.06417696,0.07083903,0.07696711,0.07944094
-0.28654838,-0.24057992,-0.19785753,-0.16929567,-0.14353567,-0.114941254,-0.09075381,-0.08210938,-0.077333964,-0.07508026,-0.075525,-0.07871931
-0.09052255,-0.102795295,-0.117811024,-0.110152155,-0.10399248,-0.09405202,-0.088118,-0.07517498,-0.063228674,-0.04984374,-0.040643178,-0.038705625
0.01653287,0.020590998,-0.0038388185,-0.010736663,-0.016159512,-0.01196409,-0.010725927,-0.0016707629,0.015820574,0.035875008,0.050558954,0.05427897
0.105969496,0.10634519,0.09250535,0.058110602,0.044851474,0.03235186,0.030237965,0.019917253,0.022497188,0.027041486,0.033316214,0.035947658
-0.11024079,-0.11606786,-0.09506145,-0.093018085,-0.078934945,-0.07522999,-0.06115808,-0.05803606,-0.052045703,-0.04832905,-0.04674092,-0.046105795
0.055864852,0.07923614,0.06825161,0.06681591,0.06247049,0.065488115,0.05082976,0.04806526,0.04053492,0.030390052,0.022383448,0.016207857
1.4604069,1.3826919,0.99469537,0.9507763,1.1485684,1.0524061,0.6710129,0.6325468,0.61779636,0.58410305,0.48644033,0.43429098
0.25365353,0.27821118,0.25292495,0.22459996,0.21710555,0.20444822,0.18761991,0.16978893,0.1704596,0.16985784,0.17155224,0.17372218
0.071812674,0.098206475,0.09979141,0.08623837,0.08185431,0.076487914,0.07656471,0.064356916,0.06305444,0.06241432,0.063577846,0.061024677
-0.013257042,-0.11491065,-0.16870123,-0.15727952,-0.16292602,-0.1531583,-0.15483564,-0.11918313,-0.10107163,-0.081430614,-0.06805185,-0.059736528
0.3412862,0.35469025,0.3244956,0.30092287,0.26750627,0.23749462,0.19693984,0.17009874,0.14506118,0.12636143,0.11358376,0.107988
0.5750802,0.6043575,0.57116926,0.50121343,0.44565478,0.38507867,0.35816744,0.31618255,0.28677437,0.27328584,0.2634284,0.24965423
-0.1333051,-0.087963104,-0.058460683,-0.051706,-0.03972102,-0.03250488,-0.010863125,-0.014943615,-0.004754193,0.0055940524,0.013507105,0.012381528
-0.11420637,-0.14812896,-0.1467902,-0.11649132,-0.0991202,-0.091543764,-0.09048171,-0.075133465,-0.07441458,-0.07914695,-0.085853964,-0.08862365
-0.5050453,-0.50357014,-0.4221701,-0.35188293,-0.2932147,-0.24252376,-0.18847707,-0.14644744,-0.14099833,-0.14239627,-0.15258776,-0.16241635
0.22885326,0.16710564,0.080813676,0.052542806,0.017962575,0.022190168,-0.0009213388,0.026859924,0.041430727,0.06974168,0.088767275,0.095600076
-0.25997236,-0.24506909,-0.20708321,-0.1713121,-0.13722968,-0.11555476,-0.09018509,-0.0780386,-0.06911235,-0.06403569,-0.06440812,-0.06461756
-0.002297053,-0.008254425,-0.020093068,-0.018781958,-0.022961933,-0.017820153,-0.019478321,-0.009982929,-0.0051281927,0.0007263338,0.00468366,0.003306526
0.24354735,0.28726268,0.26575512,0.23068881,0.20635766,0.19747537,0.16908747,0.15297915,0.1408081,0.13471618,0.12906978,0.12223916
0.10826725,0.056851074,0.021363512,-0.00323686,-0.032236055,-0.0434125,-0.05714336,-0.0469148,-0.039542034,-0.032270238,-0.023082271,-0.016846485
0.097218305,0.06142699,0.032301307,0.017779589,-0.0019298494,-0.00625246,-0.013055339,-0.0030790344,-0.00026665628,0.0054250956,0.011229325,0.014924206
-0.08929598,-0.07980273,-0.06622981,-0.06697688,-0.056917995,-0.051512744,-0.037302468,-0.034018606,-0.02438423,-0.014857026,-0.008458059,-0.0059551634
-0.11113568,-0.11343838,-0.104875624,-0.078842096,-0.060376406,-0.045556154,-0.040278424,-0.027213182,-0.025130067,-0.030439418,-0.03685991,-0.039762657
-0.32815003,-0.318074,-0.2673034,-0.22861528,-0.18939254,-0.16731676,-0.12461613,-0.109822586,-0.095305085,-0.08220287,-0.07469873,-0.07045249
0.2598597,0.2191275,0.18206164,0.15240715,0.12026551,0.09856273,0.0731633,0.068697706,0.060278572,0.065616645,0.06764513,0.06809016
0.08310205,0.062172804,0.05079958,0.05187206,0.043051712,0.042007133,0.03312713,0.043778785,0.04918399,0.06289522,0.070873596,0.074424654
0.0023268582,0.0071092825,-0.0003436883,-0.0019926783,-0.004574646,-0.0027660728,-0.0001526177,0.0006073564,0.007723162,0.014470677,0.020426372,0.024184678
-0.009239327,0.009195637,0.03170555,0.038651504,0.04535778,0.037305474,0.042749204,0.033653785,0.032362267,0.030757759,0.02843662,0.027980112
-0.24661079,-0.26415354,-0.24304819,-0.24778336,-0.23093973,-0.21721286,-0.19309783,-0.1835791,-0.1790654,-0.17520198,-0.16953716,-0.16395319
-0.093835965,-0.066625215,-0.045228735,-0.04263918,-0.032848015,-0.030728877,-0.023012266,-0.03375265,-0.04498341,-0.0598785,-0.06853304,-0.07282797
-0.16025041,-0.15428525,-0.14856002,-0.146038,-0.13193962,-0.12135303,-0.10985428,-0.106750295,-0.098089606,-0.091532364,-0.08701201,-0.0865775
0.24825075,0.24324337,0.20262706,0.15815282,0.118326545,0.101511985,0.08227849,0.07773682,0.07894544,0.08747676,0.09707031,0.09976664
0.29455605,0.28751004,0.2767043,0.23571986,0.21577664,0.1890671,0.17159629,0.1409518,0.11488885,0.08694492,0.07329494,0.07026063
0.061620194,0.037777565,0.025203466,0.01745528,0.011287525,0.01069719,0.005612634,0.012055352,0.0108087845,0.012698367,0.012644988,0.01238782
0.0904604,0.094114706,0.09773617,0.087649636,0.084236674,0.07388036,0.06398522,0.05290952,0.046544,0.04064627,0.035744637,0.0351801
-0.38324976,-0.38649082,-0.36250937,-0.30273235,-0.25419435,-0.20694944,-0.16558291,-0.117806606,-0.09229699,-0.07632565,-0.07133018,-0.07349259
0.16108674,0.16420275,0.1434774,0.12375863,0.10584991,0.09320546,0.07920803,0.069507174,0.05551657,0.047238253,0.04212021,0.040251322
0.1776858,0.15268889,0.11540975,0.09734817,0.07302201,0.061019674,0.04258278,0.043771185,0.044959225,0.048826575,0.05261504,0.05220549
-0.36962503,-0.42545432,-0.40899715,-0.40221417,-0.38885865,-0.34646946,-0.2825828,-0.24583727,-0.20954475,-0.16181126,-0.121648185,-0.096610144
-0.071744494,-0.060017362,-0.020899452,-0.013254099,0.0033488646,0.0022885203,0.016188897,0.0040007755,-0.001441393,-0.011991158,-0.018585049,-0.01846342
0.19238833,0.19534698,0.16000582,0.12710848,0.1034233,0.09070429,0.08381693,0.0805672,0.09347731,0.10925983,0.12576385,0.13279565
0.5043016,0.53421867,0.50335467,0.44157237,0.41047975,0.38182062,0.32323283,0.27277845,0.24930185,0.23609737,0.22530603,0.22801682
0.07163827,0.07928422,0.083795436,0.080079794,0.07536721,0.066646434,0.062330965,0.052874643,0.04754439,0.04138138,0.03811475,0.03910233
-0.014902834,-0.048714932,-0.06844364,-0.058040746,-0.05666492,-0.052144855,-0.061612323,-0.05179459,-0.06574324,-0.079705656,-0.08823094,-0.08933948
0.045516502,0.042769093,0.020765651,0.0069653913,-0.0012150817,0.0015594587,-0.007741373,-0.006877497,-0.005109163,0.0005100742,0.004026789,0.005387526
0.00875166,0.010852158,0.011890717,0.011226362,0.011040704,0.008129262,0.0067628594,0.005177378,0.005609112,0.0055519342,0.004290403,0.0026288156
0.5625579,0.5543719,0.48489958,0.42730817,0.36026025,0.3125711,0.26844412,0.24216285,0.21821216,0.19264334,0.1882009,0.18579999
0.06304887,0.07206186,0.07929486,0.061591703,0.05935303,0.05252567,0.051377285,0.037189096,0.026251929,0.01367045,0.008597599,0.007997849
0.5280998,0.44101658,0.3960695,0.3540095,0.31576705,0.26924145,0.2146129,0.20073527,0.18048464,0.16662773,0.15688436,0.15562458
0.20299944,0.21997136,0.19847846,0.17887767,0.16189261,0.15366566,0.13873926,0.13274762,0.12493312,0.12173915,0.12008363,0.11656661
-0.11732144,-0.1508299,-0.16359486,-0.15004508,-0.14264609,-0.14140753,-0.12179106,-0.10361408,-0.07724078,-0.06378155,-0.049273662,-0.04148709
-0.38828808,-0.34637517,-0.2603417,-0.23524612,-0.1788634,-0.16008732,-0.114691556,-0.122409984,-0.11716072,-0.11624705,-0.12035847,-0.1214796
0.13394886,0.14943063,0.16350588,0.13169266,0.12736195,0.1097622,0.10560191,0.08791873,0.09087516,0.09733635,0.1000511,0.102641374
0.25713873,0.23380026,0.18768336,0.15905038,0.13062406,0.11210556,0.08667095,0.08115024,0.079730734,0.083231196,0.088901564,0.09157486
-0.234157,-0.24072513,-0.19435593,-0.1488957,-0.11135119,-0.09292936,-0.07646082,-0.062065475,-0.06560142,-0.07515831,-0.09214083,-0.10234885
0.6082656,0.3388389,0.21800917,0.17343116,0.15867752,0.11827886,0.064290434,0.0952737,0.13228065,0.168373,0.19559151,0.2159828
-0.39049768,-0.33420134,-0.23737007,-0.2028194,-0.14555502,-0.11988127,-0.068727344,-0.0681563,-0.06086132,-0.06122735,-0.06622838,-0.069823354
0.10410374,0.10153897,0.08210134,0.090628415,0.0787149,0.07583889,0.060419425,0.060579382,0.057243403,0.05253209,0.050042797,0.049361706
0.049845267,0.07444323,0.09437494,0.10041085,0.10180549,0.08927854,0.091852404,0.063172325,0.041029457,0.017609358,0.0044733956,0.00918553
-0.022377204,-0.063920386,-0.092942476,-0.102697656,-0.105271086,-0.098972954,-0.103069656,-0.08801015,-0.08240019,-0.072564274,-0.06690762,-0.06373534
0.07615703,0.06468509,0.069399685,0.06913963,0.06040259,0.047993403,0.040015344,0.030005056,0.017496148,0.0030247606,-0.0056270044,-0.008504037
-0.20718041,-0.20294115,-0.17345707,-0.12812756,-0.09975909,-0.07731606,-0.063202724,-0.046593666,-0.04813371,-0.054148804,-0.06222485,-0.06760294
0.16942988,0.16018069,0.15266834,0.1355748,0.14362857,0.13151035,0.118531406,0.11763783,0.11293657,0.10950339,0.10255546,0.104254074
-0.45281756,-0.41840166,-0.32405093,-0.30671477,-0.25936502,-0.20871267,-0.14915867,-0.1224401,-0.11381656,-0.096118554,-0.09322159,-0.102260105
0.08911765,0.104405984,0.09610045,0.07864289,0.053399026,0.03838136,0.029665474,0.002078835,-0.004441426,-0.012427928,-0.00856534,-0.0035345256
0.17418781,0.20107576,0.20286407,0.18966657,0.17818496,0.16473515,0.14260043,0.11874889,0.10053408,0.08870244,0.078352176,0.07517395
0.14146465,0.12331613,0.101645336,0.08305003,0.064246595,0.049929038,0.04004637,0.03607797,0.03621889,0.041968707,0.048011076,0.05140739
-0.20776498,-0.2063931,-0.18461263,-0.16463643,-0.14393139,-0.13080813,-0.102647364,-0.0909055,-0.07633073,-0.06660329,-0.059494462,-0.05588662
0.04589574,0.037962094,0.026422039,0.012080478,0.008514177,-0.0006517861,-0.0059477556,-0.018456249,-0.023384344,-0.027215555,-0.027792232,-0.023572471
-0.06759235,-0.08062376,-0.04520277,-0.030079093,-0.0127250925,-0.011683278,-0.0014215335,0.001600368,-0.0014736336,-0.008155417,-0.016336307,-0.018836383
0.6864388,0.6865939,0.5947305,0.5272875,0.4588917,0.39256805,0.316958,0.2601183,0.24044362,0.22312689,0.22116911,0.22872701
0.15914366,0.19692056,0.20983729,0.22833207,0.22053601,0.20413992,0.17564113,0.15885688,0.14420804,0.13413557,0.11991463,0.109300934
0.7021829,0.76063526,0.6627722,0.60725856,0.52112496,0.47412986,0.38442653,0.35381743,0.317842,0.2907687,0.2720036,0.2577844
0.27690843,0.27660805,0.26994717,0.22640052,0.19817558,0.16877873,0.155498,0.13181093,0.13127834,0.13043259,0.13390613,0.13925143
-0.2831359,-0.2854664,-0.24117768,-0.19821748,-0.15899491,-0.13797106,-0.10784347,-0.089917704,-0.08181111,-0.08028929,-0.083446026,-0.08368785
-0.22127584,-0.15198883,-0.08780384,-0.030222625,-0.0039466023,0.017086133,0.025076613,0.017178982,-0.0060127154,-0.038431875,-0.063835844,-0.077926815
0.061443225,0.04943084,0.029997729,0.008505292,-0.003964588,-0.013798229,-0.020203985,-0.030893322,-0.040497657,-0.05030968,-0.053648226,-0.05435782
-0.22375974,-0.23370636,-0.18957509,-0.14880888,-0.10469006,-0.095813185,-0.08445014,-0.08112557,-0.08252172,-0.096288785,-0.11190599,-0.1172954
0.07151711,0.055683788,0.038572088,0.031363323,0.019420758,0.017835718,0.00949914,0.011433169,0.007524252,0.0039886925,0.0034302995,0.0034391247
0.012669362,0.016615968,-0.0026950026,-0.0072620455,-0.008585984,-0.0045508174,-0.012358068,-0.00998316,-0.0026508225,0.0028074803,0.0063917474,0.007343663
0.048157185,0.029940695,0.035803102,0.037763927,0.038993426,0.033014808,0.032441735,0.030096361,0.023227528,0.018402824,0.014573745,0.014217947
0.069778785,0.058063358,0.053318482,0.038249955,0.029851187,0.021277405,0.018117718,0.015556127,0.01603315,0.018556574,0.020553239,0.021869801
-0.10348841,-0.12620324,-0.12165951,-0.109891936,-0.10373694,-0.095725544,-0.08122206,-0.07083203,-0.06100754,-0.053176463,-0.046408664,-0.040557127
0.18488975,0.19217508,0.17598109,0.15174368,0.13455671,0.12082643,0.09994195,0.08365956,0.07060604,0.05920417,0.053395726,0.049940802
0.64042157,0.9745654,1.0413784,0.90085554,0.8349596,0.77252674,0.720421,0.5956562,0.54132706,0.49255115,0.4586281,0.42030853
-0.10851261,-0.09864709,-0.0985271,-0.11610811,-0.11129983,-0.095643766,-0.07856551,-0.06769506,-0.05028543,-0.033936486,-0.019915294,-0.016640458
0.13253962,0.12349412,0.11474182,0.101138644,0.08876874,0.075050995,0.06332968,0.053374425,0.047827605,0.045395546,0.04333703,0.043532208
-0.2447472,-0.25195384,-0.24520046,-0.2084603,-0.18806103,-0.15991539,-0.14677608,-0.11920916,-0.10365656,-0.08818876,-0.08296892,-0.08196177
0.04184565,0.05699403,0.06147913,0.0517361,0.0520783,0.050811253,0.04684644,0.039786242,0.041363686,0.04668687,0.04866697,0.05077596
-0.3282709,-0.32656395,-0.27446997,-0.25578418,-0.2228111,-0.20716348,-0.15586394,-0.15164053,-0.14026845,-0.13118233,-0.12078404,-0.110668525
-0.061203092,-0.04789542,-0.03924199,-0.027936902,-0.014695771,-0.006965585,-0.0048818476,-0.0026588663,-0.0025728922,-0.0068420526,-0.011622705,-0.015004038
0.10723426,0.11755672,0.12628129,0.12668617,0.11912626,0.10653691,0.09231329,0.07593326,0.055652507,0.034287073,0.018731087,0.011351459
-0.049382135,-0.027549524,-0.011682443,0.010806352,0.035640277,0.04688205,0.041901655,0.04429264,0.036691483,0.023315042,0.008867171,-0.001253156
0.18383287,0.22671658,0.23962204,0.23545013,0.22218959,0.19907518,0.17257506,0.13599947,0.09472327,0.051295087,0.022735763,0.011509899
-0.03408204,-0.027550312,-0.030100077,-0.022311216,-0.018382767,-0.011153575,-0.014276043,-0.011289184,-0.0118993055,-0.013253982,-0.015833342,-0.01739731
0.32833174,0.3388142,0.3092009,0.27121246,0.22578421,0.19914502,0.1833723,0.16751719,0.15433094,0.15714581,0.16332224,0.16609663
0.055989303,0.059957813,0.0631083,0.049294334,0.045942836,0.036836363,0.033972617,0.027077638,0.02841814,0.028795745,0.03010463,0.03208366
0.07243265,0.05508985,0.041557897,0.048739552,0.048304655,0.036831833,0.019618306,0.016404603,0.015874784,0.011238687,0.006003091,0.004473703
-0.07496115,-0.06187214,-0.039593212,-0.03349001,-0.009260759,-0.002243027,0.009597108,0.007117551,0.0057665408,-0.002230011,-0.009095456,-0.01196368
0.16118018,0.16859853,0.14798906,0.1081589,0.092518106,0.08636552,0.08727781,0.0786438,0.08295745,0.09686388,0.10683367,0.11511258
0.669444,0.5924885,0.52915347,0.46049145,0.40300685,0.3494337,0.28115317,0.26521337,0.24352923,0.24017815,0.22762433,0.21624643
0.056801897,0.062414013,0.041988023,0.033273533,0.020175979,0.019857008,0.01300703,0.011504769,0.012564706,0.015112694,0.02001713,0.021610618
-0.047662415,-0.06739154,-0.051584195,-0.061359517,-0.05798815,-0.057736885,-0.04670246,-0.052979104,-0.05748454,-0.06094383,-0.06204593,-0.058424387
0.15107726,0.20378417,0.17449707,0.16415818,0.1486027,0.1432807,0.0958802,0.069563255,0.036451243,0.0115573555,-0.008741981,-0.021267692
0.5667852,0.49323028,0.40609717,0.31624514,0.23712602,0.18022004,0.11748204,0.0908322,0.05795586,0.039025724,0.028411709,0.024027579
0.058920026,0.046035923,0.02084846,0.0078178495,-0.004787326,-0.0063697733,-0.006032087,-0.0011463054,0.0044546947,0.007453542,0.013391599,0.014685728
-0.8643165,-0.9478433,-0.91454685,-0.7615844,-0.65207326,-0.5373792,-0.45231822,-0.32686877,-0.24260165,-0.18534422,-0.15287352,-0.13752154
0.08574925,0.1283178,0.14536716,0.13027908,0.122283526,0.11365223,0.11302764,0.088381514,0.07725184,0.073868126,0.07243553,0.075566605
0.034496833,0.026620083,0.020356987,0.022594333,0.015185984,0.008293325,0.008262455,0.0069237016,0.008246774,0.006256789,0.0076956004,0.008650891
0.06612096,0.029041186,-0.016322061,-0.02216611,-0.044216745,-0.051548287,-0.07397653,-0.069070525,-0.0719862,-0.07019377,-0.067838565,-0.06615893
0.39968136,0.40003517,0.37965953,0.3492912,0.3105229,0.27351305,0.21280394,0.17849998,0.13874525,0.108532324,0.08179002,0.06674232
-0.009032637,0.0017469078,0.014867773,0.01903034,0.022550225,0.021428483,0.025603548,0.021695666,0.017012693,0.008583402,0.0034183525,0.0004964485
-0.26245773,-0.28711703,-0.27169943,-0.26125905,-0.24206197,-0.2146017,-0.19794182,-0.18158977,-0.17035423,-0.16113456,-0.15697666,-0.15371574
-0.24931554,-0.18525054,-0.14037079,-0.108422205,-0.083459616,-0.03859979,-0.022678405,0.015341885,0.04648342,0.07033408,0.0757032,0.06405905
-0.06506817,-0.08149701,-0.071159154,-0.050590422,-0.03995896,-0.030817905,-0.017292853,-0.0005176598,0.010276479,0.01877154,0.022391196,0.02219079
0.0010779412,-0.0014484338,0.007508018,0.026917903,0.038218465,0.036968205,0.038823992,0.037754327,0.028004237,0.013314665,0.002961116,-0.00012855418
-0.39156368,-0.39565694,-0.35975245,-0.33652085,-0.29969302,-0.26157802,-0.20921215,-0.17764425,-0.15385655,-0.13350189,-0.118475534,-0.11118864
-3.6636367e-05,-0.01050988,-0.019403242,-0.01835319,-0.01892044,-0.016355433,-0.012995992,-0.005578639,0.0013983268,0.007621656,0.012227634,0.013448569
0.083781004,0.15156502,0.13068713,0.13072649,0.1078165,0.102722086,0.07251701,0.04994314,0.03062641,0.013327731,0.0017936509,-0.011761151
-0.10158952,-0.10259182,-0.08764583,-0.0721142,-0.061231617,-0.055130325,-0.045235164,-0.039687004,-0.035661113,-0.03334769,-0.033632975,-0.03482895
-0.07301594,-0.028329879,-0.008082688,-0.0063624457,0.002363436,0.010538053,0.018437028,0.010489389,0.010538362,0.006200306,0.0040871557,0.0012832191
0.64406204,0.6195147,0.50030243,0.4629472,0.36424953,0.303976,0.21724677,0.19178966,0.18199845,0.18225569,0.19204181,0.19816668
-0.107296884,-0.13301125,-0.11969486,-0.091624185,-0.075628474,-0.06610146,-0.05234807,-0.03947892,-0.038731113,-0.039635133,-0.039717387,-0.037482437
-0.28302518,-0.27560186,-0.24855235,-0.21591517,-0.18703291,-0.15869875,-0.13397497,-0.112771586,-0.09752015,-0.08452673,-0.07662074,-0.074553214
-0.11727181,-0.15977494,-0.15214606,-0.13543388,-0.12595335,-0.12014145,-0.103900336,-0.08919112,-0.08578525,-0.0853895,-0.08384865,-0.08166405
-0.07433598,-0.07817954,-0.060932644,-0.068328544,-0.064130746,-0.053841785,-0.034982175,-0.022802854,-0.017748207,-0.0072640697,-0.004282399,-0.0041888547
-0.33101174,-0.35557088,-0.33357793,-0.29390705,-0.26049215,-0.22818482,-0.21976611,-0.19409488,-0.1939708,-0.1951209,-0.20532955,-0.210302
-0.13441136,-0.15227139,-0.12719534,-0.113986716,-0.09479126,-0.08477479,-0.06071169,-0.04746156,-0.039760012,-0.03849797,-0.037846677,-0.03564027
-0.08435252,-0.054610774,-0.018828735,-0.0047147647,0.0069446415,0.0011099875,0.0035038441,-0.012347527,-0.025798336,-0.04347417,-0.055393383,-0.061273206
0.12047663,0.108788446,0.096120805,0.0803829,0.062052622,0.04865344,0.033755355,0.024413928,0.013313921,0.007543683,0.0035173837,0.0018214025
-0.09572617,-0.10500356,-0.087844886,-0.08441157,-0.07023813,-0.067677796,-0.04606006,-0.04147921,-0.0349456,-0.032662947,-0.029485103,-0.025300145
0.19989216,0.18632032,0.14431584,0.1200424,0.0898433,0.07580728,0.046632573,0.040313534,0.03147894,0.023900129,0.020967372,0.01874438
0.14443803,0.13628238,0.11735387,0.09101318,0.07113769,0.057776853,0.042412348,0.035646178,0.03387838,0.03380856,0.03438094,0.035201624
-0.11868252,-0.12716955,-0.12027042,-0.11981468,-0.10856138,-0.09938665,-0.08521001,-0.07715103,-0.06978759,-0.06331624,-0.05837708,-0.054465577
0.08415697,0.09787793,0.09702025,0.092482544,0.0819623,0.068927,0.057793733,0.044530347,0.032422107,0.02182049,0.015302247,0.012232348
0.24182759,0.17493737,0.11545646,0.07112375,0.04359509,0.028519526,0.013475403,0.02315104,0.03596902,0.05472006,0.07128315,0.08018449
-0.107278764,-0.12219211,-0.10633151,-0.10930622,-0.10252907,-0.09585107,-0.07937665,-0.07223211,-0.06400844,-0.052366156,-0.04442142,-0.038216062
0.009263068,0.023716375,0.030271359,0.044921234,0.046914257,0.04026758,0.034455,0.025075871,0.019033425,0.013543598,0.009306945,0.007527191
-0.09869443,-0.09396236,-0.07634826,-0.058216467,-0.04787501,-0.044438682,-0.035091557,-0.034587476,-0.038185418,-0.04580982,-0.049053296,-0.050578196
0.015765749,0.039615165,0.041342594,0.0074427957,-0.0027589016,-0.00061064493,0.004470163,-0.0030805152,-0.002948095,0.0054827845,0.012035472,0.01191742
-0.092997275,-0.14060038,-0.15355863,-0.13955954,-0.12610954,-0.114294924,-0.10240418,-0.07557369,-0.057465125,-0.039972883,-0.030888278,-0.028900156
-0.1853069,-0.18447909,-0.1779679,-0.15518658,-0.13509785,-0.11167912,-0.08942729,-0.07088193,-0.064613074,-0.06054519,-0.057466038,-0.05751494
0.19093448,0.13765243,0.096373424,0.0677633,0.043949008,0.027845219,0.016155645,0.0170668,0.015952267,0.021830812,0.028504588,0.035873827
0.90223473,0.867069,0.78071934,0.7072579,0.6219351,0.5597308,0.50514656,0.46686798,0.42974773,0.40447634,0.4003908,0.4054823
-0.057466704,-0.02721281,-0.02716086,-0.023331922,-0.010151833,-0.0008431673,-2.0962209e-05,-0.00063697994,0.0073010772,0.012597365,0.0147110075,0.013303284
0.2753546,0.2634882,0.21407185,0.171118,0.13706239,0.11578952,0.085776746,0.078748144,0.08636745,0.097429425,0.10647159,0.10871312
-0.14769378,-0.14783037,-0.13418442,-0.11198958,-0.09215644,-0.078923374,-0.06827986,-0.058829628,-0.058353797,-0.06363642,-0.06915177,-0.07238352
0.13192397,0.12871592,0.11654119,0.09072354,0.07368222,0.059388056,0.057047725,0.05123186,0.05054336,0.055887073,0.059134204,0.061337788
-0.10323279,-0.108091556,-0.10490046,-0.09956958,-0.08875205,-0.07753973,-0.06466752,-0.052220553,-0.03893107,-0.02805913,-0.020236336,-0.015769
0.081867695,0.08492425,0.08467017,0.070899,0.061986,0.04599042,0.04570585,0.030408442,0.029539421,0.03203267,0.036294766,0.04046354
-0.19304195,-0.19447073,-0.16921405,-0.15621325,-0.13201693,-0.11582772,-0.09013721,-0.07582867,-0.060738567,-0.04728301,-0.03986301,-0.03706113
-0.023910495,-0.0161626,-0.024906993,-0.03554537,-0.037772465,-0.03645736,-0.036994696,-0.041656874,-0.040124103,-0.03533605,-0.032044865,-0.03224592
-0.0792128,-0.08033443,-0.049138896,-0.048174027,-0.036642537,-0.037325546,-0.017119437,-0.017576095,-0.016320262,-0.020305362,-0.021243948,-0.01969697
-0.10752021,-0.13197547,-0.11943111,-0.09414767,-0.077743635,-0.068363786,-0.06635043,-0.057541855,-0.06534642,-0.074406296,-0.084633514,-0.089166105
0.13097775,0.24106833,0.2939132,0.25148365,0.23021589,0.21491507,0.2039536,0.15748927,0.13619071,0.13180146,0.1277113,0.12568462
0.038677555,0.029708724,0.027691364,0.03312939,0.030781832,0.02951727,0.026898388,0.0230461,0.012064183,0.0051336847,0.0025854232,0.0036753146
0.28501952,0.2173267,0.14043707,0.10115607,0.056158006,0.025564224,-0.006251514,-0.014269903,-0.01929535,-0.02656813,-0.023052685,-0.01660107
-0.116074264,-0.04655987,-0.0369882,-0.0034272224,0.010966316,0.03994555,0.057214163,0.07356866,0.08591101,0.095626906,0.09862555,0.09467504
-0.19469507,-0.19285902,-0.16997267,-0.14074129,-0.121475235,-0.09899014,-0.07323414,-0.051541865,-0.040634688,-0.031474996,-0.026530867,-0.026143719
0.2868809,0.33538243,0.33348364,0.29616028,0.28555426,0.23981929,0.1957933,0.14044064,0.11084661,0.087222144,0.06440861,0.055442326
0.15732494,0.20047978,0.22006127,0.19776776,0.18882938,0.16973254,0.15126407,0.12015614,0.10228422,0.09064942,0.08040687,0.076180406
0.0037549958,-0.016572963,-0.049319766,-0.06178079,-0.07145164,-0.06931991,-0.0629082,-0.05359157,-0.03555686,-0.019410413,-0.0031421874,0.0028198697
0.08208838,0.09197299,0.076642394,0.061877023,0.050447375,0.043298412,0.03927438,0.03184187,0.032668404,0.032812573,0.03711026,0.03883036
0.06858697,0.08824617,0.08739422,0.06731613,0.06914273,0.06019702,0.056862306,0.038941547,0.033047497,0.027685829,0.026834762,0.02621741
-0.112747855,-0.11367396,-0.11173652,-0.103053115,-0.09678152,-0.08324674,-0.07170032,-0.058702275,-0.048189625,-0.040221844,-0.033409987,-0.032522675
0.07111581,0.070769265,0.077958696,0.07832738,0.075106055,0.05811265,0.059467744,0.049332935,0.049821775,0.05405268,0.058175437,0.06284653
-0.25997612,-0.24872498,-0.22805709,-0.17743057,-0.13909596,-0.113945454,-0.09085041,-0.07004031,-0.05115633,-0.04031661,-0.037429154,-0.0386229
0.25393862,0.21806888,0.18465045,0.16432959,0.14423184,0.123786755,0.09772411,0.09135027,0.08240175,0.077867374,0.070576005,0.06801872
0.08314526,0.054909915,0.039374,0.010996975,9.280443e-05,-0.0112427175,-0.009344235,-0.007298846,0.00578269,0.021628473,0.03514261,0.04257386
0.016304841,-0.017772518,-0.0073506236,-0.0033781119,0.002509158,0.0013204515,-0.004676329,0.00057972036,-0.0077155177,-0.015751125,-0.024941921,-0.026227482
-0.052208982,-0.04787724,-0.057212412,-0.059376206,-0.04773319,-0.03823135,-0.029124718,-0.019571725,-0.005648209,0.010172682,0.020510007,0.02445947
-0.010198064,-0.024007814,-0.022920385,-0.014416918,-0.007058004,-0.005770213,-0.00434839,-0.002479474,-0.0023088846,-0.004270578,-0.0029694682,0.001279999
0.43001315,0.3955175,0.35637003,0.31276432,0.26742372,0.22818029,0.17781559,0.15060055,0.124361396,0.10225335,0.088240705,0.08585705
-0.13540345,-0.12183085,-0.1075822,-0.09812552,-0.075633,-0.061935604,-0.052095816,-0.05004666,-0.05348888,-0.06234073,-0.06880609,-0.072440244
0.05875637,0.0513345,0.03577458,0.023493621,0.014596231,0.007443305,0.0017268434,-0.0020467443,-0.0041071037,-0.006362034,-0.0060511604,-0.006069962
-0.012101397,-0.016795766,-0.020907488,-0.021454073,-0.023096984,-0.025084881,-0.028625414,-0.03136801,-0.035969272,-0.03977006,-0.042291917,-0.042394288
-0.19854733,-0.17244713,-0.1354829,-0.12038699,-0.12349948,-0.11380682,-0.09260875,-0.098637655,-0.10463259,-0.10951893,-0.10663856,-0.10191342
-0.14520524,-0.17008944,-0.15503949,-0.21009097,-0.20267664,-0.20660976,-0.19045569,-0.2031136,-0.19909781,-0.19274682,-0.1900618,-0.18502942
-0.08157286,-0.09460516,-0.095897466,-0.07406519,-0.0703194,-0.061196543,-0.067533106,-0.06070406,-0.07290412,-0.0835591,-0.09247315,-0.09806347
-0.09383981,-0.07834469,-0.067651026,-0.041765697,-0.028892908,-0.010770887,-0.0086571425,-0.00013658032,-0.0071128607,-0.018809166,-0.026049826,-0.030078577
-0.23567694,-0.2143763,-0.19050284,-0.18555549,-0.1666908,-0.14891973,-0.12128281,-0.11299075,-0.096667536,-0.08166168,-0.071158625,-0.06812401
-0.20117384,-0.22534482,-0.2034645,-0.16237229,-0.12533715,-0.09858164,-0.059647337,-0.031742714,-0.0163259,-0.0015682206,0.0086864075,0.014170817
0.8593309,0.80953044,0.6750492,0.5843349,0.51577944,0.4515717,0.36778265,0.30504698,0.26581132,0.23279683,0.22357456,0.22843845
0.1159783,0.17307082,0.1820383,0.19561605,0.1927084,0.16337423,0.15273176,0.11229247,0.081355564,0.045568317,0.027204342,0.0180744
-0.056092083,-0.038656566,-0.066600226,-0.019195748,-0.038744133,-0.022738114,-0.020204527,-0.015011976,-0.014171377,-0.019625135,-0.015573498,-0.009487923
-0.29115725,-0.28132927,-0.24542102,-0.21243432,-0.180092,-0.15729535,-0.124745786,-0.11115296,-0.09833211,-0.09134717,-0.08688408,-0.084517
0.26267904,0.28956348,0.30381918,0.31541997,0.30167753,0.2729965,0.22827376,0.1889903,0.13018113,0.06701705,0.020720907,-0.0003325343
0.10595825,0.085717134,0.066245586,0.05139798,0.034954228,0.024593338,0.010272041,0.005261408,-0.003249446,-0.009273006,-0.011661824,-0.011465656
-0.024020437,-0.046848524,-0.058498044,-0.06900954,-0.074079305,-0.070387915,-0.06721359,-0.060294844,-0.055485435,-0.049589954,-0.044392683,-0.042147987
-0.34752157,-0.304516,-0.29386753,-0.2671177,-0.23390093,-0.19480503,-0.18416315,-0.1692991,-0.15432714,-0.13961399,-0.13540432,-0.13711533
0.05803804,0.035904888,0.046317138,0.061804954,0.06108904,0.04691876,0.034740955,0.028815515,0.023432767,0.010623631,0.002227014,0.0003171023
0.094874784,0.08047025,0.0511922,0.03396003,0.013711989,0.0059822723,-0.0028305575,-0.0027584806,-0.0038333312,-0.0013051294,0.0034103282,0.005400317
0.1966257,0.19198386,0.15887481,0.13535307,0.11049655,0.09467519,0.07263337,0.06441119,0.06412053,0.065985516,0.06935755,0.07057865
0.14230254,0.082884915,0.049822584,0.038446933,0.02752705,0.01672443,-0.004920721,-0.002719313,-0.010822952,-0.019762628,-0.026019119,-0.025092311
-0.09464123,-0.1571189,-0.16544576,-0.13775101,-0.12330798,-0.10564978,-0.10007034,-0.06904631,-0.06480023,-0.06562194,-0.068591274,-0.07046199
0.010326526,0.032325123,0.03539514,0.03883563,0.03665498,0.035287213,0.033294834,0.025720146,0.022845577,0.020153888,0.019498002,0.017777106
0.14867026,0.13739818,0.12750322,0.11581015,0.098744415,0.08197513,0.06399011,0.052494414,0.036462687,0.021165878,0.011511393,0.00873391
0.004808981,-0.0055967234,-0.005248878,-0.0068411874,0.0009928371,0.0011266631,0.0053195264,0.0072549116,0.016276266,0.021787815,0.024649275,0.027567435
-0.017022815,-0.04928168,-0.07345794,-0.062976174,-0.060642455,-0.053462457,-0.053716257,-0.035410047,-0.029507143,-0.027903533,-0.026187161,-0.026871849
-0.06334092,-0.04778248,-0.0433001,-0.035724517,-0.03351964,-0.027078453,-0.023446228,-0.023008082,-0.025439566,-0.026567565,-0.028283153,-0.032512
0.030177718,0.013149768,-0.0056103524,-0.011459872,-0.014157426,-0.010279156,-0.020738222,-0.013332851,-0.0055322535,-0.0005117133,0.0039703324,0.0070215873
-0.08656233,-0.06623316,-0.07430314,-0.068489194,-0.059463408,-0.04491154,-0.047749482,-0.042297024,-0.033254385,-0.02616444,-0.02180562,-0.021537792
0.33282545,0.3325852,0.26924023,0.23331761,0.19441772,0.17588286,0.1515922,0.1375058,0.12924474,0.12259027,0.123776585,0.12012608
-0.36817658,-0.3883513,-0.35602984,-0.29350996,-0.24634853,-0.20583126,-0.16962972,-0.13053662,-0.10853067,-0.09864727,-0.09750585,-0.096601814
0.0037997821,-0.018634552,-0.0194301,-0.017023005,-0.014118817,-0.013751864,-0.012450451,-0.009583814,-0.011154663,-0.009749915,-0.011043539,-0.007851958
-0.14729764,-0.12431559,-0.09523356,-0.06872606,-0.041018784,-0.02737514,-0.00917922,-0.003138978,0.0016629323,0.0012817234,-0.00077741966,-0.0018415526
-0.026007503,-0.0225602,-0.017869536,-0.017899293,-0.020670567,-0.022012165,-0.021698687,-0.027358217,-0.024051724,-0.021309294,-0.01759749,-0.015030505
0.1130796,0.07667436,0.04896862,0.02872315,0.019194335,0.01065325,0.006126739,0.014186442,0.02835638,0.040356636,0.050649736,0.05808773
-0.12706,-0.1252465,-0.08616358,-0.061758094,-0.04249999,-0.040253825,-0.028363086,-0.027350858,-0.030374706,-0.03841441,-0.047573004,-0.050843082
-0.08525454,-0.059058264,-0.03120996,-0.042101428,-0.037989095,-0.034812644,-0.022712655,-0.026124097,-0.012430374,0.0051359907,0.016720649,0.023445636
0.0033709053,0.023795135,0.038882427,0.04824959,0.051906012,0.04412432,0.03770358,0.026534833,0.0052439757,-0.020187931,-0.038326744,-0.04817509
0.055591196,0.045128632,0.028887875,0.016984005,0.0027678758,-0.002344638,-0.0062209703,-0.0013172589,0.004476104,0.012513241,0.019398192,0.021731144
-0.068284206,-0.07458939,-0.06430274,-0.050080195,-0.04309647,-0.036138244,-0.03284444,-0.028124804,-0.033932522,-0.045866936,-0.053900525,-0.057213675
0.16811249,0.21138945,0.23981586,0.2373177,0.22077948,0.19661137,0.17950687,0.1471923,0.119968235,0.099387504,0.083597586,0.07860674
-0.08498916,-0.11675243,-0.09804722,-0.08414465,-0.07394589,-0.07079272,-0.054700255,-0.03962685,-0.037552513,-0.041216906,-0.04512298,-0.045421444
-0.26472384,-0.30143505,-0.29347444,-0.24566886,-0.21722388,-0.19158742,-0.16903827,-0.13503174,-0.12015681,-0.11025533,-0.10516949,-0.10197501
-0.6089923,-0.65263665,-0.62042135,-0.55682206,-0.4860897,-0.42500108,-0.36234236,-0.30586144,-0.25960994,-0.21988916,-0.19479597,-0.18399268
-0.10147929,-0.1426236,-0.102980465,-0.08099179,-0.050589107,-0.057256877,-0.061812848,-0.052929454,-0.048195016,-0.03183458,-0.033240106,-0.024837278
0.12429653,0.13979392,0.12896472,0.099102035,0.08560938,0.075750895,0.06620128,0.051124312,0.044100456,0.039551012,0.037083916,0.0354517
-0.01704871,-0.03423383,-0.045421787,-0.038604252,-0.037772156,-0.035586197,-0.041565426,-0.035959885,-0.041605573,-0.04711695,-0.05192715,-0.054009534
0.148091,0.1210921,0.0955642,0.06955374,0.046417132,0.034788743,0.03591411,0.035478633,0.032283943,0.03419561,0.041113198,0.046787724
0.034931622,0.02555266,0.013357617,0.01173852,0.0056340992,0.0047646016,0.0072978437,0.014999617,0.021836784,0.031637073,0.03891624,0.04385134
-0.2814893,-0.28682938,-0.26274747,-0.23109072,-0.19704026,-0.17160782,-0.14053273,-0.115551636,-0.095113695,-0.07863518,-0.07008619,-0.06812206
-0.46343124,-0.46510506,-0.4142515,-0.33776224,-0.24310821,-0.21314283,-0.19550389,-0.17277022,-0.15270394,-0.13912578,-0.14508386,-0.14025125
-0.004523784,-0.025480246,-0.05134613,-0.060931884,-0.06538935,-0.059806265,-0.05669888,-0.04162723,-0.026565546,-0.007201822,0.0058918013,0.011500103
-0.2556696,-0.23801798,-0.21900433,-0.18319719,-0.15591156,-0.13240854,-0.11547787,-0.09725518,-0.08850631,-0.08395448,-0.0853356,-0.08957651
-0.3467622,-0.34190047,-0.30573913,-0.2852158,-0.24949431,-0.22451767,-0.17750111,-0.16430062,-0.1436891,-0.12968515,-0.11884987,-0.11131104
-0.059852976,-0.05264018,-0.025586352,-0.011651039,0.0023483485,0.0008135773,0.013122603,0.012449317,0.013928505,0.010637615,0.007680308,0.007053213
-0.12768403,-0.09120157,-0.06358653,-0.027454227,-0.015051946,0.00012243539,0.0071711913,0.009655692,0.0037088953,-0.0019241404,-0.009477235,-0.015003305
-0.47529256,-0.5141424,-0.4713825,-0.40805843,-0.35588244,-0.31778532,-0.2711876,-0.23376197,-0.21276,-0.2012028,-0.19665773,-0.18934959
0.113367006,0.09726428,0.06319544,0.045100674,0.030691616,0.02622988,0.013929635,0.016021073,0.016379941,0.017985716,0.020915674,0.021301422
0.026259758,-0.048479393,-0.087728396,-0.08016427,-0.10830951,-0.11302039,-0.12973326,-0.115535334,-0.12277503,-0.124182224,-0.12110679,-0.113302186
-0.3071062,-0.2888678,-0.25028116,-0.2134032,-0.1766679,-0.14861465,-0.119931966,-0.10099926,-0.0926676,-0.08811565,-0.08874126,-0.09160018
0.14701226,0.1305053,0.09181538,0.060893483,0.038177162,0.025728717,0.010389589,0.00093378127,0.0067502,0.009836175,0.018471789,0.024507117
0.13800737,0.13297692,0.12944528,0.10975736,0.09326349,0.07606135,0.058703527,0.040247053,0.024133077,0.014106683,0.006407112,0.0029378012
-0.3653971,-0.3538075,-0.31941253,-0.2618511,-0.21857668,-0.18137203,-0.15123619,-0.122390546,-0.10932155,-0.10169375,-0.10094638,-0.102181025
0.20362058,0.19558494,0.15968452,0.12768154,0.09751496,0.08449458,0.075167075,0.064600386,0.0724657,0.08793152,0.1046866,0.11775159
0.07941072,0.13992965,0.16156253,0.16750365,0.16132149,0.15385827,0.14031771,0.11469491,0.09096745,0.06528712,0.04643261,0.034053024
0.26407036,0.24029875,0.21353221,0.18047526,0.14529195,0.12371553,0.09606798,0.082263246,0.0664591,0.0632455,0.062495023,0.06464098
0.01942566,0.06543188,0.075724974,0.07735869,0.07323845,0.0681694,0.059601914,0.04088287,0.03339027,0.025900709,0.01995749,0.017012462
0.052064516,0.04571466,0.030907147,0.027530264,0.023799565,0.020903494,0.018789966,0.020862414,0.025797948,0.028373878,0.031889003,0.034595966
0.022855513,0.023833388,0.008139454,0.009637587,0.0067006946,0.007296498,-0.00096770003,-0.001529065,-0.0032494972,-0.0035014227,-0.004332087,-0.0044526216
0.3577791,0.33125174,0.29524687,0.2650572,0.22109999,0.18627691,0.15285034,0.13152628,0.09550787,0.065193824,0.05021219,0.045572862
0.23428689,0.22850367,0.19939534,0.18254635,0.15187415,0.12833315,0.106301986,0.09043198,0.081037775,0.072969645,0.07259658,0.07369548
0.27829736,0.266437,0.25230566,0.22015485,0.19355866,0.16571175,0.13806075,0.11466968,0.09669957,0.08354145,0.07558447,0.07625772
0.15420052,0.17081344,0.19417012,0.22049344,0.216475,0.19580518,0.1657838,0.13981178,0.09514421,0.04517762,0.006328881,-0.008256704
0.1075465,0.10887559,0.10313579,0.09185681,0.08181164,0.07590688,0.072167814,0.06850204,0.06669827,0.06514521,0.06529854,0.06570247
0.053666003,0.05582631,0.043448344,0.027074622,0.018806415,0.009442473,0.00038195215,-0.01013132,-0.008445733,-0.006909476,-0.005063686,-0.0032823607
0.17697777,0.18627454,0.18158698,0.17129262,0.16311973,0.14561434,0.13170098,0.11777459,0.108664915,0.09915382,0.091659196,0.08522033
0.014109032,0.005602343,0.0022518225,-0.011457536,-0.01985747,-0.018910479,-0.016518708,-0.014353134,-0.00992653,-0.0024521686,0.003174398,0.0055436
0.05955305,0.03183637,0.0031474084,-0.026025206,-0.04148987,-0.048481088,-0.050383296,-0.04698784,-0.043855704,-0.034536984,-0.024532711,-0.01772869
0.014145777,-0.028953299,-0.05509673,-0.06070663,-0.05845692,-0.05552267,-0.045677498,-0.02723565,-0.0134478845,0.00017309189,0.011411585,0.018319499
0.0057372116,0.01769658,0.04527839,0.04042714,0.047610182,0.030173916,0.032217987,0.011185508,-0.0031995997,-0.02066011,-0.030674174,-0.033576224
0.2260733,0.21365434,0.19894125,0.1813935,0.1509563,0.12345941,0.11069507,0.09488444,0.08045009,0.063448615,0.058437217,0.057850264
-0.14358956,-0.11532357,-0.10008027,-0.08199702,-0.06554481,-0.054228127,-0.04136475,-0.038081765,-0.030158851,-0.026692927,-0.02535912,-0.024774872
0.06261649,0.06711057,0.042517275,0.047443856,0.03886867,0.03767855,0.020049283,0.018565804,0.007812217,0.00031935703,-0.0058416203,-0.010544794
0.11668563,0.10474343,0.076676644,0.05820535,0.044265464,0.034891933,0.018100873,0.009427063,-0.00058069266,-0.005751062,-0.0065354034,-0.00555899
0.08176875,0.06544743,0.062668405,0.049759515,0.04136883,0.03247814,0.027258992,0.025724448,0.020604696,0.019265134,0.016862663,0.015212212
0.014070229,0.021484006,0.025387265,0.026181247,0.026841607,0.020982414,0.01903971,0.01381865,0.012070459,0.008969046,0.006711995,0.0055729905
0.14152586,0.10881199,0.058749393,0.04329884,0.02080214,0.010211505,0.0005027801,0.0049714893,0.01611507,0.0279558,0.039988413,0.047039364
0.15631984,0.13064808,0.14529362,0.1403607,0.12697014,0.10810279,0.09709772,0.08885096,0.077085346,0.06654163,0.058340743,0.056654084
0.009970143,-0.011976223,-0.014777742,-0.029768985,-0.034045648,-0.042104512,-0.041019596,-0.04476595,-0.046617232,-0.04906079,-0.049107525,-0.04731957
0.00074334163,-0.0006821845,0.020945165,0.019042946,0.023458138,0.01796959,0.00930623,-0.0035218634,-0.019900775,-0.03761298,-0.050315063,-0.052380633
-0.08077154,-0.14205095,-0.12757051,-0.08586605,-0.058196567,-0.06353137,-0.04969933,-0.030383416,-0.023131931,-0.02567494,-0.030993436,-0.029055368
0.20686275,0.20240702,0.20353079,0.17332453,0.15096003,0.1206823,0.11305198,0.0864891,0.06688553,0.050198056,0.041944575,0.03911735
-0.15680102,-0.1407331,-0.13570535,-0.12466778,-0.11615393,-0.09502922,-0.0814621,-0.0676627,-0.05904872,-0.051710624,-0.045843437,-0.04701429
0.10680793,0.09359527,0.07739059,0.068285614,0.06062434,0.05805331,0.05091566,0.052402094,0.05027932,0.050715804,0.05068014,0.051966112
0.0008891644,-0.0041782255,-0.017239505,-0.0044547683,-0.010523239,-0.013210247,-0.021398896,-0.017017454,-0.016929526,-0.01824976,-0.019921197,-0.022671046
-0.2611269,-0.2866353,-0.21393353,-0.18331712,-0.12472573,-0.13396665,-0.10328013,-0.11800034,-0.1063782,-0.10109475,-0.09955704,-0.086621344
0.35699144,0.35114574,0.27532548,0.23421729,0.18385291,0.16105329,0.123575956,0.11513455,0.10297884,0.09307586,0.09145351,0.083881095
0.3089298,0.2864678,0.24025553,0.18874344,0.1588046,0.13640405,0.10156652,0.07670744,0.06025426,0.048799194,0.046061687,0.048909098
0.3603679,0.33841616,0.3013934,0.27009612,0.25192004,0.22445491,0.1771832,0.1516864,0.11628999,0.08478719,0.06381197,0.057732522
-0.17818129,-0.22703987,-0.26415667,-0.24710064,-0.24585654,-0.23891528,-0.26390755,-0.24669725,-0.23827955,-0.24463576,-0.2512837,-0.25705954
-0.08102663,-0.07916522,-0.062098406,-0.040936902,-0.027348235,-0.021150112,-0.013316441,-0.010984331,-0.01732795,-0.025259823,-0.031751193,-0.034602717
0.16348758,0.1761642,0.21030623,0.2187827,0.21184334,0.21674341,0.17692961,0.16779254,0.12845658,0.1092059,0.0839815,0.070780694
-0.08603981,-0.07657111,-0.08436997,-0.07635635,-0.07310031,-0.056342226,-0.05339384,-0.04026872,-0.03110461,-0.021678345,-0.016041415,-0.017412562
0.02499829,0.009486866,0.023024255,0.0087547945,0.015923684,0.007420048,0.018535187,0.014345043,0.022708667,0.023700984,0.028769342,0.034278806
0.082831495,0.07826729,0.07757625,0.078803785,0.06780961,0.061115287,0.06503777,0.06056964,0.045663424,0.03360329,0.029735534,0.028557023
-0.018845756,-0.015425486,-0.043074504,-0.049679983,-0.059597865,-0.047736086,-0.05400579,-0.045019735,-0.042535774,-0.036267404,-0.031291485,-0.0295
0.028386492,0.022743711,0.0035160556,-0.007819375,-0.010772638,-0.008880291,-0.0110404305,-0.009278934,-0.005097164,0.0007840395,0.0055516846,0.00753342
0.13605621,0.10418865,0.07436156,0.05948554,0.049400404,0.041301556,0.028657265,0.030359834,0.028981216,0.02929635,0.030461837,0.031331107
0.65682334,0.6836779,0.5993213,0.5182443,0.478232,0.45271623,0.4090006,0.3835533,0.3615469,0.33905372,0.3330148,0.33676428
-0.32391617,-0.2685775,-0.2104469,-0.17272143,-0.13585477,-0.1135395,-0.0789527,-0.07626401,-0.066176526,-0.062089168,-0.061249778,-0.062901996
0.19288293,0.18904299,0.17307027,0.15526274,0.14674327,0.12409973,0.102458,0.087094806,0.07696218,0.06569934,0.057873912,0.054235123
0.051916108,0.41747367,0.561142,0.4499649,0.4508147,0.41872466,0.43833235,0.30261278,0.27916533,0.2625623,0.25284562,0.23146167
-0.23491628,-0.18462828,-0.13819438,-0.12261084,-0.09397015,-0.07651268,-0.048462495,-0.04815405,-0.04108724,-0.038038306,-0.038838975,-0.042042725
0.081918314,0.0868165,0.06733193,0.051457703,0.036827818,0.030987512,0.024157688,0.01957827,0.023828954,0.029350664,0.035435535,0.03787342
-0.067045994,-0.06527284,-0.051319763,-0.050816596,-0.047755923,-0.04288423,-0.02893414,-0.025299989,-0.017197719,-0.0037409756,0.005730495,0.014228823
0.32042238,0.27130497,0.20790741,0.16752654,0.124609694,0.10010795,0.07435146,0.07536517,0.08501594,0.105083376,0.12545738,0.14012323
0.31888986,0.29466176,0.25588274,0.2187541,0.1839898,0.16153964,0.14229089,0.13441554,0.13080326,0.13753492,0.14829504,0.1525942
0.15236934,0.18243393,0.18569978,0.15653586,0.13687196,0.116273575,0.09817819,0.07126427,0.051279046,0.03562637,0.025767608,0.019730143
-1.1473005,-1.1829822,-1.092561,-0.9317058,-0.80676985,-0.68711925,-0.59306616,-0.48276353,-0.4401486,-0.4135272,-0.4147659,-0.42401832
0.53525054,0.5145724,0.4611892,0.44196606,0.40051943,0.36709332,0.30991447,0.29580554,0.25365788,0.23358043,0.21161236,0.19268237
0.08703053,0.11599119,0.10519786,0.09577454,0.09257114,0.09299505,0.07779099,0.07452881,0.07912522,0.08704275,0.08855572,0.08496268
0.18922257,0.20214385,0.17276114,0.15014867,0.1282643,0.117594555,0.09072511,0.0789213,0.06468742,0.0551389,0.048589736,0.042735092
0.023733182,0.017130109,0.02360883,0.022211166,0.0225937,0.014782178,0.008467388,0.003245255,-0.0049342867,-0.012647284,-0.019009985,-0.023226175
-0.059455886,-0.05076921,-0.043338533,-0.05250019,-0.052368455,-0.051756475,-0.043561436,-0.04723122,-0.045826755,-0.04470999,-0.040903885,-0.039077785
0.14044878,0.19424176,0.23168457,0.23883173,0.22882822,0.19252369,0.1979383,0.15189129,0.14147475,0.13525687,0.13241372,0.13826217
0.0056317076,0.015655704,0.008004302,0.009935532,0.0043213964,0.006460784,0.0066463994,0.009310886,0.017766163,0.026038045,0.0337419,0.035482876
0.141318,0.10352047,0.088686675,0.072448045,0.043835066,0.026411377,0.008218825,-0.0034829527,-0.02594985,-0.04079465,-0.050535917,-0.05188279
0.1453327,0.09870582,0.07668859,0.06118022,0.041492715,0.025096357,0.0022790357,-0.003766723,-0.014648542,-0.019519135,-0.023139201,-0.021539662
0.004745934,-0.02648373,-0.047810294,-0.051200192,-0.05156214,-0.049906883,-0.055768874,-0.049112737,-0.04846072,-0.048273847,-0.047533326,-0.0467533
-0.16794237,-0.22903499,-0.2459828,-0.22940393,-0.21902604,-0.19160846,-0.16621853,-0.12977508,-0.127402,-0.120036155,-0.109401725,-0.10159344
-0.42926943,-0.47105867,-0.40650386,-0.34165043,-0.28022802,-0.25752905,-0.21669401,-0.1864801,-0.16949444,-0.16058654,-0.15947185,-0.15428126
-0.08290583,-0.11365757,-0.11120924,-0.108280815,-0.09965697,-0.093275286,-0.07646083,-0.061052315,-0.048414785,-0.034838304,-0.024442412,-0.016856538
0.12563571,0.14707333,0.1644377,0.1624804,0.15679657,0.1382046,0.11025885,0.07707765,0.03796169,-0.003443189,-0.034030057,-0.04662899
-0.06930443,-0.0495049,-0.044009436,-0.022373509,-0.015663974,-0.0056358725,-0.003001649,0.0056092143,0.0079582315,0.007677447,0.0071298108,0.0015470777
0.031398755,0.014426263,0.0130472835,0.004886428,0.0032066219,-0.0027201418,-6.4661726e-05,0.0007145377,0.003928672,0.011175144,0.016997268,0.021245249
-0.030639593,-0.038901076,-0.012205883,-0.018619344,-0.018700164,-0.027651396,-0.022964533,-0.03305954,-0.049648765,-0.068230145,-0.07886113,-0.08280013
0.058443144,0.032140695,-0.0024406314,-0.020465896,-0.039489508,-0.042571247,-0.044476517,-0.035041433,-0.025807828,-0.014468182,-0.0020050518,0.0033129156
-0.48610738,-0.49670538,-0.44205287,-0.38834593,-0.32491922,-0.28843123,-0.24529423,-0.21325776,-0.19252226,-0.1865827,-0.18919604,-0.1912218
-0.17368346,-0.15400085,-0.14405459,-0.12190013,-0.098119356,-0.073177636,-0.05786241,-0.04483272,-0.024981283,-0.00920463,0.001797948,0.00850255
0.057761073,0.055397615,0.044073634,0.03672248,0.029996946,0.026770504,0.021405805,0.017924208,0.015159057,0.013015613,0.012858318,0.013730455
0.112950094,0.1280567,0.14621821,0.13035798,0.11958718,0.101146944,0.097903945,0.0773451,0.06200619,0.047462307,0.0392346,0.037263893
-0.08072741,-0.08770478,-0.08853799,-0.08767579,-0.080816306,-0.07337238,-0.067239836,-0.05922366,-0.05129291,-0.04280168,-0.03790954,-0.035525527
0.04143682,0.048724584,0.03054376,0.04174251,0.04368479,0.04824961,0.032753527,0.037126854,0.028155643,0.021147508,0.013328696,0.005560291
-0.2980727,-0.2956709,-0.31555098,-0.32020327,-0.31012303,-0.27436072,-0.26854587,-0.24867511,-0.23167136,-0.21901561,-0.2110899,-0.2095711
-0.09026186,-0.11205624,-0.12042385,-0.1029939,-0.09689612,-0.08328608,-0.0743323,-0.053990003,-0.043886036,-0.036691085,-0.030529048,-0.027344363
-0.109282605,-0.10959172,-0.10896892,-0.09523061,-0.08488864,-0.07349262,-0.069046825,-0.06423001,-0.062170636,-0.05664874,-0.05359921,-0.050929837
-0.13423887,-0.15162301,-0.15227227,-0.13955213,-0.11114301,-0.09124679,-0.08569196,-0.06486972,-0.052142818,-0.042169217,-0.040651523,-0.04167559
-0.22966637,-0.24042436,-0.22698224,-0.19687566,-0.16770968,-0.1467824,-0.13278587,-0.116152175,-0.102741465,-0.093931764,-0.09112603,-0.09037941
0.22050424,0.13182873,-0.005395651,-0.08958188,-0.17196506,-0.20638734,-0.30623162,-0.35026833,-0.39503124,-0.43683982,-0.46123964,-0.4721377
-0.07915875,-0.086043514,-0.080319226,-0.05936051,-0.052819565,-0.045226827,-0.03870599,-0.031158175,-0.030678699,-0.03161296,-0.032751344,-0.03394462
0.03125885,0.021970429,-0.0352647,-0.05975857,-0.08735989,-0.082551986,-0.080279656,-0.06398389,-0.04418184,-0.023486791,0.0001034718,0.0068416707
0.28208554,0.27819228,0.24841274,0.22104068,0.18719019,0.17100024,0.13769922,0.13061395,0.10891886,0.08826986,0.07286171,0.061720185
0.43169317,0.47079417,0.45098883,0.3905936,0.36882612,0.33740622,0.30701223,0.25461844,0.23242569,0.21271475,0.2031714,0.2043924
0.07702908,0.11703575,0.13306965,0.13777803,0.13886786,0.1295583,0.12324382,0.10585529,0.09620404,0.087384,0.07974105,0.074599445
0.21349813,0.15835781,0.119092435,0.07562779,0.040779576,0.02442491,0.00498496,0.004174553,0.008164473,0.01990734,0.03202862,0.03794626
0.07435319,0.04275665,0.028773189,0.009656206,-0.007971168,-0.02118501,-0.023825184,-0.027142022,-0.035048395,-0.03638497,-0.034851108,-0.031411547
0.18909828,0.18944927,0.16494922,0.14115585,0.11410433,0.10142259,0.079661734,0.06919232,0.062181532,0.061950333,0.06094083,0.06011951
0.0077866428,0.035697564,0.037066173,0.036433443,0.034702834,0.035540096,0.029071746,0.021652926,0.01834097,0.015643414,0.013841362,0.010232531
-0.6811228,-0.6168653,-0.57004833,-0.46125767,-0.3843332,-0.3032357,-0.2736812,-0.22579086,-0.21003066,-0.20400643,-0.21156244,-0.2251851
0.047801197,0.04851253,0.044016488,0.03239957,0.024149308,0.018278873,0.0140695125,0.0061746743,0.004714735,0.0016427338,0.0018483661,0.0029524704
-0.16895467,-0.20701973,-0.19958875,-0.16937983,-0.14471735,-0.1288553,-0.108989544,-0.0851111,-0.07112065,-0.0632197,-0.059494037,-0.056528248
-0.73296446,-0.74529266,-0.6659769,-0.566882,-0.4846527,-0.42288205,-0.37034464,-0.3176764,-0.28933603,-0.26792884,-0.26579916,-0.269677
-0.3602188,-0.3735176,-0.36737773,-0.32085735,-0.28423333,-0.23857209,-0.2081605,-0.16683742,-0.1378923,-0.11683597,-0.10470022,-0.10081116
-0.1199257,-0.15870334,-0.1673036,-0.1689502,-0.1682404,-0.15619238,-0.1345549,-0.10876663,-0.08672913,-0.058763556,-0.039128445,-0.026875496
-0.018541336,0.019258197,0.020394042,0.013319481,0.008278839,0.010734186,0.00874247,-0.0023621256,-0.005438097,-0.009976353,-0.011514308,-0.010126975
-0.053573262,-0.019959107,0.021595135,0.0061838403,0.021178536,0.024707027,0.04059319,0.034519635,0.03919176,0.041039333,0.038161445,0.03610108
-0.047846183,-0.03552625,-0.036544643,-0.03990896,-0.021360517,-0.025012933,-0.02659715,-0.041444562,-0.0420464,-0.045080528,-0.04579407,-0.04494069
0.104215235,0.091242015,0.06655994,0.06699811,0.07715302,0.06279589,0.04091546,0.04434886,0.057876285,0.067844704,0.07020657,0.071165025
0.0023514433,0.008731525,0.016485287,0.011653292,0.01252589,0.011675026,0.011793981,0.009558852,0.0070562023,0.0076701352,0.006267687,0.0048767235
-0.13359107,-0.1453677,-0.14423071,-0.13578853,-0.13186525,-0.123922214,-0.11920602,-0.11337848,-0.11195642,-0.11191007,-0.11241333,-0.11225333
-0.117523074,-0.11626412,-0.07794227,-0.051409423,-0.027564302,-0.025369003,-0.0117456615,-0.009408388,-0.011140183,-0.022711307,-0.033637736,-0.03699287
-0.034880906,-0.022087324,-0.013268527,-0.016074032,-0.0075625107,-0.003724657,0.001928784,0.0018136352,0.0066942293,0.013014397,0.015639275,0.015745107
0.1087531,0.08288403,0.05963841,0.031772643,0.01040931,0.0020756796,-0.0015514195,0.0029620454,0.009263508,0.019468654,0.028392404,0.03305155
-0.19758542,-0.24547447,-0.2550019,-0.22170797,-0.2032296,-0.17495246,-0.15812975,-0.1181253,-0.09625475,-0.0774673,-0.066392526,-0.061431237
-0.5741932,-0.5353555,-0.4848808,-0.3847028,-0.3097514,-0.25820404,-0.24998108,-0.22898021,-0.23620404,-0.25798,-0.28873408,-0.3086801
0.0073586367,0.007875387,0.00097074104,-0.015118452,-0.0192014,-0.020111635,-0.016480945,-0.014887302,-0.0008287607,0.01416187,0.02633536,0.031805474
0.044452175,0.04835041,0.05192063,0.05347593,0.046777233,0.0388086,0.035043254,0.030809682,0.033040307,0.0361491,0.03816111,0.03875279
-0.4220307,-0.4596691,-0.41677466,-0.36414054,-0.2873154,-0.24294528,-0.21067026,-0.16287008,-0.14073505,-0.12863964,-0.13731363,-0.14363158
-0.03744159,-0.029065136,-0.010136064,0.007472392,0.011315975,0.0124885645,0.014192253,0.015143264,0.007842541,0.0010167221,-0.006254173,-0.010160111
-0.52428037,-0.46018612,-0.39059377,-0.3494159,-0.28467917,-0.23679557,-0.1777485,-0.15955348,-0.1328325,-0.11631606,-0.10735768,-0.10310777
-0.25048912,-0.18687084,-0.1495446,-0.114820585,-0.08717044,-0.06751564,-0.04664232,-0.049733095,-0.047343433,-0.05022984,-0.053342164,-0.056850575
-0.015085434,-0.039053027,-0.059722386,-0.06846875,-0.068395145,-0.061187264,-0.060178515,-0.046991076,-0.03082563,-0.0150004085,-0.0036065043,0.001544131
0.11452067,0.1135478,0.096409924,0.086977474,0.068759724,0.05815136,0.052210905,0.047033854,0.050503984,0.052387573,0.058454342,0.06224582
0.40708715,0.4051537,0.3897467,0.33139923,0.30049965,0.25622517,0.22793844,0.19344524,0.18582323,0.17239493,0.1657955,0.16849749
0.2567871,0.24151734,0.14537007,0.22879755,0.20251074,0.18364215,0.12897813,0.1721155,0.21085022,0.18444994,0.17963937,0.16416156
0.023758635,0.0073329806,-0.020947292,-0.037604716,-0.04997782,-0.049918517,-0.04384614,-0.03723395,-0.0275505,-0.014507145,-0.00055807456,0.0055573247
-0.29476583,-0.3314345,-0.33437788,-0.28240037,-0.26035243,-0.23018654,-0.2098068,-0.17853627,-0.1618888,-0.15879306,-0.15165094,-0.14731172
-0.4743157,-0.51943344,-0.5106366,-0.48566705,-0.44573337,-0.4004535,-0.34612262,-0.2963842,-0.26309273,-0.23150232,-0.20596379,-0.1909869
0.2420406,0.2102626,0.17614958,0.14366491,0.104701996,0.08180891,0.053759262,0.042688332,0.037537336,0.039125673,0.04338748,0.05031051
-0.07961338,-0.080700114,-0.060875963,-0.041447185,-0.023535714,-0.019998003,-0.008141398,-0.007971056,-0.011212345,-0.019090291,-0.024752427,-0.026902074
-0.41627616,-0.4005521,-0.32665056,-0.25499576,-0.19983676,-0.16635305,-0.12230398,-0.09943295,-0.079854704,-0.064949416,-0.06200494,-0.061634876
0.21917187,0.23107582,0.23545037,0.19279079,0.17025334,0.13697761,0.12462579,0.09375909,0.082004935,0.068200365,0.05945056,0.054897703
0.0593032,0.04707726,0.011303231,0.0010221973,-0.01406607,-0.010913581,-0.017639875,-0.013191283,-0.0110522695,-0.009164477,-0.0025279224,-0.00042628124
-1.775039,-1.8815327,-1.7803624,-1.5293074,-1.3381112,-1.1478009,-0.99605805,-0.80587125,-0.71768916,-0.6538726,-0.6310971,-0.6269292
-0.07315726,-0.06376189,-0.04931999,-0.03994275,-0.034738734,-0.034893006,-0.03817997,-0.046888188,-0.05838923,-0.075947315,-0.08732095,-0.092900075
0.29250628,0.27753156,0.24541688,0.22260657,0.1924096,0.15662925,0.12699735,0.10382694,0.08713169,0.07234542,0.06508001,0.063423984
-0.20724747,-0.22667997,-0.22474699,-0.18512972,-0.15686506,-0.13272198,-0.10756013,-0.07775164,-0.06425552,-0.055616364,-0.049112957,-0.04631426
-0.012826232,-0.038892966,-0.047402024,-0.043298442,-0.047312975,-0.04591667,-0.03839366,-0.026173975,-0.011843704,0.0031146538,0.014695319,0.019665375
-0.09024356,-0.0665378,-0.012250632,0.01847431,0.041923918,0.043679968,0.04126595,0.023312412,-0.008970074,-0.052019723,-0.08488694,-0.0979832
0.6536027,0.66349185,0.53043365,0.66536665,0.6307981,0.5802129,0.40922353,0.40394914,0.3656177,0.33331552,0.29261506,0.25999516
0.0468908,0.032288387,0.013992228,-0.0090107955,-0.021187346,-0.024835646,-0.029749487,-0.029497165,-0.025740638,-0.017284678,-0.010686753,-0.005042767
-0.35788327,-0.3269748,-0.30247134,-0.24729063,-0.17404005,-0.13090724,-0.11240196,-0.09017564,-0.07152747,-0.066557206,-0.069775075,-0.0724089
-0.14778048,-0.14203225,-0.13629305,-0.13833424,-0.1258753,-0.11485354,-0.102485195,-0.09686739,-0.08288337,-0.06756104,-0.058391783,-0.054931648
0.042359345,0.058052726,0.049874183,0.06476326,0.06328806,0.063086726,0.046879582,0.046787616,0.03960666,0.037352875,0.030589402,0.024487007
0.16770746,0.11973086,0.06227714,0.0036835372,-0.04069975,-0.059622407,-0.06264576,-0.05918765,-0.036955573,-0.0053766444,0.02631015,0.04340683
0.11068762,0.106759235,0.093564205,0.075113826,0.06124664,0.049846634,0.042859852,0.03619609,0.034622405,0.034491166,0.037446298,0.039236035
0.12072103,0.13028966,0.11470929,0.09388055,0.07903063,0.07042377,0.0587928,0.047681093,0.036105976,0.025783025,0.02149084,0.017270217
-0.006331578,0.06936873,0.11851365,0.14453116,0.15632208,0.15375644,0.15492803,0.13659754,0.12035689,0.09615658,0.074847706,0.063947044
0.06783579,0.08658933,0.08366184,0.07745229,0.0777051,0.067311935,0.062950164,0.048210364,0.051690802,0.052877776,0.05494974,0.057752904
-0.15532228,-0.15942854,-0.14137086,-0.12882397,-0.11660386,-0.102302894,-0.08449694,-0.07165386,-0.06051644,-0.05175002,-0.04690867,-0.045218907
-0.039663304,-0.04183081,-0.009534765,0.01045163,0.009208001,0.006015856,0.006913025,0.0047656745,-0.013873745,-0.034454923,-0.049160928,-0.054127775
-0.37959474,-0.39004308,-0.37268823,-0.34117728,-0.29120559,-0.25861096,-0.21673912,-0.18315218,-0.14642346,-0.11804016,-0.100500815,-0.09339836
-0.18937239,-0.1899675,-0.18865094,-0.18045041,-0.16721882,-0.14871518,-0.13257238,-0.11627917,-0.10060014,-0.08591168,-0.07701956,-0.07514881
-0.042875346,-0.028233493,-0.019083403,-0.0227281,-0.021958478,-0.01868258,-0.012248334,-0.01583327,-0.015061153,-0.012343233,-0.010008596,-0.008528432
-0.13955945,0.06851244,0.13996223,0.10510075,0.11869648,0.14188936,0.14901558,0.11041148,0.11172655,0.12497111,0.12721403,0.11630857
0.1648159,0.17452219,0.15576462,0.1264588,0.111896954,0.09922624,0.0890664,0.07703973,0.073578075,0.071966685,0.07364345,0.07139821
-0.06307437,-0.10371586,-0.11746457,-0.101956226,-0.10029355,-0.08984983,-0.088217676,-0.06802429,-0.064649336,-0.058279537,-0.056977026,-0.056981485
0.096846834,0.05609224,0.011472672,-0.0033215135,-0.01568538,-0.013297744,-0.020261556,-7.656962e-05,0.014349982,0.032277223,0.044382975,0.047420666
-0.07700918,-0.08038888,-0.06808606,-0.050287127,-0.038412057,-0.031828616,-0.02364907,-0.018824667,-0.01722123,-0.018540151,-0.020076862,-0.019267417
-0.10128265,-0.08709933,-0.07026075,-0.059398472,-0.037602425,-0.026138656,-0.023622237,-0.020879332,-0.011062063,-0.0039873812,-0.002972249,1.1363998e-05
-0.025662957,-0.05348905,-0.06287522,-0.05247599,-0.046540905,-0.039159454,-0.033298567,-0.018610992,-0.013034887,-0.00966374,-0.0065748403,-0.004903663
0.05166647,0.08829659,0.09724878,0.10726674,0.10623614,0.1000582,0.08466345,0.06399985,0.040951397,0.008539507,-0.0124859195,-0.021211866
0.065043464,0.05054704,0.051108893,0.046904586,0.044380948,0.039080936,0.033530485,0.032933027,0.029254816,0.022581536,0.018041061,0.0148193985
-0.028551422,-0.02254828,0.00043015927,0.021238089,0.029616091,0.027035683,0.027674738,0.02401201,0.016693294,0.012505404,0.006879164,0.0061858688
-0.094142936,-0.08825466,-0.08286301,-0.07554259,-0.06858951,-0.05784959,-0.050038964,-0.045881778,-0.046745043,-0.053203803,-0.056710318,-0.059852224
0.12836345,0.22008322,0.16436493,0.109886646,0.12262074,0.13479209,0.121278495,0.08076967,0.10070346,0.105824396,0.117136784,0.13654387
-0.11995935,-0.14247817,-0.12740123,-0.10991377,-0.09250282,-0.08571151,-0.07377282,-0.061856084,-0.054211926,-0.050574526,-0.050273,-0.050267205
-0.16378155,-0.18970579,-0.17865103,-0.1431638,-0.114273325,-0.09989505,-0.086478874,-0.06436365,-0.059856087,-0.062889144,-0.06866288,-0.071270205
0.06064648,0.06644253,0.07027038,0.06438386,0.06471338,0.057743095,0.044964965,0.032974668,0.021414272,0.0077793943,-0.0037375279,-0.008141041
-0.36496356,-0.345114,-0.2926961,-0.26224226,-0.21920301,-0.18714593,-0.14614676,-0.12477003,-0.10648558,-0.09251537,-0.08838148,-0.08973993
0.2775693,0.21986781,0.1630742,0.1326527,0.08601987,0.06351577,0.041925713,0.045801207,0.040933847,0.04468739,0.051590785,0.056237355
0.15108718,0.11884929,0.11255546,0.09033807,0.070844874,0.04779762,0.03866177,0.030969724,0.027348928,0.023582742,0.021181472,0.023587245
0.101370394,0.11104469,0.09956189,0.089127705,0.08899625,0.080698036,0.06921461,0.057080016,0.050202977,0.045723453,0.042110793,0.041938588
-0.32375154,-0.35032585,-0.3110088,-0.2605188,-0.22571352,-0.19281185,-0.16051678,-0.124150395,-0.10766213,-0.09576464,-0.09339513,-0.09319225
0.08066673,0.1066806,0.103884056,0.08568983,0.075967595,0.06676467,0.06610769,0.056346316,0.055786863,0.05423608,0.053506885,0.052371174
-0.05480413,-0.011534169,0.043126047,0.032273896,0.0455451,0.039942905,0.049652763,0.04160197,0.05941475,0.060959924,0.06238502,0.060554504
0.16975465,0.17092338,0.1570347,0.15380985,0.12111761,0.11010449,0.12169458,0.12159626,0.1096488,0.10058716,0.10735716,0.11029691
0.14474928,0.124031015,0.09228571,0.07371892,0.07302483,0.06632131,0.06318877,0.061771974,0.07036878,0.07541822,0.08411622,0.087134406
0.104193985,0.08884815,0.09351018,0.06924404,0.054371618,0.046342924,0.051604703,0.046394642,0.040395573,0.040013332,0.04397627,0.04808776
-0.15308927,-0.09716581,-0.060285926,-0.06909995,-0.06043479,-0.054083467,-0.034536004,-0.046668194,-0.040046647,-0.033262327,-0.027323551,-0.029288463
0.3631648,0.37412542,0.32704043,0.29744604,0.25674757,0.23011309,0.19941743,0.18163872,0.16719122,0.15531251,0.15228379,0.14734125
0.21405491,0.2727713,0.2673591,0.2361196,0.21608108,0.19655031,0.17889929,0.1482128,0.13849425,0.12959751,0.12545243,0.12100943
0.08833836,0.07515292,0.037044063,0.025053829,0.008939013,0.0151677355,0.0071541443,0.01657911,0.017806433,0.022682242,0.02671276,0.025789388
0.10968557,0.1041852,0.10483336,0.09600054,0.089873135,0.08112178,0.07390176,0.06966221,0.064524196,0.06050752,0.05728299,0.056522742
0.20621799,0.21247083,0.17914815,0.16053236,0.1413758,0.13602066,0.10953452,0.102956384,0.09052755,0.08205824,0.07578989,0.07044385
-0.36414683,-0.44532275,-0.40235984,-0.37190834,-0.3489904,-0.3181268,-0.2589486,-0.20578022,-0.17431931,-0.13933258,-0.12138796,-0.112197526
-0.0018909811,-0.004885843,-0.001165144,0.004089453,0.00605544,0.0060095843,0.0077720634,0.011413258,0.0106641315,0.011112918,0.009701168,0.007896088
0.10779309,0.109645486,0.09769887,0.09083597,0.071631625,0.06310331,0.052554894,0.0457848,0.039328992,0.036260314,0.036777236,0.037224513
-0.46132898,-0.43757686,-0.39460176,-0.35088247,-0.3082322,-0.27183354,-0.23188493,-0.21265434,-0.19366422,-0.18480048,-0.18134403,-0.18299565
0.82257414,0.76800644,0.71572137,0.65274256,0.6047622,0.5271684,0.46928763,0.4303726,0.40977222,0.39627934,0.39164627,0.39303923
-0.21667045,-0.2409972,-0.25212592,-0.23007272,-0.21955034,-0.19494937,-0.18109982,-0.15202297,-0.13650215,-0.12194131,-0.11351541,-0.11107293
0.14438763,0.12951453,0.116483524,0.09763098,0.085818514,0.07302335,0.058273494,0.050424412,0.044861965,0.039636597,0.03594421,0.033614796
-0.059938177,-0.1428136,-0.21546507,-0.2523023,-0.27108017,-0.2805858,-0.29289305,-0.28328824,-0.27674353,-0.27270377,-0.2644664,-0.26153067
0.1857995,0.19116701,0.1108284,0.03046383,-0.031132117,-0.059768014,-0.112004355,-0.14427921,-0.1516138,-0.15057416,-0.14359426,-0.1413526
-0.022341348,-0.039414894,-0.032008503,-0.038966116,-0.02816829,-0.027040865,-0.030373959,-0.029731348,-0.023379719,-0.02188338,-0.021878555,-0.018021535
0.07853997,0.07095119,0.05493231,0.04718198,-0.009833291,0.008080766,0.023557931,0.046966106,0.055052236,0.10066399,0.1314822,0.15314099
-0.06451716,-0.059186324,-0.038328875,-0.026122075,-0.008989379,-0.0015641861,0.011611693,0.014778495,0.016457666,0.013692869,0.0112576345,0.009184631
-0.022053681,0.027242795,0.04118844,0.04684022,0.04254344,0.046446547,0.041770466,0.029779546,0.028223675,0.030623432,0.03297525,0.033481535
0.39452422,0.3490463,0.28823715,0.25261378,0.21237928,0.17592195,0.14633897,0.13792661,0.1373419,0.14242807,0.14879614,0.15487573
0.2884807,0.236815,0.19287002,0.17758566,0.14461374,0.118441835,0.091245964,0.08895982,0.07457712,0.06035684,0.05371117,0.052154608
-0.04208409,-0.08052999,-0.10003702,-0.09222228,-0.09353255,-0.08617136,-0.07933518,-0.060392976,-0.048210703,-0.032750458,-0.021951247,-0.016587999
-0.42974842,-0.35861427,-0.30631417,-0.25731444,-0.20644715,-0.16943319,-0.12283456,-0.11806534,-0.10238504,-0.098814696,-0.09695715,-0.09299001
-0.14120267,-0.15428886,-0.16565737,-0.164103,-0.15828292,-0.14413354,-0.12919761,-0.10827885,-0.08555047,-0.062439542,-0.04636295,-0.03977842
-0.15353295,-0.14520371,-0.14210314,-0.12576061,-0.11429743,-0.09909156,-0.08530636,-0.07473561,-0.06260359,-0.05162789,-0.043993734,-0.040118326
-0.074992076,-0.10987707,-0.14478104,-0.14352207,-0.15801653,-0.14300668,-0.13483322,-0.113428235,-0.10327561,-0.08802151,-0.073518574,-0.06253731
0.11784368,0.12015276,0.113721,0.10661521,0.096717,0.087558866,0.07669346,0.067583114,0.056890294,0.04961142,0.046252415,0.04528354
-0.10726693,-0.052573845,0.010559678,0.0077167153,0.03278105,0.03078942,0.046693355,0.024935864,0.017005518,0.0052136183,-0.0047368854,-0.008923646
0.3237911,0.30191547,0.28045794,0.24520414,0.21511427,0.17607775,0.1423953,0.11286579,0.089496486,0.07337492,0.064852186,0.06587496
0.1830033,0.11309132,0.014370799,-0.010480434,-0.068666875,-0.073479,-0.11392033,-0.09512074,-0.07768944,-0.07149209,-0.05432553,-0.052039776
-0.7623118,-0.7592775,-0.68890274,-0.606068,-0.52495337,-0.44981167,-0.37010396,-0.30994788,-0.26185462,-0.2264373,-0.2069149,-0.20043017
0.21149398,0.20514208,0.1736359,0.13805296,0.10981189,0.09213286,0.06950653,0.057592757,0.051936384,0.050641946,0.051980946,0.05217649
0.19702376,0.19972107,0.18234321,0.15349433,0.12985635,0.10367568,0.08952555,0.06706777,0.058663443,0.051537238,0.05100723,0.054421
0.31643227,0.32939866,0.27938718,0.24826631,0.22141546,0.19760379,0.16096851,0.13657528,0.13260844,0.12341994,0.124080256,0.11921199
-0.17846642,-0.17694658,-0.16511649,-0.17069958,-0.15552536,-0.14564314,-0.123556405,-0.12254487,-0.10928494,-0.09989791,-0.091014415,-0.08505609
0.03825419,0.039051108,0.016804516,0.030448087,0.017775014,0.01884079,0.01976997,0.02990626,0.027587656,0.022580413,0.022241907,0.019805156
0.43499443,0.5285312,0.44522753,0.38263458,0.31917828,0.30537903,0.29118037,0.2469302,0.23805839,0.23304431,0.24386525,0.25667045
0.4244787,0.3656502,0.34079143,0.28367054,0.23674108,0.1896684,0.16205192,0.13026065,0.11409643,0.11182589,0.116939455,0.13184726
0.16445665,0.11780229,0.06130171,0.023710161,-0.014737755,-0.02544555,-0.04341586,-0.035766065,-0.034789026,-0.021425225,-0.009791449,-0.0042971447
-0.049432795,-0.06280838,-0.06754071,-0.065416746,-0.06529111,-0.058147006,-0.055688925,-0.049784064,-0.04630723,-0.042061638,-0.037940633,-0.032636553
0.24522085,0.22718135,0.20589986,0.15604237,0.12197041,0.07919888,0.04637082,0.009322088,-0.007969249,-0.024926288,-0.032030985,-0.030230686
0.061107468,0.044705886,0.015447892,0.005292833,-0.0075757205,-0.0059667975,-0.011392519,-0.0016340204,0.0075312555,0.020815164,0.03235786,0.037181426
0.22851568,0.24277747,0.22303948,0.20881157,0.18405226,0.16238594,0.1333127,0.11200694,0.094697356,0.07881561,0.06864232,0.06303239
-0.30273888,-0.25042003,-0.1911028,-0.16719723,-0.12738943,-0.10722591,-0.07261202,-0.072600186,-0.06447372,-0.0559161,-0.054020032,-0.05687496
-0.07518597,-0.073626176,-0.0681099,-0.059690587,-0.054757375,-0.045507185,-0.044167012,-0.034813844,-0.0261276,-0.018089,-0.015254171,-0.016187618
-0.11819522,-0.10560366,-0.11505008,-0.07777047,-0.05497178,-0.025350101,-0.011287779,0.025715299,0.03447798,0.040583726,0.042541113,0.033097148
-0.0034846123,-0.029810332,-0.04980148,-0.019060258,-0.020439481,-0.015776685,-0.021141252,-0.0038436912,9.520352e-05,0.001777593,0.0034590196,0.005060287
0.25595587,0.25267047,0.24939774,0.23991194,0.22525716,0.20190027,0.17584345,0.15790778,0.13349909,0.108091645,0.08740689,0.075343326
0.50260603,0.49821925,0.41359144,0.35657096,0.3070486,0.27195227,0.20162883,0.18144426,0.17642078,0.18328202,0.18578522,0.18365698
-0.24806343,-0.24821721,-0.23003794,-0.20429662,-0.16973785,-0.15076217,-0.12152052,-0.10251111,-0.07700811,-0.055631258,-0.044149186,-0.038959414
-0.10993419,-0.13530463,-0.13965315,-0.13817455,-0.13177812,-0.12516245,-0.10901446,-0.09636252,-0.08141901,-0.06560428,-0.052590378,-0.04499527
-0.17374088,-0.16437346,-0.1525478,-0.14428523,-0.13726822,-0.11826369,-0.1056065,-0.094724715,-0.09089612,-0.09034397,-0.09039122,-0.09167569
