0.33592182,0.31803814,0.2971902,0.28150523,0.26565444,0.24913593,0.23407063,0.2212642,0.20575295,0.19253705,0.18148069,0.16757065
-0.34507197,-0.3137128,-0.28327325,-0.2671038,-0.2510266,-0.23965219,-0.22418,-0.21773647,-0.2149639,-0.22122714,-0.2368812,-0.25136277
0.048458595,0.04348215,0.042389214,0.039396238,0.03614964,0.040605523,0.03943927,0.03607238,0.034812998,0.03597859,0.04028537,0.045461513
0.21897194,0.23601356,0.24866843,0.24677885,0.24283205,0.23537098,0.2326269,0.21022928,0.18943658,0.17001295,0.12994754,0.08238667
0.323112,0.29244533,0.2685988,0.24146116,0.22154844,0.2090084,0.18537638,0.16162395,0.14451796,0.13146698,0.12303179,0.10756838
0.14731677,0.13705765,0.13315344,0.1319075,0.12781131,0.12801954,0.121650785,0.119237125,0.115523815,0.11827192,0.12540916,0.13204394
0.057257,0.052962407,0.050639942,0.05437412,0.04943703,0.049905278,0.053275127,0.059877243,0.06520792,0.06409522,0.07166774,0.082336225
-0.08957267,-0.08341856,-0.07375838,-0.064484164,-0.060736865,-0.05156393,-0.03988971,-0.03373777,-0.027040556,-0.019535266,-0.0087193865,0.0052102245
-0.2607433,-0.253442,-0.2464731,-0.23222816,-0.22678307,-0.21718213,-0.20530288,-0.19495219,-0.1810585,-0.17118979,-0.15929264,-0.14541285
0.25025007,0.24639465,0.23888128,0.2374481,0.2280806,0.22313733,0.21358728,0.20487586,0.19462268,0.18714038,0.1837174,0.17188346
-0.35972595,-0.34556204,-0.33562252,-0.3297391,-0.31647727,-0.30713722,-0.29569134,-0.28600326,-0.2712063,-0.2602186,-0.25032037,-0.24296786
0.18840179,0.17717367,0.16223878,0.15646973,0.14580134,0.13723123,0.12999752,0.120770365,0.11626381,0.11284353,0.11293097,0.109058924
-0.34538826,-0.3264326,-0.29914352,-0.27582294,-0.2556165,-0.23156491,-0.20725304,-0.18771431,-0.16709906,-0.1416548,-0.115642235,-0.08640288
-0.21348749,-0.21496347,-0.22229919,-0.22201084,-0.21359608,-0.21306956,-0.20208734,-0.18251315,-0.15945876,-0.13822415,-0.114649676,-0.0843723
0.7178707,0.67248935,0.64449316,0.57594645,0.56564134,0.5471899,0.52067727,0.50827384,0.43399826,0.42598468,0.4233154,0.43275675
-0.03311282,-0.06250743,-0.064982265,-0.07317575,-0.07959536,-0.07700537,-0.07333065,-0.05964342,-0.059239354,-0.058214366,-0.053083178,-0.021053791
0.07510102,0.06967493,0.0648371,0.0632661,0.059129078,0.056851774,0.05287601,0.049388446,0.04829027,0.046117168,0.045822263,0.04519626
0.18595105,0.17733975,0.17251547,0.16873875,0.15902056,0.15908766,0.14745003,0.14091189,0.13358372,0.12503602,0.11651301,0.107404925
0.12683171,0.1301041,0.13128608,0.12632927,0.11954285,0.11208416,0.10574065,0.09061803,0.073838785,0.05676966,0.031047573,0.003042695
0.58955306,0.5712101,0.5415903,0.5146527,0.4885967,0.45867082,0.4250181,0.38293839,0.35502467,0.33077952,0.3039956,0.24973437
0.06914434,0.08085337,0.08691995,0.09210448,0.08994189,0.08914977,0.0885724,0.07982193,0.07178611,0.06070724,0.04540947,0.026361827
-0.5514161,-0.5164932,-0.47480124,-0.44629645,-0.4161307,-0.38991454,-0.36030823,-0.329836,-0.3107228,-0.29603165,-0.28958687,-0.2652983
0.3576863,0.34527206,0.32737252,0.3048935,0.29963022,0.26738653,0.2568302,0.24235605,0.22743887,0.21017992,0.18141945,0.16325334
-0.3272446,-0.33530617,-0.29979798,-0.27268183,-0.2521562,-0.22828615,-0.19548249,-0.14779629,-0.12980172,-0.107439056,-0.07485223,-0.0038387268
-0.26679966,-0.25205523,-0.23865755,-0.22576427,-0.21430711,-0.20428613,-0.18972343,-0.1784965,-0.16319457,-0.15220739,-0.14262076,-0.1312162
-0.20488045,-0.198333,-0.19093953,-0.18372568,-0.17452101,-0.16726054,-0.15573102,-0.14164755,-0.13180164,-0.120974466,-0.10559888,-0.08648487
-0.4843631,-0.47843966,-0.44618082,-0.41533086,-0.39847744,-0.37807074,-0.34239826,-0.31232518,-0.2853619,-0.26321885,-0.2412754,-0.1952233
-0.08998412,-0.10098784,-0.10707861,-0.109009,-0.10858145,-0.10961013,-0.1083048,-0.10088806,-0.09189631,-0.08624348,-0.07768994,-0.06307586
0.16218165,0.17494005,0.18193212,0.18526976,0.18458024,0.17840487,0.17143789,0.15923099,0.14293134,0.12641972,0.10247688,0.073257014
-0.04699993,-0.037657373,-0.030356076,-0.02277654,-0.02375469,-0.022059187,-0.021895058,-0.029934391,-0.036457583,-0.044746973,-0.05841057,-0.07517484
0.072501205,0.08015125,0.093926705,0.10382038,0.108184844,0.10801634,0.10621595,0.106717736,0.09811322,0.09118442,0.08004933,0.0699036
0.016001733,0.01270881,0.006770736,0.0013795337,-0.00067270384,-0.004183751,-0.0071284794,-0.009306285,-0.011538848,-0.013533961,-0.016214829,-0.01765941
0.020771721,0.020228177,0.009963386,-0.016499769,-0.018581647,-0.035603464,-0.040545817,-0.06283167,-0.07848868,-0.09705996,-0.124125086,-0.15040341
0.32779935,0.30946258,0.2914009,0.27470955,0.2594246,0.24167015,0.22943851,0.21503566,0.20173597,0.18368904,0.16868946,0.15436056
-0.24960877,-0.20845535,-0.16248606,-0.14231282,-0.12218792,-0.10631608,-0.085590295,-0.08199419,-0.08337596,-0.09128833,-0.1179626,-0.14171752
0.07601987,0.070919886,0.062345985,0.06288721,0.058721513,0.05830807,0.058187857,0.058321305,0.06404352,0.07149605,0.08341885,0.09209166
0.458762,0.41779807,0.374254,0.33558583,0.3120441,0.28277117,0.26332045,0.24196468,0.2307705,0.22602963,0.22709629,0.22390436
-0.7286764,-0.68550646,-0.6379191,-0.6021659,-0.565794,-0.5314206,-0.49514902,-0.46235317,-0.43009678,-0.404378,-0.38349965,-0.35616574
-0.22040772,-0.20330805,-0.18566911,-0.17792203,-0.16818418,-0.1606621,-0.14592193,-0.13783613,-0.13246079,-0.13150042,-0.13594316,-0.13511586
-0.09055713,-0.04772342,-0.010176942,0.0025009513,0.012381189,0.020924203,0.0250355,0.0067598,-0.010778405,-0.034164086,-0.08370914,-0.14089265
-0.19112904,-0.173386,-0.15897341,-0.14956987,-0.13708195,-0.13069408,-0.12176035,-0.11279036,-0.10553462,-0.10446594,-0.110943496,-0.11391336
-0.23684725,-0.21829908,-0.1965358,-0.17695317,-0.16645023,-0.14909759,-0.13320087,-0.11989399,-0.108610526,-0.10213743,-0.093339324,-0.08101874
0.38866544,0.35280237,0.3124184,0.27836365,0.25115964,0.23046432,0.20015557,0.16961533,0.1481089,0.13064536,0.11615884,0.096357666
0.09227614,0.093730725,0.09813086,0.09059827,0.09091533,0.087296784,0.07998683,0.07064968,0.06361152,0.054076694,0.036420252,0.017202789
-0.03724581,-0.041546535,-0.03411461,-0.030189991,-0.026696926,-0.020629223,-0.020768654,-0.009913051,-0.004559567,-0.0015941123,0.005155497,0.015031976
0.008665875,0.007547685,0.00048774807,-0.0026784986,-0.002525031,-0.010507627,-0.011676446,-0.012129509,-0.009335516,-0.005550457,-0.0037798793,-0.006974864
0.068998486,0.075051695,0.077156074,0.074037805,0.0726558,0.06650263,0.06774239,0.060266223,0.05539974,0.050628763,0.04086162,0.026164953
0.3397343,0.3370052,0.33298743,0.3251547,0.31260118,0.2974705,0.2837244,0.26035058,0.24321258,0.22199719,0.18735838,0.14695765
-0.080656044,-0.07503804,-0.07099295,-0.067017086,-0.064591385,-0.06331789,-0.062674925,-0.06042741,-0.059817433,-0.062073555,-0.06519204,-0.0675093
0.13644552,0.11668306,0.097008094,0.08218914,0.07365423,0.06531021,0.055402484,0.054702967,0.051236797,0.049532004,0.05677764,0.06643764
-0.29050326,-0.27058434,-0.25126305,-0.23641962,-0.22348441,-0.20955528,-0.19657683,-0.18469486,-0.17448199,-0.16752233,-0.16530229,-0.15968299
0.16509424,0.16011645,0.14287713,0.12975654,0.12165518,0.107988596,0.09830052,0.092141405,0.08593981,0.07907526,0.0725449,0.0536842
-0.5903665,-0.5436215,-0.4943662,-0.4608739,-0.4271545,-0.39870206,-0.36347806,-0.3346632,-0.3158228,-0.30166498,-0.29065964,-0.2745519
-0.103750184,-0.09270545,-0.08044059,-0.0747202,-0.067117654,-0.06302153,-0.05614844,-0.04998809,-0.04625351,-0.044811454,-0.04587257,-0.0461974
0.2134614,0.212209,0.20085211,0.18851395,0.18502988,0.16914082,0.16808954,0.16034158,0.15513249,0.15646414,0.15157986,0.14445682
0.02349021,0.049217686,0.06875816,0.08033839,0.08739182,0.0924155,0.09894033,0.09630004,0.09546887,0.09141636,0.08166493,0.062191136
0.33161622,0.30772465,0.29485276,0.28599408,0.27455997,0.2649901,0.24715367,0.22458068,0.20893034,0.21480747,0.22464481,0.22108334
-0.09098437,-0.091531806,-0.090497404,-0.08835167,-0.079748444,-0.07012978,-0.06523756,-0.045644473,-0.04064539,-0.023400431,-0.00053313,0.028236816
-0.08323574,-0.08480025,-0.08695014,-0.085706376,-0.084721446,-0.08114308,-0.07654641,-0.07343675,-0.06852378,-0.060239624,-0.046483636,-0.03652624
0.36991498,0.3445986,0.3170186,0.29618314,0.26916957,0.25239655,0.23003215,0.20731452,0.18997419,0.16514477,0.14324534,0.1223668
-0.038250875,-0.045804054,-0.051018324,-0.06006989,-0.062162776,-0.058902808,-0.07022591,-0.075347856,-0.077602744,-0.080366775,-0.0780423,-0.081498995
0.019444702,0.017383311,0.0142156845,0.015570493,0.014527562,0.017000133,0.015447219,0.018421158,0.019137183,0.023016963,0.028546799,0.03491963
0.01524436,0.019150943,0.02522512,0.02649219,0.03089799,0.03213091,0.034169856,0.04038722,0.041074928,0.041592773,0.03740628,0.03754897
-0.3863349,-0.37572402,-0.36309245,-0.35269952,-0.33533034,-0.32036978,-0.31438297,-0.29633328,-0.2855722,-0.2726114,-0.2554809,-0.23551966
-0.5835282,-0.5477682,-0.5152841,-0.48531088,-0.4559689,-0.43159643,-0.40623426,-0.37601084,-0.34949747,-0.32774162,-0.30754206,-0.28426465
-0.072311535,-0.07798195,-0.082327805,-0.08175164,-0.081841245,-0.08093853,-0.0800705,-0.07502834,-0.07235281,-0.067425475,-0.05715958,-0.043910064
0.08036421,0.0684176,0.05704063,0.046690606,0.03500457,0.029465636,0.01974787,0.009098139,0.001177079,-0.0140301585,-0.02646749,-0.035954032
-0.32494947,-0.32797727,-0.32920074,-0.31133386,-0.30230537,-0.28801203,-0.268614,-0.23637146,-0.20908344,-0.17801505,-0.13511574,-0.07984209
-0.17163818,-0.168206,-0.16409054,-0.15825494,-0.15068173,-0.14432041,-0.137802,-0.12644352,-0.11742409,-0.10690349,-0.09336389,-0.07772556
-0.29562995,-0.28784823,-0.2474226,-0.20765443,-0.20294254,-0.17873505,-0.15347256,-0.123805605,-0.106074505,-0.110614285,-0.11943677,-0.09435828
-0.5951282,-0.57671386,-0.5574426,-0.5300985,-0.5151257,-0.49045917,-0.46462715,-0.43665305,-0.40901485,-0.39000008,-0.36532974,-0.32982773
-0.118367985,-0.11669609,-0.112323195,-0.10477574,-0.1000503,-0.091081806,-0.085326165,-0.07867469,-0.06977819,-0.05756061,-0.03789888,-0.021834422
0.27996927,0.2517112,0.22641015,0.19533563,0.18674883,0.16661058,0.1526892,0.14719081,0.12763609,0.12215379,0.12587479,0.13274522
-0.22283848,-0.19756937,-0.17860374,-0.16232564,-0.1432281,-0.13221379,-0.119305894,-0.106001586,-0.095400654,-0.08076002,-0.07362835,-0.06545624
-0.11804531,-0.10457928,-0.090937406,-0.08389434,-0.074517585,-0.071100526,-0.062403142,-0.052473277,-0.044125676,-0.041886266,-0.04543491,-0.047211394
0.0542007,0.06821403,0.08056569,0.086369395,0.0865175,0.09073483,0.089169964,0.08304587,0.07464868,0.06182483,0.043926198,0.022368211
0.25508907,0.2408935,0.2274894,0.21810348,0.20475025,0.1962848,0.18929638,0.17939785,0.17718482,0.1707884,0.16500017,0.16110675
-0.19981734,-0.19518779,-0.18659452,-0.17967856,-0.16913944,-0.1598756,-0.14981194,-0.13679081,-0.123412296,-0.10886792,-0.0905793,-0.071784414
-0.20046255,-0.19728617,-0.18659858,-0.18666361,-0.18983322,-0.1848228,-0.18428902,-0.19542767,-0.20141551,-0.21485183,-0.2411273,-0.26573166
-0.17173901,-0.1755438,-0.17413099,-0.17145501,-0.16826676,-0.16229147,-0.15401609,-0.14659274,-0.13425505,-0.12442847,-0.11204839,-0.09316158
0.11811577,0.10300517,0.09051092,0.081279494,0.07911363,0.07218811,0.06792212,0.06684712,0.07089107,0.078984134,0.09421905,0.10714355
0.1303113,0.13052124,0.13293518,0.13527642,0.1361535,0.13697578,0.13023926,0.13105747,0.12344985,0.12389577,0.122657165,0.12073125
0.23163097,0.20887917,0.20737417,0.19674131,0.19447778,0.18334368,0.18637043,0.18751831,0.1742786,0.17608657,0.18531212,0.2018713
-0.07792027,-0.07296385,-0.07097818,-0.06942131,-0.06567368,-0.062809534,-0.06187063,-0.059363518,-0.05500413,-0.051368553,-0.048570078,-0.04911533
0.06199279,0.047939908,0.038470715,0.035026316,0.032406628,0.02987457,0.020658705,0.023441205,0.02382905,0.027888302,0.033587426,0.043376613
-0.25064242,-0.2090199,-0.16910514,-0.14920375,-0.13147342,-0.1152317,-0.10116542,-0.09602027,-0.102783546,-0.11349302,-0.14516085,-0.17161524
0.12786241,0.11837833,0.09574267,0.07605098,0.056970283,0.018589046,0.00792243,-0.015398957,-0.029934954,-0.07091957,-0.13007769,-0.17756556
0.21384116,0.2051992,0.20362613,0.19495922,0.19244225,0.18616626,0.16969068,0.16291104,0.15111165,0.14214002,0.1285631,0.11749106
0.059691228,0.06095066,0.06338899,0.06437999,0.06659524,0.061860174,0.06505972,0.061917562,0.05871634,0.06356573,0.0671246,0.06635795
-0.4958947,-0.4546187,-0.4209223,-0.39697984,-0.3689291,-0.35080704,-0.31819397,-0.29559636,-0.26835287,-0.25232103,-0.24142893,-0.23128416
0.1738667,0.14139329,0.12927803,0.11653822,0.11072074,0.108387604,0.10379961,0.104431584,0.1014253,0.11591974,0.14107262,0.17115025
-0.05123656,-0.033354625,-0.0111145675,0.0015277155,0.008710541,0.011089141,0.02480996,0.027836598,0.028738875,0.02386589,0.00953052,-0.00057020504
-0.21112792,-0.20444119,-0.19216566,-0.18142502,-0.17052498,-0.16391015,-0.15153253,-0.1349067,-0.1284067,-0.11759399,-0.10717056,-0.08900346
0.2818932,0.29058474,0.29590458,0.28015578,0.2778361,0.2631061,0.2589293,0.23461513,0.21479353,0.19502543,0.1612741,0.12424411
0.09499546,0.068184085,0.0414855,0.026107099,0.010714574,-0.0015377998,-0.020213254,-0.032985713,-0.036458712,-0.044796288,-0.047687773,-0.05129998
0.6342432,0.5983864,0.5605872,0.53533155,0.5030337,0.47873786,0.45308685,0.43243313,0.39792597,0.3741005,0.35284647,0.32994044
0.5833967,0.5695829,0.53280115,0.5003837,0.47922182,0.4501228,0.4231362,0.38689256,0.3662026,0.3527598,0.3280613,0.2908778
0.20779012,0.19441545,0.17941833,0.17863627,0.17502026,0.16337806,0.15125453,0.15265724,0.15102877,0.15903977,0.1730694,0.18189327
-0.11561924,-0.120584875,-0.12518731,-0.12816955,-0.12606694,-0.12592116,-0.12494219,-0.11820471,-0.112686194,-0.10743701,-0.09980108,-0.08819673
-0.07001073,-0.062359355,-0.0607911,-0.058362592,-0.05556217,-0.05323429,-0.05289737,-0.051253684,-0.047412287,-0.046584934,-0.04789251,-0.048475057
0.37184957,0.36493877,0.34973112,0.3287629,0.3174107,0.29517606,0.2783843,0.255594,0.23738618,0.21581475,0.18143694,0.14411436
-2.2208254,-2.0864844,-1.957042,-1.8811903,-1.7710732,-1.6851026,-1.5860018,-1.5075314,-1.4207494,-1.3574187,-1.3150102,-1.2680963
-0.15669559,-0.116655976,-0.0791266,-0.062510096,-0.044585645,-0.03407643,-0.023973398,-0.02815964,-0.03228525,-0.0387965,-0.06474186,-0.09954618
-0.2023317,-0.1756759,-0.15399025,-0.124438494,-0.108529724,-0.08210197,-0.06316308,-0.032525428,-0.009657967,0.0076068034,0.037027605,0.06657657
-0.24509245,-0.23296,-0.22096251,-0.21495174,-0.20647106,-0.2001798,-0.19322267,-0.19017833,-0.1851619,-0.18638213,-0.19125642,-0.19463173
-0.50435674,-0.46875829,-0.42515573,-0.3934938,-0.3632426,-0.33577985,-0.30482125,-0.27958095,-0.26169115,-0.24331468,-0.22037086,-0.19632638
-0.127296,-0.11700404,-0.106261544,-0.088570096,-0.081572354,-0.07144877,-0.05936638,-0.042993113,-0.032938413,-0.019945718,-0.005470451,0.014964398
0.18664408,0.14797743,0.111648455,0.083766766,0.06276052,0.04561722,0.019871995,-0.0012026802,-0.01631634,-0.024590958,-0.02838042,-0.03550202
-0.073441535,-0.06918847,-0.06254717,-0.06129531,-0.05632692,-0.052910034,-0.051285695,-0.050715797,-0.04793689,-0.045722418,-0.046271168,-0.045588974
0.24463877,0.24841252,0.25150886,0.24459869,0.24051961,0.23269331,0.22712505,0.2144855,0.19439441,0.18101344,0.15929486,0.13424543
0.3707262,0.3523139,0.3317285,0.31739002,0.30194628,0.2880643,0.2759372,0.26343018,0.25481153,0.24932097,0.24630313,0.2377919
0.28506547,0.24216285,0.20349665,0.18064882,0.15992522,0.14780885,0.1289095,0.1232149,0.12796798,0.1339092,0.15090244,0.17234261
-0.47583976,-0.45768955,-0.4233224,-0.40534347,-0.38289136,-0.36021182,-0.3396889,-0.32935762,-0.30274302,-0.2849569,-0.2792794,-0.27511644
0.23552088,0.20607924,0.17587338,0.15638848,0.13708565,0.12265362,0.10551293,0.09313325,0.0845495,0.07580772,0.07457561,0.07194018
0.179366,0.17511714,0.16973367,0.16348998,0.15680018,0.15405066,0.14597103,0.13017602,0.122538745,0.11875448,0.11322959,0.09960921
0.45544633,0.4315062,0.41475976,0.3991916,0.37739834,0.3580651,0.34240246,0.3252645,0.3006854,0.27972785,0.2584347,0.23916908
-0.09770602,-0.08450203,-0.0727224,-0.05973668,-0.052475113,-0.043815106,-0.034889076,-0.025114618,-0.019576881,-0.0138823725,-0.0058727395,0.0046885638
0.022192856,0.024267782,0.027229328,0.026736563,0.024549002,0.023365527,0.022232939,0.017426621,0.012340209,0.0032178666,-0.006556146,-0.015790293
-0.15825559,-0.1707927,-0.18019529,-0.17912522,-0.17910993,-0.1752062,-0.17090108,-0.15966155,-0.14607719,-0.13209459,-0.10621631,-0.07621152
0.033368394,0.0327085,0.029739162,0.02655244,0.023404054,0.019173194,0.013353772,0.011554739,0.005751566,-0.0026818775,-0.013825843,-0.022115337
0.413669,0.4010161,0.38820043,0.37816307,0.36082336,0.34862617,0.32396227,0.2965497,0.27028227,0.25087434,0.2270806,0.19579124
0.44247594,0.4455697,0.44047984,0.43063366,0.42045042,0.40751863,0.39258945,0.37319118,0.35397416,0.33719647,0.31486675,0.27895486
-0.47140932,-0.43974686,-0.40887493,-0.37293345,-0.34790105,-0.31431693,-0.2903022,-0.24879861,-0.22698669,-0.20373832,-0.18174292,-0.14460172
0.18843569,0.18846337,0.18663909,0.20392253,0.19118495,0.20136297,0.20767711,0.2140133,0.21170293,0.21103542,0.23621975,0.2575281
-0.3708361,-0.3623505,-0.35468483,-0.34510416,-0.32950014,-0.31867358,-0.30103552,-0.27627248,-0.25543767,-0.23510234,-0.21029432,-0.17762294
0.08957506,0.06263666,0.04261414,0.037255283,0.026001971,0.022761095,0.011812191,0.01658728,0.01928866,0.023564134,0.036060363,0.056335166
-0.05301978,-0.055294655,-0.058821537,-0.060555987,-0.061713282,-0.060721707,-0.06529974,-0.06675947,-0.0689306,-0.07084943,-0.073793,-0.07493648
0.115352936,0.11699949,0.11552022,0.11463056,0.115276754,0.113209374,0.11341147,0.11802461,0.1092937,0.1116208,0.11062047,0.11100164
-0.0043068537,-0.016755005,-0.015982594,-0.021868926,-0.02066686,-0.019368192,-0.019364486,-0.023457367,-0.026828418,-0.017731857,-0.0066681174,0.0026846624
-0.24054348,-0.2389938,-0.2406907,-0.23704547,-0.23443788,-0.23168887,-0.23302409,-0.23486584,-0.2265438,-0.22218286,-0.21836708,-0.21609871
0.0726209,0.04663662,0.02169149,0.008385424,-0.003139887,-0.011047836,-0.020400163,-0.024575245,-0.023988675,-0.02004096,-0.005238452,0.010851611
-0.16862704,-0.15972908,-0.1504147,-0.13911355,-0.12894861,-0.12572011,-0.113776185,-0.10323431,-0.08471865,-0.0743449,-0.068644844,-0.06086136
-0.22010565,-0.21089047,-0.20183468,-0.1939665,-0.18426298,-0.17050405,-0.16019446,-0.15264301,-0.14313398,-0.12711158,-0.110305846,-0.0975157
0.3571683,0.36005998,0.35795966,0.34898674,0.3387102,0.33369532,0.31979832,0.30263203,0.27969545,0.256392,0.22707771,0.1971679
-0.5530072,-0.5316303,-0.5074029,-0.49185535,-0.46929693,-0.44740883,-0.4248026,-0.39893624,-0.37780595,-0.36224526,-0.34462094,-0.31898415
-0.0234372,-0.01853947,-0.012828663,-0.007952746,-0.0034096055,0.0015096096,0.005855429,0.01660673,0.014458213,0.018002257,0.023347216,0.032017745
-0.40042126,-0.36681163,-0.33781826,-0.3102247,-0.28865162,-0.26815927,-0.2435663,-0.22501756,-0.20275179,-0.18455462,-0.1723389,-0.1580526
-0.68804973,-0.6534041,-0.5873723,-0.57047033,-0.53154916,-0.5091482,-0.47826785,-0.45237136,-0.43501803,-0.43391347,-0.44833755,-0.45356497
-0.3111595,-0.28418452,-0.25788417,-0.24421982,-0.22982329,-0.21799693,-0.20317328,-0.19529599,-0.19614689,-0.20000875,-0.21317862,-0.22053158
0.018120889,0.025890345,0.032934956,0.033528924,0.033504266,0.0321004,0.03264501,0.025467146,0.019094475,0.011188995,-0.003067304,-0.019563617
-0.19252667,-0.21415216,-0.23359811,-0.23971812,-0.24382022,-0.24575683,-0.24828482,-0.24784073,-0.23803672,-0.22504185,-0.20196852,-0.17452446
0.26117793,0.2526515,0.2424804,0.2374191,0.2313157,0.2207216,0.22171484,0.21418148,0.21082537,0.21748543,0.23027246,0.2364482
0.06264557,0.053891134,0.0489991,0.049979296,0.0486233,0.047183566,0.050630018,0.056426525,0.0624625,0.07085253,0.087340616,0.10539253
0.10236853,0.088571265,0.078203335,0.0705973,0.063681625,0.05815199,0.050948024,0.045731332,0.04466678,0.04415399,0.046461254,0.04836998
0.020433484,0.017733917,0.017020125,0.020543512,0.01787918,0.0209696,0.022982549,0.021163676,0.022795696,0.02689441,0.03638167,0.041738845
-0.30718896,-0.30703434,-0.30575052,-0.29935613,-0.28967777,-0.28025675,-0.27538866,-0.26307076,-0.25148204,-0.2367595,-0.21390292,-0.19060881
-0.09292949,-0.075864024,-0.062845744,-0.060599662,-0.054743093,-0.053068478,-0.04637757,-0.05037497,-0.047936868,-0.053117234,-0.06908788,-0.08689535
0.14756776,0.1300095,0.10903191,0.09315552,0.08124627,0.068592176,0.051773805,0.038303792,0.0242555,0.013180545,0.0055689896,-0.0036740266
0.3887635,0.3544747,0.32614085,0.30422857,0.28145313,0.2672718,0.2543769,0.23898792,0.2261709,0.2212543,0.23133081,0.2368016
-0.14880095,-0.12233563,-0.087969534,-0.051121615,-0.039711718,-0.015871145,-0.0001517313,-0.004333429,-0.00015967619,0.010847833,0.033135217,0.047045372
0.50648654,0.47687405,0.45038718,0.4287281,0.4091343,0.39352807,0.35986352,0.34796467,0.34339026,0.32804146,0.30975547,0.29876024
0.0069216266,-0.008774867,-0.02006566,-0.024605429,-0.026766352,-0.02114412,-0.02274312,-0.01807189,-0.013835421,0.00026957318,0.025394622,0.050082434
-0.21560492,-0.20255971,-0.18454958,-0.17445293,-0.1629339,-0.15330735,-0.13642205,-0.13257517,-0.12064983,-0.1094111,-0.10065939,-0.09430498
0.11551608,0.12472983,0.13488613,0.13630515,0.13843912,0.14285941,0.14348507,0.13611561,0.12624474,0.12650923,0.123564444,0.11435932
0.261289,0.24387155,0.22596234,0.21454945,0.19815622,0.1857708,0.16941391,0.1567351,0.14448056,0.12873243,0.11504713,0.09966764
0.11349813,0.10757924,0.10313468,0.10806854,0.100587964,0.10311871,0.09620379,0.088848345,0.09118339,0.09174923,0.0983205,0.09764644
-0.20008123,-0.18418866,-0.16171432,-0.15809335,-0.14129108,-0.1314822,-0.11656833,-0.108259305,-0.095263675,-0.08621675,-0.08574467,-0.081337765
0.042945053,0.041595854,0.041805822,0.041524664,0.038260464,0.03905443,0.03666391,0.033619907,0.03154433,0.026884599,0.020767616,0.015670704
0.06450811,0.064416,0.06906474,0.06659186,0.06509083,0.065518424,0.06462933,0.065938525,0.05495144,0.046163294,0.0374633,0.031499065
-0.2535992,-0.2336894,-0.21450451,-0.1926468,-0.17728014,-0.16321886,-0.15306704,-0.13588233,-0.12635522,-0.11374559,-0.09960266,-0.08690663
0.018142063,0.023818973,0.030255694,0.03478975,0.034157567,0.03313555,0.03765869,0.037358686,0.035011917,0.030668518,0.02169772,0.015289867
-0.14156486,-0.13112505,-0.1220118,-0.114766285,-0.10682899,-0.102343686,-0.09502764,-0.08831924,-0.07992993,-0.076200336,-0.07533263,-0.07270832
0.28981566,0.28297153,0.27368215,0.2562083,0.24669428,0.22393431,0.21397698,0.19663854,0.17426986,0.1538993,0.12768857,0.096712455
-0.19772553,-0.20089673,-0.20072915,-0.19860089,-0.19493853,-0.19103125,-0.18805698,-0.17972614,-0.17112269,-0.16583537,-0.15594098,-0.14354996
-0.6385362,-0.62061536,-0.5969608,-0.5709061,-0.5520618,-0.529672,-0.4965564,-0.4649673,-0.42850384,-0.4054289,-0.38618565,-0.34869954
0.09981015,0.083665684,0.06641166,0.057018314,0.047009308,0.042220924,0.033560414,0.026938997,0.027894614,0.029468793,0.033383332,0.03642174
-0.04612051,-0.04508513,-0.05030283,-0.057765614,-0.06130474,-0.063613474,-0.070322596,-0.08261059,-0.08595141,-0.09344471,-0.10662271,-0.12441853
-0.055481408,-0.05085148,-0.04369715,-0.039617818,-0.036128253,-0.03020513,-0.025476519,-0.020671256,-0.017215261,-0.014392026,-0.012772717,-0.01008937
-0.073904835,-0.08540329,-0.098334774,-0.10206195,-0.10647693,-0.10707599,-0.11253622,-0.10701557,-0.10371544,-0.1031765,-0.094242126,-0.08362757
-0.07541818,-0.087508634,-0.09126522,-0.0737115,-0.07811962,-0.07406861,-0.07281979,-0.061678305,-0.056061044,-0.04687941,-0.02743743,0.0012989594
0.19737183,0.17796385,0.15980463,0.14765891,0.13624986,0.13113,0.12034677,0.1165444,0.10845248,0.10615928,0.11418037,0.122993544
-0.1669793,-0.15783994,-0.14282843,-0.14149901,-0.13037416,-0.11937475,-0.100395314,-0.09300454,-0.07886466,-0.063671485,-0.047987152,-0.03501475
0.17868404,0.16655533,0.1544896,0.14709978,0.13946594,0.13410932,0.122593395,0.114415556,0.10874752,0.10774553,0.11013984,0.10661259
-0.21709691,-0.20725964,-0.19646421,-0.1917077,-0.18130375,-0.17304267,-0.17173637,-0.16577148,-0.15680157,-0.15308124,-0.15231405,-0.15439491
0.14635053,0.121031806,0.102439165,0.08964969,0.07826199,0.07295074,0.06375246,0.06178842,0.055914436,0.056492403,0.067762926,0.082608745
0.45756295,0.42188507,0.3877121,0.3569929,0.33124444,0.30998033,0.27986225,0.25259292,0.23244655,0.21347909,0.1965034,0.1752453
0.04771552,0.026865713,0.0055536292,-0.0033815168,-0.015077516,-0.018889876,-0.02505329,-0.025928315,-0.026222423,-0.024578959,-0.010672889,0.00712514
0.19778565,0.19135195,0.184338,0.17504199,0.16791141,0.16118412,0.15183872,0.13924985,0.1307935,0.12384398,0.11463575,0.10098369
-0.15818468,-0.1498677,-0.14461115,-0.13464682,-0.12972295,-0.12404437,-0.11681833,-0.11233899,-0.10251162,-0.09694032,-0.09071022,-0.08559003
-1.3096974,-1.2235835,-1.1289691,-1.0704697,-0.99729764,-0.9396761,-0.8730099,-0.81366366,-0.75795865,-0.715275,-0.68865246,-0.652881
0.006338791,-0.0070936894,-0.01570979,-0.018615104,-0.024109058,-0.026216716,-0.028844547,-0.028473835,-0.027523968,-0.024301235,-0.01339258,-0.0024183393
0.18001963,0.18420655,0.18503615,0.17921281,0.1742683,0.16637397,0.15640637,0.1423592,0.12173999,0.10264678,0.07545461,0.04816585
0.094531596,0.093249775,0.091535054,0.08866368,0.084641315,0.08241539,0.07448728,0.06560192,0.055087995,0.047439337,0.03564161,0.02192505
-0.04778086,-0.02965094,-0.015178181,-0.0012168139,0.0030115508,0.012135066,0.015272923,0.015016841,0.014555335,0.011509936,0.0026181247,-0.010781088
0.02268535,0.014451399,0.002642233,-0.008712932,-0.014825518,-0.023566836,-0.024987236,-0.033520587,-0.03689876,-0.040444806,-0.042320855,-0.04484175
-0.11406714,-0.10398655,-0.09470478,-0.08457252,-0.07786665,-0.07268517,-0.057537448,-0.047927905,-0.04342402,-0.03326539,-0.021031836,-0.0057564876
-0.49515536,-0.4657394,-0.4391281,-0.42182,-0.3973012,-0.38094252,-0.35804364,-0.3417786,-0.32410377,-0.31083786,-0.30274552,-0.2920071
0.10943957,0.09788301,0.08657129,0.07647474,0.07279484,0.067811504,0.058667522,0.05755815,0.059486322,0.06091052,0.06417678,0.06706305
-0.25006142,-0.25458288,-0.2653224,-0.26337346,-0.2620343,-0.26021338,-0.26154476,-0.25246802,-0.23892832,-0.23423295,-0.22612742,-0.21015537
-0.36184743,-0.33578032,-0.31757775,-0.2902498,-0.27473983,-0.258676,-0.2387896,-0.21557866,-0.19925654,-0.18516447,-0.1715309,-0.14999166
-0.024117034,-0.02061229,-0.0101366425,-0.008314006,-0.0036674477,0.00042348262,0.011110473,0.015233719,0.02045878,0.025614666,0.031236568,0.038071334
0.44106975,0.41894224,0.3926084,0.36442402,0.33981338,0.31808865,0.29329962,0.2637201,0.23072809,0.20248927,0.17042883,0.13246334
0.11165909,0.107100956,0.09688882,0.09541561,0.09743811,0.106106535,0.09222655,0.10380166,0.10234533,0.11455628,0.13329025,0.14858283
0.023720432,0.0338033,0.042022534,0.049657978,0.050917402,0.05316049,0.056344997,0.05686117,0.057744175,0.05299741,0.04583244,0.03741486
-0.07372074,-0.07827963,-0.08217126,-0.08152905,-0.08501036,-0.0828607,-0.08345304,-0.085991986,-0.08507289,-0.084403835,-0.08123118,-0.078490995
-0.060436007,-0.060951944,-0.06338903,-0.053740747,-0.04945056,-0.04265651,-0.045241803,-0.02885988,-0.013455054,-0.006021574,0.0054931995,0.028062314
-0.078252904,-0.066378884,-0.048466716,-0.04402958,-0.037544157,-0.03642877,-0.027560055,-0.021824654,-0.028114464,-0.035897475,-0.051791888,-0.061591756
0.39674526,0.377143,0.3624682,0.3455507,0.3313618,0.33278283,0.29608092,0.2772389,0.2693499,0.26126868,0.23728508,0.20654103
0.1441428,0.12975077,0.11019063,0.09700379,0.08398211,0.07129076,0.065833256,0.057036445,0.055339653,0.04839719,0.045013472,0.04047112
0.4976904,0.4595664,0.43709034,0.4169312,0.3979151,0.38999027,0.36896962,0.3603552,0.34229895,0.33910117,0.34707242,0.3544359
0.21367532,0.21255329,0.21282732,0.2093261,0.1970636,0.19118911,0.17607526,0.15439263,0.13322966,0.108008794,0.07732476,0.038807414
0.17289478,0.13268612,0.09561644,0.07615048,0.05528473,0.042928427,0.021319427,0.01330715,0.0086871125,0.00716212,0.016963068,0.026664661
-0.28241894,-0.2825725,-0.27827883,-0.27568683,-0.26470065,-0.2567952,-0.24926823,-0.23622936,-0.22190398,-0.20653777,-0.1887565,-0.16725665
-0.24178076,-0.23624088,-0.22765827,-0.2167109,-0.20502776,-0.19012369,-0.17948914,-0.16053075,-0.14479184,-0.12625532,-0.10705522,-0.07847171
-0.52470595,-0.5009111,-0.48001283,-0.4587117,-0.43233284,-0.40738636,-0.3805618,-0.3438547,-0.31482178,-0.28301662,-0.25006476,-0.20707089
0.07804792,0.075954854,0.06777715,0.06496591,0.060220573,0.05965359,0.04945806,0.04592365,0.045345634,0.043896295,0.042922202,0.033458903
-0.34940785,-0.31923956,-0.28647146,-0.26726303,-0.24817914,-0.23300244,-0.21762311,-0.21036032,-0.2047078,-0.20356238,-0.2148703,-0.22421758
0.3771694,0.33896858,0.3002669,0.2725183,0.24554066,0.22761682,0.19662356,0.1715056,0.1577053,0.13865288,0.12508236,0.11043601
-0.067032464,-0.061762422,-0.058674585,-0.05120165,-0.047179494,-0.042504422,-0.038007814,-0.028308995,-0.023167053,-0.016969932,-0.008159695,0.0014234204
-0.077980004,-0.087931626,-0.09328489,-0.09949389,-0.098927334,-0.100352526,-0.10774756,-0.114678726,-0.11677572,-0.113634706,-0.10881918,-0.10700142
-0.15624845,-0.13162738,-0.10877731,-0.09867364,-0.08683669,-0.076257005,-0.06753171,-0.06582615,-0.06849566,-0.07252442,-0.08137793,-0.09438989
0.034270383,0.016120195,-0.0049095713,-0.012518946,-0.020063188,-0.025039691,-0.027895281,-0.025791936,-0.020712262,-0.011865249,0.0072812513,0.028543295
-0.5830904,-0.5413167,-0.49751043,-0.470285,-0.44262522,-0.41768107,-0.391588,-0.37265038,-0.3574917,-0.35001877,-0.3543436,-0.35182768
0.2863687,0.2915338,0.2944541,0.2821615,0.29339772,0.31142625,0.30616787,0.33157825,0.3176068,0.33178905,0.33794153,0.35779497
0.11479118,0.10606715,0.092018835,0.08600978,0.074277304,0.06923418,0.06902462,0.06084679,0.06306761,0.06117164,0.06590754,0.0659815
0.0083193695,0.0025217766,0.00068687927,1.4517456e-05,-0.0054210937,-0.0012800703,-0.0040829545,-0.0044735246,-0.0047039576,-0.007032145,-0.0069143823,-0.003366498
0.026707977,0.039805062,0.050534695,0.057697672,0.066685274,0.06816216,0.072003305,0.08046006,0.08327536,0.08331803,0.084016025,0.08212402
0.2755222,0.2495854,0.22405837,0.21428323,0.1967375,0.18335082,0.16509618,0.15210596,0.13660637,0.12850678,0.127019,0.122272864
-0.09457989,-0.08418677,-0.07896106,-0.07393454,-0.07002991,-0.07035038,-0.07110323,-0.077894524,-0.0772079,-0.076278225,-0.08145277,-0.097561434
-0.13550144,-0.17446205,-0.20525001,-0.21595377,-0.22236866,-0.22213826,-0.22431627,-0.20838188,-0.18837106,-0.16288942,-0.11531781,-0.05926363
-0.106432274,-0.10633947,-0.10237582,-0.09824258,-0.09372716,-0.08780482,-0.08246381,-0.075399786,-0.065417014,-0.05763001,-0.048027515,-0.035710357
-0.20804055,-0.18704662,-0.16951391,-0.16457303,-0.1559588,-0.14552818,-0.1385383,-0.14003074,-0.13988926,-0.14582682,-0.1590402,-0.17185333
-0.4368967,-0.38234577,-0.329321,-0.30258182,-0.2712929,-0.25279295,-0.22012043,-0.20641035,-0.19518219,-0.18970437,-0.20175907,-0.21608879
-0.07656504,-0.062386654,-0.047138285,-0.036253594,-0.02891572,-0.016515357,-0.013067504,-0.0045354962,-0.005666755,-0.0060210666,-0.006185179,-0.0050977473
0.47925106,0.47415918,0.45555946,0.4281748,0.4046156,0.38067526,0.35488018,0.31046197,0.2699726,0.23028992,0.17453486,0.10698818
-0.36565068,-0.35366404,-0.34109846,-0.32949477,-0.31672633,-0.30743685,-0.29355437,-0.28310362,-0.27378127,-0.26254323,-0.25260085,-0.23787388
-0.30648473,-0.29034367,-0.25589442,-0.24087082,-0.21820256,-0.1971608,-0.17258628,-0.1531796,-0.12918766,-0.11017108,-0.0993444,-0.07927233
0.12603636,0.08822807,0.05293846,0.032645933,0.015141949,0.0027081221,-0.01184383,-0.013906997,-0.01115695,-0.010307562,0.00750605,0.026961725
-0.037379026,-0.021448256,-0.0066569354,-0.0011720322,0.0054781046,0.010105405,0.018438904,0.01861711,0.01793687,0.017474817,0.010792679,0.0008859844
-0.19912614,-0.17549749,-0.14936687,-0.13724133,-0.12442372,-0.11340307,-0.099443674,-0.0974416,-0.09449271,-0.09444442,-0.10458655,-0.113966286
-0.1155598,-0.10474205,-0.091354616,-0.08122572,-0.07211993,-0.0654892,-0.052142903,-0.03906401,-0.031834994,-0.023065515,-0.020388374,-0.00965313
-0.2605968,-0.23911993,-0.22077298,-0.20735453,-0.19566199,-0.18422915,-0.17334022,-0.16614887,-0.15973814,-0.15746418,-0.1613296,-0.16352528
-0.3860883,-0.3430171,-0.30498558,-0.28120837,-0.25735885,-0.23335616,-0.22515126,-0.20408425,-0.20651019,-0.20943017,-0.22817717,-0.2436793
-0.42088237,-0.41828173,-0.41185653,-0.40498784,-0.3884194,-0.37624943,-0.3594254,-0.33429092,-0.30946848,-0.28587553,-0.25418964,-0.2163921
0.21684083,0.17256139,0.14168662,0.10515173,0.08461129,0.06803386,0.042675592,0.026366863,0.009967685,-0.0031460281,-0.016491499,-0.020616252
-0.802817,-0.7385923,-0.6682768,-0.6202044,-0.5691964,-0.5319336,-0.4702041,-0.43982506,-0.39065295,-0.34310246,-0.31402788,-0.28047636
0.17371044,0.16497716,0.1455519,0.14768533,0.13724677,0.13092609,0.11008874,0.11046805,0.13122702,0.122223765,0.107072234,0.099521235
-0.15849213,-0.14284502,-0.127456,-0.117814496,-0.1062017,-0.09989399,-0.089249216,-0.079610564,-0.0724756,-0.066790566,-0.065622255,-0.06210211
0.09371805,0.0710239,0.04928727,0.04106577,0.02892726,0.02375079,0.0155042745,0.01703694,0.016108569,0.016876666,0.03162977,0.04852783
0.02566937,0.022877773,0.019375836,0.01816959,0.017534941,0.01845926,0.02568312,0.029622927,0.035540342,0.044538528,0.05975917,0.07651313
0.118867375,0.11121929,0.103648916,0.09627513,0.090473235,0.08248168,0.07848798,0.07190752,0.0662913,0.06059778,0.055230286,0.050547566
0.051563434,0.056154452,0.0569993,0.045142386,0.041772112,0.035125464,0.027262863,0.012527082,-0.0041136593,-0.02424999,-0.054298308,-0.08426359
-0.18833472,-0.17642161,-0.16387181,-0.15658635,-0.14911881,-0.14488886,-0.13773143,-0.13334438,-0.13153937,-0.13448736,-0.13999593,-0.14218965
0.16342156,0.16975918,0.17401317,0.16494626,0.15725495,0.14918779,0.13912675,0.11237696,0.09187355,0.069251426,0.034527373,-0.009544339
-0.61535764,-0.5640411,-0.51879567,-0.4894981,-0.45734033,-0.43084475,-0.40650105,-0.38343537,-0.3704226,-0.36577228,-0.37206826,-0.3744591
-0.5722916,-0.5488262,-0.5232426,-0.5017682,-0.4752009,-0.4531349,-0.42558032,-0.39490765,-0.369612,-0.34397772,-0.31598198,-0.27950034
-0.39667752,-0.37156448,-0.34294894,-0.32469094,-0.30445758,-0.28524378,-0.266558,-0.25044608,-0.23719884,-0.22573361,-0.21646921,-0.20605329
0.40463793,0.38280374,0.35512003,0.3343174,0.31279776,0.2942036,0.27459526,0.24939393,0.23320764,0.22230177,0.20916504,0.18675204
-0.045668446,-0.04515168,-0.0461052,-0.05089631,-0.05360313,-0.054084457,-0.056828357,-0.06086418,-0.06256497,-0.070725046,-0.08336723,-0.09339908
-0.2804616,-0.26622328,-0.25409028,-0.24277657,-0.22702618,-0.21716003,-0.2053069,-0.189815,-0.17133427,-0.15461634,-0.14114755,-0.12725352
-0.55459297,-0.52751195,-0.49817577,-0.4824542,-0.45964158,-0.4367734,-0.419973,-0.4046409,-0.38841772,-0.37656662,-0.37183642,-0.3657677
-0.027512535,-0.021399733,-0.018450443,-0.018231558,-0.017260082,-0.022714216,-0.021853644,-0.031558603,-0.03820142,-0.04563407,-0.061900802,-0.07609251
0.023930851,0.035777256,0.045958914,0.05045943,0.051551506,0.05427701,0.0576112,0.052814446,0.049478967,0.04400929,0.034214765,0.021435557
-0.49460506,-0.47735873,-0.457794,-0.43758145,-0.4170312,-0.3964786,-0.37653947,-0.35084802,-0.33069158,-0.31139877,-0.28750348,-0.25528377
-0.031495534,-0.026557215,-0.023806406,-0.0069645895,-0.005149304,-0.0021601357,-0.0016087759,0.006901512,0.023465872,0.030596089,0.030076988,0.03509095
0.33638033,0.3208654,0.30681953,0.29422635,0.27936667,0.2713626,0.25896972,0.24142379,0.23293217,0.2211891,0.21281436,0.19998047
-0.040759843,-0.046822246,-0.05090419,-0.052506737,-0.051048636,-0.049282324,-0.048667103,-0.03813059,-0.034216244,-0.030057631,-0.01983226,-0.004076491
0.69038224,0.66961354,0.64112747,0.6205134,0.59803176,0.5706111,0.54980206,0.5128235,0.4996565,0.4895028,0.47469446,0.45306265
-0.013890058,-0.024704417,-0.029716311,-0.031669468,-0.032189373,-0.028802391,-0.03092787,-0.02395546,-0.023860179,-0.016618878,-0.0018562749,0.01655421
0.014336387,0.003579881,-0.010005616,-0.011914272,-0.013452712,-0.017065197,-0.013159126,-0.0048644356,0.0065773167,0.021422425,0.04474276,0.06933464
-0.008623939,-0.02657412,-0.047531,-0.06644718,-0.06955842,-0.07941088,-0.077671945,-0.072539814,-0.068631545,-0.058607616,-0.044055615,-0.022200357
0.10105467,0.106754094,0.1168049,0.11713445,0.12309004,0.12062065,0.11695491,0.11828518,0.108149126,0.10458727,0.09558843,0.08456213
0.1784697,0.15759946,0.13308159,0.121371716,0.108461246,0.10264701,0.08977518,0.08170821,0.0827404,0.08525728,0.095796034,0.100757375
-0.08419925,-0.09831698,-0.11273411,-0.115395315,-0.11848716,-0.11794522,-0.11941184,-0.11079175,-0.10233594,-0.09305544,-0.074147984,-0.05083671
-0.008022361,-0.01020803,-0.011889938,-0.01211223,-0.01269151,-0.011793472,-0.00678108,-0.009023292,-0.0057360623,0.0005942611,0.008357882,0.01818089
-0.0771692,-0.06717881,-0.057806272,-0.047433425,-0.04443694,-0.044900477,-0.03359072,-0.028130952,-0.028324233,-0.030052997,-0.033311862,-0.03278235
0.2682541,0.25326547,0.24301507,0.23424323,0.22547825,0.21861151,0.21189222,0.20566988,0.19924656,0.19617882,0.19956826,0.20367354
-0.14061424,-0.1353362,-0.12791395,-0.1164994,-0.11251113,-0.102114335,-0.09282774,-0.083750665,-0.07323958,-0.064045586,-0.04824447,-0.033404678
-0.15653916,-0.1497237,-0.14148867,-0.14064331,-0.1358323,-0.13404731,-0.1312738,-0.13361892,-0.13403694,-0.13595507,-0.14131624,-0.1495338
0.23241217,0.21398415,0.19678895,0.18308008,0.17212915,0.16363469,0.15537605,0.15204906,0.14918773,0.14878388,0.15479726,0.16021942
0.108005755,0.114450574,0.11657318,0.12112211,0.122089006,0.12145362,0.12499598,0.12726882,0.13009666,0.13462529,0.1360079,0.13439982
0.10158393,0.10933518,0.11790195,0.11646696,0.11748862,0.11724171,0.11157148,0.10471386,0.09160195,0.08251923,0.065260954,0.04513288
-0.9535201,-0.8943343,-0.8277328,-0.7810175,-0.73026353,-0.6869336,-0.64231837,-0.60023564,-0.56566614,-0.5373625,-0.5155741,-0.48409975
0.252487,0.24379699,0.23221672,0.21878923,0.20830564,0.19755678,0.18905571,0.17657076,0.16650605,0.15724654,0.14706278,0.13298677
0.014347161,0.008932483,0.0014747242,-0.0050262716,-0.010267882,-0.008036589,-0.010497873,-0.016470289,-0.0126287,-0.011192012,-0.005848923,-0.004171121
-0.1881456,-0.17823687,-0.17079757,-0.16930105,-0.15954278,-0.15814254,-0.15333426,-0.14776044,-0.14510822,-0.14353362,-0.14447452,-0.14608748
0.008134734,0.008854393,0.006724406,0.0028471686,0.011978405,0.0110163,0.0076237284,0.01910371,0.026655825,0.0415655,0.058892667,0.069793455
0.009463694,0.011849817,0.010509723,0.012697147,0.012299737,0.012040827,0.007062363,0.0048786076,0.0058119753,0.0054215672,0.0055151368,0.00023023272
0.2639111,0.28840673,0.29087308,0.31057715,0.30374628,0.316131,0.3066019,0.2659651,0.27283198,0.27935284,0.26387122,0.20674042
0.2783088,0.2760492,0.27399412,0.2780567,0.27620283,0.2669637,0.27051133,0.26800945,0.26995778,0.27969432,0.28922415,0.2944517
-0.45491105,-0.42363042,-0.39481664,-0.37262696,-0.34675854,-0.32147864,-0.30188563,-0.28159213,-0.26856497,-0.25081676,-0.23198566,-0.21057834
0.1715572,0.16478157,0.1524544,0.13899164,0.1174119,0.11188514,0.092280924,0.0607131,0.04056001,0.0125179645,-0.017652918,-0.060532607
-0.25079688,-0.2386586,-0.22875345,-0.20878163,-0.19774601,-0.18488035,-0.16757664,-0.14600503,-0.1253282,-0.104524195,-0.08110818,-0.052352574
0.16397616,0.16227856,0.15914571,0.14794292,0.14133297,0.13135812,0.123389356,0.10809303,0.093657866,0.07984291,0.055614144,0.029606825
-0.038056232,-0.035100523,-0.027272504,-0.024224203,-0.019115537,-0.016620083,-0.014512574,-0.0141031435,-0.012913415,-0.008053744,-0.0075828778,-0.0075007714
0.1009894,0.083436504,0.062770426,0.053257275,0.047920235,0.040598948,0.034515858,0.040530935,0.043909434,0.050475232,0.06618732,0.08354528
0.35127953,0.365382,0.37840754,0.37565738,0.37080777,0.3759854,0.35881612,0.3469202,0.32549375,0.29880682,0.25512502,0.21382971
-0.28910017,-0.26850486,-0.24472116,-0.22809005,-0.21298933,-0.20008679,-0.18406875,-0.1743335,-0.16512236,-0.15781909,-0.1550744,-0.14972153
-0.13971275,-0.13332838,-0.12462002,-0.11981979,-0.11387917,-0.105162576,-0.10418849,-0.09904142,-0.09683228,-0.09666002,-0.098880924,-0.09848577
0.42674533,0.40047127,0.36860755,0.33916855,0.31192502,0.28336054,0.25674322,0.2246576,0.19902763,0.16692965,0.13231482,0.09064198
-0.32824323,-0.3037159,-0.27992627,-0.25324702,-0.23775522,-0.21630289,-0.19599415,-0.17720911,-0.15855916,-0.1438687,-0.12183597,-0.09875467
-0.080760196,-0.07878778,-0.076205485,-0.07540245,-0.07170867,-0.06917449,-0.064534724,-0.059914425,-0.05913313,-0.05606464,-0.050782952,-0.044992585
0.33272707,0.29903248,0.26502702,0.24353912,0.2159051,0.19738281,0.16488113,0.14255378,0.12786561,0.104701035,0.08533786,0.06265541
0.025335638,0.023229726,0.01761508,0.014407923,0.0090846885,0.0040782206,-0.001881184,-0.007013715,-0.01195329,-0.021795355,-0.032978877,-0.04345258
-0.14293821,-0.14857294,-0.14893977,-0.14763686,-0.14496647,-0.13969348,-0.14017993,-0.12795387,-0.12308916,-0.11794713,-0.108246475,-0.092417866
-0.047123745,-0.048012115,-0.043334078,-0.041984316,-0.038095683,-0.03338423,-0.032584928,-0.02761312,-0.021273613,-0.015274471,-0.010447498,-0.0029800937
0.21363196,0.21684237,0.22360398,0.22247697,0.22033742,0.2189254,0.21631305,0.21028927,0.19951361,0.19739062,0.1886616,0.1742745
-0.069617584,-0.07562065,-0.083417356,-0.08548005,-0.083801955,-0.083512135,-0.08116087,-0.07165909,-0.06335457,-0.05362643,-0.03771666,-0.019009544
0.17421074,0.1806948,0.18601984,0.18189597,0.17805773,0.17290302,0.16514128,0.15296149,0.13603067,0.11983252,0.09379883,0.06461122
0.024102475,0.014140889,0.012640672,0.019364402,0.016628187,0.017881742,0.0226059,0.034627832,0.038780056,0.044062946,0.05428056,0.07402139
-0.316316,-0.3176385,-0.31674135,-0.30899364,-0.2978984,-0.29158428,-0.27577412,-0.25433275,-0.23104228,-0.2084946,-0.17731267,-0.13907358
0.5949763,0.5603757,0.5294895,0.5202217,0.48156163,0.47989643,0.471536,0.45101297,0.44595695,0.43970007,0.45936882,0.47775334
-0.49624723,-0.45649776,-0.42490023,-0.40484685,-0.38059783,-0.36198926,-0.34827903,-0.33192104,-0.33011913,-0.32946092,-0.34310925,-0.35473368
-1.1542339,-1.0770996,-1.0009726,-0.95100296,-0.89394265,-0.8420405,-0.7864698,-0.73988587,-0.69718695,-0.66680354,-0.64884317,-0.62342423
0.41664034,0.40102088,0.38176948,0.37207848,0.35536215,0.3431421,0.32186198,0.30408362,0.2938808,0.2843095,0.2736687,0.2527418
-0.016618818,0.00015163608,0.008977756,0.02173112,0.02323529,0.026444633,0.0320125,0.029152565,0.026819967,0.02628187,0.023764998,0.016371485
-0.43729773,-0.39504474,-0.36751556,-0.34547263,-0.3345677,-0.32620722,-0.30244893,-0.30869377,-0.2994612,-0.3052864,-0.32890666,-0.35760143
0.18979248,0.17212263,0.16609061,0.1543702,0.1413323,0.13645908,0.121624306,0.10729962,0.09670461,0.08191092,0.0653154,0.05056683
-1.4318075,-1.3634746,-1.278767,-1.2250727,-1.1561987,-1.1014175,-1.0270562,-0.96046203,-0.90069324,-0.85347414,-0.8123819,-0.7510501
-0.0036422145,-0.011162293,-0.014807112,-0.014590885,-0.014886055,-0.014406163,-0.012110046,-0.003911536,0.0015222374,0.006821329,0.017954385,0.034399208
-0.23336402,-0.20673408,-0.18631236,-0.16819754,-0.15693939,-0.14877638,-0.13107046,-0.122311674,-0.11539069,-0.11106573,-0.115032904,-0.118264355
0.24604976,0.2205773,0.19848542,0.17458948,0.16167144,0.14656869,0.12972,0.112892196,0.10212687,0.093760796,0.086706646,0.07973675
0.033121172,0.02265465,0.01373226,0.008463394,0.0035396433,0.0015829271,-0.0051478073,-0.009231396,-0.011378752,-0.012131419,-0.0071868286,-0.007458248
-0.012026236,-0.016458532,-0.020721698,-0.019588202,-0.02529399,-0.028615506,-0.02897967,-0.03205784,-0.031743053,-0.035825264,-0.04104651,-0.046658944
0.018653821,0.01933467,0.020911872,0.026901986,0.021706715,0.023483688,0.017382365,0.009869406,0.0058055827,-0.0009132158,-0.011512838,-0.02742276
0.028468609,0.03059493,0.03324683,0.028881222,0.028853592,0.021955235,0.019194609,0.010932483,0.0042664483,-0.0055483636,-0.021969533,-0.040828377
0.10280272,0.08887091,0.078214794,0.073049195,0.06671,0.06101313,0.057589658,0.057933606,0.057997223,0.060026087,0.06560537,0.07434202
0.07688682,0.06426602,0.052867547,0.039888047,0.032052465,0.025132429,0.018492926,0.010704439,0.0054495,-0.00039720256,-0.003893802,-0.008304363
-0.13022205,-0.117025316,-0.103428684,-0.09480675,-0.08507852,-0.07919489,-0.07123469,-0.06336062,-0.05890215,-0.05356995,-0.053267017,-0.052910954
0.033235434,0.028465007,0.022889005,0.015072556,0.011461647,0.0056328904,-0.0037161168,-0.009591926,-0.01703167,-0.028621221,-0.039889194,-0.05131362
0.09570752,0.06982748,0.0490906,0.040200595,0.028332546,0.024474654,0.013713833,0.013367843,0.013120528,0.016878184,0.027804388,0.043632057
0.16595832,0.15282851,0.13628823,0.12623516,0.120060034,0.11329509,0.10826692,0.10555603,0.10160856,0.10894853,0.12347729,0.13282202
-0.10048013,-0.09934972,-0.09391159,-0.09181763,-0.08738353,-0.083930545,-0.07999772,-0.07270315,-0.068128966,-0.06585262,-0.06473863,-0.058576554
-0.3798868,-0.3551449,-0.3294695,-0.3134006,-0.29395983,-0.27957642,-0.26176748,-0.2472415,-0.23291142,-0.22359,-0.22056761,-0.21421789
-0.14889917,-0.1482907,-0.14910379,-0.15386221,-0.14846985,-0.15199438,-0.15036733,-0.14721337,-0.14254308,-0.14433937,-0.14764702,-0.14741527
0.08259523,0.086874045,0.08864065,0.08432328,0.07976869,0.07560254,0.07121994,0.058107454,0.0447008,0.030522063,0.011767026,-0.01090904
0.089410305,0.08589914,0.081554,0.076660715,0.071719825,0.07008633,0.06488731,0.059856545,0.056943618,0.050727453,0.0466102,0.039782584
-0.09025074,-0.07605858,-0.061888028,-0.061758325,-0.05979994,-0.059845135,-0.057828024,-0.06802752,-0.07876908,-0.09412886,-0.12004261,-0.14974847
-0.020321911,-0.031384952,-0.04100798,-0.04553926,-0.04662223,-0.0557333,-0.058195673,-0.05756308,-0.052112233,-0.04621824,-0.04301208,-0.038315278
-0.013992866,-0.032102987,-0.04354841,-0.04637023,-0.050267547,-0.049220305,-0.054505046,-0.0495437,-0.04523748,-0.039682433,-0.023662549,-0.0020889556
0.37128186,0.3305689,0.28866997,0.2514355,0.21624666,0.19329746,0.15878372,0.11701066,0.086420365,0.053554118,0.02644211,-0.005844636
-0.17512204,-0.17737165,-0.177881,-0.17621145,-0.16910866,-0.16383651,-0.15646079,-0.14303431,-0.12796931,-0.11314952,-0.09409556,-0.07192487
0.17337318,0.164305,0.15754686,0.15113963,0.1419164,0.1407254,0.13254306,0.122861974,0.1142363,0.10997451,0.108096,0.10090682
0.5827635,0.535539,0.4847037,0.45738918,0.4244938,0.4000858,0.37297326,0.35377103,0.3420319,0.33665693,0.34355715,0.34905955
-0.08379832,-0.084014155,-0.088531956,-0.090573624,-0.087988175,-0.08836593,-0.0899319,-0.096056715,-0.08918562,-0.08282073,-0.07867432,-0.080007
-0.075426266,-0.08468091,-0.09546476,-0.10813683,-0.11151923,-0.11113964,-0.11380224,-0.11629521,-0.12630309,-0.12436991,-0.11320188,-0.10874361
-0.03387899,-0.036934566,-0.04291002,-0.0448143,-0.043770276,-0.048668236,-0.04603998,-0.045453124,-0.040258817,-0.03574344,-0.028447123,-0.022009332
0.2076713,0.19382277,0.18249315,0.1663025,0.15771137,0.14938174,0.13364641,0.12064405,0.110563904,0.10202954,0.096515104,0.082866244
-0.4201388,-0.4070546,-0.3899054,-0.37185,-0.35472104,-0.33843535,-0.32188216,-0.2997394,-0.28045556,-0.26221767,-0.2431994,-0.21750344
-0.25779292,-0.25793514,-0.2573472,-0.2519846,-0.24215244,-0.23501733,-0.22548711,-0.20807137,-0.18775955,-0.17022492,-0.14595097,-0.1178893
0.10801801,0.094854206,0.08174323,0.06924821,0.059511647,0.0520135,0.04092658,0.028342448,0.0178146,0.009791448,0.0023115235,-0.0073064133
0.081974015,0.10338446,0.12059079,0.12573606,0.12694559,0.13079703,0.13479437,0.1262375,0.11557342,0.10236153,0.07927233,0.051585484
-0.5064636,-0.50071836,-0.48845682,-0.47117364,-0.45316386,-0.43469208,-0.41386747,-0.38524425,-0.3567986,-0.32832587,-0.29169467,-0.24664575
0.020097414,0.0067518204,-0.0078123547,-0.018924225,-0.02194637,-0.028574126,-0.036795437,-0.040056046,-0.04228405,-0.041339636,-0.03411068,-0.02887157
0.108838305,0.10262549,0.09425578,0.09281475,0.08468136,0.08077186,0.07796951,0.07342214,0.07331026,0.07186621,0.073997825,0.0747946
0.004250603,-0.0070927492,-0.01596249,-0.019910611,-0.022569675,-0.026235305,-0.026632613,-0.023943886,-0.023600042,-0.021594983,-0.010929318,0.0029121025
-0.1353959,-0.13104156,-0.12749878,-0.117897786,-0.11562927,-0.107842505,-0.09725651,-0.09141759,-0.07521567,-0.067076586,-0.052798487,-0.038605697
0.14966682,0.14338319,0.13040878,0.13089973,0.12446261,0.121918246,0.11751971,0.119452395,0.11959613,0.12432727,0.1361494,0.14414853
0.101393834,0.104381286,0.1075805,0.11133781,0.11203313,0.111775845,0.114588365,0.11071282,0.10839467,0.11355143,0.11858146,0.11636385
-0.2299573,-0.20930108,-0.19392979,-0.17587571,-0.16175102,-0.15355624,-0.13892956,-0.12084125,-0.10746001,-0.09601384,-0.09019354,-0.0804949
-0.14472537,-0.11874886,-0.09451847,-0.0641853,-0.051486634,-0.03495103,-0.012485983,0.008414207,0.021311678,0.04690343,0.064343706,0.0838482
-0.803387,-0.7322661,-0.66911185,-0.6294726,-0.58944577,-0.56101894,-0.51682144,-0.49316034,-0.4747646,-0.46911156,-0.48309204,-0.488707
0.12556268,0.11728492,0.106776245,0.09399765,0.08590385,0.07486359,0.064229645,0.049778074,0.03807626,0.026966458,0.010259839,-0.009052898
0.11533382,0.09439447,0.07524598,0.06292382,0.053339474,0.04306954,0.030183842,0.022418376,0.017208759,0.014379531,0.017231505,0.01828807
0.13322428,0.121896796,0.112487644,0.10547732,0.09911212,0.095732495,0.09402998,0.0934302,0.09124239,0.094270974,0.10172693,0.111999705
-0.18563202,-0.18191832,-0.17394851,-0.1678149,-0.16169229,-0.15835063,-0.14967641,-0.13772559,-0.13339849,-0.13079463,-0.12929495,-0.12076366
-0.87889415,-0.80850315,-0.74016786,-0.68926567,-0.64060485,-0.60734904,-0.5571464,-0.5239912,-0.48292294,-0.4576416,-0.44716293,-0.43557897
-0.049505252,-0.039247938,-0.029368538,-0.023918655,-0.024626682,-0.022634517,-0.0134054255,-0.015687114,-0.014474252,-0.021352306,-0.026381832,-0.033060256
-0.35562137,-0.3314709,-0.30544123,-0.2859789,-0.2674885,-0.251321,-0.23170955,-0.21792324,-0.20682353,-0.19200519,-0.18014847,-0.16675249
0.10078575,0.11860267,0.1290052,0.1331552,0.1402566,0.14124593,0.14929289,0.1523083,0.15409268,0.15716693,0.1499266,0.14437896
0.36541396,0.33046654,0.2953436,0.26818845,0.23534188,0.21599711,0.18265095,0.15331382,0.11998265,0.08649151,0.06084221,0.031937778
-0.07635551,-0.06600408,-0.05515041,-0.040791195,-0.03265558,-0.025759801,-0.03071253,-0.01690768,0.004455653,0.0025194383,-0.008371517,-0.007994879
0.2534405,0.23961449,0.2203343,0.1982967,0.18366225,0.17000553,0.1488265,0.12198049,0.09809493,0.076152615,0.0544274,0.028628107
0.49802256,0.47489777,0.44623843,0.4201816,0.39710742,0.37057257,0.35026345,0.32825068,0.30602613,0.2803271,0.2562709,0.23154287
-0.016749885,-0.021477196,-0.026372025,-0.02616807,-0.030598417,-0.031177737,-0.03169693,-0.03256055,-0.035680532,-0.041733045,-0.04191617,-0.03734798
0.009520415,-0.0031593395,-0.014243001,-0.022173436,-0.028083371,-0.03310952,-0.034510348,-0.031131713,-0.030166738,-0.033208653,-0.029627055,-0.02166682
-0.18091209,-0.18356419,-0.1839043,-0.17416087,-0.1694832,-0.16212747,-0.155108,-0.14038485,-0.12738091,-0.11219143,-0.090211704,-0.06380445
0.21592602,0.20226084,0.18756503,0.17732023,0.16861822,0.15737157,0.14736229,0.14122258,0.13637808,0.13324256,0.13351387,0.12929542
-1.8833526,-1.7774702,-1.6612035,-1.5821861,-1.4880075,-1.4060255,-1.3052114,-1.2390395,-1.1336604,-1.063479,-1.0016606,-0.9460544
0.063279934,0.048247818,0.032036856,0.029878603,0.022989456,0.019258058,0.013691874,0.016052878,0.014133191,0.016520541,0.030251995,0.04322035
0.22208557,0.21550444,0.20679286,0.19757636,0.1871881,0.17446533,0.16506796,0.14779936,0.13958524,0.12622035,0.106200024,0.08277681
0.40494046,0.39875382,0.3860182,0.37053388,0.35505718,0.33951408,0.32645497,0.30491492,0.2860122,0.2651446,0.24423563,0.21508455
-0.36947006,-0.35799313,-0.34191835,-0.32434738,-0.31109622,-0.29421228,-0.27902296,-0.2699746,-0.25903657,-0.24325289,-0.22160248,-0.20193553
0.21587718,0.21618398,0.21190034,0.1989976,0.19416925,0.18006895,0.16867274,0.15842889,0.14071876,0.12002935,0.08936988,0.058799274
0.3347441,0.31501126,0.2945702,0.27333653,0.25762162,0.23862354,0.21940306,0.19672225,0.17475088,0.15983678,0.14330924,0.12021515
0.02030586,0.0077256635,-0.004756147,-0.012189958,-0.014104796,-0.023180671,-0.028239116,-0.030720143,-0.027537875,-0.023176061,-0.016116671,-0.010465557
-0.06672436,-0.067241706,-0.059218667,-0.057834364,-0.0445882,-0.04687876,-0.031941995,-0.013660349,-0.00464084,0.00995234,0.022032436,0.047350366
-0.1507889,-0.1386503,-0.12944633,-0.1265551,-0.11938907,-0.11545202,-0.11001978,-0.10760954,-0.106746584,-0.10976662,-0.11852202,-0.12478521
0.12488034,0.13161233,0.13888404,0.13934457,0.13903013,0.13466884,0.13402455,0.12561494,0.11394563,0.10582344,0.092499316,0.07631619
-0.1474525,-0.1484971,-0.15023875,-0.14658818,-0.14130652,-0.13467298,-0.13170494,-0.12234953,-0.10837499,-0.09468696,-0.07624771,-0.058483545
0.6070662,0.58430743,0.5770352,0.56105864,0.5421216,0.52631277,0.52278036,0.5075686,0.4721769,0.46020126,0.4628716,0.4650663
-0.55655456,-0.5274264,-0.50290877,-0.4868871,-0.46186608,-0.44653988,-0.42245218,-0.40765288,-0.3845154,-0.36664602,-0.35391882,-0.34256974
0.018465536,0.020639645,0.014901787,0.010180529,0.008831444,-7.314887e-05,0.0020229646,-0.0056361584,0.0012549683,0.002072144,-0.0057883468,-0.012905277
-0.0008840114,0.010766366,0.024665888,0.027722219,0.034788158,0.039692603,0.039057955,0.03802977,0.03514265,0.031982105,0.021561235,0.009878296
-0.1670772,-0.1391694,-0.11241717,-0.09793865,-0.081614316,-0.06901688,-0.050352022,-0.041576136,-0.033575766,-0.027926814,-0.022725813,-0.023171728
0.25635558,0.24243738,0.22999841,0.21887995,0.20666791,0.1943219,0.18636593,0.1713796,0.15402974,0.14711596,0.13546912,0.11954509
-0.22003514,-0.21982457,-0.21907455,-0.19778565,-0.18678176,-0.16990092,-0.16617574,-0.13256769,-0.11164656,-0.08517307,-0.046823956,-0.0017134175
-0.51655257,-0.4948811,-0.47448134,-0.45643026,-0.4370759,-0.41931272,-0.39598304,-0.37545702,-0.35430554,-0.33599365,-0.31663436,-0.29418907
0.014901233,0.016759548,0.023322929,0.021889478,0.025382191,0.024153352,0.02571616,0.02815442,0.023524713,0.020589963,0.013917387,0.009746602
-0.14520454,-0.14771685,-0.14709191,-0.14641762,-0.14079207,-0.13566108,-0.1318231,-0.11905759,-0.10970692,-0.10168442,-0.088024035,-0.07103503
-0.08964685,-0.08906229,-0.08749788,-0.0860694,-0.089038126,-0.08556522,-0.08304161,-0.08428031,-0.088401265,-0.091834016,-0.09339476,-0.09398576
0.15699281,0.13947652,0.12260825,0.105611846,0.08924226,0.0753582,0.058762796,0.040138178,0.021960486,0.0019001579,-0.014195901,-0.035563003
0.16421947,0.14918579,0.13097799,0.116717085,0.1103313,0.099484056,0.0870862,0.081904404,0.074769214,0.07210661,0.07457667,0.07384105
-0.32442376,-0.31274807,-0.2967052,-0.28163308,-0.26909024,-0.25428897,-0.23967493,-0.22412658,-0.21028239,-0.19955465,-0.18727814,-0.1690656
0.54013515,0.50519824,0.47425616,0.45009747,0.42950192,0.4099508,0.38116568,0.36195335,0.34218508,0.3332441,0.3294981,0.32387725
-0.4944685,-0.46771976,-0.4321056,-0.4032756,-0.3776423,-0.35099947,-0.32050285,-0.29198208,-0.26585862,-0.23967238,-0.21230309,-0.18316028
-0.41533533,-0.39085338,-0.36592713,-0.3461287,-0.326379,-0.30975598,-0.29218102,-0.27398914,-0.25567055,-0.24582995,-0.2407967,-0.22988865
-0.25678048,-0.23832175,-0.21706857,-0.2019995,-0.18921421,-0.17722349,-0.16389924,-0.15452996,-0.14267874,-0.1385095,-0.13999912,-0.13693376
-0.089715734,-0.06456058,-0.04336919,-0.031197354,-0.023693793,-0.015192281,-0.008594751,-0.012766104,-0.014569212,-0.021545298,-0.03668044,-0.057606436
0.0810417,0.07234659,0.05615442,0.04614259,0.042028278,0.03036265,0.027058909,0.03026387,0.0336552,0.028123546,0.02977946,0.0336061
-0.23788944,-0.2190957,-0.19575198,-0.1850648,-0.16969892,-0.15919343,-0.14468764,-0.13531892,-0.12743303,-0.122690514,-0.12644756,-0.124692485
-0.19653675,-0.18999715,-0.18291964,-0.17740043,-0.16910648,-0.16317682,-0.1570237,-0.14831632,-0.13748187,-0.1295936,-0.124707155,-0.11822866
-0.1093896,-0.088846356,-0.07163169,-0.059728928,-0.049578466,-0.04026195,-0.029400598,-0.023393959,-0.018917274,-0.011544464,-0.012671333,-0.013714388
-0.30159563,-0.27913,-0.25785458,-0.24282034,-0.2290521,-0.21573034,-0.20232262,-0.1941713,-0.18246812,-0.17542835,-0.17394629,-0.17364818
-0.15701441,-0.16076136,-0.16652709,-0.16177726,-0.15642795,-0.15076292,-0.14583173,-0.13190198,-0.118452385,-0.10074645,-0.0727294,-0.043781377
0.31367895,0.28842506,0.26343364,0.24126473,0.22008152,0.20445286,0.18569185,0.15991649,0.145057,0.13042195,0.11685479,0.09865221
0.10600735,0.10302116,0.09956672,0.09514274,0.08961063,0.0870431,0.079999976,0.07584272,0.07242958,0.06485935,0.054820165,0.045248214
-0.18249017,-0.1934171,-0.19580758,-0.19698068,-0.18454014,-0.17523861,-0.16407609,-0.14353931,-0.1237176,-0.08642708,-0.045349054,0.0017774291
-0.28670543,-0.28588796,-0.28310364,-0.2772421,-0.27110586,-0.25865707,-0.2532253,-0.24464652,-0.23381937,-0.22454233,-0.20576799,-0.18494128
-0.2537477,-0.23394138,-0.21747072,-0.20693356,-0.1949048,-0.18560833,-0.17074575,-0.16003102,-0.15212694,-0.14717294,-0.14842018,-0.1454628
-0.0033890866,-0.0053520384,-0.013116242,-0.016137639,-0.018795483,-0.021988537,-0.020553451,-0.023553327,-0.021185251,-0.017121902,-0.013958522,-0.010727087
0.35378578,0.32942814,0.30890375,0.29452553,0.274549,0.26758936,0.2509754,0.2338331,0.21796432,0.20815933,0.20706198,0.20035157
-0.25373864,-0.24115938,-0.22602366,-0.21247701,-0.2017567,-0.1915478,-0.18004704,-0.17261028,-0.1595128,-0.14724803,-0.13936828,-0.13255946
0.5122405,0.451087,0.39190227,0.339072,0.29889786,0.26762253,0.22187448,0.18327618,0.14469406,0.116097406,0.09787757,0.07276125
-0.81466204,-0.7834074,-0.7474479,-0.72449625,-0.69377756,-0.6683647,-0.6374406,-0.6098069,-0.5819316,-0.56620646,-0.55638576,-0.53349954
0.05526565,0.05566459,0.0480825,0.036565695,0.03753684,0.026240366,0.028619044,0.026599165,0.016994774,0.008123293,0.00037738867,-0.00013130158
-0.055465028,-0.049246937,-0.043080207,-0.04398273,-0.039821785,-0.038514584,-0.03704927,-0.038950928,-0.039199267,-0.041188844,-0.04761269,-0.054874144
0.04378742,0.04458576,0.052007727,0.048599426,0.049580947,0.050997116,0.052357677,0.046649814,0.041661896,0.04019739,0.036271013,0.03093266
-0.014184952,-0.015594916,-0.011954928,-0.00969459,-0.0053158775,-0.0014532786,0.0060677677,0.015359834,0.019175837,0.028497688,0.043893438,0.06328606
0.0029612985,0.030704336,0.059702285,0.07087419,0.078598976,0.08124947,0.08599109,0.07675128,0.06424678,0.04843588,0.016430035,-0.019570133
-0.10614438,-0.1166565,-0.12804504,-0.12577176,-0.1194196,-0.11472438,-0.1118609,-0.090398744,-0.073492885,-0.046117708,-0.00095668994,0.04120081
-0.11740613,-0.10744117,-0.103610605,-0.09744523,-0.091314666,-0.0873859,-0.08099294,-0.075521015,-0.0655709,-0.05677102,-0.050607182,-0.045849547
0.24074587,0.21711989,0.19965489,0.19166428,0.18144345,0.17693353,0.1710806,0.16470215,0.16506329,0.18103372,0.20804794,0.22622125
0.2523419,0.24202272,0.23153335,0.2150498,0.2007848,0.19241807,0.17683545,0.15749231,0.13614818,0.11504723,0.096568,0.07213236
0.6346735,0.5874758,0.53063756,0.48745176,0.44290632,0.40365124,0.35968128,0.31369585,0.27398965,0.23689447,0.19899453,0.14858332
0.025538495,0.024023518,0.0199756,0.014993253,0.015931372,0.015665367,0.014752822,0.018110787,0.019364994,0.022022227,0.031427644,0.036635794
-0.06304169,-0.04803604,-0.03439878,-0.030413702,-0.026225511,-0.02413693,-0.017847903,-0.02400025,-0.026943669,-0.032572083,-0.047246657,-0.063847765
-0.057210967,-0.056169648,-0.05787654,-0.060108837,-0.05458357,-0.059164044,-0.05014453,-0.045360684,-0.03478025,-0.021073416,-0.011079701,-0.0012576398
-0.050012197,-0.05853153,-0.06430133,-0.06537001,-0.06498938,-0.06681673,-0.06556524,-0.059640117,-0.054501977,-0.049119115,-0.037797682,-0.02399712
0.32925057,0.29607728,0.2613232,0.23207468,0.20392244,0.18516383,0.15268132,0.12184677,0.09818287,0.07225613,0.048318747,0.01915835
-0.11422267,-0.13194545,-0.15441398,-0.1728216,-0.18454348,-0.19183569,-0.20651057,-0.23070471,-0.22996235,-0.2375616,-0.24173707,-0.25739536
-0.15583305,-0.13130799,-0.106670454,-0.09167886,-0.081915684,-0.0732491,-0.06583784,-0.06671095,-0.07293281,-0.0811935,-0.095284775,-0.113901146
-0.099681966,-0.099912845,-0.100850046,-0.095332995,-0.09220897,-0.08719073,-0.08151822,-0.07506859,-0.06632592,-0.055031225,-0.038140114,-0.022141341
-0.57039726,-0.55624497,-0.5392646,-0.5191157,-0.5005122,-0.47910324,-0.45888177,-0.43173087,-0.40790066,-0.38785034,-0.36608824,-0.33048463
0.27609053,0.23169267,0.18948838,0.16376537,0.1430044,0.1256569,0.09956764,0.08586187,0.086542554,0.088393465,0.10150191,0.1089065
0.011793846,0.0042015975,-0.0056297695,-0.0006929217,-0.009328929,-0.00873233,-0.01260089,-0.005115728,-0.0061764773,-0.01016703,-0.0066556213,0.0050530443
0.3424255,0.31901526,0.29767808,0.28455645,0.2703219,0.26230714,0.25092497,0.24596693,0.23842344,0.23859796,0.24744761,0.2557279
-0.345725,-0.33503285,-0.32364863,-0.31074244,-0.30578884,-0.29086834,-0.2882707,-0.27965626,-0.2740459,-0.27692506,-0.2829772,-0.28092694
0.3799947,0.34610593,0.31040782,0.27722242,0.25216287,0.22892988,0.19843236,0.16902652,0.14943343,0.12609194,0.10115318,0.07522844
-0.3251953,-0.30316934,-0.28293562,-0.2594445,-0.24243975,-0.22745574,-0.20933205,-0.18594976,-0.17038862,-0.15568034,-0.14224905,-0.12338276
0.24335665,0.24990664,0.2523184,0.24761501,0.2437149,0.24132213,0.2339685,0.21669306,0.2098752,0.20764084,0.19395107,0.1628472
-0.14522022,-0.15198511,-0.16098167,-0.16366008,-0.159782,-0.15619934,-0.15693198,-0.14479694,-0.13451195,-0.122060105,-0.10391806,-0.08276585
0.09450193,0.10016123,0.099963665,0.09237832,0.08612284,0.07683079,0.0707244,0.055701513,0.039401937,0.019189406,-0.011375657,-0.042402185
-0.2169383,-0.20716314,-0.1960032,-0.18823604,-0.18090391,-0.16825171,-0.1512703,-0.13796234,-0.12779589,-0.115064725,-0.09301279,-0.07336864
0.08602375,0.07994443,0.07491237,0.075790994,0.07049805,0.06925145,0.07138191,0.072238624,0.074808285,0.07679913,0.08535857,0.09400669
-0.22186612,-0.224195,-0.22094034,-0.21655639,-0.2080819,-0.19654371,-0.19407928,-0.18537456,-0.177077,-0.16325448,-0.1416168,-0.11839688
0.41185066,0.40747866,0.39746407,0.38048235,0.36971465,0.3531008,0.34172076,0.31579354,0.29787722,0.28972703,0.26943547,0.23341914
0.07700612,0.07606955,0.070517406,0.067687064,0.06703551,0.06261787,0.060494617,0.06211203,0.058062643,0.062120862,0.067493886,0.06677407
-0.15235378,-0.14356002,-0.13689551,-0.13000432,-0.13065116,-0.12224057,-0.118772924,-0.118652195,-0.11893149,-0.1270673,-0.1302506,-0.13346651
0.12982477,0.12197497,0.11225139,0.10181676,0.09438935,0.08763398,0.08192968,0.07261729,0.065367654,0.05701377,0.049452975,0.042315297
0.07090704,0.051416725,0.033468753,0.023718428,0.015062358,0.009911932,0.002774559,-0.0009789541,-0.0027981289,0.0014037918,0.015314903,0.026625445
-0.9718096,-0.9230749,-0.8820007,-0.84654516,-0.8003124,-0.7636251,-0.7269625,-0.67851067,-0.63571155,-0.5992046,-0.56328803,-0.52210206
-0.43149546,-0.4098167,-0.39055675,-0.36974022,-0.35051984,-0.33169186,-0.30865246,-0.28423896,-0.25861365,-0.237623,-0.21375579,-0.18583585
0.11094473,0.11824381,0.14052151,0.14478607,0.16277452,0.17006338,0.16859983,0.17484511,0.15534809,0.16630629,0.17037724,0.16870992
0.24230099,0.2319913,0.22472188,0.22197467,0.21385828,0.20879379,0.20848127,0.19988021,0.19360505,0.1997587,0.20780805,0.21369469
-0.18255168,-0.16566545,-0.15168166,-0.1492448,-0.1407503,-0.13972902,-0.13402456,-0.13171604,-0.13666663,-0.14538015,-0.16068897,-0.1756249
0.2825431,0.2620465,0.2414124,0.22508243,0.20800492,0.19440591,0.17771657,0.16285037,0.14734901,0.13391766,0.12128426,0.10721547
-0.28715852,-0.27270633,-0.26641965,-0.2622194,-0.24801269,-0.24458006,-0.23323044,-0.21661532,-0.2049245,-0.19541831,-0.19235323,-0.18348214
-0.23367564,-0.22350931,-0.20953153,-0.20336722,-0.18768723,-0.17844069,-0.16245504,-0.1501904,-0.13773718,-0.11732565,-0.094161056,-0.075411454
-0.29560873,-0.2927278,-0.2861216,-0.27923158,-0.26640493,-0.2563018,-0.2453765,-0.22938488,-0.20920606,-0.19154814,-0.170569,-0.14657575
-0.33821315,-0.31105474,-0.28194508,-0.2577124,-0.23938476,-0.22020568,-0.19626378,-0.18093522,-0.15457493,-0.13835718,-0.12619172,-0.11357177
-0.04280299,-0.05149117,-0.05597683,-0.057966977,-0.05646106,-0.055680692,-0.050501496,-0.04331529,-0.037321515,-0.026740113,-0.0092053795,0.012748791
0.29228318,0.2852131,0.27837002,0.27006215,0.26020673,0.24965954,0.24414352,0.23072407,0.2227852,0.21282282,0.20068769,0.18314761
0.12895305,0.11628534,0.10893014,0.101179875,0.09693629,0.092926085,0.08889047,0.08972934,0.08835924,0.08929276,0.09122247,0.09771321
0.24770258,0.23403169,0.21924908,0.21141514,0.20094721,0.19288868,0.18798739,0.18513046,0.1804766,0.18014577,0.1840442,0.18929075
0.13609974,0.11743134,0.10042459,0.08981966,0.0791158,0.07328666,0.058966365,0.052947536,0.048214752,0.0429365,0.044139214,0.04510982
-0.52799064,-0.50229234,-0.48002326,-0.4652415,-0.443012,-0.4269243,-0.40556446,-0.3866703,-0.36947393,-0.3554911,-0.34333807,-0.32890487
0.781862,0.7283222,0.6742504,0.6301495,0.5874682,0.55715084,0.51797837,0.4699438,0.43464023,0.41734833,0.40985808,0.38048518
-0.16455299,-0.16071695,-0.16223508,-0.0985696,-0.10896222,-0.09898915,-0.07785311,-0.027632453,-0.013483081,0.005470138,0.036958825,0.09484039
-0.14623688,-0.12975334,-0.11686143,-0.10767081,-0.100353,-0.09459087,-0.08768261,-0.08183166,-0.07985551,-0.08198643,-0.08935675,-0.09489086
-0.050598186,-0.046939764,-0.04339421,-0.040697042,-0.037721656,-0.0336324,-0.03229493,-0.02963394,-0.025159381,-0.02310404,-0.018837944,-0.017783562
0.042140163,0.042031508,0.038862586,0.0335635,0.031541806,0.027553346,0.022658769,0.015231644,0.009740277,0.0036491714,-0.0052579315,-0.01638909
-0.03640249,-0.045480683,-0.05572332,-0.056460872,-0.06142567,-0.048346985,-0.050011568,-0.051555753,-0.031132018,-0.017575387,0.005724776,0.024074923
0.19203576,0.20279874,0.20975772,0.21513233,0.21266226,0.21277884,0.21285494,0.20088822,0.19963199,0.19684668,0.18827833,0.16398199
-0.5107885,-0.48023203,-0.45322418,-0.42109272,-0.39358,-0.3679581,-0.33950582,-0.30071372,-0.2652511,-0.23643719,-0.20270039,-0.1628294
-0.588881,-0.54812986,-0.51024085,-0.4812273,-0.45120466,-0.42265934,-0.39592007,-0.36766702,-0.34712186,-0.32872212,-0.31577572,-0.29844397
0.08454078,0.08516769,0.09178619,0.08867593,0.08762419,0.084382765,0.089978136,0.0866183,0.07802574,0.07348974,0.06684405,0.061753124
-0.05345092,-0.0611863,-0.062188476,-0.063706584,-0.06471057,-0.062160935,-0.06926881,-0.07489488,-0.07173221,-0.069771826,-0.07323957,-0.07702108
0.19915837,0.19077161,0.18052831,0.17597288,0.16614804,0.1599434,0.15056863,0.13540532,0.1276752,0.12423639,0.122280635,0.1098504
-0.059803013,-0.07137694,-0.07875846,-0.08205557,-0.08385844,-0.084215075,-0.08406997,-0.08082059,-0.0766345,-0.07097701,-0.061610885,-0.047741175
0.14258465,0.14800633,0.1477796,0.1488643,0.14737481,0.14119495,0.14105935,0.1365979,0.13648583,0.13498999,0.12825538,0.117589414
-0.36101237,-0.34045327,-0.3251538,-0.32053143,-0.30104047,-0.29431272,-0.28112105,-0.27036566,-0.2511425,-0.24062343,-0.23535466,-0.23145501
-0.45037925,-0.42957926,-0.41219416,-0.40020752,-0.3814737,-0.3663539,-0.34963414,-0.33349591,-0.32739872,-0.3148193,-0.3078775,-0.2966822
0.080328494,0.07511681,0.065832384,0.058206175,0.047332034,0.041933075,0.030522965,0.01720137,0.005782854,-0.011446411,-0.026788868,-0.0445432
0.51475084,0.5267673,0.51909274,0.51851904,0.52003115,0.48848394,0.51326287,0.4967652,0.51154184,0.5433385,0.5531025,0.55681074
0.74660337,0.6913295,0.6397224,0.6001028,0.56617653,0.5324354,0.5027271,0.47494298,0.45886463,0.44513807,0.44445807,0.44512022
-0.20134759,-0.17291778,-0.15303358,-0.1424217,-0.13250123,-0.12487072,-0.12513444,-0.13228016,-0.1349532,-0.1483516,-0.17978558,-0.2163087
0.3244587,0.32496443,0.31991476,0.31219217,0.302281,0.29300702,0.2826297,0.2662947,0.2537553,0.23803566,0.21516418,0.18756373
0.59225905,0.56042665,0.52295756,0.49559703,0.46584177,0.42398077,0.3971073,0.368087,0.34195542,0.3053102,0.2663918,0.22451761
0.23378538,0.2160445,0.19574696,0.17853455,0.1646393,0.15344281,0.14783847,0.1391932,0.1362077,0.13332568,0.13516022,0.13911813
0.44909388,0.4248837,0.3915314,0.35265213,0.33362803,0.30711725,0.2822104,0.25078475,0.22519882,0.20653783,0.18487121,0.15756589
0.16572139,0.16027254,0.14974004,0.14225304,0.13180651,0.12570675,0.11544013,0.11002844,0.093899265,0.07821503,0.06410772,0.052256715
-0.3502512,-0.31895858,-0.28513077,-0.2638045,-0.24233426,-0.22864029,-0.20760567,-0.19151825,-0.181094,-0.17645116,-0.1780037,-0.17648323
-0.1253015,-0.09508629,-0.066103585,-0.05754032,-0.046408042,-0.03831865,-0.02705425,-0.03262137,-0.03991685,-0.04917748,-0.07278687,-0.09960098
-0.17287545,-0.17172894,-0.17146127,-0.17466259,-0.172118,-0.17085065,-0.1808747,-0.18308248,-0.18421711,-0.1935297,-0.20583306,-0.219134
0.04314034,0.04254714,0.04543812,0.041648746,0.044038575,0.044113986,0.048723515,0.049427386,0.048534997,0.053801075,0.05762925,0.06194644
0.096328326,0.10015552,0.09319034,0.1046705,0.100143455,0.10938869,0.098177165,0.10456424,0.1009789,0.10214284,0.11186154,0.118372545
0.65162534,0.61982036,0.5820074,0.55022377,0.52507627,0.4865962,0.46345368,0.43700778,0.42153427,0.40017977,0.37538996,0.3532355
-0.002314395,-0.009913228,-0.019207263,-0.02812314,-0.030837204,-0.0343412,-0.043569915,-0.05046823,-0.054307297,-0.056471575,-0.056582347,-0.060527243
0.1914245,0.18936229,0.1859704,0.18103744,0.17998868,0.17066267,0.17140566,0.17203435,0.16734427,0.1664135,0.16598515,0.16506422
