0.070522085,0.08114101,0.09178426,0.07611433,0.072996706,0.05710093,0.049468376,0.037511595,0.03415415,0.029935446,0.02747193,0.02730215
-0.22144124,-0.1782695,-0.16354476,-0.15012892,-0.125292,-0.09846084,-0.07545193,-0.07260986,-0.067635596,-0.06350567,-0.0614853,-0.0673727
0.16157234,0.14313161,0.1271959,0.1006371,0.08888718,0.07639617,0.0710296,0.06703166,0.06669285,0.069342345,0.07413297,0.0759366
-0.009907704,-0.0049659368,-0.0040472373,-0.014746635,-0.022531029,-0.025094505,-0.024209768,-0.024625985,-0.020315632,-0.016988516,-0.014524867,-0.014028045
-0.47097135,-0.44495666,-0.37546638,-0.33415064,-0.2941785,-0.26229292,-0.21202347,-0.19975688,-0.18927702,-0.19296698,-0.19477361,-0.19703619
-0.29101178,-0.30771747,-0.3067618,-0.27839974,-0.24587397,-0.21100032,-0.1915569,-0.16437395,-0.14435613,-0.127488,-0.12031962,-0.117605574
0.18476117,0.16648722,0.1532256,0.14549711,0.13246305,0.12139392,0.11058416,0.1028851,0.08924492,0.08038259,0.07543304,0.07197037
0.0776172,0.08247915,0.074566245,0.073415965,0.06398162,0.056781247,0.048561186,0.043134198,0.0406506,0.03783596,0.037513554,0.037758574
0.08548406,0.0758839,0.06405747,0.056055434,0.04955186,0.0448969,0.042573795,0.041515,0.03981262,0.042974025,0.046223916,0.047770794
0.009949981,0.00013670325,-0.00018642657,0.025406882,0.032513455,0.038817406,0.026147392,0.023301376,-0.0004942408,-0.023103248,-0.04068003,-0.049386118
0.013750292,0.014136735,0.0071291067,-0.0029964605,-0.0044557042,-0.002624073,0.00045049004,0.0026888354,0.0083706025,0.015512742,0.02192634,0.026368566
0.009075843,-0.003074417,0.012698738,0.030094206,0.044214725,0.046483725,0.040877193,0.035224326,0.015578581,-0.0019270312,-0.015771665,-0.02603484
-0.116458714,-0.092539966,0.09549838,0.03831017,0.0955953,0.02884826,0.12320331,0.0486041,0.05218759,0.012902886,0.011730909,0.009639725
-0.36439914,-0.38762504,-0.374252,-0.34996784,-0.32779118,-0.29888937,-0.26173753,-0.2295729,-0.19884408,-0.17461446,-0.15889458,-0.15040411
-0.08628924,-0.063459896,-0.022354543,-0.007715136,0.0156262,0.024714306,0.032380447,0.015229709,-0.008819457,-0.03896573,-0.060507998,-0.070970476
0.093217604,0.118070394,0.09849881,0.074563086,0.064399384,0.059791014,0.053478397,0.048006453,0.05637441,0.06512302,0.073039435,0.07563101
0.17870103,0.1263362,0.062051594,0.020558864,-0.0019309521,-0.012986019,-0.026548252,-0.013335049,0.017466918,0.05659128,0.08269803,0.103763126
0.05835142,0.050308473,0.042441413,0.031746585,0.025470272,0.019020438,0.015575355,0.01269914,0.011406852,0.00910572,0.010076331,0.012344396
0.66138864,0.5855078,0.543984,0.5000952,0.45634598,0.41711852,0.37955427,0.35659564,0.3245647,0.30910003,0.30141598,0.2971925
-0.047953192,-0.039733153,-0.040071588,-0.031334624,-0.029213868,-0.022539876,-0.020713758,-0.018802801,-0.018425953,-0.020794705,-0.021687442,-0.022164924
-0.07998663,-0.11765309,-0.108695105,-0.08460525,-0.06945808,-0.059930272,-0.051692512,-0.04290737,-0.05100487,-0.061069656,-0.06794151,-0.07415849
0.02780865,0.015718777,0.0137200095,0.008283788,0.015630681,0.01795083,0.023426797,0.025856808,0.028711205,0.03101166,0.033757277,0.030639753
0.19031195,0.19384593,0.19230402,0.19329882,0.15670903,0.12626508,0.09989852,0.08188886,0.056906946,0.037755534,0.024040408,0.023759406
-0.23255287,-0.16625038,-0.11193472,-0.0901961,-0.06611049,-0.05965893,-0.037074238,-0.049929783,-0.046787083,-0.060992375,-0.06774796,-0.07601628
-0.22852859,-0.21205604,-0.20569822,-0.17287973,-0.1602046,-0.13583559,-0.12582728,-0.11050977,-0.10296877,-0.09888699,-0.09869498,-0.099255025
0.04956435,0.059402276,0.04806695,0.036070127,0.029236555,0.02099384,0.01428115,0.012523441,0.021490905,0.029923618,0.03628054,0.040517308
-0.041100502,-0.060080115,-0.07090987,-0.05620496,-0.05686031,-0.049754277,-0.044961154,-0.03452295,-0.03028373,-0.026358996,-0.023185601,-0.022445854
-0.012721061,-0.032225586,-0.04885462,-0.045179643,-0.050342686,-0.047025703,-0.045114357,-0.03710665,-0.033343695,-0.028201029,-0.023000859,-0.017488435
1.2621162,1.3130127,1.0773318,1.0179173,1.2233624,1.148551,0.81619304,0.7116711,0.6339661,0.60619223,0.5671673,0.52849674
0.65590507,0.7047918,0.6667576,0.5660065,0.53352463,0.4760571,0.43319157,0.3820707,0.36696324,0.36348888,0.36606017,0.36149874
0.032288067,0.015943512,0.023216188,0.035253655,0.047337256,0.05250451,0.043860927,0.04380792,0.018462123,0.0012096688,-0.011051536,-0.021161921
0.1085692,0.11042966,0.10978121,0.10747868,0.103827015,0.090973474,0.08076746,0.07020594,0.0603282,0.052968085,0.048396625,0.044831183
0.10669316,0.12562183,0.12563156,0.120483786,0.10128531,0.08661339,0.07448596,0.06361911,0.05887179,0.054865815,0.05248956,0.051398825
0.038977467,0.05547526,0.041164424,0.050552737,0.026313175,0.021269342,0.009318783,0.009190051,0.010013785,0.01110493,0.011848151,0.015821984
-0.062280282,-0.08769498,-0.10549886,-0.11023637,-0.10673933,-0.09830283,-0.09069805,-0.07377148,-0.056990646,-0.037400033,-0.024754385,-0.018024169
-0.018489536,-0.02040844,-0.016756698,-0.015076218,-0.016171033,-0.017931178,-0.016226897,-0.013035293,-0.0096222125,-0.005861792,-0.0044242684,-0.0048786136
-0.18446304,-0.18081549,-0.16072841,-0.13158102,-0.106487855,-0.09288817,-0.08651562,-0.079070106,-0.07892369,-0.08078193,-0.085039966,-0.08874214
0.30790827,0.29643217,0.2709143,0.24088062,0.21662246,0.19079806,0.1732941,0.1593381,0.1478014,0.14448252,0.14572102,0.14054486
-0.21773463,-0.25337732,-0.25685078,-0.23398757,-0.22611901,-0.2121814,-0.19085884,-0.16404146,-0.13605726,-0.113447666,-0.09913982,-0.09018813
-0.40374076,-0.43962607,-0.44508556,-0.40608096,-0.37183085,-0.3304694,-0.30256465,-0.2590467,-0.22500548,-0.19714865,-0.18183762,-0.1757622
0.111413024,0.13137805,0.096175365,0.09886832,0.08460036,0.079117306,0.05320621,0.047397383,0.050648622,0.05520357,0.057743788,0.06271814
0.45729145,0.46095777,0.42944646,0.37574708,0.32207555,0.28140387,0.24978313,0.22004563,0.2043667,0.19803533,0.19675282,0.20345142
-0.19272152,-0.20226322,-0.22277287,-0.1932056,-0.19096877,-0.16822498,-0.15517147,-0.13136964,-0.10681703,-0.08932541,-0.077802986,-0.071107924
0.29466343,0.25904417,0.26745918,0.23520666,0.23935503,0.2266792,0.22355059,0.20943147,0.18962629,0.17334679,0.1644948,0.1491161
0.03231225,0.0026388671,-0.0033999234,-0.020161357,-0.015387936,-0.022745164,-0.023107098,-0.016180245,-0.0066372687,0.006586613,0.015114669,0.020969993
-0.24331966,-0.3846992,-0.41783947,-0.37102243,-0.3611936,-0.33208513,-0.28310543,-0.2283428,-0.19858816,-0.1787544,-0.15576285,-0.15199223
0.20738584,0.21275967,0.20889916,0.18380004,0.17056821,0.15303823,0.13482141,0.11141242,0.0847961,0.06413614,0.05306695,0.052895177
0.06549627,0.047333747,0.015899971,0.011421494,-0.0051392764,-0.0065512136,-0.009171121,-0.0008247867,0.011809468,0.023519143,0.0326083,0.03558305
-0.16021821,-0.15222569,-0.12391344,-0.096461356,-0.0711229,-0.056349725,-0.048300028,-0.047075793,-0.0569937,-0.06709933,-0.075969025,-0.08114043
-0.02156571,-0.03146175,-0.032469597,-0.029783614,-0.028412245,-0.025651855,-0.02507752,-0.019992735,-0.020138208,-0.018077852,-0.01806004,-0.017871173
0.50064796,0.6435982,0.62587005,0.6067092,0.5700078,0.51274264,0.42856196,0.35696498,0.3337082,0.31225544,0.29559273,0.29128695
-0.38231933,-0.46782163,-0.4276862,-0.34824058,-0.3013906,-0.29805046,-0.2656044,-0.23029348,-0.19386429,-0.17480804,-0.16366756,-0.16553678
0.27468696,0.2992127,0.28155804,0.25011152,0.17991498,0.14901331,0.12380558,0.115668654,0.11675545,0.12372369,0.12651046,0.13020407
0.22918168,0.17656949,0.16002014,0.15152079,0.15093961,0.1463001,0.13485453,0.13068794,0.111082494,0.0965939,0.0868321,0.080970645
-0.08814209,-0.120206386,-0.13586539,-0.103435725,-0.1072962,-0.09492142,-0.08380551,-0.06794235,-0.063807234,-0.06294057,-0.06021885,-0.059723433
0.07700194,0.09546467,0.06696903,0.083919734,0.06964399,0.06858311,0.050246857,0.04260362,0.032477923,0.022333398,0.018715924,0.018647753
-0.35327053,-0.38643715,-0.36796558,-0.31207293,-0.271752,-0.23452996,-0.20801082,-0.18202195,-0.1786379,-0.18360274,-0.19003674,-0.19705006
0.19240269,0.19000866,0.17069459,0.15870634,0.130519,0.11640352,0.10353686,0.09167252,0.08371143,0.08013889,0.07832793,0.08371581
0.30013877,0.27836496,0.2550592,0.21359615,0.19007437,0.168246,0.1539636,0.14198533,0.13447604,0.13440084,0.13831484,0.14076722
-0.06929488,-0.04875264,-0.023826577,-0.012791425,-0.00076778233,0.0070937127,0.012988068,0.00831097,-0.0022638552,-0.013471985,-0.022459328,-0.029398918
0.38051012,0.39001775,0.40208125,0.34554008,0.32742065,0.27846083,0.2539436,0.21882907,0.20212176,0.19288383,0.18875428,0.18478718
-0.04671841,-0.069123685,-0.07583749,-0.0796414,-0.07713143,-0.07038361,-0.056683034,-0.049567014,-0.045307674,-0.04228325,-0.03709711,-0.031642843
-0.07893229,-0.035945535,0.0015425384,-0.011909798,0.0002823919,0.0009423122,0.018258363,0.0059219524,0.0079092905,0.0046179667,0.004925318,0.0028447285
0.033272102,0.033415604,0.027349293,0.02060607,0.01344014,0.012816761,0.008860897,0.01170481,0.014639724,0.021267418,0.023879496,0.025613667
-0.19483587,-0.22148377,-0.2018021,-0.17569548,-0.14230533,-0.11271528,-0.087213926,-0.06579859,-0.063846566,-0.05933761,-0.058810357,-0.06738315
0.143849,0.15094276,0.15004396,0.12849398,0.11091921,0.093288995,0.08566196,0.074017964,0.070798844,0.069017135,0.0697903,0.07022081
-0.11144772,-0.09237836,-0.08343796,-0.07680732,-0.06682976,-0.05596623,-0.046348423,-0.043549977,-0.037567586,-0.03581351,-0.034868423,-0.036582213
0.082949154,0.07073812,0.062740095,0.04791349,0.038267896,0.029516418,0.030196771,0.029362436,0.03310472,0.03882976,0.044349175,0.047102496
-0.5259421,-0.4612996,-0.40349442,-0.21294802,-0.23412177,-0.21789515,-0.22109249,-0.20322686,-0.19736516,-0.21309161,-0.23551197,-0.24423487
0.15971795,0.16891786,0.16676554,0.14817595,0.13165593,0.108423255,0.094205506,0.079970255,0.07880929,0.07788022,0.078292504,0.07908464
0.24503887,0.28016406,0.27008584,0.22919355,0.19879869,0.17050777,0.149495,0.12617156,0.117645085,0.11128513,0.11070741,0.11438353
-0.101593286,-0.08937938,-0.08098319,-0.061851572,-0.054674715,-0.048351232,-0.043423742,-0.039294064,-0.03549006,-0.03284803,-0.033522293,-0.034659352
0.14294152,0.11349285,0.062098727,0.06379607,0.050818652,0.0541977,0.030841112,0.03526233,0.030399278,0.030956365,0.030620873,0.032674342
0.11750237,0.07489748,0.051029906,0.040507823,0.027399093,0.017410904,0.008367524,0.01096718,0.011447109,0.015612602,0.019269466,0.026252318
-0.085290134,-0.07946244,-0.068460405,-0.05140145,-0.03845852,-0.029561885,-0.030022591,-0.029028349,-0.03473183,-0.039675318,-0.04556451,-0.048286796
-0.058855426,-0.0692852,-0.076081246,-0.09213604,-0.08953258,-0.08392197,-0.070032135,-0.059726663,-0.042265467,-0.024428219,-0.011404492,-0.0023718327
-0.3610214,-0.35102966,-0.32359126,-0.2847169,-0.25219437,-0.21857202,-0.19309562,-0.17189568,-0.15809816,-0.1508905,-0.15023844,-0.15287393
-0.2676046,-0.2446626,-0.24712335,-0.19739296,-0.18016034,-0.15289481,-0.14717697,-0.13055597,-0.117112055,-0.11365223,-0.11283172,-0.11446677
0.2294341,0.24341479,0.25095612,0.23246545,0.21973163,0.20197129,0.18163648,0.15587829,0.12336494,0.09818885,0.081923336,0.07439934
0.19475284,0.19278212,0.17500296,0.15216284,0.12831149,0.11258409,0.10289952,0.09518668,0.089211285,0.08694206,0.08719983,0.08767764
-0.029100537,-0.025364023,-0.02639854,-0.027427886,-0.031096203,-0.026731731,-0.02489106,-0.019824836,-0.014972134,-0.009595709,-0.0075547127,-0.00600483
1.2404008,1.261581,1.1092913,0.8922893,0.77723247,0.7094412,0.60914665,0.54830825,0.51042134,0.47695488,0.47016084,0.47092724
0.11220579,0.115265355,0.10690879,0.10273814,0.09080092,0.090329975,0.08435048,0.08014318,0.069752604,0.06134291,0.055874083,0.05085111
-0.1501626,-0.111891106,-0.09477067,-0.054226056,-0.035768867,-0.014148682,-0.019635707,-0.019819006,-0.03852901,-0.059583943,-0.07758667,-0.09071955
-0.09646571,-0.11658789,-0.12582661,-0.123588905,-0.118787356,-0.10600561,-0.09300721,-0.077106245,-0.06257838,-0.047604278,-0.03797514,-0.033507112
-0.00025434326,-0.0017182827,0.01419876,0.014345745,0.017281827,0.013092158,0.019366708,0.015673615,0.012738988,0.008091037,0.0054790475,0.0015319427
0.34289932,0.31151283,0.24589595,0.2007706,0.1690779,0.14814806,0.13309574,0.12849997,0.137407,0.14967415,0.16543865,0.16885665
-0.06151592,-0.04813886,-0.021407261,-0.018088304,-0.01369562,-0.020324856,-0.0117414,-0.015867844,-0.016071413,-0.017497767,-0.018217657,-0.019841671
0.30293372,0.18471485,0.09765276,0.22481439,0.10634312,0.045902878,0.023117483,0.029319763,0.052036777,0.04142733,0.04427226,0.051735044
-0.4881837,-0.4381253,-0.36782962,-0.3112984,-0.2602268,-0.22589552,-0.1998589,-0.1932011,-0.19723728,-0.21078396,-0.22632203,-0.23563735
0.055540763,0.046819642,0.052121207,0.054480635,0.058540545,0.04966859,0.043449484,0.037520252,0.02694666,0.017422428,0.011795433,0.008275732
0.47627407,0.47001463,0.40428287,0.34483284,0.2726152,0.23469242,0.1825574,0.14551643,0.109892964,0.084446445,0.08190377,0.105075
0.012060598,-0.0075335503,-0.017284721,-0.023925327,-0.02404052,-0.020395413,-0.009243563,-0.0017543472,0.006300792,0.01163727,0.01675238,0.015130002
-0.1502931,-0.1284759,-0.110027105,-0.09589971,-0.0873781,-0.08490591,-0.08060773,-0.07573487,-0.06339786,-0.05515627,-0.05163861,-0.049389206
0.0703038,0.043564066,0.023566052,0.0015494972,-0.007358134,-0.006074235,-0.0028634667,0.012138307,0.00964082,0.016828023,0.02443023,0.022403918
-0.06457947,0.04084654,0.042493135,0.045555398,0.032637328,0.036854193,0.012955666,0.003704533,0.0056448206,0.011023268,0.008932233,0.0098383725
-0.05940842,-0.07952999,-0.09414807,-0.05973465,-0.062288158,-0.05092249,-0.057446323,-0.0455333,-0.0472438,-0.049020156,-0.05404153,-0.053829715
0.0603797,0.08471732,0.1039457,0.09288426,0.08755412,0.07119973,0.06562358,0.04943028,0.043672614,0.03764856,0.03309292,0.03216946
0.105478734,0.07366896,0.055308357,0.06071336,0.051430047,0.048033234,0.02680663,0.027365029,0.011908516,0.003214173,-0.0064833313,-0.0049755014
0.064067505,0.07586655,0.06962554,0.045872234,0.036770634,0.03198857,0.033932388,0.028491614,0.030522078,0.034738455,0.04069162,0.045529723
0.35079134,0.29107782,0.23652977,0.21809453,0.17079344,0.14185718,0.12188217,0.11961284,0.10771771,0.10454705,0.108805895,0.11713667
-0.24555326,-0.21538407,-0.17627248,-0.16151609,-0.14190933,-0.12647074,-0.10425748,-0.10017933,-0.09197732,-0.090532586,-0.09211227,-0.09365617
-0.19148026,-0.19437212,-0.19542003,-0.17319918,-0.166329,-0.14484014,-0.12930024,-0.112114005,-0.09831769,-0.09171456,-0.08770314,-0.087505355
0.17185198,0.17544419,0.177528,0.12876922,0.09882602,0.069990754,0.06927724,0.060353726,0.06562935,0.07842663,0.08921553,0.09722583
-0.08662608,-0.13762619,-0.15936351,-0.1426445,-0.1299123,-0.105199,-0.0911099,-0.06924227,-0.05996247,-0.05453174,-0.0481189,-0.047276028
0.011767909,0.049446564,0.04232301,0.026510477,0.030241273,0.030457042,0.022534154,0.019126706,0.029313836,0.043483194,0.05026024,0.053260878
0.013430119,0.06346916,0.07977486,0.050950214,0.052523877,0.044917833,0.0406386,0.026328664,0.023388846,0.019213965,0.017346501,0.015341304
0.014774449,-0.006980881,-0.018455174,-0.02966211,-0.036864456,-0.0388542,-0.03613407,-0.024530273,-0.010068985,0.0037522577,0.013125729,0.016459934
0.099472255,0.10080752,0.111646324,0.096368164,0.082762815,0.0655867,0.066517875,0.05469739,0.04898886,0.042892344,0.040926702,0.040698413
0.017041996,-0.0024843346,-0.006448876,-0.0026377793,0.0024144761,0.002350239,-0.00065600686,0.00013111532,-0.0058023315,-0.009170121,-0.0118903415,-0.01217108
-0.0939043,-0.11309195,-0.124322034,-0.13336965,-0.13355118,-0.12665659,-0.109531656,-0.092197165,-0.07161541,-0.049982432,-0.034037173,-0.02579782
0.36034098,0.3379108,0.3137957,0.22204223,0.16348368,0.11542311,0.108552486,0.10597983,0.1355469,0.17634372,0.20529187,0.22475505
0.10330139,0.23014945,0.2811404,0.26883513,0.26006225,0.24740824,0.22711432,0.18289204,0.15727213,0.13430488,0.11202492,0.101566896
-0.039686415,-0.054737464,-0.05672916,-0.059697144,-0.055799693,-0.0455131,-0.03410915,-0.025858605,-0.02114964,-0.01765206,-0.015133307,-0.01567011
0.052240312,0.07387987,0.058006696,0.0609689,0.054217555,0.059824433,0.04678537,0.042007044,0.027286,0.01552264,0.009547682,0.008405884
-0.40104806,-0.40756643,-0.3717737,-0.32644707,-0.28387982,-0.25018087,-0.21974672,-0.19905064,-0.18927138,-0.1883257,-0.19077758,-0.19232827
0.15338248,0.15228216,0.13942298,0.13135302,0.10927794,0.09488879,0.08275472,0.07476251,0.068158135,0.06332986,0.06195162,0.06180463
0.66720575,0.56337035,0.4671268,0.38687098,0.34659278,0.31234258,0.2795573,0.266923,0.24955025,0.24772808,0.2531734,0.2594458
0.006468404,0.025514264,0.0322341,0.038278926,0.03714427,0.03689587,0.03193768,0.024458531,0.015222831,0.0072031654,0.0008907006,-0.0009897179
0.0673756,0.06681718,0.057230227,0.045934416,0.03815365,0.034323618,0.030244697,0.030384973,0.034997303,0.04133457,0.04638003,0.048001707
-0.1472706,-0.17384169,-0.19152796,-0.16026977,-0.20280801,-0.20693243,-0.19846636,-0.16597144,-0.12904632,-0.099614814,-0.08232868,-0.06856896
0.14138043,0.19592622,0.2077059,0.19138831,0.18276933,0.16673219,0.14719675,0.12084697,0.108838394,0.098045595,0.0890721,0.08449258
0.49118954,0.49074695,0.49515834,0.4341409,0.38711095,0.35437432,0.3214832,0.2944172,0.26597762,0.2468105,0.23182687,0.22449614
0.13318768,0.13496579,0.12944193,0.11502015,0.10910201,0.10358016,0.09352683,0.083602354,0.07348135,0.06715557,0.061957095,0.05982389
0.09441524,0.08236133,0.068449646,0.055048548,0.044081755,0.036732975,0.03103073,0.02877989,0.026531685,0.027806636,0.030645259,0.032865204
0.1328772,0.1295113,0.10973971,0.085352205,0.07882837,0.069469735,0.057188097,0.04889009,0.041450348,0.03531563,0.03399712,0.035028286
-0.89174443,-0.76162434,-0.5812616,-0.5697031,-0.46818584,-0.42535335,-0.3275113,-0.32475227,-0.2923252,-0.28144777,-0.2780534,-0.28547162
0.04095586,0.021923892,0.0033756122,-0.0074667856,-0.017100751,-0.018741183,-0.02180301,-0.0152831,-0.008652899,0.00032188743,0.006508298,0.011932362
0.04981303,0.077947706,0.11576032,0.1295794,0.14056398,0.12786536,0.11282221,0.08675727,0.043316748,0.00409945,-0.022600707,-0.034429625
-0.050466437,-0.068466954,-0.07331338,-0.06318933,-0.056750264,-0.049745727,-0.05066243,-0.04434004,-0.043327726,-0.044698603,-0.046282694,-0.04684117
0.20380597,0.21599314,0.21293367,0.17943728,0.15714897,0.13932662,0.1307822,0.113670334,0.10328816,0.09523753,0.09381069,0.09333703
0.29918694,0.28440624,0.2382352,0.20032838,0.16726899,0.14969763,0.13304506,0.12704693,0.12849948,0.13617608,0.14578363,0.15103501
0.2897348,0.28034794,0.2618427,0.2552015,0.2471289,0.21584861,0.17701295,0.14967094,0.12118596,0.086389944,0.069331974,0.05982752
-0.31376308,-0.33430207,-0.3184952,-0.27553084,-0.25392884,-0.2288814,-0.20169246,-0.17652048,-0.15785602,-0.1464783,-0.13994314,-0.13734347
-0.16480899,-0.1986111,-0.20123336,-0.18815021,-0.17623264,-0.1616486,-0.14529152,-0.12218855,-0.1066913,-0.09519638,-0.08833493,-0.08680105
0.30775562,0.30117914,0.25844747,0.22675106,0.19966738,0.18040502,0.16251044,0.15076995,0.14588532,0.14409159,0.1481931,0.14892761
0.2900262,0.27786213,0.25738004,0.2095378,0.1745038,0.14271215,0.12882286,0.11587338,0.11607968,0.11986481,0.12630796,0.13151185
0.012927732,0.023885965,0.020910434,0.014733822,0.015236048,0.015703715,0.01817173,0.012788713,0.013223101,0.010928126,0.012430649,0.0131739825
0.0023880228,0.0010053776,-0.0056426506,0.0014453158,-0.0020206878,-0.0007594675,-0.0028136298,-0.0015132567,0.0015798043,0.001720136,0.00082668476,0.00045676995
0.010567916,0.012848923,0.0012804647,0.008059667,-0.00025518425,0.0012689922,-0.0075877616,-0.0022376087,0.000977899,0.009205835,0.011845628,0.013177296
-0.13148586,-0.13072178,-0.12480415,-0.11509787,-0.104883134,-0.094554245,-0.08420022,-0.07512013,-0.065813065,-0.059277833,-0.055919755,-0.05466204
0.043515086,0.0763239,0.08214317,0.066521935,0.06667486,0.061363183,0.059630785,0.045486357,0.039243653,0.032663252,0.027604943,0.027134083
-0.14896658,-0.14061634,-0.12526715,-0.10414658,-0.07366274,-0.056077406,-0.04635398,-0.04571943,-0.047067724,-0.057363886,-0.06561008,-0.075631306
-0.26038614,-0.2742139,-0.26393414,-0.23954707,-0.22428226,-0.19634458,-0.17307009,-0.14586085,-0.13029295,-0.11647086,-0.1100221,-0.10942425
0.18813698,0.22662002,0.1791278,0.15969683,0.13129312,0.120196626,0.08622001,0.08114599,0.088691846,0.103147745,0.11386901,0.12179655
-0.021891896,-0.010425819,-0.009088278,0.008718967,0.012415625,0.010042358,0.0019453764,8.542091e-06,-0.0015119966,-0.006588403,-0.010835441,-0.014710899
-0.22921887,-0.24725339,-0.2193175,-0.19368084,-0.16983946,-0.15925431,-0.13621573,-0.12350574,-0.11367455,-0.10950437,-0.10749951,-0.106989786
-0.056833293,-0.047765393,-0.034594685,-0.038784377,-0.02894397,-0.030406285,-0.025655493,-0.02561427,-0.02431811,-0.023943333,-0.02353707,-0.025107816
0.40896145,0.43668482,0.44066334,0.42184234,0.40181333,0.36785576,0.32852668,0.2856721,0.24193634,0.20686308,0.18023382,0.1639696
-0.6917403,-0.692564,-0.62926203,-0.5653086,-0.49882692,-0.45348662,-0.38702866,-0.35354024,-0.3168851,-0.3042468,-0.29485065,-0.29441229
0.08377452,0.11431463,0.11374266,0.113552004,0.106531136,0.10242146,0.08603273,0.07265318,0.060516506,0.049824886,0.041412022,0.0384041
0.40307465,0.36982644,0.31220478,0.22225806,0.17527223,0.13423622,0.13205895,0.12512565,0.15728655,0.19028884,0.22462547,0.24000025
0.21957716,0.19780546,0.20074667,0.17526647,0.159913,0.13533187,0.13058572,0.11412014,0.10505573,0.093077354,0.08826633,0.08357923
0.18192302,0.19245349,0.1849107,0.15897986,0.13752523,0.11635135,0.103718005,0.09226555,0.092753336,0.094906405,0.09768155,0.09782914
0.050369203,0.086621314,0.12610489,0.115161285,0.12219702,0.11473593,0.11360239,0.082878284,0.047874678,0.013527868,-0.006349887,-0.013014388
-0.026120905,-0.08976815,-0.14982644,-0.14185593,-0.14361013,-0.12554517,-0.11949693,-0.092407584,-0.07668041,-0.061084434,-0.045840777,-0.037458748
-0.33048964,-0.31126523,-0.35058057,-0.3319145,-0.32516813,-0.27380228,-0.25566608,-0.20924497,-0.17762563,-0.1453671,-0.12716869,-0.119588785
-0.06814254,-0.07026009,-0.0773703,-0.049496166,-0.0447073,-0.036175996,-0.045779087,-0.038590632,-0.043529578,-0.0496224,-0.056740303,-0.060966812
0.09248612,0.12770322,0.15246366,0.13709296,0.11669927,0.08983631,0.09488249,0.07572462,0.07430008,0.074889995,0.07852696,0.079057574
0.4175306,0.4099751,0.35825118,0.31042773,0.26837534,0.2391834,0.20642833,0.18514512,0.16949244,0.16112995,0.16075039,0.16438976
-0.04227138,-0.021404028,-0.003865935,0.008178182,0.01246015,0.012420196,0.006401114,0.00024400279,-0.0097402595,-0.018792909,-0.027243182,-0.030250734
-0.44178063,-0.42862216,-0.30920073,-0.29253256,-0.23609796,-0.2359153,-0.18015137,-0.1819522,-0.17086653,-0.1698555,-0.17010981,-0.17047694
-0.02308625,-0.020672776,-0.028322179,-0.032462895,-0.028961342,-0.024864348,-0.025170347,-0.021206206,-0.016656656,-0.012941617,-0.010778353,-0.010863197
0.14714675,0.15437366,0.16111289,0.16025849,0.14988928,0.14684264,0.14037752,0.12982726,0.10515256,0.08527979,0.07264183,0.06215474
0.09926867,0.08742042,0.07780583,0.062959045,0.05084624,0.04157734,0.033293284,0.03150804,0.032015923,0.03658269,0.03813707,0.041698135
0.061796676,0.053258926,0.0495425,0.05417646,0.047326315,0.04579862,0.0379337,0.039574064,0.037316825,0.04024182,0.04027287,0.04144007
0.099881224,0.102141954,0.089888364,0.06267403,0.045235604,0.036816098,0.033829227,0.034436442,0.04389506,0.055884328,0.064630814,0.0690071
-0.22550291,-0.22606027,-0.20873562,-0.16483721,-0.13640958,-0.10936152,-0.102657,-0.09327112,-0.10399528,-0.12015839,-0.13394253,-0.14229491
-0.22372524,-0.17175984,-0.15183273,-0.1415779,-0.1288416,-0.11256246,-0.09558062,-0.0893615,-0.07135908,-0.060278818,-0.053348847,-0.05194532
0.3377877,0.30169374,0.2847063,0.21809843,0.1766294,0.13579227,0.1247375,0.11395013,0.117535114,0.13024588,0.14192237,0.15277201
-0.047656555,-0.06065726,-0.07892838,-0.07695085,-0.07562566,-0.06793301,-0.068906985,-0.056214627,-0.04701356,-0.03989532,-0.03517588,-0.033074643
0.30469665,0.23491092,0.19008607,0.17274378,0.14883655,0.12683092,0.11080991,0.10515949,0.094854295,0.08780436,0.09068637,0.093368135
-0.22545314,-0.23347038,-0.20306009,-0.18709905,-0.1642445,-0.15612397,-0.12988411,-0.120999604,-0.10881829,-0.10127453,-0.09492239,-0.092381306
0.01834355,0.01648692,0.020827126,0.013905445,0.011827277,0.007485226,0.008498436,0.005585012,0.00299073,-0.0006515216,-0.0019307407,-0.0020792037
-0.12379046,-0.14792931,-0.14486152,-0.119852945,-0.107947335,-0.10202408,-0.09945831,-0.08630437,-0.07949892,-0.07351204,-0.07080585,-0.069463
0.30270287,0.2939955,0.2776885,0.23523794,0.21183336,0.18308118,0.16591692,0.14765489,0.1354299,0.12978493,0.12919116,0.13030787
-0.43680316,-0.44006538,-0.42078346,-0.38438618,-0.3407289,-0.29788607,-0.25350577,-0.22366238,-0.19814579,-0.18331014,-0.17245549,-0.17203632
0.26680994,0.28037518,0.2703064,0.22930995,0.19835314,0.17463219,0.16145703,0.14679217,0.13710473,0.13201435,0.13102424,0.12630777
-0.3401988,-0.26335415,-0.27852985,-0.17311963,-0.15535045,-0.10860425,-0.12462613,-0.11241284,-0.118823886,-0.13500877,-0.14996971,-0.15944822
0.12936017,0.1522626,0.1413821,0.124368146,0.10721533,0.0920247,0.080326274,0.0680364,0.065804504,0.06451513,0.06621597,0.068800956
0.30732095,0.26824567,0.22577739,0.21163419,0.19040897,0.17892505,0.14404945,0.13871631,0.11621514,0.107066095,0.09837117,0.09668543
0.221692,0.19106707,0.12925187,0.11227499,0.09836629,0.09104681,0.07838489,0.073798835,0.06671463,0.055065855,0.056110807,0.0579025
0.3026856,0.31854087,0.25477242,0.20416105,0.1605041,0.13605282,0.10597001,0.099026844,0.11100723,0.13098966,0.14686407,0.1596138
-0.1988484,-0.1222461,-0.16901071,-0.075573266,-0.08687934,-0.046886712,-0.09514545,-0.07536857,-0.06463741,-0.053505257,-0.059088975,-0.06016572
-0.29895383,-0.25367457,-0.1456371,-0.11821517,-0.07958433,-0.091026396,-0.056896687,-0.07495862,-0.07935795,-0.09619552,-0.10822262,-0.11664604
-0.1459304,-0.13690461,-0.12285753,-0.11934805,-0.104188524,-0.0896294,-0.07400692,-0.0655639,-0.057118244,-0.049548905,-0.04564515,-0.045255344
0.048265837,0.0016581789,-0.025452882,-0.0354383,-0.041848674,-0.0403385,-0.03553439,-0.020365551,-0.007836312,0.007344939,0.018945474,0.024708204
0.102296025,0.085811764,0.08027956,0.088670045,0.08749062,0.08358364,0.07059181,0.061982315,0.04364847,0.025807053,0.013490021,0.0066958666
0.53413194,0.68597543,0.5835341,0.33384687,0.22730398,0.19087523,0.16594422,0.13774484,0.14526954,0.15220428,0.1730427,0.18863255
-0.13705756,-0.10368377,-0.08558962,-0.079431295,-0.068833224,-0.05813089,-0.048855826,-0.050201178,-0.04718934,-0.04734373,-0.048407637,-0.049547154
-0.22473694,-0.24618348,-0.24250789,-0.21308222,-0.20184407,-0.18332468,-0.16661638,-0.14404705,-0.12888868,-0.11861502,-0.11302754,-0.10947775
0.02604782,0.019942526,0.0016631372,0.004673768,-0.0051631033,0.00082614645,-0.004129119,0.0036888458,0.0034239069,0.005468741,0.0063392073,0.0061535127
-0.82835144,-0.91036874,-0.8908043,-0.78965485,-0.721745,-0.6295857,-0.56081635,-0.47783232,-0.43745527,-0.40524682,-0.39316478,-0.3870579
0.076499954,0.12223102,0.13027102,0.12287001,0.11696939,0.11076774,0.09369189,0.077743694,0.06596565,0.057340894,0.04765216,0.043036513
0.08226164,0.21384099,0.28629863,0.23990229,0.29666656,0.26585424,0.24230254,0.1707969,0.1325168,0.09271881,0.068340465,0.057593867
-0.15868413,-0.13906242,-0.11162263,-0.07858561,-0.042703122,-0.019249722,-0.012447685,-0.011514276,-0.025732107,-0.042523324,-0.056361217,-0.06968613
0.067597285,0.012415184,0.019000705,0.0639141,0.075587004,0.061973438,0.06657715,0.057280287,0.04122901,0.013692914,0.0017977692,-0.0061052926
0.18699247,0.17368215,0.13824362,0.12318829,0.10275605,0.092372715,0.075531304,0.07175957,0.068438984,0.06820675,0.070536815,0.07362114
-0.089556955,-0.09292812,-0.080231465,-0.059872877,-0.055137087,-0.053240538,-0.046421647,-0.041937843,-0.038980313,-0.040202364,-0.040947556,-0.04297216
0.09217,0.08654128,0.06305936,0.055280685,0.039881974,0.033487886,0.02440963,0.024803892,0.028954815,0.03660903,0.042256344,0.047697384
-0.00017078221,-0.03744727,-0.049685393,-0.03984093,-0.04177588,-0.03844298,-0.032603033,-0.019289777,-0.009886004,-0.0019953363,0.004759252,0.005265411
-0.33334252,-0.30104977,-0.2953754,-0.25380525,-0.22459549,-0.18391715,-0.16766638,-0.15325753,-0.15129757,-0.15802082,-0.16238226,-0.1651012
0.048738867,0.033750683,0.022365633,0.03671207,0.031674594,0.026959151,0.015902113,0.017171297,0.012359299,0.008119276,0.0047439225,0.0026059505
0.04876441,0.01380872,-0.0021346882,-0.013377979,-0.020119563,-0.027390227,-0.021612063,-0.016885668,-0.0057995804,0.003061574,0.012044568,0.01912836
-0.1476147,-0.18754643,-0.21231759,-0.18066314,-0.16420354,-0.14286673,-0.1393109,-0.1125353,-0.09805013,-0.08330875,-0.075244695,-0.07229678
0.15035819,0.18268831,0.14801106,0.1406721,0.120944954,0.11888742,0.087305285,0.081311025,0.07542437,0.0747469,0.071218506,0.070851296
-0.2605554,-0.25749195,-0.24742028,-0.23460475,-0.20601177,-0.1774387,-0.15159419,-0.13450263,-0.12264238,-0.11550534,-0.11008222,-0.10964735
-0.112959005,-0.045565203,-0.004259169,0.0017687976,0.0127851665,0.014064208,-0.00037305057,-0.011564642,-0.023509666,-0.031687133,-0.044479094,-0.049443558
0.10888337,0.10432158,0.10028418,0.09016627,0.07994935,0.06843993,0.06198979,0.05639291,0.054219373,0.054378405,0.0556017,0.055430874
-0.5907914,-0.61025625,-0.5786357,-0.5100647,-0.46245915,-0.41517502,-0.3693275,-0.32495385,-0.29835492,-0.28353283,-0.2753389,-0.2749474
0.32002288,0.33362257,0.3194318,0.28575137,0.2503818,0.21788296,0.19325502,0.16919729,0.1535463,0.14425652,0.14055175,0.14092597
0.030999392,0.028451689,0.01020053,0.0060013905,-0.005089417,-0.0044263564,-0.00634034,-0.0032649487,0.006628435,0.01651857,0.021813199,0.02790197
0.15543775,0.1549594,0.14432192,0.121055745,0.1035338,0.087011054,0.079704285,0.070665926,0.066432014,0.06538066,0.06734152,0.067957506
0.23623823,0.23809415,0.22569382,0.20305286,0.17722312,0.14995897,0.13322598,0.11665637,0.10872535,0.104106195,0.10432622,0.10614437
-0.09655173,-0.10375042,-0.09278169,-0.085086256,-0.07364172,-0.061071627,-0.047843613,-0.03833001,-0.033712067,-0.032080792,-0.031153742,-0.03369473
0.020687662,0.00719516,-0.0030397214,-0.007817641,-0.0140450895,-0.012450356,-0.010847561,-0.007004468,-0.0057971794,-0.0041267592,-0.00086292066,0.000543382
0.085918956,0.10903301,0.111527644,0.10506001,0.10731946,0.102708325,0.09074047,0.075955585,0.058502108,0.044423092,0.034667358,0.02929043
-0.10520756,-0.06632036,-0.030946732,-0.043766752,-0.01957351,-0.027851902,-0.016665444,-0.032108918,-0.017068133,-0.012496226,-0.010007925,-0.008782975
0.21389835,0.21782422,0.23230958,0.25116527,0.24961196,0.22919783,0.19299418,0.16419029,0.119414315,0.079662085,0.046586335,0.028909087
-0.024528159,-0.02078788,-0.025490329,-0.017956663,-0.018906876,-0.017461099,-0.019222468,-0.015676774,-0.014281236,-0.013160102,-0.012616804,-0.013847544
0.122838795,0.12151401,0.13525312,0.086978436,0.08560395,0.060839646,0.07623387,0.06696379,0.07334831,0.0829936,0.095090166,0.093827136
0.24158004,0.20219493,0.16164798,0.13687083,0.12882924,0.12128754,0.1070275,0.1058822,0.0996951,0.095889226,0.09613481,0.092449374
-0.060212143,-0.09458618,-0.10084121,-0.09233838,-0.08718844,-0.078062326,-0.06543341,-0.054100834,-0.048393853,-0.04512184,-0.04139989,-0.039259262
0.04076565,0.05422147,0.034514584,0.016598314,0.016530002,0.021875206,0.021204231,0.018086106,0.019481417,0.01911974,0.02289205,0.02278452
0.05495716,0.07821511,0.08149247,0.0763159,0.06709156,0.05707694,0.05370045,0.044043805,0.0401482,0.03896959,0.039940692,0.04057686
0.064208776,0.09182995,0.09135731,0.0743517,0.04936471,0.03670837,0.030378677,0.029488645,0.04166642,0.05991143,0.06872461,0.07565829
-0.10505865,-0.12750793,-0.13209891,-0.1325592,-0.12791346,-0.11867642,-0.09926864,-0.08408702,-0.065442555,-0.05159939,-0.039001435,-0.033706214
0.36309284,0.36730272,0.34529597,0.30799434,0.28266993,0.25265437,0.22272262,0.19305944,0.17213078,0.15804036,0.15054388,0.14984074
-0.5884722,-0.570505,-0.5338962,-0.49378598,-0.44321734,-0.39485294,-0.34545115,-0.30893978,-0.2672733,-0.24140468,-0.22758415,-0.2228628
-0.18566379,-0.2073577,-0.20989847,-0.1973696,-0.17846355,-0.16565976,-0.14374325,-0.1255243,-0.10080654,-0.08468059,-0.071311995,-0.06645879
-0.229564,-0.25027815,-0.25765756,-0.20151798,-0.18439932,-0.1615028,-0.15851809,-0.13573593,-0.13035244,-0.12902163,-0.13092443,-0.13287556
-1.0107573,-1.0779209,-0.98797524,-0.88815635,-0.7936286,-0.71474826,-0.6194657,-0.54864883,-0.5070414,-0.48605865,-0.47805172,-0.47957537
0.03710488,0.036899388,0.029151311,0.027539542,0.018549643,0.0112371165,0.008191479,0.00536138,0.0047443565,0.0030244146,0.0038857227,0.005803831
-0.024543718,-0.02235043,-0.023464734,-0.018315786,-0.016957734,-0.012090474,-0.013548551,-0.010414582,-0.010512087,-0.010946721,-0.012067623,-0.013091172
0.10331727,0.09851189,0.09081538,0.078285955,0.06616909,0.05805786,0.050538033,0.045458104,0.04303786,0.042590626,0.04275655,0.04411552
-0.12367631,-0.11053434,-0.097734794,-0.08541853,-0.08088068,-0.07506774,-0.06487521,-0.06029674,-0.05386431,-0.05227835,-0.05162973,-0.052291907
0.08041617,0.0930941,0.09306256,0.075638525,0.06722362,0.054955125,0.054085538,0.04416541,0.04436222,0.04209038,0.04426445,0.045562834
0.09418481,0.095317304,0.09946863,0.09117289,0.08263008,0.071104266,0.06644902,0.05653698,0.045568608,0.037681226,0.033909827,0.033500843
0.11372252,0.12772606,0.11756364,0.107536316,0.091539815,0.08272427,0.06954472,0.061790563,0.058582705,0.0590659,0.058894522,0.060330007
0.08829962,0.09265761,0.081146136,0.063688636,0.051317297,0.039034866,0.028389737,0.024812479,0.03167241,0.040785775,0.04672891,0.052666735
0.100090325,0.06686861,0.07033838,0.041568235,0.039958075,0.02080185,0.021556705,0.015727337,0.01654452,0.020692587,0.02750196,0.032912135
-0.2603552,-0.2474165,-0.21624306,-0.21367769,-0.18896687,-0.17107713,-0.14286278,-0.13168772,-0.118646815,-0.110331416,-0.10447869,-0.10272988
0.00036295876,0.029287565,0.031955846,0.029825743,0.02776241,0.023283832,0.02171785,0.014995027,0.02091575,0.024190731,0.02684541,0.028056003
0.13201398,0.11798263,0.09819457,0.06644845,0.050483674,0.043028533,0.044014275,0.04579431,0.056393594,0.06994837,0.0807854,0.08641487
0.15128207,0.12004678,0.10398908,0.09915101,0.08969353,0.08122435,0.074723445,0.07360669,0.06716269,0.0648884,0.0650021,0.06160666
0.095147535,0.07727878,0.085372105,0.07366726,0.07146137,0.0527958,0.048630543,0.040762242,0.039773155,0.0392612,0.039461695,0.039436746
-0.02661625,-0.021362433,-0.019284738,-0.014978529,-0.014440241,-0.010950306,-0.009761292,-0.0084587075,-0.010544721,-0.012756552,-0.014373057,-0.015126676
0.17409854,0.17692563,0.15533745,0.13724731,0.110643715,0.090868965,0.08072008,0.075130984,0.07959522,0.086823255,0.09544552,0.09978451
-0.11731854,-0.11047253,-0.09422964,-0.0846871,-0.07603894,-0.0690514,-0.060275614,-0.05629549,-0.05136917,-0.048677444,-0.04799724,-0.04807098
-0.57437056,-0.29123604,-0.10728055,-0.12552714,-0.049779713,-0.016879201,0.042811036,-0.014901876,-0.030357808,-0.06212026,-0.08513233,-0.107412994
-0.11054964,-0.10798869,-0.08168578,-0.08409726,-0.06600009,-0.065440305,-0.047513552,-0.048268106,-0.04018955,-0.037616543,-0.034129046,-0.03384507
-0.022524863,-0.020586442,0.003146939,-0.0049625877,-0.015860014,-0.030794606,-0.018478522,-0.020837849,-0.0126077905,-0.008346834,-0.0040616207,-0.0025408436
0.1562345,0.1266833,0.08784336,0.045310736,0.013312519,-0.00075289607,-0.0015571713,0.006130904,0.029471926,0.057261102,0.079834856,0.09420923
0.29538077,0.25380912,0.24445552,0.21988949,0.2178514,0.1948655,0.18106252,0.15878597,0.12938789,0.10310638,0.092098124,0.08396252
0.14782508,0.17200094,0.16444483,0.1605361,0.15210323,0.14052573,0.11333903,0.09610041,0.072814904,0.0536976,0.041593004,0.0360793
0.15048677,0.16074735,0.16115786,0.14294636,0.1400039,0.1263617,0.112750605,0.0991212,0.0923579,0.08910007,0.085461736,0.083172604
0.04676229,0.04498343,0.05367391,0.051836185,0.046877455,0.03376676,0.029574418,0.024105046,0.025930166,0.026961125,0.026391296,0.026381865
-0.27182627,-0.25899044,-0.23285171,-0.21337906,-0.1843263,-0.16645457,-0.14922574,-0.13803983,-0.121114,-0.10899008,-0.1048505,-0.10141846
-0.35593903,-0.33495578,-0.30358648,-0.289627,-0.26354253,-0.24338257,-0.20551693,-0.19116798,-0.16044013,-0.14380336,-0.13089347,-0.123816684
0.36321893,0.38812843,0.37183464,0.3347507,0.31468946,0.28651217,0.27888453,0.24738556,0.22888309,0.21458037,0.21404804,0.20776215
-0.027176037,0.08064172,0.078235775,0.08492012,0.077311486,0.08356096,0.04772325,0.03329441,0.018646672,0.0103843585,-0.0036161318,-0.0044456422
0.27402335,0.24268746,0.2125195,0.18475364,0.14907902,0.1186765,0.09622082,0.090193,0.093720086,0.10175912,0.109194756,0.11688875
0.09393882,0.13839552,0.14908707,0.14132673,0.11488469,0.09779561,0.08377648,0.07093857,0.06449373,0.06449482,0.061468128,0.06262505
0.016078189,0.04434485,0.03916133,0.03202962,0.01941279,0.012505668,0.0072350297,0.00087462086,0.0036550364,0.0049534747,0.00633925,0.010492055
-0.24387644,-0.2320917,-0.18342936,-0.13129032,-0.114381164,-0.09312658,-0.07324621,-0.06547998,-0.06977231,-0.081771836,-0.095110185,-0.103764296
-0.08896235,-0.10383526,-0.08395995,-0.063775115,-0.050464205,-0.044622656,-0.03892411,-0.037780173,-0.04904315,-0.061342068,-0.07152508,-0.0750923
0.060309067,0.018530264,-0.019352108,-0.042191923,-0.063089326,-0.062867075,-0.061341673,-0.0473414,-0.029252648,-0.0070799068,0.00925957,0.024678208
0.30229953,0.24855724,0.32800418,0.3159509,0.28499517,0.19753158,0.17062548,0.14170092,0.115892,0.098995864,0.0802819,0.070890255
-0.3842013,-0.5522767,-0.5440589,-0.54370147,-0.5023407,-0.4667914,-0.41853672,-0.3405966,-0.3010292,-0.25841302,-0.2373743,-0.24184565
-0.02646847,-0.015540004,0.01822348,0.022883289,0.033988,0.023665272,0.026581854,0.015283108,0.007610671,-0.001368694,-0.0071384497,-0.009525046
-0.043263827,-0.051873952,-0.051123545,-0.052593924,-0.048899256,-0.047587752,-0.038885847,-0.035918616,-0.02884024,-0.024978783,-0.020870809,-0.018252559
0.0580687,0.037612863,0.027007006,0.013413034,0.0017500073,-0.00036478043,-0.002125591,0.0035037696,0.008761495,0.01807297,0.022460688,0.027866825
-0.040698495,-0.09655211,-0.11106733,-0.094687715,-0.09310676,-0.085546635,-0.079372525,-0.06386877,-0.06647884,-0.06600299,-0.06368988,-0.060912296
0.21007966,0.20540535,0.1738498,0.14429553,0.110111535,0.0911054,0.07472016,0.07085797,0.0751805,0.08557618,0.09409758,0.10358371
-0.20616299,-0.14721951,-0.13632338,-0.116425335,-0.09368855,-0.06443362,-0.059244737,-0.059603646,-0.062885165,-0.0700823,-0.077242695,-0.08136864
-0.4731463,-0.49555215,-0.47250152,-0.44757044,-0.429073,-0.38395426,-0.33711693,-0.29002255,-0.26424724,-0.24235363,-0.23077676,-0.2268193
-0.18722181,-0.14465092,-0.11892627,-0.115157366,-0.109175846,-0.09864643,-0.08519941,-0.07953868,-0.06406971,-0.05216743,-0.047362454,-0.04528635
1.5453706,2.0202925,1.655089,1.5880088,1.5141617,1.5237293,1.1230457,1.0143789,0.8791905,0.8358331,0.7729917,0.74175483
0.22675008,0.23444037,0.20352508,0.17020667,0.13930252,0.12220198,0.10503578,0.09599353,0.096295886,0.101254165,0.106951535,0.11112998
-0.30552918,-0.32670882,-0.30075926,-0.2837105,-0.2667164,-0.24903639,-0.21498579,-0.19354199,-0.17459092,-0.16254312,-0.15388872,-0.14715278
0.21464136,0.220236,0.20586509,0.19736335,0.19084524,0.17943066,0.1562846,0.1384646,0.11416759,0.09619864,0.08391767,0.074153006
-0.13223381,-0.12952307,-0.13760793,-0.13192528,-0.12701167,-0.12058111,-0.1173235,-0.10018722,-0.071273,-0.043688267,-0.027483508,-0.018379785
-0.022044115,-0.0043421313,0.033387087,0.03675215,0.04042104,0.03425493,0.032790698,0.02808322,0.0144499475,0.004927558,-0.0055624982,-0.014426864
-0.37141657,-0.30120564,-0.25327766,-0.23654318,-0.20466432,-0.17668675,-0.14438629,-0.14253996,-0.12675045,-0.123047605,-0.121763304,-0.12134284
-0.23045047,-0.18359168,-0.11554825,-0.089261994,-0.056311846,-0.041544646,-0.023427114,-0.035610363,-0.05512187,-0.07975597,-0.09971942,-0.110624194
-0.095665306,-0.103351876,-0.10501173,-0.08948818,-0.09302864,-0.086578645,-0.08113913,-0.066283755,-0.058408227,-0.051220715,-0.04658377,-0.043795533
0.030349247,0.009171359,0.009300351,0.009837255,0.008453492,0.0059951916,0.012414739,0.014074076,0.0132105015,0.013194801,0.01400717,0.014204664
-0.30653498,-0.3234565,-0.3107544,-0.28235954,-0.25612497,-0.2277014,-0.19878277,-0.17440842,-0.15716422,-0.1445513,-0.13697374,-0.13337116
0.05132886,0.040072653,0.02169849,0.0086722225,-0.0036873966,-0.008071758,-0.006419666,-0.0021627173,0.008117177,0.02009392,0.03003389,0.03657011
0.033130202,0.061107013,0.03720484,0.021770252,0.006873049,0.008447502,0.0042537916,0.004933784,0.02132642,0.033741273,0.044525057,0.049449675
-0.02731258,-0.034813456,-0.021314545,-0.0034795348,0.004207883,0.01023655,0.009272447,0.008737348,-0.0034482833,-0.015481104,-0.025736481,-0.03234549
0.03503737,0.025157442,0.0009430293,0.02689934,0.033413578,0.035768297,0.016155273,0.015896887,0.007507505,-0.0019062245,-0.009926297,-0.016291067
-0.19901942,-0.17512289,-0.13632865,-0.11737399,-0.09279893,-0.08332549,-0.075118154,-0.07120907,-0.06927995,-0.07028945,-0.07478381,-0.07932199
-0.060578234,-0.04058571,-0.03294345,-0.04587626,-0.044101767,-0.03979038,-0.033881716,-0.030710438,-0.022476146,-0.012684137,-0.007899657,-0.0057433955
0.07326174,0.038409784,0.003013894,-0.0053786933,-0.017191544,-0.012184307,-0.009692565,0.0045172498,0.01832299,0.033411548,0.04601936,0.052168444
0.19704808,0.19949108,0.19408408,0.1705338,0.15406883,0.13530605,0.11817044,0.102098964,0.0875362,0.078767166,0.07350314,0.073341615
0.023424555,0.000992462,-0.018826745,-0.017175458,-0.011785068,0.0017211325,-0.004293017,0.005808931,-0.0010338612,-0.004834842,-0.0075878575,-0.011776745
0.17759243,0.15082185,0.124001354,0.08308005,0.059207574,0.04409732,0.040332004,0.042968914,0.05198662,0.06691809,0.0799612,0.08873312
0.21591532,0.18981883,0.16810225,0.17685163,0.16886735,0.1486677,0.122879826,0.10880428,0.09048107,0.070952095,0.0620834,0.059421666
0.0036725476,0.0650624,0.05509521,0.035527974,0.039558917,0.050315253,0.03824436,0.030607283,0.036179405,0.048243143,0.052345607,0.057543255
-0.108410284,-0.05260721,-0.017173484,-0.0049559325,0.012222573,0.023322687,0.023579426,0.007892571,-0.009671263,-0.028364584,-0.04445517,-0.0517387
0.07719894,0.09688531,0.08840403,0.08879458,0.0807335,0.078371875,0.07085132,0.06271441,0.057227332,0.052212216,0.048175648,0.044447143
-0.27462572,-0.30849773,-0.29663962,-0.27594072,-0.24790515,-0.22385672,-0.19240844,-0.16917883,-0.1485286,-0.13484803,-0.12596618,-0.12109637
-0.10795505,-0.14013162,-0.14776203,-0.13971104,-0.13250226,-0.11867808,-0.101862796,-0.081915915,-0.06620293,-0.05009998,-0.03847129,-0.033779487
0.091149,0.089568704,0.08124137,0.068377785,0.061669365,0.05698191,0.049493387,0.04648938,0.044981893,0.048251145,0.049055524,0.05084784
-0.41525573,-0.43970087,-0.39880317,-0.32939327,-0.29530752,-0.26652196,-0.24049151,-0.2128986,-0.20475382,-0.20185561,-0.20461544,-0.20781498
0.0954741,0.0783486,0.07842541,0.07241218,0.062317908,0.057051156,0.05299849,0.046964895,0.0350305,0.025071006,0.01837141,0.01911923
0.07784379,0.07560571,0.051639646,0.03487601,0.020285964,0.021451317,0.011983946,0.014211506,0.010743704,0.013081122,0.014881533,0.019533284
0.5208837,0.56827325,0.53415763,0.4218049,0.36750102,0.33656365,0.29567152,0.26964492,0.25724888,0.26206952,0.26595914,0.2669258
-0.03343895,-0.06573652,-0.06971651,-0.06930443,-0.06668107,-0.0679985,-0.055634573,-0.04558473,-0.03208241,-0.019441817,-0.00869217,-0.0037559886
-0.08364576,-0.079194285,-0.0724212,-0.058438428,-0.054412074,-0.046982627,-0.043137167,-0.039314434,-0.040803753,-0.043436497,-0.045827303,-0.046844076
-0.1404882,-0.12776488,-0.13055286,-0.13118786,-0.11808671,-0.09793453,-0.08817025,-0.07883588,-0.069926724,-0.058690973,-0.05202014,-0.04609176
0.35968864,0.34053016,0.29834488,0.2594861,0.22557756,0.19854459,0.17797436,0.16752419,0.16984035,0.17641589,0.18472281,0.18690036
-0.033393584,-0.057566106,-0.085010014,-0.08234984,-0.08680245,-0.07753181,-0.078110926,-0.060987033,-0.04630664,-0.029557735,-0.018966837,-0.012496667
0.13548623,0.14415473,0.13924223,0.111675546,0.100968674,0.08982672,0.082127504,0.07084267,0.06610192,0.06655117,0.06763165,0.070950076
0.080929756,0.091560856,0.07975741,0.07444997,0.06364463,0.06140814,0.053022522,0.049683962,0.051795445,0.05549261,0.057823144,0.058926005
-0.013875045,-0.014000543,-0.011879932,-0.012494124,-0.006906312,-0.0024659364,-0.001598319,-0.003333251,-0.008114231,-0.013928684,-0.017155077,-0.019039877
0.11051151,0.07916729,0.057944402,0.036614567,0.025910169,0.0202147,0.023162887,0.027545735,0.033984832,0.043982618,0.053375494,0.057466764
0.17795633,0.16422796,0.17107013,0.11785378,0.111548245,0.0975529,0.09877047,0.089110225,0.08187518,0.08500815,0.08879481,0.08962788
-0.061008602,-0.074388035,-0.055234063,-0.058767825,-0.054950185,-0.05713382,-0.044921108,-0.041632567,-0.03710668,-0.035169084,-0.034424167,-0.033107467
0.07849559,0.09729237,0.09108992,0.07672052,0.073469914,0.0664395,0.052732855,0.04471633,0.043587238,0.046197042,0.046971116,0.049300916
0.9428782,0.9351945,0.8375834,0.7625882,0.68140167,0.63080263,0.53750825,0.48382637,0.41410604,0.366237,0.34264308,0.34252313
-0.06919514,-0.06824133,-0.053313322,-0.03523054,-0.0550582,-0.063635275,-0.06515945,-0.05678561,-0.04752231,-0.04010158,-0.04007416,-0.035878576
0.31253433,0.2623375,0.21611762,0.19154462,0.17241205,0.15100576,0.13375169,0.12879123,0.1226622,0.1223229,0.12726632,0.12805578
-0.30722836,-0.311898,-0.32359746,-0.30125952,-0.2881206,-0.25879103,-0.23238504,-0.20025648,-0.16598134,-0.13948189,-0.12072899,-0.11111909
-0.08988332,-0.08940265,-0.081388935,-0.083421715,-0.06968829,-0.05987179,-0.050155006,-0.046090093,-0.042061955,-0.039095156,-0.037829407,-0.036186263
0.71015245,0.6625188,0.6386741,0.57652915,0.5515797,0.46777445,0.39409482,0.33560723,0.2863531,0.2502284,0.23090571,0.22971016
0.2556723,0.2551759,0.23723857,0.18207367,0.15089312,0.121917754,0.104272395,0.089674264,0.0912604,0.10353987,0.11294655,0.1253499
-0.12657672,-0.08986635,-0.07864262,-0.066184856,-0.06302522,-0.05651232,-0.054921553,-0.050313503,-0.03763753,-0.028113298,-0.025059447,-0.023715645
-0.30574083,-0.3636126,-0.3315847,-0.2967421,-0.2604947,-0.24195689,-0.20875674,-0.18025114,-0.17004989,-0.16139993,-0.15494435,-0.15637077
0.15660375,0.1884793,0.1954655,0.16177537,0.1638059,0.15479907,0.15853885,0.13476062,0.1212033,0.108900644,0.10457399,0.09638502
-0.0008748062,-0.03793281,-0.048814073,-0.05843551,-0.061716426,-0.060329687,-0.049838424,-0.03594914,-0.02475176,-0.010164078,0.0009569749,0.006636616
0.2310798,0.23461144,0.2363433,0.22237556,0.20589484,0.18751606,0.16945466,0.15040344,0.12615532,0.106636494,0.09389957,0.08580878
0.031945955,0.05157935,0.063196585,0.050951175,0.056849852,0.062946476,0.058729805,0.055335224,0.046828054,0.04304423,0.03710641,0.029714847
0.07140251,0.06001177,0.085624374,0.082185805,0.095234714,0.08743041,0.088082746,0.07634289,0.06128429,0.0487363,0.038318023,0.031131998
-0.53979135,-0.4993709,-0.45937753,-0.38627616,-0.35919508,-0.31501788,-0.29136905,-0.2601838,-0.2475415,-0.24036677,-0.2431115,-0.24380115
0.027315598,0.009615475,0.010687273,0.0041317977,0.0054142177,0.0015480481,0.0030059535,0.0045465603,0.005293399,0.0070100427,0.008821372,0.009045752
-0.1609011,-0.19343689,-0.18756683,-0.18753123,-0.18058708,-0.17225477,-0.15608872,-0.13392495,-0.113191865,-0.0911846,-0.077708304,-0.069960505
-0.618998,-0.7069558,-0.7141764,-0.6385286,-0.58638024,-0.5265552,-0.48067808,-0.4103849,-0.36071804,-0.31961587,-0.29930675,-0.28762132
-0.3882742,-0.4508426,-0.39452857,-0.36062446,-0.30051386,-0.28760025,-0.24470563,-0.22277413,-0.20214188,-0.19710895,-0.19529638,-0.19806266
-0.27297938,-0.24554104,-0.23047249,-0.19306464,-0.16940078,-0.14040896,-0.12984797,-0.11632766,-0.109900124,-0.10653563,-0.10908407,-0.11184998
0.19790518,0.20480153,0.19034606,0.17428616,0.15423094,0.13899544,0.12482272,0.110535234,0.09791155,0.08713466,0.08248593,0.079418
0.0041695107,-0.008729017,-0.009705266,-0.017765224,-0.020262301,-0.025980093,-0.024108727,-0.020249479,-0.013471896,-0.0061935666,-0.001337288,0.0021280292
-0.12214829,-0.19635089,-0.19902185,-0.17021137,-0.13537343,-0.111952215,-0.08844066,-0.0702962,-0.06640927,-0.0729358,-0.07384391,-0.082569204
-0.028356295,-0.048803315,-0.048377063,-0.036770392,-0.029816147,-0.030240728,-0.030512344,-0.026061678,-0.023932854,-0.022846067,-0.023219014,-0.023565693
-0.38299415,-0.39113316,-0.34127662,-0.3103347,-0.27443397,-0.2510664,-0.213421,-0.18944982,-0.17736524,-0.17015952,-0.1675443,-0.17083307
-0.27450156,-0.22800097,-0.19250068,-0.19315973,-0.16310938,-0.14134887,-0.11195885,-0.106136054,-0.086051956,-0.07193126,-0.06386733,-0.06220109
0.0843088,0.09000194,0.097280666,0.09317036,0.09674214,0.09312296,0.08517313,0.073511586,0.058199473,0.045655865,0.03625977,0.030129135
-0.30323476,-0.29764736,-0.2827644,-0.23854294,-0.21801257,-0.19037661,-0.17746818,-0.15812501,-0.15362039,-0.15553723,-0.15997303,-0.16196583
-0.052339155,-0.06436,-0.06395394,-0.05795504,-0.051397398,-0.044736173,-0.040272057,-0.030111136,-0.025797538,-0.02172063,-0.01964208,-0.022240767
-0.11025906,-0.1116917,-0.10417304,-0.083675824,-0.07836841,-0.067781374,-0.06500518,-0.056750234,-0.056496784,-0.056145422,-0.058245834,-0.058367826
-0.66223496,-0.6869049,-0.6371797,-0.5465532,-0.46479794,-0.41582656,-0.36095333,-0.3210091,-0.28446442,-0.26726443,-0.2586816,-0.26378456
-0.004542455,-0.004974436,-0.021046448,-0.0019476786,0.001338467,0.003499139,-0.011613157,-0.00634453,-0.0071722725,-0.003272836,-0.0036190264,-0.005606981
0.067182705,0.054901883,0.06134643,0.053775936,0.031123772,0.012932114,0.013548091,0.014397804,0.018067837,0.024123326,0.02762941,0.03236167
-0.0454377,-0.026124522,-0.016272075,-0.011221066,-0.002425313,0.0010280013,-0.002232559,-0.005887855,-0.008658491,-0.010205839,-0.012930576,-0.014192201
-0.071551785,-0.06531891,-0.060529172,-0.058322825,-0.039151095,-0.02895413,-0.025184207,-0.021578342,-0.018328756,-0.016183583,-0.015406869,-0.018142056
-0.028969254,-0.019093849,-0.018777948,-0.0053415447,-0.0024409331,0.0012399368,-0.0008127354,-0.0016448721,-0.0033386648,-0.006226022,-0.008187065,-0.010783702
0.23516417,0.20902365,0.1840666,0.17247285,0.1626336,0.14460528,0.12402631,0.11507595,0.1028928,0.09530796,0.09204786,0.08951145
0.016592665,0.06035193,0.08245455,0.07722706,0.070524365,0.0650723,0.063210115,0.046030562,0.036455937,0.024700956,0.015551351,0.013614619
0.42084402,0.5024624,0.541819,0.48260158,0.45216265,0.39916205,0.35957643,0.29557133,0.24417368,0.19766347,0.16796052,0.15572089
0.112983376,0.08967892,0.08074293,0.06589477,0.053951718,0.040904906,0.04083903,0.03639722,0.031108592,0.024488863,0.025358535,0.026553303
0.05463223,0.034973085,-0.0013919696,-0.0037585124,-0.015085645,-0.012529463,-0.016451873,-0.00736627,-0.0030842014,0.0031287707,0.009825453,0.012323404
-0.027356591,-0.012163658,0.003740443,0.016066924,0.028143544,0.033788014,0.035628002,0.026879288,0.013558,-0.001380695,-0.011683761,-0.019250605
-0.07236271,-0.04810775,-0.044171505,-0.031829834,-0.018249191,-0.0077489316,-0.010632537,-0.018181287,-0.030888546,-0.0430533,-0.051377993,-0.052098595
0.20070766,0.22671084,0.2299009,0.1990023,0.18489654,0.16211398,0.14186098,0.120513126,0.105200216,0.095999986,0.0903944,0.08932998
-0.08725196,-0.05757565,-0.007969961,0.010271519,0.020904109,0.007651642,0.011924356,0.0012054816,0.0015069246,-0.0021967217,-0.0078751,-0.013943806
0.065758094,0.0970775,0.13333914,0.11089409,0.111610055,0.09878239,0.105810046,0.07990208,0.061503988,0.04300881,0.034028593,0.029983796
-0.4118223,-0.43598711,-0.41375417,-0.33694524,-0.30730513,-0.27376354,-0.24866037,-0.2183924,-0.20809731,-0.20926264,-0.21319526,-0.2171475
-0.0008164756,-0.025186293,-0.024471944,-0.027868126,-0.030336242,-0.03413801,-0.02767164,-0.020429805,-0.012740704,-0.0027788598,0.003372996,0.00585272
-0.00085466844,-0.012071263,-0.018186454,-0.026031215,-0.035974078,-0.043141253,-0.0402168,-0.033596747,-0.019436356,-0.005016621,0.004847564,0.011786232
0.2744382,0.26042056,0.238361,0.22289991,0.19439149,0.17730384,0.16262996,0.1470387,0.12953164,0.11523502,0.10898181,0.10737033
-0.062014088,-0.06562956,-0.06484744,-0.072002724,-0.07300215,-0.07119762,-0.057503834,-0.05009705,-0.036578525,-0.02391292,-0.01395794,-0.007299183
0.14492032,0.14444353,0.12756053,0.10501546,0.09465642,0.086142935,0.07834634,0.07439876,0.07680228,0.08420041,0.08979441,0.0919855
-0.16397697,-0.19892275,-0.19841535,-0.17379953,-0.15507038,-0.141498,-0.1293605,-0.10996231,-0.09727366,-0.08634492,-0.080817156,-0.07929065
-0.04202669,-0.010817774,0.033946738,0.025505193,0.034726575,0.026360579,0.03792063,0.01722898,0.012091678,0.00018307567,-0.0071801394,-0.008221962
0.06763972,0.029403992,0.01545006,0.010644577,0.004521109,5.070865e-05,-0.006173551,-0.0016746074,-0.0039681755,-0.0016652606,-0.0012391694,0.0031790137
0.07584524,0.13482442,0.1546352,0.19155726,0.20852938,0.20483963,0.16763632,0.13462031,0.09309948,0.048839733,0.015592646,-0.003060326
0.08830499,0.07721499,0.060755096,0.04955165,0.038040154,0.0337457,0.026191935,0.027013496,0.028627265,0.03442801,0.037070233,0.040788405
0.22768092,0.21409011,0.2068023,0.18454781,0.18088233,0.17038204,0.1570256,0.14229988,0.12736896,0.11668927,0.10904783,0.103732646
0.30335295,0.35874328,0.32276785,0.2964035,0.26260868,0.23758857,0.20329794,0.1755397,0.16882852,0.15831697,0.15399703,0.1527451
0.37684843,0.2878253,0.19461948,0.14860249,0.091618,0.075675726,0.05844766,0.08168098,0.11765495,0.16298628,0.1977185,0.22067864
0.17950985,0.16048434,0.16105978,0.14134823,0.12633052,0.102052666,0.09863429,0.08802204,0.084452294,0.08133805,0.081689924,0.080468945
0.08750235,0.08177021,0.076814055,0.08056256,0.073578306,0.07062157,0.06052783,0.05550746,0.04153361,0.031239774,0.024825279,0.0216663
-0.3041922,-0.27661884,-0.24444409,-0.21709049,-0.18391046,-0.15502897,-0.13279974,-0.123240426,-0.116690665,-0.11497809,-0.116841264,-0.11852309
-0.23325597,-0.21645461,-0.21096544,-0.18587549,-0.16295771,-0.13029422,-0.11746542,-0.102253675,-0.09574071,-0.09405358,-0.09505971,-0.09756571
0.033549733,0.039918795,0.03828594,0.033492595,0.03490851,0.044404455,0.039174043,0.035831213,0.02292806,0.018637674,0.01056149,0.011313312
-0.03278126,0.0037239566,-0.0640976,-2.9213727e-05,-0.04066892,-0.025217358,-0.052472234,-0.032737095,-0.010002352,0.0056201704,0.015112415,0.020133842
-0.03576407,-0.02808098,-0.016331095,-0.014934685,-0.006887283,-0.005835332,-0.0030058064,-0.005421417,-0.004467273,-0.0062278938,-0.007508889,-0.0088730585
-0.1034609,-0.08659784,-0.06667782,-0.0641758,-0.052972235,-0.051010296,-0.04132709,-0.04421434,-0.040963616,-0.041158617,-0.040760722,-0.040769055
-0.21367387,-0.254669,-0.23352827,-0.22061297,-0.19870633,-0.18674557,-0.16095966,-0.14014122,-0.12560228,-0.11415124,-0.10645956,-0.10208714
0.13646789,0.1484482,0.13878173,0.124224365,0.1156185,0.10673356,0.09320015,0.080772564,0.07048612,0.0631154,0.058041763,0.056755245
0.7360967,0.7086372,0.66364,0.57299364,0.5178406,0.46847597,0.43638903,0.3948729,0.37232673,0.35631853,0.35769364,0.35883906
0.06461099,0.04893398,0.045713663,0.032048985,0.044725154,0.046557218,0.049283456,0.04330129,0.036380395,0.031177865,0.028474838,0.026893932
-0.027361061,-0.026566312,-0.021567568,-0.02145721,-0.016878642,-0.020162562,-0.017041834,-0.017372161,-0.01072216,-0.00689758,-0.0036212783,-0.0022365712
1.2555517,1.331366,1.3964627,1.1212534,0.98866254,0.8415266,0.78961027,0.6662315,0.62643397,0.61796135,0.61321926,0.61884576
-0.15962465,-0.20126744,-0.20426425,-0.20218435,-0.18189336,-0.16816925,-0.1443736,-0.123327605,-0.10670631,-0.091273196,-0.07870456,-0.07349355
0.3024733,0.30609637,0.32687986,0.30268866,0.29546604,0.27141494,0.2542905,0.21160798,0.16469646,0.12191081,0.09937423,0.08851096
0.16800286,0.18990804,0.1859766,0.18420722,0.17187232,0.16033922,0.13529088,0.11710604,0.095704354,0.07997375,0.06700607,0.06290966
-0.05957684,-0.055195518,-0.052102998,-0.056997065,-0.046688575,-0.033623792,-0.021077812,-0.018239288,-0.019844873,-0.020011598,-0.017370116,-0.016971126
0.35638228,0.2916149,0.21866053,0.24029264,0.19201997,0.15045497,0.09718917,0.0837436,0.06896259,0.053817883,0.049527206,0.058429338
0.37627095,0.31783766,0.29631793,0.26018253,0.23141871,0.19874312,0.17712453,0.16469535,0.14699022,0.14283259,0.14012182,0.14244974
0.21425524,0.20939551,0.18305409,0.15623376,0.13994429,0.13333055,0.1156939,0.10551475,0.09361912,0.083353885,0.078222245,0.07418299
-0.13180047,-0.11044834,-0.065419525,-0.05499644,-0.039982066,-0.04249318,-0.031915233,-0.038271032,-0.04130497,-0.047957785,-0.05489535,-0.058431905
-0.07927276,-0.08024991,-0.08088617,-0.07384849,-0.06668937,-0.055926673,-0.048952103,-0.041786972,-0.037315585,-0.03461065,-0.03293858,-0.033777393
-0.3460747,-0.333599,-0.31071007,-0.27608278,-0.23618577,-0.20223878,-0.17505157,-0.15474732,-0.13531587,-0.12299389,-0.11839891,-0.12234192
-0.1762443,-0.19748738,-0.21189277,-0.17397219,-0.16252741,-0.13706702,-0.13633245,-0.11273241,-0.109671324,-0.10311303,-0.10248477,-0.100123
0.005346448,0.011994742,0.0012127962,0.0110359285,0.010121014,0.016008714,0.008938763,0.009660258,-0.00047951285,-0.008539691,-0.013648695,-0.016278856
0.61625284,0.64335614,0.593508,0.5347761,0.48127618,0.4381698,0.37364247,0.33606434,0.3116976,0.30314434,0.2923516,0.2851373
0.019273767,0.046994764,0.054507263,0.041206755,0.037710685,0.035640053,0.02621291,0.021361392,0.018148012,0.017808802,0.014742751,0.013470821
-0.27151003,-0.27647102,-0.28316402,-0.21558632,-0.19601448,-0.17072862,-0.17720947,-0.15569267,-0.14873978,-0.14818275,-0.15307969,-0.15445653
-0.07109928,-0.07709241,-0.08709845,-0.077142134,-0.088711545,-0.07888691,-0.0759636,-0.06491351,-0.06256743,-0.057785213,-0.055208206,-0.04803137
0.15994886,0.1449716,0.12813386,0.1104581,0.09730983,0.08538858,0.07592869,0.06962443,0.062146485,0.056046218,0.054705158,0.053595804
0.062783375,0.06208045,0.06826717,0.061117113,0.06464648,0.06285113,0.06548041,0.059204273,0.05437203,0.050653215,0.048445497,0.045177616
-1.3661308,-1.3468161,-1.360647,-1.1928345,-1.0890505,-0.9338869,-0.8660698,-0.7521173,-0.6838504,-0.6295671,-0.6080561,-0.59881616
-0.031699717,-0.0031072386,0.019819416,0.02093954,0.021692678,0.020578127,0.023858257,0.016491823,0.0089476,0.0019905362,-0.0031854939,-0.0070329066
0.09310959,0.08934977,0.060325712,0.045917124,0.030421533,0.02376815,0.019713566,0.02057445,0.032867216,0.046418548,0.05715151,0.06331751
-0.11415997,-0.10922842,-0.12044579,-0.114633635,-0.11182107,-0.09661405,-0.09295042,-0.07763736,-0.06365371,-0.050641306,-0.043408293,-0.042147644
0.19353655,0.2160341,0.2160491,0.1857087,0.16482015,0.14436625,0.14249787,0.1265473,0.12503645,0.12747166,0.13282637,0.1312392
0.13347729,0.124455325,0.12759843,0.10606617,0.10155548,0.08928411,0.088420324,0.07724556,0.070609234,0.06611277,0.0651838,0.06366886
-0.08631956,-0.112095915,-0.13243917,-0.13027707,-0.13135508,-0.123596236,-0.11650564,-0.097811006,-0.07852878,-0.06116599,-0.05010251,-0.04405206
0.11869487,-0.032226965,-0.14410035,-0.14199594,-0.17188281,-0.1721079,-0.1825594,-0.12965597,-0.08558183,-0.03651315,0.0006537214,0.021747932
-0.068037406,-0.08225597,-0.065862566,-0.06753935,-0.056034442,-0.054420304,-0.04001499,-0.034686208,-0.031180922,-0.028028708,-0.024161074,-0.024735594
0.10485485,0.13685653,0.15069006,0.12266335,0.106855616,0.091550775,0.08116941,0.06632825,0.058912236,0.053632677,0.049066495,0.048087407
0.057863586,0.04709232,0.016361073,0.008650422,0.00324063,0.0043795556,-0.0036942363,0.002714835,0.010252025,0.019867726,0.026538005,0.030882934
0.115208566,0.12828869,0.12734652,0.11858101,0.1052707,0.09425754,0.08041559,0.07212455,0.06526193,0.06255907,0.058604963,0.05622174
-0.012173865,-0.014629882,-0.013680135,-0.0026378082,-0.0038861171,-0.0013402235,-0.003581114,-0.0023715359,-0.0036781789,-0.006369767,-0.008401465,-0.010331577
-0.2174645,-0.2501886,-0.25127035,-0.22705063,-0.20325175,-0.18380682,-0.16679454,-0.14621024,-0.13179159,-0.12135394,-0.11319591,-0.10822542
0.12231849,0.11153625,0.10731074,0.100842126,0.1032194,0.09781666,0.08692537,0.078607924,0.060978986,0.048365027,0.04029068,0.032277074
0.314143,0.2912966,0.26522392,0.22954933,0.2077426,0.18414229,0.16369888,0.14779085,0.13078393,0.120221555,0.11510137,0.11386005
0.14756233,0.14456946,0.17473304,0.16167782,0.1702919,0.15054026,0.15251046,0.12551783,0.093735054,0.060857788,0.043087885,0.029533826
-0.17930701,-0.15514442,-0.123159036,-0.08562788,-0.06748809,-0.054841623,-0.04956141,-0.049411558,-0.0588696,-0.07248866,-0.085700005,-0.093463026
0.10029651,0.033598088,-0.026959732,-0.013437629,-0.02269043,-0.018063426,-0.024182037,-0.0018546134,0.002234675,0.017113633,0.028728306,0.033689126
0.006320037,-0.03677238,-0.055600524,-0.041871995,-0.03884358,-0.028157149,-0.026672475,-0.010997407,-0.01240024,-0.01222682,-0.010505896,-0.011162516
0.19926035,0.23029363,0.20677021,0.18214673,0.14639813,0.1311405,0.11051643,0.09893254,0.09433916,0.08948591,0.08724675,0.0866823
0.11103496,0.119743645,0.11407132,0.08883974,0.079129025,0.066776864,0.06613671,0.058708888,0.061082676,0.06538355,0.0715714,0.07415442
0.029591765,0.017434064,0.0054831356,-0.0082513355,-0.011494786,-0.011929937,-0.0089467205,-0.002196107,0.00913604,0.022207338,0.030995458,0.032682303
-0.12724726,-0.14567468,-0.14758681,-0.14195941,-0.13651074,-0.1259112,-0.110500686,-0.09384007,-0.07849772,-0.0659675,-0.05735698,-0.05351312
0.12653857,0.15944883,0.13745594,0.10379803,0.08442502,0.075731054,0.060962543,0.056939054,0.068547584,0.08684153,0.098302834,0.10596393
0.14437005,0.11775313,0.08608812,0.057666466,0.03590496,0.022596732,0.014738694,0.01730264,0.02853816,0.043929614,0.05580303,0.06589071
-0.124570414,-0.12900841,-0.09754416,-0.100830056,-0.08389999,-0.07945447,-0.059343643,-0.056674853,-0.053857774,-0.054150358,-0.05469244,-0.05685445
-0.22105128,-0.2443946,-0.2555951,-0.21902588,-0.20791166,-0.18125747,-0.16779767,-0.14169085,-0.12434533,-0.1132849,-0.107692,-0.10663987
0.54529977,0.5579246,0.52928793,0.49215263,0.4476688,0.40208757,0.3544407,0.31348926,0.28219503,0.25735754,0.24389192,0.23791023
0.12791857,0.124570735,0.09406574,0.081393376,0.07133621,0.074573636,0.06184659,0.06362679,0.06337801,0.06631836,0.068271026,0.06742152
0.19694448,0.15933114,0.103282005,0.089579776,0.071818165,0.062334865,0.033874504,0.035040148,0.033089615,0.035131663,0.039211936,0.04669781
-0.4789558,-0.46725267,-0.4308456,-0.37940598,-0.34351158,-0.30428964,-0.26558912,-0.24017803,-0.22068252,-0.21272518,-0.20959915,-0.20836028
-0.19210623,-0.12347573,-0.08835095,-0.071589306,-0.053203464,-0.0406373,-0.031432226,-0.04006821,-0.040733606,-0.048461318,-0.056242988,-0.061428927
0.46877015,0.47472936,0.45239076,0.36100942,0.3210922,0.28349182,0.26789886,0.23967183,0.237102,0.23938915,0.24657044,0.25080264
-0.35342002,-0.35565448,-0.3201928,-0.32577518,-0.28248692,-0.26865172,-0.22036088,-0.20221546,-0.16288534,-0.13623099,-0.11347008,-0.10551989
0.21852013,0.17849681,0.13225302,0.10283883,0.06439662,0.03980525,0.028541714,0.0314378,0.04967513,0.0743363,0.09294203,0.110308826
-0.2156632,-0.2746745,-0.27765155,-0.263328,-0.24113244,-0.21817072,-0.19308947,-0.16650642,-0.15408713,-0.14111605,-0.13254774,-0.12425951
0.07750602,0.032559566,0.008408405,0.0059880316,0.0024811402,-0.0009718612,-0.005819492,-0.0024155676,-0.004582364,-0.005019389,-0.0024500415,0.00046385452
0.58880323,0.5657816,0.54188305,0.45908374,0.43576252,0.39749894,0.36817253,0.3273648,0.2906343,0.26997364,0.25842273,0.25021496
0.031264838,0.03483696,0.04064618,0.06362137,0.061344776,0.06038575,0.04350835,0.037492055,0.019160429,0.0013216641,-0.015372429,-0.023000713
0.1664755,0.1676045,0.1734065,0.15993196,0.15027672,0.1379233,0.13001266,0.11163522,0.08553283,0.066828586,0.054798894,0.05154922
-0.059340212,-0.07526696,-0.1039467,-0.09145123,-0.08920661,-0.07758492,-0.08152359,-0.06637585,-0.050183326,-0.035818525,-0.027832951,-0.022683265
-0.019208804,-0.03946609,-0.029928988,-0.028668532,-0.030454317,-0.02867129,-0.0189525,-0.014462121,-0.017104119,-0.015403055,-0.013735264,-0.011069026
0.006561056,0.19635847,0.29676977,0.2277751,0.26395306,0.2461575,0.2305893,0.16279939,0.13530827,0.12229547,0.10121548,0.09651101
0.9736465,0.96506643,0.92728114,0.8157461,0.74123853,0.6547695,0.58396965,0.5139903,0.47495714,0.44230402,0.41761437,0.41226882
0.31726706,0.25047854,0.22289297,0.1825232,0.1564278,0.123903155,0.12771541,0.12441327,0.12830338,0.13846707,0.154582,0.15801795
-0.049635753,-0.03620365,-0.025048412,-0.0018333159,0.0029474422,0.007096071,0.00086155534,0.0005481057,-0.007703591,-0.013728708,-0.02097198,-0.025440177
0.030950952,0.043686986,0.03170586,0.034292404,0.0236479,0.0187418,0.0044086287,0.0042864643,0.0077478,0.01168032,0.012075088,0.013837317
0.05424904,0.05763296,0.04555271,0.023526229,0.013515554,0.008781988,0.006614186,0.0050362796,0.008364815,0.014421914,0.020554688,0.026438307
0.3476478,0.2902193,0.27803499,0.25389826,0.19514063,0.16473427,0.14883113,0.1383557,0.116190925,0.0998231,0.095125586,0.09872462
0.07231938,0.05381789,0.041925784,0.03263858,0.018338352,0.006693527,0.0049996525,0.006758824,0.010570589,0.018861946,0.026424713,0.034023188
0.1405927,0.092977,0.07114357,0.053793103,0.04530123,0.035609007,0.027754992,0.029466525,0.026671253,0.030530863,0.03473115,0.041205388
0.047184195,0.056349996,0.0560195,0.049175218,0.0430532,0.038960017,0.03100827,0.026051931,0.021831572,0.020631794,0.017768655,0.017783683
-0.23976451,-0.2571411,-0.2694595,-0.23020187,-0.21299204,-0.18558238,-0.1800061,-0.15240772,-0.13829216,-0.12781711,-0.12363958,-0.121387616
-0.12825985,-0.1326912,-0.10732223,-0.08155592,-0.062962495,-0.057995036,-0.04987721,-0.048710175,-0.053634323,-0.061554953,-0.06873119,-0.07465788
-0.01176355,0.019946523,0.042492673,0.04239687,0.0516769,0.051009834,0.04712887,0.03243676,0.01639194,0.00063512847,-0.011410948,-0.016077572
-0.31546,-0.320239,-0.25339094,-0.21987016,-0.19439174,-0.18661045,-0.15510735,-0.14653601,-0.14215723,-0.14854799,-0.15516546,-0.15788178
-0.33454964,-0.36947006,-0.36575502,-0.33229676,-0.30504397,-0.27332336,-0.24199884,-0.20814002,-0.18581434,-0.17145713,-0.16205993,-0.15919165
0.24907045,0.254198,0.22595745,0.18785626,0.16479021,0.14436859,0.13079113,0.11291144,0.10792246,0.103571944,0.10615684,0.11133809
-0.18220532,-0.048858628,-0.09327519,-0.08496253,-0.07794458,-0.029619038,-0.06925258,-0.07182234,-0.077505484,-0.06867319,-0.07437718,-0.06450443
0.47265223,0.48860043,0.44968128,0.43709078,0.37311572,0.33414263,0.2853099,0.25720972,0.22768798,0.20305063,0.18805985,0.18100613
-0.06360328,-0.046963587,-0.042525124,-0.047694143,-0.03990569,-0.028517317,-0.020159949,-0.017991817,-0.013952093,-0.009805836,-0.007176172,-0.0076493584
0.14884618,0.15005028,0.13829282,0.12660629,0.11379148,0.10643837,0.09200843,0.077973366,0.06460535,0.0520896,0.041823052,0.04139205
0.16719344,0.12827288,0.11481276,0.102010965,0.08241801,0.06496166,0.0526983,0.050229043,0.051003672,0.05764101,0.060759366,0.06791397
0.08128387,0.045679115,0.048096508,0.042325802,0.027858727,0.0072339997,-7.0519745e-05,0.00085516274,0.0010771975,0.005485758,0.006346613,0.011584397
-0.0145559255,-0.013239892,0.00501035,0.005360147,0.00984858,0.011846641,0.016656442,0.01094238,0.0007489417,-0.008753808,-0.015156856,-0.016953975
-0.3148083,-0.31193548,-0.26155752,-0.23845658,-0.22505419,-0.22105215,-0.18378013,-0.16785184,-0.14063355,-0.121399164,-0.10899388,-0.10509077
-0.13230224,-0.15008987,-0.15341362,-0.13271421,-0.115134135,-0.0967498,-0.086422905,-0.07503889,-0.07106384,-0.07184479,-0.0735323,-0.07342996
-0.2910372,-0.30228633,-0.28130868,-0.26402122,-0.25085247,-0.23739016,-0.20159584,-0.18083787,-0.15378714,-0.13467482,-0.120205626,-0.110077366
-0.7758522,-0.7727255,-0.69928086,-0.61662114,-0.5568366,-0.49625704,-0.42935523,-0.38839144,-0.36683694,-0.3581509,-0.3582368,-0.35733908
-0.2514022,-0.2810813,-0.29770675,-0.26523483,-0.2437406,-0.21222192,-0.1927305,-0.16417354,-0.14561623,-0.13272701,-0.123495236,-0.120406285
0.23476659,0.19610405,0.16205248,0.13296217,0.116879195,0.10383348,0.092250764,0.09190661,0.0904223,0.09383606,0.09939785,0.10074276
-0.30687967,-0.35573968,-0.37953913,-0.3434981,-0.322306,-0.27539888,-0.25237858,-0.2103169,-0.18909857,-0.17066136,-0.16249874,-0.15614653
-0.06701199,-0.07240416,-0.075871706,-0.07316851,-0.074297786,-0.07135652,-0.06511852,-0.055172984,-0.042864032,-0.031261377,-0.022877336,-0.018868674
0.041575257,0.04348476,0.033772472,0.024137996,0.0059555843,-0.0021669678,-0.0034037605,-0.0014984198,0.009297412,0.017567981,0.023695305,0.028120996
0.19453762,0.21479909,0.20733963,0.17895561,0.15156052,0.12873596,0.10710168,0.09532616,0.08877345,0.08680742,0.0859799,0.08506194
0.10389986,0.116683155,0.12020963,0.1017625,0.092131674,0.0777916,0.067393616,0.055088058,0.050655007,0.049119722,0.046705972,0.048506837
-0.033785295,-0.011500843,0.0028814673,0.0033196658,0.011853561,0.013725597,0.011094548,0.0043696463,-0.0028052665,-0.008194268,-0.013545973,-0.014962006
0.044282798,0.038477577,0.017217673,0.028108552,0.018891811,0.02066787,0.011947934,0.010219775,0.0018016845,-0.0061704256,-0.011348546,-0.010250319
0.3399237,0.3328005,0.3059293,0.26031765,0.22406335,0.19119984,0.16908492,0.15152879,0.14287633,0.14323814,0.14644185,0.14936477
0.056941684,0.1025117,0.12923487,0.1285342,0.12763898,0.11442272,0.09931964,0.0783699,0.06000373,0.044161785,0.031268165,0.024915867
-0.16116999,-0.13579953,-0.122269094,-0.11039829,-0.09268288,-0.076545276,-0.066862434,-0.06461672,-0.065040074,-0.06890504,-0.07190265,-0.07350318
0.13786894,0.15968432,0.15538815,0.13668521,0.12204446,0.1124553,0.0976848,0.08435109,0.072019674,0.06586708,0.06048362,0.060222063
0.09761296,0.083335675,0.05435656,0.037746266,0.02235727,0.027898796,0.021049887,0.027171224,0.031072691,0.04013134,0.045084935,0.049056724
-0.06367405,-0.07712901,-0.0799723,-0.07285913,-0.06597624,-0.058815453,-0.04918524,-0.04326693,-0.039329983,-0.036698725,-0.03383428,-0.032352082
-0.22657122,-0.30524784,-0.29880875,-0.2786914,-0.25026724,-0.224673,-0.18727137,-0.15775579,-0.149365,-0.14174975,-0.13375401,-0.12950665
-0.102316074,-0.08823802,-0.08785888,-0.077260636,-0.0732761,-0.0635753,-0.056598846,-0.051118106,-0.04348965,-0.041041374,-0.038211174,-0.03747144
