0.07040191,0.080028236,0.0906342,0.076047614,0.07394415,0.057758763,0.05114247,0.039538287,0.035107777,0.031779483,0.029589344,0.02962109
-0.22079417,-0.17462458,-0.15445244,-0.14154895,-0.11907952,-0.0926075,-0.069868304,-0.0685989,-0.06396298,-0.060221016,-0.06015885,-0.06434331
0.16040513,0.14121029,0.12221494,0.09398233,0.083500326,0.07283361,0.0649631,0.060984686,0.061889037,0.06391785,0.06931406,0.07050808
-0.010065995,-0.0059826765,-0.004503995,-0.014072234,-0.02044135,-0.02342211,-0.021901052,-0.02184473,-0.019004675,-0.014570586,-0.012104557,-0.01100543
-0.46857184,-0.44092432,-0.3621949,-0.3178939,-0.28062594,-0.25303626,-0.19719929,-0.18538669,-0.17837788,-0.18049261,-0.1841524,-0.1844867
-0.2887893,-0.3035111,-0.29877084,-0.26944697,-0.24040097,-0.20777953,-0.18589051,-0.15848425,-0.1387988,-0.122340396,-0.115998656,-0.11335006
0.18356669,0.16549414,0.1476318,0.13719645,0.12419738,0.11528786,0.10095803,0.09272666,0.082162686,0.07166779,0.06735243,0.062557384
0.077117726,0.08161786,0.072895125,0.071362674,0.06263969,0.05608234,0.047211453,0.04161898,0.039421637,0.03662415,0.036378313,0.03662887
0.084879436,0.07552715,0.061717436,0.05223142,0.045980617,0.042704426,0.03829813,0.03702969,0.03656702,0.038983054,0.042424753,0.043506384
0.009608721,-0.00014064088,-0.0011182856,0.024452794,0.03128741,0.037591398,0.02412374,0.020672668,-0.0022279732,-0.025479706,-0.0428996,-0.05152253
0.013917292,0.014366085,0.007357495,-0.0033883136,-0.0051305685,-0.003182643,-9.247195e-05,0.002380507,0.008322754,0.015178477,0.021683797,0.025645647
0.009254664,-0.0015411237,0.013723949,0.030497435,0.042799596,0.045087215,0.03846586,0.03201139,0.014084346,-0.0043534925,-0.018472163,-0.029130619
-0.11569458,-0.09216747,0.10704064,0.051008403,0.1072754,0.03601125,0.13872063,0.06222503,0.06150776,0.025983468,0.022898853,0.022028446
-0.36261326,-0.38463897,-0.3665431,-0.34081954,-0.32061762,-0.29387632,-0.2537147,-0.22136028,-0.19249207,-0.16777116,-0.15312728,-0.14393103
-0.08560844,-0.06149582,-0.018057048,-0.003678158,0.017087877,0.0245976,0.03345573,0.015074022,-0.0079257935,-0.038903363,-0.06101408,-0.07169132
0.09282724,0.11739577,0.09740287,0.07275356,0.06323595,0.05943404,0.052426353,0.04713288,0.05559633,0.06434606,0.07234459,0.07485789
0.17839913,0.12576228,0.055818647,0.011621341,-0.010678947,-0.019320965,-0.035631493,-0.021738857,0.011717111,0.049130656,0.07612334,0.09479139
0.057858057,0.048751872,0.040104862,0.029329307,0.024196133,0.01800521,0.014400115,0.011723325,0.010202035,0.008083109,0.0094430335,0.011566125
0.6583943,0.5832549,0.52507764,0.47209275,0.42759338,0.39510915,0.3460366,0.32210675,0.30107602,0.27997565,0.27464074,0.26475614
-0.04765249,-0.039428756,-0.038615912,-0.02953529,-0.027701844,-0.021684956,-0.018995699,-0.017044887,-0.017028753,-0.019227492,-0.02026334,-0.020632125
-0.08013574,-0.1173152,-0.10814754,-0.084225774,-0.0696186,-0.06016496,-0.052756455,-0.044552144,-0.052085366,-0.0625671,-0.069653586,-0.07555641
0.027740277,0.016387422,0.013614424,0.0068453513,0.01316132,0.016050033,0.020377398,0.022668801,0.026902668,0.028415073,0.031199193,0.027511809
0.18847705,0.18946871,0.18447381,0.1865618,0.1541346,0.124948144,0.09768377,0.07976633,0.053694524,0.035694353,0.022896525,0.023217924
-0.2310338,-0.16434208,-0.102496415,-0.077561006,-0.05455044,-0.05169086,-0.023732215,-0.036743462,-0.037179604,-0.049002185,-0.05704935,-0.06343607
-0.22725363,-0.21008928,-0.19951026,-0.16470107,-0.1530647,-0.13071747,-0.11799945,-0.10249282,-0.09686039,-0.09192915,-0.092517056,-0.09197771
0.04952832,0.058399267,0.047089823,0.035981044,0.030363683,0.022055177,0.016168918,0.0150915515,0.022842111,0.032154754,0.038794037,0.04327447
-0.04124053,-0.05986572,-0.071147375,-0.057036497,-0.057846673,-0.050341107,-0.046392553,-0.0361406,-0.031346455,-0.027809419,-0.024741143,-0.024040837
-0.013025311,-0.032754906,-0.049818587,-0.046773717,-0.051507376,-0.04766331,-0.04634869,-0.038458303,-0.034472283,-0.029685521,-0.024439933,-0.019073004
1.2677774,1.3173438,1.0929806,1.0497916,1.2531585,1.1735075,0.8517977,0.75283754,0.6656983,0.64484483,0.60740626,0.5718324
0.6531868,0.7009646,0.6539679,0.54868066,0.5183189,0.46579498,0.41675365,0.3658354,0.35473597,0.3496523,0.35407257,0.34716767
0.032346778,0.017121218,0.023037843,0.03403486,0.04432568,0.049975332,0.039652638,0.039152816,0.01578777,-0.0028356202,-0.015002631,-0.025944505
0.108000875,0.109772354,0.107746184,0.10509424,0.10197966,0.089924246,0.07869291,0.06794208,0.058540605,0.05116792,0.046797838,0.043181833
0.106108025,0.12426782,0.12305284,0.118291155,0.100594975,0.086413614,0.07400044,0.06329725,0.058167983,0.054877885,0.05269535,0.05181303
0.03846183,0.053623565,0.03920906,0.049695328,0.027694691,0.02274778,0.011469459,0.011757273,0.011144429,0.013349787,0.014284022,0.018967876
-0.062129073,-0.087253824,-0.10511443,-0.11015974,-0.10677328,-0.09785618,-0.09087202,-0.07373904,-0.057019845,-0.037740223,-0.02519568,-0.01842929
-0.018459553,-0.020454166,-0.016972903,-0.014780812,-0.015601272,-0.017372213,-0.015552243,-0.012144666,-0.009178831,-0.0050742296,-0.003609736,-0.0038198838
-0.18303595,-0.17849195,-0.15439104,-0.12293499,-0.099336654,-0.08786541,-0.07861334,-0.07103414,-0.07270366,-0.073628806,-0.07858497,-0.08132916
0.3058017,0.29399154,0.2621055,0.22905916,0.20651232,0.18424231,0.16134216,0.1471053,0.13841037,0.13394672,0.13602325,0.12979847
-0.21667083,-0.2520121,-0.25382832,-0.22981519,-0.22259761,-0.20987004,-0.18663499,-0.15931116,-0.13254182,-0.10938412,-0.095444456,-0.086262345
-0.4015595,-0.43636924,-0.4364006,-0.39475423,-0.3624202,-0.32376236,-0.29253137,-0.24833086,-0.21685848,-0.18814692,-0.17384264,-0.16651028
0.11165774,0.13155043,0.09536328,0.09788079,0.083443604,0.07816687,0.052644666,0.04705564,0.050928272,0.055324677,0.058012463,0.062238142
0.45490557,0.45790517,0.41610473,0.3570286,0.30445358,0.2684217,0.23047486,0.19981897,0.18988898,0.18050343,0.18057701,0.18402198
-0.19184661,-0.20091145,-0.2191221,-0.18898554,-0.18751365,-0.16586596,-0.15116544,-0.1271595,-0.10335753,-0.08561605,-0.07463567,-0.06759999
0.2933691,0.25934634,0.2603408,0.22271988,0.22450799,0.21501762,0.20541313,0.19037986,0.17716944,0.15740713,0.14944153,0.13120611
0.032304227,0.0019826386,-0.0047582705,-0.021107871,-0.015693236,-0.022666555,-0.02295018,-0.01539213,-0.006460987,0.0069904537,0.015951913,0.021745656
-0.24577929,-0.3855983,-0.42016163,-0.37799448,-0.3677293,-0.33441848,-0.29287744,-0.24107923,-0.20819151,-0.19095409,-0.16945305,-0.16427135
0.2061763,0.21094117,0.20422977,0.17709953,0.16447453,0.14851193,0.12809817,0.10383937,0.0792045,0.057244103,0.04668037,0.045446448
0.06451966,0.04603096,0.011860818,0.0059996173,-0.009404868,-0.009136476,-0.014253132,-0.0060042962,0.007751599,0.018955894,0.028260421,0.03104214
-0.15889457,-0.14950699,-0.117210105,-0.08845909,-0.065274894,-0.05243954,-0.042045817,-0.041149534,-0.05191935,-0.061745822,-0.07141288,-0.0760327
-0.021556579,-0.03134788,-0.03265182,-0.029920965,-0.028625822,-0.025730735,-0.025428157,-0.0203209,-0.020395234,-0.018503243,-0.018445406,-0.01823122
0.500972,0.6424087,0.62562,0.6098312,0.5753312,0.51696,0.43720955,0.36666983,0.3409853,0.32288936,0.3065318,0.30254656
-0.38007253,-0.46538085,-0.41878942,-0.33321905,-0.28658307,-0.28726,-0.2484608,-0.21187088,-0.18088324,-0.15768035,-0.14755824,-0.14671624
0.27315566,0.2950645,0.2696355,0.23792219,0.17149523,0.14253661,0.1152861,0.10868372,0.11047317,0.11805458,0.12248875,0.12482053
0.22810116,0.17608881,0.15316224,0.14049533,0.13846503,0.1361588,0.12022513,0.11548741,0.10116036,0.08359644,0.07500829,0.066513605
-0.088743374,-0.12049145,-0.13622391,-0.104701184,-0.108177796,-0.09519137,-0.08537385,-0.070147544,-0.0654727,-0.06497307,-0.06258802,-0.06167708
0.07612728,0.09392896,0.06639383,0.08338557,0.07085048,0.07032101,0.051645163,0.043522347,0.03275116,0.023160366,0.019295145,0.020120079
-0.3521713,-0.38358074,-0.36064863,-0.30363107,-0.26569948,-0.23028621,-0.20260423,-0.17762558,-0.17483681,-0.18009274,-0.1877388,-0.19332804
0.1912985,0.18859604,0.16492845,0.15041935,0.122961015,0.110718295,0.09535094,0.083067626,0.07765742,0.072761714,0.07159996,0.07553803
0.29840696,0.275963,0.24690565,0.20207599,0.17978862,0.16104376,0.14238961,0.13022503,0.12579006,0.12413149,0.12901571,0.12982202
-0.06880975,-0.047308046,-0.020568728,-0.009265773,0.0014550611,0.008522153,0.015050091,0.009944193,-0.0006106086,-0.011923475,-0.021364618,-0.027975172
0.37881362,0.38723072,0.3945961,0.33680007,0.32065418,0.27432588,0.24708208,0.21188965,0.19640008,0.18714881,0.1839042,0.17928919
-0.04731365,-0.06997312,-0.076196656,-0.0810678,-0.077988416,-0.0706017,-0.057838224,-0.05126322,-0.046876233,-0.04439141,-0.039328296,-0.033604253
-0.07833715,-0.034767292,0.0069600046,-0.00580284,0.0056596696,0.0050925985,0.024458252,0.011773579,0.012276091,0.009830058,0.009280182,0.008119874
0.033308845,0.03358668,0.026217066,0.019100677,0.011767603,0.01158094,0.0070944317,0.010200327,0.013719063,0.019996017,0.022825204,0.024092346
-0.1934076,-0.2170388,-0.19657713,-0.17164251,-0.14232478,-0.11340305,-0.0889541,-0.06777534,-0.06378545,-0.060827717,-0.060913943,-0.070237644
0.14293656,0.14911193,0.14626461,0.12425124,0.10829157,0.09171364,0.08298753,0.07145484,0.068370976,0.06688653,0.06804309,0.0683538
-0.11087327,-0.091298155,-0.07965641,-0.07226582,-0.062950894,-0.053086463,-0.042156547,-0.03945673,-0.034447417,-0.032240283,-0.031857826,-0.03286646
0.08237865,0.06992398,0.059840985,0.0438921,0.034820274,0.027154967,0.026438981,0.025694985,0.030272726,0.03562457,0.0414887,0.043678388
-0.5227017,-0.45797157,-0.3901952,-0.18900353,-0.2090249,-0.20019633,-0.19159752,-0.17256719,-0.17512324,-0.18381235,-0.20830539,-0.21245597
0.15909135,0.16707902,0.16326688,0.14515677,0.13042638,0.10773478,0.09352362,0.079750836,0.07804609,0.0780271,0.07892304,0.079682775
0.24393687,0.2766257,0.2639837,0.22317003,0.19565004,0.16818318,0.1470994,0.12457337,0.115371704,0.109810226,0.110300265,0.113468915
-0.10088393,-0.08804352,-0.077785395,-0.057524577,-0.05102928,-0.045689322,-0.03922452,-0.034979817,-0.032145105,-0.028930672,-0.02997366,-0.030571174
0.1421877,0.11297549,0.057210654,0.056429908,0.0431751,0.048453137,0.021696582,0.025702909,0.024034128,0.022616416,0.02278892,0.023340106
0.11673682,0.07365225,0.045749784,0.03342873,0.020783886,0.012421094,0.0010979623,0.0035026222,0.0060347393,0.008934408,0.013216149,0.018884968
-0.08449541,-0.077925175,-0.06474389,-0.04667887,-0.034863405,-0.027113006,-0.02613113,-0.025258094,-0.031546343,-0.036260307,-0.042578783,-0.044925153
-0.05859243,-0.06894397,-0.07528064,-0.09187308,-0.089513116,-0.083759665,-0.06976622,-0.059250787,-0.041946582,-0.02443271,-0.011453327,-0.0026400946
-0.35874754,-0.3470307,-0.31353408,-0.2721219,-0.24240242,-0.21199499,-0.18255906,-0.1612016,-0.14952837,-0.14147332,-0.14203984,-0.14354536
-0.26601753,-0.24269834,-0.23909333,-0.18610239,-0.16957083,-0.1452333,-0.13535893,-0.118391946,-0.10808092,-0.10280216,-0.103037655,-0.10285946
0.22814894,0.2420821,0.24625282,0.22577322,0.21339965,0.19743443,0.17412338,0.14745279,0.1173293,0.0908931,0.07505266,0.066707276
0.19319075,0.19028947,0.16788015,0.14292733,0.12063271,0.107225336,0.094434276,0.086635694,0.082507424,0.07926417,0.08042678,0.080020085
-0.028967645,-0.025438081,-0.02625304,-0.026848778,-0.030248914,-0.026121221,-0.0238456,-0.01843431,-0.014070681,-0.008449911,-0.0063313395,-0.004619632
1.2320848,1.2412711,1.0680633,0.84466267,0.7431738,0.6837387,0.5711813,0.51293963,0.47970536,0.44419366,0.4440003,0.44089696
0.11140393,0.11455223,0.10305385,0.09696873,0.08502036,0.085831635,0.07734997,0.07291754,0.06474552,0.055149477,0.05018903,0.04425997
-0.14910446,-0.110288724,-0.08897412,-0.045942143,-0.028582767,-0.009389475,-0.012091219,-0.012187868,-0.032636017,-0.05271501,-0.07122514,-0.08313429
-0.09605304,-0.11538914,-0.12438707,-0.12279775,-0.11897718,-0.1061548,-0.09346821,-0.07754257,-0.06253313,-0.048136394,-0.03874957,-0.034576103
-0.0004973896,-0.0017774589,0.014216835,0.014261896,0.01723614,0.013193114,0.019142086,0.015173901,0.012294426,0.0077684605,0.005027483,0.0013603666
0.339877,0.30753204,0.2349363,0.185209,0.1564011,0.14043394,0.118226856,0.112997994,0.12533888,0.13588415,0.1524494,0.15494844
-0.061384313,-0.048040956,-0.01931861,-0.0146029815,-0.009678863,-0.016853634,-0.007074535,-0.01127176,-0.013227083,-0.013510719,-0.014665596,-0.015172448
0.29735178,0.17457569,0.076256156,0.2018261,0.09322423,0.037259758,0.010004282,0.014912337,0.039197996,0.03110598,0.03494692,0.043279126
-0.4846254,-0.432731,-0.35185036,-0.28980657,-0.24246249,-0.21420231,-0.17994678,-0.17306784,-0.18175742,-0.19296427,-0.21021992,-0.21748498
0.055052325,0.04589403,0.050852858,0.053482495,0.05824878,0.049767487,0.04312769,0.037016537,0.026215892,0.016901296,0.011439167,0.008295605
0.47484994,0.46779716,0.39060628,0.32303265,0.24885595,0.21486795,0.15738523,0.118394524,0.091813624,0.060516313,0.05919613,0.075204015
0.011780031,-0.007444285,-0.019705191,-0.028184094,-0.029040538,-0.024619687,-0.015248001,-0.0076900944,0.0022749715,0.006506186,0.012028236,0.0092883855
-0.14892894,-0.12741016,-0.104822785,-0.08731629,-0.07873246,-0.07859798,-0.070114076,-0.06437645,-0.055405267,-0.045033827,-0.042008877,-0.038501687
0.068993196,0.04247108,0.017556548,-0.0074410588,-0.016349018,-0.011952534,-0.013788834,0.00092586875,0.0011447147,0.0061194375,0.014314726,0.011245735
-0.06300773,0.041177243,0.048361182,0.056773603,0.045505673,0.046602666,0.028539374,0.021183424,0.017600082,0.026521489,0.024149857,0.02707918
-0.059111178,-0.07899856,-0.094316766,-0.05962048,-0.06265836,-0.051701892,-0.05795613,-0.04602236,-0.04716418,-0.049285743,-0.054191194,-0.05423545
0.060368992,0.08415897,0.10373972,0.093748815,0.089200236,0.072422534,0.06801657,0.051997993,0.045175187,0.040125288,0.035632074,0.03501954
0.10483563,0.07220048,0.05064784,0.055658907,0.047185168,0.04464919,0.022045374,0.022584118,0.008350529,-0.0011869296,-0.010078289,-0.0092314035
0.06358216,0.07504958,0.06854856,0.043759443,0.035288505,0.031291164,0.03252771,0.027002096,0.029203283,0.033159994,0.03918524,0.04381591
0.3469596,0.28531536,0.22156942,0.1983059,0.15498322,0.13182467,0.10416755,0.100698486,0.09273392,0.08716662,0.09277029,0.099977896
-0.24371915,-0.21251716,-0.16873725,-0.15191473,-0.1344455,-0.12186015,-0.09566222,-0.09136116,-0.085016795,-0.08265078,-0.08503777,-0.08603775
-0.19099538,-0.1934795,-0.19177344,-0.16882665,-0.16244744,-0.14197212,-0.12526894,-0.10827081,-0.09540598,-0.08846782,-0.08513771,-0.08403728
0.17051236,0.17238194,0.17122923,0.1220604,0.09517642,0.06824646,0.065973416,0.057724625,0.06228913,0.07571767,0.087292746,0.09521161
-0.0861126,-0.13551036,-0.15878525,-0.14492592,-0.13515446,-0.11012775,-0.09805038,-0.07670898,-0.06397005,-0.060919777,-0.054657675,-0.05565021
0.012856213,0.051051907,0.04542391,0.030573942,0.033384293,0.032777436,0.026700683,0.02414304,0.033382956,0.048094686,0.05480956,0.05765903
0.013511822,0.062189937,0.08123951,0.054631148,0.057726067,0.04907163,0.04697852,0.03329066,0.027443362,0.024970552,0.023102658,0.022330776
0.014529741,-0.0081072375,-0.021199044,-0.032204065,-0.038343526,-0.039896592,-0.037660964,-0.02527799,-0.01112291,0.002997458,0.0128648775,0.016079878
0.09859201,0.099510305,0.10832719,0.09197141,0.07912158,0.06300286,0.06278716,0.050574906,0.045710217,0.03933486,0.037625793,0.03698477
0.01686652,-0.0023334343,-0.007207848,-0.004057726,0.000594873,0.001055358,-0.0029793493,-0.002593493,-0.007604614,-0.011678495,-0.014362167,-0.014931012
-0.09412419,-0.11335636,-0.123797454,-0.13307592,-0.13255186,-0.12499067,-0.108387224,-0.090994105,-0.07127659,-0.04955749,-0.03388425,-0.024996096
0.35850537,0.3330639,0.29998145,0.20654935,0.15237448,0.10788682,0.09779143,0.0973272,0.12753421,0.16856019,0.19963953,0.21719858
0.10455181,0.23261571,0.28483623,0.27378315,0.26329774,0.24898314,0.23082227,0.18653521,0.16088969,0.13849911,0.1158458,0.10516186
-0.03975812,-0.05433266,-0.057072207,-0.061240282,-0.05806298,-0.04743988,-0.03721461,-0.029142547,-0.023257252,-0.020651603,-0.018107424,-0.019097231
0.051843174,0.0726322,0.057334457,0.06041217,0.054680772,0.060257223,0.047232307,0.042577013,0.02736461,0.015716188,0.00999504,0.009091341
-0.3988865,-0.40398592,-0.36088252,-0.3126724,-0.27264583,-0.24247287,-0.20751028,-0.18703477,-0.17996025,-0.17802252,-0.18181726,-0.18175325
0.15226755,0.1504902,0.13440421,0.12508212,0.104282655,0.09144383,0.077270515,0.06909713,0.063745044,0.05850379,0.057595707,0.056893084
0.66198826,0.55603874,0.44550622,0.3563065,0.3198067,0.29376855,0.24903643,0.23537326,0.22594878,0.2192913,0.22754031,0.23045617
0.0066429465,0.026014462,0.033164307,0.039300464,0.03773559,0.037191976,0.03260234,0.024879718,0.015776789,0.0076845274,0.0012305002,-0.0006925962
0.067250706,0.06687978,0.0555882,0.043322586,0.035325646,0.032297015,0.027025215,0.027239382,0.03293216,0.038731597,0.043910675,0.044861376
-0.14774466,-0.17749363,-0.19603424,-0.160975,-0.19854084,-0.20328718,-0.19245656,-0.15811652,-0.12553237,-0.09291923,-0.07506523,-0.05951605
0.14164834,0.19629946,0.20789042,0.19200093,0.1830703,0.16663179,0.14802359,0.12179209,0.109898984,0.099532455,0.09062284,0.085656665
0.48927617,0.4869253,0.48044842,0.41608757,0.37065756,0.34085536,0.30284512,0.27665657,0.25312322,0.23199245,0.21944512,0.20884211
0.13266996,0.13467988,0.12664224,0.11058842,0.10436351,0.09991949,0.08797127,0.07775028,0.06961821,0.06217195,0.057371516,0.054310557
0.09346573,0.08110743,0.065412104,0.050776243,0.04077919,0.034961,0.02718547,0.02453699,0.02313811,0.02388161,0.026831936,0.02892281
0.13178188,0.12672979,0.10574363,0.081093386,0.076613724,0.068100035,0.054940067,0.04683926,0.039063003,0.033040337,0.032416902,0.03351483
-0.8853283,-0.75140065,-0.5493818,-0.5292793,-0.43462974,-0.40174913,-0.28906566,-0.2857855,-0.26303396,-0.24745044,-0.24779585,-0.25096846
0.040504143,0.021024007,0.000521861,-0.011102609,-0.020107344,-0.020759273,-0.025122523,-0.01852316,-0.011222858,-0.0027878229,0.003713157,0.008707624
0.04914868,0.07674983,0.11659324,0.13189839,0.14384529,0.13083573,0.116427265,0.089371264,0.04456059,0.006020236,-0.020860016,-0.031211786
-0.050226383,-0.068263374,-0.07265652,-0.06210576,-0.055951945,-0.04946158,-0.049998842,-0.043713402,-0.042759504,-0.044139426,-0.04581578,-0.046316847
0.20262364,0.21410441,0.20753326,0.17193437,0.15058815,0.134442,0.12349297,0.1061639,0.09761836,0.08873724,0.08789461,0.08628434
0.29714584,0.28127432,0.2291713,0.1878778,0.15698153,0.1428493,0.12152046,0.11554453,0.11969138,0.12600897,0.1366539,0.1405698
0.28812367,0.2752146,0.2542497,0.24908325,0.24485639,0.2137608,0.17471763,0.14791287,0.11834602,0.085096136,0.06932906,0.06007521
-0.31223157,-0.3317149,-0.31139952,-0.26652575,-0.24638239,-0.22359025,-0.19352214,-0.16827074,-0.15151736,-0.13923164,-0.13370894,-0.13004284
-0.16444534,-0.19855931,-0.20016459,-0.18600981,-0.17397657,-0.16012241,-0.14296748,-0.11937385,-0.105036505,-0.09312415,-0.08625845,-0.08415495
0.30563068,0.29784504,0.24956347,0.2146434,0.18964382,0.17353071,0.15134129,0.13951895,0.13723509,0.13420442,0.13943204,0.13893935
0.28821075,0.27421105,0.24745695,0.19742393,0.16485082,0.13576947,0.118683964,0.10609113,0.10811836,0.11123903,0.11897243,0.122696504
0.012845378,0.023952698,0.021638025,0.0147383325,0.014974063,0.015496589,0.017873961,0.012143686,0.012910315,0.010374373,0.011660707,0.012257433
0.002320868,0.00085868314,-0.00632523,0.0007041972,-0.0026964927,-0.0014564376,-0.0035421234,-0.0022499384,0.0011484465,0.0012434181,0.0004342869,-1.5889294e-05
0.010637961,0.012988213,0.0011431975,0.008601485,0.00088361,0.0026123058,-0.006439787,-0.0007169433,0.0019742218,0.010662809,0.013255198,0.014977996
-0.13075931,-0.129705,-0.12160668,-0.110808134,-0.10112968,-0.09189661,-0.08000007,-0.07071942,-0.06258379,-0.055525023,-0.052537233,-0.050750047
0.04347735,0.07629898,0.08185853,0.065699756,0.065411925,0.060087614,0.05862449,0.044280916,0.038485117,0.031435177,0.026608307,0.025690371
-0.1479275,-0.13827571,-0.1196033,-0.09773867,-0.06955867,-0.053805277,-0.04240281,-0.042216867,-0.043700553,-0.053966776,-0.06291372,-0.07250541
-0.25909883,-0.27169916,-0.25902888,-0.23381631,-0.22041294,-0.1938327,-0.16929062,-0.14183909,-0.12687254,-0.11313434,-0.10730107,-0.10636902
0.18787204,0.22497815,0.17651674,0.15783386,0.13157412,0.121276885,0.08742964,0.08347438,0.08986124,0.105284855,0.1164543,0.124435715
-0.021595467,-0.010747027,-0.008008748,0.011854187,0.016327143,0.012889884,0.0065123327,0.0050525963,0.0017642006,-0.0019250438,-0.00618276,-0.009180186
-0.22813427,-0.24548447,-0.21368667,-0.18625136,-0.16347578,-0.15467927,-0.12900245,-0.11638053,-0.108418606,-0.103343345,-0.10209205,-0.100543365
-0.056737777,-0.04834133,-0.03305167,-0.035464,-0.024634942,-0.02678455,-0.020730533,-0.020327598,-0.021269195,-0.019659929,-0.019359255,-0.019701649
0.40750027,0.43563652,0.43234843,0.41072452,0.3904107,0.35881427,0.3152977,0.27175483,0.2325136,0.1956627,0.17018065,0.1517903
-0.6880439,-0.6868888,-0.6108036,-0.5419228,-0.47928926,-0.4401203,-0.36507562,-0.3315724,-0.30033252,-0.28511906,-0.27810332,-0.27502882
0.08387739,0.11450038,0.11343448,0.1131941,0.10583648,0.10159871,0.08534204,0.07186792,0.060323305,0.049458243,0.041128393,0.037722122
0.40015423,0.3641619,0.29989767,0.20617718,0.16382524,0.12719226,0.120328665,0.11429107,0.14779976,0.18069917,0.2164439,0.2304954
0.21800011,0.1952222,0.19362918,0.16620994,0.15223531,0.12938824,0.12195828,0.10523599,0.0982216,0.085670725,0.08170748,0.07601384
0.18098593,0.19048676,0.1800299,0.1536321,0.13388458,0.114028044,0.10004246,0.088970825,0.08979356,0.09225343,0.095613,0.09542846
0.050203394,0.08716223,0.12809439,0.11589168,0.121446334,0.113702185,0.11270596,0.08044585,0.046683364,0.011319198,-0.009030588,-0.016163917
-0.027251836,-0.09129869,-0.1529639,-0.14719665,-0.14784983,-0.12792698,-0.12505533,-0.09832804,-0.08137469,-0.06703972,-0.051648982,-0.043372326
-0.3294253,-0.31040287,-0.34508333,-0.32450694,-0.31767187,-0.26773736,-0.24731106,-0.19961049,-0.17105158,-0.13818137,-0.120277524,-0.11110858
-0.067935325,-0.07038044,-0.07656418,-0.047036596,-0.04188492,-0.034115665,-0.042804524,-0.03546252,-0.041467723,-0.046940982,-0.05409811,-0.057501566
0.0917007,0.12712434,0.15142977,0.13560268,0.11639091,0.090741575,0.095058575,0.07539981,0.073537454,0.07487951,0.07810353,0.07913193
0.41478258,0.40504026,0.34603807,0.2947292,0.25593948,0.23047611,0.19277795,0.17137869,0.15863654,0.1488661,0.15003677,0.15203147
-0.04170064,-0.020897754,-0.0014202893,0.01241339,0.016674772,0.015397627,0.011255853,0.005246505,-0.006168857,-0.014296651,-0.022974754,-0.025317144
-0.43859655,-0.4237978,-0.29409814,-0.27244145,-0.21902034,-0.22395578,-0.16005298,-0.16175589,-0.15599392,-0.15201733,-0.15408996,-0.15237632
-0.023080966,-0.021205831,-0.028088115,-0.03144328,-0.027284088,-0.023494057,-0.023311304,-0.0189469,-0.015420833,-0.011183773,-0.008913124,-0.008489885
0.1460362,0.15403396,0.15692149,0.15318361,0.14212881,0.14104916,0.1307512,0.11931467,0.09804815,0.07624215,0.06397374,0.052399136
0.09888593,0.08664687,0.07433565,0.058755882,0.04708758,0.03871513,0.02937986,0.027819809,0.029307961,0.033371903,0.03547371,0.038233094
0.061915845,0.05384066,0.048620068,0.0526826,0.0453781,0.044336446,0.03573332,0.037515543,0.036327206,0.03878276,0.03897575,0.039520152
0.09951066,0.101395026,0.086152226,0.05773434,0.040661924,0.033421606,0.028979592,0.030021034,0.040613618,0.052014794,0.06128054,0.06464068
-0.22425026,-0.22371279,-0.20257308,-0.15720552,-0.13101044,-0.10623346,-0.09733766,-0.08845588,-0.09974782,-0.115953214,-0.13046995,-0.13816558
-0.22202277,-0.16947739,-0.14387645,-0.13111728,-0.11949615,-0.10581663,-0.08464545,-0.07784633,-0.06281977,-0.05012998,-0.044129662,-0.041516908
0.33551764,0.2971105,0.27231193,0.2032375,0.16525638,0.12803175,0.11277188,0.102527335,0.10790375,0.11990559,0.13317567,0.14247571
-0.047685295,-0.061668362,-0.0796267,-0.076696545,-0.074404374,-0.06700783,-0.06748337,-0.05419507,-0.046100773,-0.03849183,-0.033497345,-0.030952044
0.30174035,0.23074391,0.17996019,0.15865453,0.13747989,0.1196007,0.09765065,0.09085062,0.08381894,0.07512233,0.078737974,0.08059312
-0.22430477,-0.23135912,-0.19621469,-0.17866656,-0.1569384,-0.15053119,-0.1216001,-0.112940766,-0.10288717,-0.09428537,-0.08901856,-0.0853425
0.018005852,0.015576625,0.019621043,0.012743644,0.0113105085,0.007102484,0.007992189,0.0050567733,0.0022413665,-0.0012761625,-0.0023968937,-0.0024533793
-0.122937925,-0.14681964,-0.1416553,-0.11485929,-0.103385,-0.09863217,-0.09419069,-0.08074371,-0.07539585,-0.068524316,-0.06622906,-0.064249404
0.30084834,0.29095075,0.26885104,0.22378908,0.20216362,0.17631002,0.15531923,0.13689987,0.12704132,0.12019766,0.12074592,0.12051641
-0.43478882,-0.4360662,-0.40900445,-0.37101832,-0.3301828,-0.29020423,-0.24241005,-0.21283323,-0.18965112,-0.17420161,-0.16498303,-0.1629565
0.26490322,0.2771765,0.26096505,0.21785378,0.18906902,0.16811424,0.15076393,0.13629904,0.12860063,0.12275253,0.12289879,0.117197126
-0.33798966,-0.26058722,-0.26490796,-0.15369827,-0.13628602,-0.09446925,-0.103449225,-0.0908591,-0.10274956,-0.11553842,-0.13221647,-0.13814528
0.12842551,0.14991422,0.13865854,0.121968135,0.107217506,0.092776135,0.08088336,0.06882065,0.065456904,0.06507117,0.06707876,0.0702699
0.30585787,0.26601297,0.21609849,0.19938642,0.1792021,0.1703723,0.13090956,0.12581244,0.106931016,0.09583456,0.08870086,0.084992565
0.21906304,0.18674716,0.120254815,0.09931424,0.08741118,0.08330877,0.06608568,0.060493022,0.056391805,0.042612962,0.04471484,0.045470104
0.3009207,0.31466478,0.24555239,0.19322923,0.15284021,0.1315034,0.09849343,0.092260584,0.105022475,0.12459064,0.14167595,0.15352851
-0.19558868,-0.11831944,-0.15905967,-0.059224546,-0.07120179,-0.03584598,-0.07759534,-0.05580519,-0.049283057,-0.034849145,-0.041440517,-0.040707864
-0.29702395,-0.25140807,-0.13396558,-0.10087243,-0.06272417,-0.078695506,-0.037058026,-0.05508867,-0.06552757,-0.0783768,-0.091882885,-0.09721351
-0.14494951,-0.13487321,-0.11833983,-0.11439486,-0.10078448,-0.08723917,-0.07043987,-0.061989747,-0.05408629,-0.046537016,-0.043196887,-0.0425374
0.04771828,0.0011932552,-0.029407099,-0.04155852,-0.048069894,-0.044916578,-0.04271847,-0.027443238,-0.012834236,0.0009660125,0.013085518,0.017630141
0.10152398,0.08521189,0.07731262,0.08441827,0.083120026,0.08016007,0.065004796,0.055601805,0.039293963,0.020429984,0.008314721,0.0010083988
0.52615654,0.6661945,0.55298245,0.29975593,0.20724306,0.17876095,0.14520067,0.118216604,0.12337679,0.12921584,0.15432782,0.17083457
-0.13614155,-0.102238685,-0.0802069,-0.072544955,-0.06265156,-0.05360136,-0.041938715,-0.043306366,-0.04206448,-0.041309737,-0.043117575,-0.043301065
-0.22362804,-0.24472825,-0.23881166,-0.20797625,-0.19767575,-0.1807433,-0.16195026,-0.13904248,-0.12509139,-0.11435081,-0.10916982,-0.10524744
0.025626097,0.019018225,-0.0007922612,0.0019013844,-0.0071291327,-0.0005837083,-0.0066638626,0.0015053637,0.0015813224,0.0034088194,0.004686624,0.004369907
-0.8241283,-0.90215296,-0.8738616,-0.770483,-0.7092231,-0.6219988,-0.5481077,-0.46502507,-0.4259557,-0.3946559,-0.38442433,-0.37755805
0.07677215,0.12247431,0.13046871,0.1239305,0.11795662,0.11128391,0.095013365,0.07932901,0.06726614,0.059020024,0.04948494,0.044864997
0.08446048,0.21578228,0.29914632,0.25793776,0.31338382,0.2779329,0.26283085,0.19147557,0.14748321,0.11105283,0.08575913,0.07694077
-0.15723449,-0.1354049,-0.10434006,-0.07080047,-0.03843978,-0.016801089,-0.00860396,-0.008278035,-0.02202417,-0.039371613,-0.054044366,-0.06711977
0.06593052,0.010119479,0.017120734,0.061437346,0.07494402,0.06207598,0.065568686,0.054913413,0.03902676,0.012054298,2.3119152e-05,-0.006624792
0.18562636,0.17151287,0.1320761,0.114903495,0.095758945,0.08759092,0.067732096,0.06369793,0.06234657,0.060990892,0.06398775,0.066189885
-0.089258194,-0.09267154,-0.07832995,-0.05661398,-0.051610388,-0.05057982,-0.04251531,-0.037955448,-0.03631766,-0.03654957,-0.037639312,-0.03882231
0.09174451,0.0856039,0.06015046,0.051743314,0.037281,0.031748526,0.021780409,0.022515886,0.027108379,0.034627207,0.04069661,0.04561576
-0.00045043975,-0.03741734,-0.051387485,-0.042633563,-0.044728883,-0.04055905,-0.036333397,-0.02305831,-0.012420839,-0.0050920434,0.001727704,0.0018093083
-0.33176225,-0.29866332,-0.2853419,-0.24151301,-0.21397528,-0.17644171,-0.15622304,-0.14213096,-0.14283335,-0.1487217,-0.15435642,-0.15537171
0.048252683,0.032756068,0.020275518,0.035000533,0.03095958,0.026683422,0.015048604,0.016358998,0.011466261,0.007524835,0.0043751784,0.0025266483
0.04805021,0.012574486,-0.005371578,-0.018038847,-0.024088867,-0.030191429,-0.025751524,-0.021206692,-0.009161685,-0.00090749934,0.008392045,0.014891133
-0.14685017,-0.18594857,-0.20947014,-0.17729498,-0.16187915,-0.14095695,-0.13719156,-0.110276505,-0.09598961,-0.08145975,-0.07377684,-0.07048881
0.15009946,0.181521,0.14473793,0.13770056,0.11903458,0.11744005,0.0853656,0.080102116,0.07444014,0.07380287,0.07096908,0.070212
-0.25938788,-0.25562775,-0.24040584,-0.22630334,-0.19894859,-0.17232835,-0.14416152,-0.1269651,-0.11709558,-0.10942716,-0.104788974,-0.10323683
-0.111255184,-0.044258714,0.002516359,0.01361841,0.02474308,0.022898331,0.0136616975,0.003427595,-0.012974441,-0.018488273,-0.031817004,-0.034839384
0.10836757,0.103462696,0.09758142,0.086940184,0.077504754,0.066822305,0.059280455,0.0538452,0.052176137,0.0523713,0.0539069,0.05340066
-0.5882727,-0.606578,-0.5652683,-0.49207968,-0.4462738,-0.40322366,-0.35168725,-0.3070441,-0.28546965,-0.26845318,-0.26203978,-0.25868487
0.3180659,0.33002132,0.3108471,0.27563736,0.24315968,0.2131822,0.18558022,0.16152436,0.14707974,0.13762194,0.13491873,0.13464646
0.031119175,0.028855413,0.008611739,0.0031833723,-0.008559398,-0.0074525997,-0.0098777935,-0.006712511,0.004656676,0.0136490725,0.01922695,0.024158496
0.15409979,0.1526278,0.13950098,0.11522807,0.099658184,0.08483053,0.075490855,0.06641258,0.06257382,0.061487824,0.06393597,0.06448868
0.23490264,0.2353557,0.21930578,0.19574288,0.17217807,0.14657927,0.12809527,0.11174787,0.10443028,0.099983156,0.101004764,0.10222493
-0.09578593,-0.10220796,-0.09063787,-0.083182484,-0.07346623,-0.061716516,-0.047891058,-0.03820835,-0.03298883,-0.03182864,-0.030993197,-0.034088086
0.020077476,0.006238317,-0.004601635,-0.010062017,-0.0154636,-0.013125695,-0.012756696,-0.009087466,-0.007621035,-0.006142162,-0.0028691497,-0.001346156
0.08556085,0.10870313,0.11118092,0.104476735,0.10682436,0.102519125,0.09000747,0.074874654,0.05771354,0.04342173,0.033744708,0.028478716
-0.103406996,-0.06424284,-0.023945302,-0.034014255,-0.011102676,-0.022365265,-0.006136954,-0.021035373,-0.008767128,-0.0022587478,-0.00040001422,0.0014241114
0.21313371,0.21719237,0.2277073,0.24652559,0.24483769,0.22501966,0.1870758,0.15757295,0.114967145,0.07458718,0.04218865,0.023904458
-0.02462567,-0.02120156,-0.025347717,-0.017017163,-0.017270036,-0.015929215,-0.017411401,-0.013677789,-0.013209631,-0.011500185,-0.010998705,-0.011597729
0.121704176,0.119653165,0.13173474,0.08270418,0.08318621,0.060062006,0.073563986,0.06479295,0.07049901,0.08078748,0.09335312,0.09231185
0.23987907,0.20008996,0.15352178,0.1250614,0.1173003,0.11270541,0.093628824,0.09215221,0.08989751,0.083769575,0.08515391,0.079693474
-0.06054147,-0.09440407,-0.1011641,-0.09406698,-0.08940552,-0.07958096,-0.06846289,-0.05782733,-0.050893225,-0.048625015,-0.04513416,-0.04315128
0.040155947,0.053368293,0.034422573,0.015425485,0.015808843,0.021793544,0.020167373,0.016704619,0.018310528,0.017590389,0.021231627,0.021331504
0.054568008,0.07765735,0.08154418,0.07654348,0.068304405,0.058704287,0.055357978,0.045608923,0.04090162,0.04036581,0.041158922,0.042348266
0.06461507,0.092053436,0.089481875,0.07290947,0.048282422,0.03587851,0.030099925,0.030267414,0.042203605,0.060888078,0.07013725,0.076340675
-0.10493162,-0.12731437,-0.13072705,-0.13152933,-0.12698658,-0.117845386,-0.098257765,-0.08305168,-0.06478323,-0.050913822,-0.038626324,-0.033144064
0.3615104,0.36547762,0.33739617,0.29659572,0.27161443,0.24440533,0.21065779,0.18026164,0.16324419,0.14720206,0.1406185,0.1377564
-0.5848163,-0.56538475,-0.5181327,-0.47332132,-0.42602283,-0.38313776,-0.3259445,-0.2884933,-0.25182697,-0.22376415,-0.21161938,-0.20485313
-0.18497762,-0.20646834,-0.20561954,-0.19210838,-0.1735801,-0.16184057,-0.13813089,-0.119794816,-0.09675476,-0.07986128,-0.06711975,-0.06133489
-0.22865263,-0.24900182,-0.2527579,-0.19412711,-0.17734176,-0.15616764,-0.1509457,-0.12809551,-0.124786116,-0.12237815,-0.12497461,-0.125396
-1.0058107,-1.0691255,-0.9653872,-0.8602048,-0.772283,-0.70059097,-0.59677947,-0.52621496,-0.48940092,-0.46696538,-0.46189243,-0.460702
0.036402643,0.03516201,0.027262319,0.025989003,0.01872183,0.011809796,0.008653112,0.00584154,0.004337257,0.0032294155,0.0042524934,0.0067293486
-0.024341572,-0.022365972,-0.022914302,-0.017105747,-0.015598722,-0.011224841,-0.012093125,-0.008654337,-0.009301681,-0.00939174,-0.010462258,-0.011267035
0.10275552,0.09774351,0.08782548,0.07419085,0.062455073,0.055374585,0.046386622,0.04113451,0.03993334,0.038897373,0.039332744,0.04006912
-0.123251766,-0.110180095,-0.09499678,-0.08125461,-0.07659824,-0.071871966,-0.059912875,-0.05523533,-0.05045065,-0.04791702,-0.047669,-0.04739816
0.079962134,0.091907606,0.09131324,0.073462486,0.06579509,0.0538768,0.05305436,0.043212518,0.04334592,0.041268475,0.043700468,0.044721983
0.09337829,0.09403497,0.096952215,0.0880657,0.08057481,0.06997681,0.064160965,0.053948417,0.043279856,0.035291493,0.031737264,0.031355113
0.11344571,0.12730956,0.11525537,0.10460951,0.08895299,0.08084961,0.06686641,0.05923002,0.05683322,0.057061605,0.05716551,0.057983667
0.088199034,0.09174864,0.07907456,0.061971705,0.050582074,0.03865777,0.028262828,0.025244262,0.031667784,0.041201353,0.047513798,0.05319132
0.09966012,0.06629974,0.06785586,0.03783442,0.0362797,0.018299863,0.017738365,0.011620194,0.013446737,0.017010268,0.023943588,0.02845936
-0.25896704,-0.24576494,-0.2087673,-0.20380205,-0.1798403,-0.16445401,-0.13254085,-0.12091975,-0.111068286,-0.10130961,-0.09626002,-0.09312507
0.00069409236,0.029488873,0.033689722,0.032499343,0.030755939,0.025649115,0.025498161,0.01903677,0.023743004,0.027957708,0.030387303,0.032080118
0.13122286,0.11711715,0.09327933,0.058923542,0.043139443,0.03772147,0.035777107,0.037604928,0.050543018,0.06268124,0.07410875,0.07834898
0.15023541,0.11946856,0.09915756,0.09178123,0.082277015,0.07593883,0.06575963,0.06420697,0.06062109,0.056943923,0.057467245,0.052935906
0.09474167,0.076138586,0.083003074,0.07178898,0.07076843,0.052443184,0.04811507,0.040541824,0.039108552,0.0393072,0.039847642,0.039890014
-0.026546035,-0.02127966,-0.019017901,-0.014613703,-0.014185006,-0.010844887,-0.009586148,-0.00831135,-0.010457641,-0.012737022,-0.014371655,-0.015071448
0.17280613,0.17436591,0.14998338,0.13115408,0.10709904,0.08916303,0.07716445,0.071923696,0.076358266,0.08401716,0.09317381,0.097496435
-0.11649344,-0.10916961,-0.0904965,-0.07973112,-0.07179572,-0.06606444,-0.055528477,-0.051463466,-0.047691595,-0.044336773,-0.044181876,-0.0437251
-0.5686453,-0.28079087,-0.0752399,-0.08733195,-0.019241095,0.0043641925,0.077417076,0.019015849,-0.0037528276,-0.031856745,-0.058850914,-0.07770148
-0.10974504,-0.10658012,-0.07781427,-0.07958673,-0.06263926,-0.06317958,-0.04368937,-0.044598535,-0.03735999,-0.034372542,-0.031444877,-0.030870777
-0.022891762,-0.021732913,0.0019751526,-0.005226723,-0.014692455,-0.029614093,-0.016661614,-0.018856239,-0.012006606,-0.006588028,-0.0023609884,-0.00019062124
0.15503669,0.124604136,0.08126032,0.03626144,0.005990207,-0.0054385066,-0.009340793,-0.0013233721,0.023556918,0.050501786,0.07365477,0.0868205
0.2930585,0.25074854,0.23740888,0.20972812,0.2091296,0.18887073,0.17065471,0.14726274,0.12065366,0.09302108,0.08271391,0.07381427
0.14718625,0.17032078,0.16234948,0.15909663,0.15198398,0.14067815,0.113414004,0.096184835,0.07242916,0.053773258,0.04201386,0.036779795
0.15042278,0.16064452,0.15902135,0.14034939,0.13721079,0.12400187,0.10986542,0.09656545,0.09076841,0.087245025,0.084147595,0.08100921
0.046802152,0.04459521,0.05248723,0.05149618,0.0471601,0.03385953,0.030273251,0.025201337,0.026504146,0.028284457,0.02793796,0.027939923
-0.26935834,-0.25530782,-0.22354287,-0.20121193,-0.17466223,-0.16009194,-0.1379119,-0.1261631,-0.11173382,-0.098404534,-0.09517924,-0.091108605
-0.3538504,-0.33246195,-0.29337978,-0.27640745,-0.25160486,-0.23503286,-0.19144101,-0.1766414,-0.14987214,-0.13121955,-0.119558334,-0.110967025
0.36056802,0.3849616,0.36521173,0.3243326,0.30663264,0.2818811,0.26968208,0.23751822,0.22110742,0.20611891,0.20626077,0.19960639
-0.025630295,0.080803424,0.08269477,0.09427914,0.08760116,0.09077594,0.060589783,0.047829524,0.028767481,0.022953168,0.009223998,0.009696819
0.27251422,0.23960601,0.2034068,0.17403756,0.1406565,0.112828925,0.08760108,0.08189286,0.08714153,0.09470919,0.10320299,0.10959237
0.09362669,0.13709772,0.14726728,0.14107373,0.116719715,0.09973125,0.08659986,0.07445755,0.066277936,0.067734264,0.06500196,0.06683123
0.01576852,0.042913236,0.038463395,0.032336105,0.02136333,0.014321392,0.010079111,0.0039270152,0.005120792,0.0073567163,0.008814203,0.013669001
-0.2424345,-0.22917056,-0.17714989,-0.123307064,-0.10855296,-0.089793295,-0.06731771,-0.059845917,-0.06477628,-0.076248065,-0.090402514,-0.09827693
-0.08869186,-0.10338594,-0.08208455,-0.061094973,-0.048268676,-0.04338072,-0.036614154,-0.035790775,-0.047513735,-0.059690163,-0.070022896,-0.073178336
0.059983447,0.01815267,-0.024055853,-0.04972253,-0.07096833,-0.06904696,-0.06989154,-0.055834025,-0.03503281,-0.014807984,0.0020811073,0.015358545
0.3008974,0.24328011,0.3163266,0.30989093,0.28487176,0.19770063,0.17235717,0.14550501,0.115789235,0.10338855,0.086575694,0.078218155
-0.38403058,-0.5528859,-0.54597056,-0.5427346,-0.49997315,-0.46460062,-0.41849566,-0.33862233,-0.30149156,-0.25794727,-0.23642357,-0.2391152
-0.025911354,-0.01472301,0.021083117,0.02698984,0.03756684,0.02623484,0.03102699,0.019558094,0.010789219,0.0026149936,-0.003525935,-0.0054574683
-0.043198295,-0.05194357,-0.050464496,-0.05187246,-0.0480783,-0.04703135,-0.037879407,-0.034917638,-0.028246086,-0.024198191,-0.020195616,-0.017450921
0.0579914,0.037400376,0.023682848,0.0089500025,-0.0028963834,-0.0042793006,-0.0071908906,-0.0011616722,0.0056041814,0.013984382,0.018997308,0.023100033
-0.04147674,-0.09729057,-0.11271177,-0.09743336,-0.09529821,-0.08658147,-0.08250303,-0.067659244,-0.06948977,-0.069805436,-0.06759705,-0.06464298
0.20881945,0.2027314,0.16652791,0.13540477,0.10332057,0.08653377,0.06785047,0.06438489,0.06988558,0.07970744,0.08918366,0.09762721
-0.20451353,-0.14436239,-0.12753622,-0.10600425,-0.08546461,-0.058867946,-0.050322026,-0.05085054,-0.05574572,-0.06251871,-0.07066701,-0.07387279
-0.47188708,-0.49449593,-0.46585494,-0.43784013,-0.41920784,-0.37666243,-0.3267029,-0.2786966,-0.25692222,-0.23360029,-0.22273508,-0.2166404
-0.18554738,-0.14259845,-0.11295059,-0.106632076,-0.101632416,-0.09351995,-0.07617973,-0.06966361,-0.05674603,-0.04338167,-0.039132446,-0.036341384
1.5469726,2.0184186,1.6507269,1.5919077,1.5219723,1.5323141,1.1326095,1.0304803,0.89229834,0.8509346,0.79180473,0.76036775
0.22539194,0.23185498,0.19680111,0.16180535,0.13288671,0.11787922,0.09820792,0.08947689,0.091015466,0.09550917,0.102040574,0.10532588
-0.30422983,-0.32510057,-0.29526114,-0.27656823,-0.2605993,-0.2450388,-0.20795843,-0.18635595,-0.16947348,-0.15668385,-0.14874563,-0.14136219
0.21336488,0.21909282,0.20161523,0.19146529,0.18549858,0.17591152,0.14955138,0.13111034,0.10886084,0.0899629,0.07808676,0.067922726
-0.13071038,-0.12827027,-0.13335638,-0.12479581,-0.11976537,-0.115150705,-0.10838525,-0.089798294,-0.063882336,-0.034432083,-0.018493794,-0.008631095
-0.021423176,-0.003664028,0.033936143,0.039069727,0.04230383,0.035139564,0.034924254,0.030896584,0.016381608,0.007622985,-0.0026125154,-0.011391394
-0.36873883,-0.29705513,-0.24003628,-0.22024363,-0.19117272,-0.16748331,-0.12898892,-0.127114,-0.11484715,-0.109539226,-0.10988751,-0.107945755
-0.22863084,-0.18000615,-0.106387034,-0.078216255,-0.048439622,-0.03681463,-0.014894813,-0.027792543,-0.048480824,-0.0727088,-0.09374654,-0.10392583
-0.09558692,-0.10433537,-0.10454852,-0.08715977,-0.089151435,-0.083391875,-0.07651751,-0.060885377,-0.0553106,-0.0467989,-0.04206734,-0.038181975
0.030009512,0.009204388,0.0073989034,0.0065111034,0.0047458634,0.0030770637,0.00805115,0.009480674,0.01009452,0.009232987,0.010283846,0.009733753
-0.30507684,-0.32071543,-0.3033235,-0.27376077,-0.24944626,-0.22293751,-0.1915802,-0.16731149,-0.15153998,-0.13865428,-0.13206959,-0.12761651
0.050734024,0.039177366,0.019307785,0.005170867,-0.0063685924,-0.009553172,-0.009205557,-0.0049343184,0.005851969,0.017476384,0.027590457,0.033840902
0.033136062,0.060524568,0.03681338,0.021301642,0.007111078,0.0087249875,0.0048518423,0.006013483,0.021970114,0.03479174,0.045565642,0.050420515
-0.027074492,-0.033858314,-0.020449165,-0.002688963,0.003930792,0.009580389,0.008372312,0.007469696,-0.0038474156,-0.01632498,-0.02671247,-0.033482105
0.03473834,0.024500823,0.00070246775,0.02776273,0.035133295,0.037316516,0.017741205,0.017474039,0.008462546,-0.00030668452,-0.008277826,-0.013799973
-0.19726233,-0.17293742,-0.12920405,-0.10670312,-0.08327882,-0.07662831,-0.06423175,-0.059701398,-0.060836434,-0.060076244,-0.06523407,-0.068418786
-0.059930816,-0.039823186,-0.03107005,-0.043219246,-0.04183072,-0.038201004,-0.031109093,-0.027394153,-0.020099428,-0.009936083,-0.0052185357,-0.0029655285
0.07285217,0.038307935,-0.0009901673,-0.012263611,-0.024704322,-0.018049099,-0.018328369,-0.0039758235,0.0127175,0.02602566,0.039192334,0.043548126
0.19595687,0.1973972,0.18915543,0.1648268,0.14995736,0.13254166,0.11370666,0.097614005,0.083777934,0.07480551,0.07019009,0.069595665
0.023147758,0.00077880546,-0.020780072,-0.020224772,-0.0152978115,-0.0011236779,-0.009138513,0.000986211,-0.004318971,-0.009312026,-0.011669017,-0.0164566
0.17629406,0.14840263,0.11674631,0.07356499,0.051304758,0.03868133,0.03178586,0.034782097,0.045444578,0.059347957,0.073338434,0.0808589
0.21463709,0.18712369,0.16311415,0.17133716,0.16513689,0.14602953,0.11908786,0.10474279,0.08715619,0.06769035,0.059492648,0.05657787
0.0056117848,0.06893012,0.06017776,0.04001659,0.04049346,0.05019761,0.039783172,0.032494977,0.03929119,0.05023304,0.054011818,0.057597756
-0.10703463,-0.049644187,-0.01080744,0.002251491,0.016753942,0.025865272,0.028321505,0.011945665,-0.0056936815,-0.024581827,-0.041502576,-0.04868532
0.07688866,0.09696744,0.08700672,0.08640799,0.078098804,0.07630887,0.067714214,0.05938282,0.05512636,0.049595565,0.04570862,0.04149074
-0.27315694,-0.3055696,-0.2907136,-0.26986933,-0.2444855,-0.22204596,-0.1888313,-0.16583687,-0.14529061,-0.1321052,-0.12398031,-0.11922177
-0.107666716,-0.13907322,-0.14607345,-0.13866426,-0.1321626,-0.118139826,-0.10185013,-0.08191826,-0.06594946,-0.05027025,-0.038980193,-0.03426522
0.09105137,0.0897108,0.07916947,0.065202974,0.058068477,0.0541622,0.045541815,0.042646453,0.042552862,0.044987436,0.046179608,0.046995558
-0.41295862,-0.4359582,-0.3881795,-0.3146281,-0.2824366,-0.25736445,-0.22645798,-0.19864288,-0.1940054,-0.18912894,-0.19330229,-0.1945035
0.094754495,0.07766292,0.07464956,0.06654254,0.05613026,0.052071087,0.045972817,0.03924547,0.029799417,0.018268347,0.011983667,0.011531085
0.07718102,0.0738585,0.048038647,0.030663095,0.017418832,0.019436955,0.008808471,0.0114258975,0.008204401,0.01012269,0.012579311,0.016824499
0.5187133,0.5636008,0.52020854,0.4046901,0.35329086,0.32626468,0.27988797,0.25523093,0.24588111,0.24913484,0.2552392,0.2537013
-0.033580054,-0.06576208,-0.069731474,-0.069690794,-0.06675092,-0.067598775,-0.05573085,-0.045683924,-0.032338254,-0.019581279,-0.008993609,-0.003900392
-0.08327361,-0.07869502,-0.07052314,-0.055736084,-0.051913295,-0.045258716,-0.040499065,-0.036683552,-0.03891012,-0.04118834,-0.043840956,-0.044432588
-0.13935727,-0.12544633,-0.12511513,-0.12575494,-0.114481196,-0.09527314,-0.084199876,-0.074999735,-0.06644837,-0.05566195,-0.049685758,-0.04372188
0.35779744,0.33749157,0.28782722,0.24569549,0.21372682,0.18999764,0.16482702,0.1548217,0.16032688,0.16571945,0.17542955,0.17565973
-0.033308804,-0.05744159,-0.08569321,-0.083370745,-0.08773949,-0.07798064,-0.07930433,-0.061897,-0.046922915,-0.030539121,-0.019917715,-0.013657656
0.13514115,0.14384452,0.136801,0.10765931,0.096727684,0.08661632,0.07774175,0.06636422,0.06311546,0.06263596,0.064093195,0.06626451
0.08082366,0.09179887,0.07875119,0.07250221,0.06146253,0.059886377,0.05057456,0.047191598,0.05040692,0.053646367,0.055999808,0.05656371
-0.013837976,-0.013764831,-0.011269717,-0.012212684,-0.007116532,-0.0028196834,-0.00215544,-0.0042027123,-0.008574102,-0.014763071,-0.018116962,-0.020106716
0.10941658,0.07851601,0.053363994,0.028833523,0.01801446,0.014896266,0.013979137,0.017729431,0.027049452,0.03517671,0.04483805,0.04775556
0.17700937,0.1632697,0.16654602,0.110962786,0.10500588,0.09310996,0.09088613,0.081163935,0.07588963,0.07775093,0.082094535,0.08181759
-0.06080491,-0.074381344,-0.055432457,-0.058592062,-0.054891113,-0.057473585,-0.044767432,-0.041370828,-0.03710469,-0.035066523,-0.034234665,-0.033007413
0.07879776,0.097340256,0.09126362,0.07740636,0.07423036,0.067011714,0.054143857,0.04658512,0.045033287,0.047960937,0.048920956,0.051019184
0.9384074,0.92872524,0.81251657,0.727197,0.64720887,0.6045006,0.4992497,0.44406295,0.3862435,0.33154368,0.31123674,0.30426514
-0.068790816,-0.06955372,-0.054724947,-0.033320002,-0.0510244,-0.061027132,-0.05953975,-0.049754843,-0.043375533,-0.033741094,-0.033202894,-0.028231893
0.310252,0.25922003,0.20648277,0.17820962,0.1608209,0.14312378,0.12063034,0.11535394,0.11256711,0.11053308,0.116632365,0.11595414
-0.30572423,-0.31023943,-0.31716737,-0.29293847,-0.28050065,-0.25331402,-0.22346087,-0.19051304,-0.15894127,-0.13135648,-0.1132828,-0.10273862
-0.08928865,-0.08821331,-0.078672655,-0.08072251,-0.06817827,-0.058960237,-0.048580956,-0.044717815,-0.040721025,-0.03814724,-0.037182987,-0.035535093
0.7073613,0.6565412,0.6232017,0.55927145,0.5377872,0.4577123,0.38028955,0.3216005,0.2752356,0.23843932,0.22138327,0.21777323
0.2550552,0.2537909,0.23079482,0.1736,0.14310388,0.11608577,0.09666811,0.08251597,0.08601858,0.097253904,0.10760644,0.11781822
-0.12518135,-0.08853334,-0.073996484,-0.058711395,-0.055831403,-0.051480666,-0.046148665,-0.040534258,-0.030518413,-0.019276917,-0.016537763,-0.014348283
-0.30474344,-0.36221266,-0.32467335,-0.2868692,-0.2506437,-0.2341173,-0.19831063,-0.16941354,-0.1627903,-0.15224332,-0.14668927,-0.145937
0.1562233,0.1898993,0.19374996,0.15604493,0.15546389,0.14796174,0.14853445,0.12379727,0.11437321,0.09964856,0.095449306,0.085031494
-0.0012986995,-0.03802746,-0.05089074,-0.06218289,-0.065625265,-0.06280962,-0.054362804,-0.04062219,-0.028108649,-0.01457751,-0.003334172,0.0017454457
0.2296949,0.23291418,0.23032281,0.21443875,0.19863296,0.18216796,0.16104184,0.14148381,0.119673185,0.0990905,0.087052114,0.07803923
0.03228559,0.052491225,0.06400388,0.05174668,0.05670104,0.062587105,0.058088455,0.055033524,0.047038242,0.0429501,0.037163578,0.029542122
0.07163477,0.0615862,0.085151985,0.08024958,0.0911175,0.08363072,0.08308743,0.07083878,0.0582783,0.0443862,0.034156963,0.0256643
-0.5367585,-0.4955351,-0.44540966,-0.3659462,-0.34017506,-0.3011989,-0.2699819,-0.23791917,-0.23142272,-0.22114162,-0.2255243,-0.2230523
0.02709321,0.009286899,0.009469211,0.0025705565,0.0040162466,0.0006047003,0.0013347324,0.0028893128,0.0039849617,0.0055248234,0.0074768597,0.007530736
-0.15997732,-0.19273451,-0.18516172,-0.1833338,-0.17622219,-0.16899344,-0.15103544,-0.12792157,-0.109226055,-0.08617771,-0.07288674,-0.06464662
-0.61568487,-0.7018036,-0.70230246,-0.6231924,-0.57446045,-0.51867944,-0.4676323,-0.39635468,-0.34961876,-0.3077768,-0.28859487,-0.27576965
-0.3861711,-0.4480037,-0.38622192,-0.3488009,-0.29091483,-0.28155783,-0.2341136,-0.21199669,-0.19428438,-0.18772696,-0.18675539,-0.18819311
-0.27089718,-0.24197721,-0.22159955,-0.1817106,-0.16040213,-0.13432667,-0.120027825,-0.10621926,-0.101752564,-0.09752652,-0.10105792,-0.1028777
0.19629237,0.20228013,0.18459094,0.16694726,0.14871563,0.13542666,0.11845493,0.10376986,0.092449546,0.08118841,0.07708366,0.07376635
0.004074065,-0.00940114,-0.010828643,-0.018474445,-0.020303456,-0.025892686,-0.023719693,-0.01948116,-0.013295712,-0.0056688506,-0.00056699896,0.002943703
-0.12202582,-0.19391137,-0.19709928,-0.171354,-0.14001265,-0.116153374,-0.095387064,-0.0787828,-0.071056634,-0.08004535,-0.08160612,-0.09135347
-0.028111208,-0.0485042,-0.04780105,-0.0355525,-0.028755084,-0.02957254,-0.029229846,-0.024657864,-0.02284747,-0.02145998,-0.021844024,-0.022062965
-0.38128406,-0.3885365,-0.33258235,-0.29834056,-0.2638106,-0.24324341,-0.20183697,-0.17753181,-0.16896442,-0.16016994,-0.15859732,-0.15992998
-0.2719422,-0.2237013,-0.18189724,-0.18070579,-0.15385944,-0.13533816,-0.101321936,-0.09495562,-0.07699245,-0.06200259,-0.05500675,-0.05295577
0.08422454,0.09088978,0.09638824,0.0908201,0.092952855,0.08996114,0.08040261,0.06809843,0.05500388,0.04118438,0.031830117,0.024751868
-0.3018358,-0.29623473,-0.27600306,-0.22845218,-0.20846426,-0.183727,-0.1668925,-0.14721152,-0.14584203,-0.14628631,-0.1514374,-0.1517276
-0.052295126,-0.064836435,-0.063654795,-0.05638025,-0.048876524,-0.042653043,-0.0379261,-0.027124863,-0.024207253,-0.01921864,-0.017040895,-0.01878151
-0.10964434,-0.11075123,-0.10148957,-0.07981693,-0.0749127,-0.0652758,-0.06129819,-0.052999727,-0.053648032,-0.052869968,-0.05534582,-0.054890096
-0.6582005,-0.6798299,-0.61662245,-0.520353,-0.44292885,-0.40013066,-0.3367735,-0.29653835,-0.265549,-0.24528563,-0.2392543,-0.24110295
-0.0041838437,-0.004359523,-0.019657232,0.0008357726,0.0042802617,0.0061764307,-0.008330803,-0.0026681768,-0.0044934535,0.00014318712,-0.00034267828,-0.0016864212
0.06674369,0.053259715,0.056635186,0.049355067,0.02823747,0.0105595365,0.011189617,0.012874097,0.016290098,0.022856602,0.027205523,0.031330608
-0.044680834,-0.025021747,-0.01274839,-0.0063169003,0.002010867,0.0043160915,0.002777651,-0.00069037825,-0.00471865,-0.0055070333,-0.008615203,-0.009311516
-0.07072733,-0.063708365,-0.05677227,-0.0540666,-0.036338877,-0.027018007,-0.022194505,-0.018512812,-0.015609935,-0.013460774,-0.013037041,-0.015583586
-0.02879159,-0.018600745,-0.016758118,-0.002730783,9.49204e-05,0.0033325255,0.0018938892,0.000926543,-0.0013678595,-0.0037676487,-0.006114213,-0.008123081
0.23361486,0.20663646,0.17743567,0.1642073,0.15593526,0.14021945,0.11631729,0.107150026,0.09672366,0.08836941,0.08593657,0.0828618
0.01672487,0.060468458,0.083357915,0.07842578,0.0715495,0.06545226,0.06472084,0.047249347,0.03747729,0.02593262,0.016659513,0.01475879
0.41910213,0.49844697,0.5332661,0.47378376,0.44575703,0.39400017,0.35310215,0.2887928,0.23822579,0.19191548,0.16344425,0.15034224
0.11146242,0.08643071,0.075626105,0.060018003,0.050606854,0.03882563,0.037170917,0.032687183,0.02730282,0.020872999,0.022356123,0.02369688
0.053330794,0.032901954,-0.0048670843,-0.008291446,-0.017748617,-0.013507828,-0.019710988,-0.0107834,-0.006282352,-0.00035247207,0.0065844357,0.009521492
-0.027061492,-0.01055105,0.006337635,0.017953068,0.028227698,0.033518754,0.035185624,0.025567956,0.013406865,-0.0022638608,-0.01306111,-0.020802695
-0.07172999,-0.046507906,-0.039520197,-0.027147174,-0.015191406,-0.005649835,-0.0071281195,-0.015508957,-0.028263766,-0.04089287,-0.04987727,-0.05044013
0.20003791,0.22495167,0.2262046,0.19530514,0.182517,0.16054557,0.13978842,0.11874152,0.10340798,0.094438925,0.089483395,0.08804701
-0.08602387,-0.05624809,-0.0028655827,0.019212902,0.029991478,0.0142914355,0.022753313,0.012765348,0.009646215,0.008745119,0.0025218874,-0.0020272657
0.06517177,0.09713507,0.13436893,0.110492304,0.11069658,0.0984228,0.104769476,0.077521294,0.05995456,0.04090219,0.031376462,0.027379189
-0.41015616,-0.4335298,-0.40516025,-0.32481086,-0.29639864,-0.26616883,-0.23687087,-0.20662594,-0.19939476,-0.19893469,-0.20403749,-0.20593327
-0.000897089,-0.025089646,-0.025698507,-0.029446779,-0.031852167,-0.035117447,-0.029378295,-0.021933,-0.013891956,-0.0040515447,0.0022307038,0.004425898
-0.0009514598,-0.012823435,-0.019654643,-0.027050253,-0.035969302,-0.042840235,-0.039651677,-0.03253612,-0.019153938,-0.0041982494,0.0058519086,0.012870695
0.2721375,0.25824922,0.2295171,0.20931318,0.18138906,0.16814733,0.14745916,0.13025726,0.11762657,0.10056792,0.09487044,0.09163572
-0.061987873,-0.065733396,-0.064130016,-0.07133127,-0.07196593,-0.07005627,-0.056049846,-0.048548438,-0.035755675,-0.022903293,-0.013097059,-0.0061389543
0.14448911,0.1443487,0.12436655,0.09981328,0.08909261,0.08216076,0.07219902,0.0682904,0.072748035,0.078982174,0.08501688,0.08597155
-0.16311769,-0.19739817,-0.19465196,-0.16884214,-0.15098497,-0.13847302,-0.124893114,-0.10528175,-0.09364222,-0.08223175,-0.07714339,-0.07501527
-0.04125904,-0.009091191,0.03794141,0.029418662,0.036727257,0.027107581,0.040707678,0.019153487,0.014269363,0.0022733286,-0.0057709366,-0.007119395
0.06722523,0.028746769,0.011785418,0.005847223,-0.0001815036,-0.003640376,-0.01140824,-0.006956637,-0.0077187642,-0.0064450987,-0.0054688193,-0.0020636916
0.076745264,0.13608344,0.15913837,0.19861257,0.21438247,0.20822543,0.17420608,0.1408704,0.09847218,0.055354808,0.021796875,0.003771305
0.08803194,0.07690879,0.05761358,0.045181505,0.03360553,0.03027632,0.021361478,0.022339195,0.025464222,0.030371685,0.03351706,0.03615468
0.22681372,0.21371758,0.20174922,0.17654136,0.1721416,0.16351739,0.14655624,0.13134542,0.120123155,0.10748347,0.100554876,0.093522996
0.3017638,0.3551671,0.3158276,0.28860724,0.25745362,0.23402815,0.19839902,0.17076175,0.16469672,0.15438418,0.15098147,0.14936662
0.3750463,0.2849283,0.17924947,0.12739983,0.072206914,0.06140372,0.03645301,0.060727447,0.10263744,0.14492425,0.1815571,0.20052436
0.17799675,0.15796185,0.15493497,0.13406155,0.12103613,0.0986503,0.09281304,0.082091995,0.079387575,0.07624203,0.07724771,0.07581421
0.086944975,0.08148832,0.07463524,0.077100545,0.06993844,0.067990646,0.056083433,0.050533645,0.03820462,0.026989918,0.0206949,0.016978607
-0.30194652,-0.27239484,-0.23390508,-0.20473896,-0.17482264,-0.14895822,-0.1228417,-0.11348857,-0.10853365,-0.10641591,-0.10955916,-0.11044498
-0.2317771,-0.214017,-0.20384064,-0.17733335,-0.15629795,-0.12591654,-0.11049163,-0.09513221,-0.08991554,-0.08792183,-0.08967197,-0.091410205
0.033842266,0.041285478,0.038073562,0.03169132,0.03138248,0.041198462,0.03490536,0.031278353,0.020576067,0.014516838,0.0067558326,0.0062531903
-0.03264744,0.0024110079,-0.06387223,0.0030095726,-0.03461507,-0.020187661,-0.045066677,-0.0239412,-0.0040834993,0.014182232,0.023545265,0.030137416
-0.035202377,-0.027234204,-0.014434926,-0.0125347115,-0.005255822,-0.0049916357,-0.0011561513,-0.0035239216,-0.0028291363,-0.004386438,-0.005856214,-0.007244533
-0.10263455,-0.08540922,-0.06257244,-0.058822043,-0.048323713,-0.047773235,-0.035906464,-0.038775742,-0.036949776,-0.036333524,-0.03648049,-0.03598102
-0.21253833,-0.2528294,-0.22975187,-0.21612126,-0.19587967,-0.18512905,-0.15773824,-0.13681209,-0.1228941,-0.11150267,-0.10421695,-0.099870995
0.13589226,0.1475705,0.13598406,0.12043076,0.11213224,0.104074314,0.08946294,0.07691882,0.067747846,0.059782155,0.055174112,0.053238966
0.7315271,0.7031847,0.6441353,0.5436585,0.4905316,0.44915444,0.40475497,0.36118525,0.3481246,0.32711864,0.33017677,0.327381
0.06445344,0.049815163,0.045279667,0.029221185,0.040180426,0.042806733,0.04379849,0.037132554,0.032740936,0.025766373,0.023197893,0.020400252
-0.02694958,-0.02614487,-0.02029096,-0.019549344,-0.015189871,-0.01903466,-0.014849927,-0.014990721,-0.008978508,-0.004663799,-0.0015252829,-5.8244914e-05
1.2484033,1.3237652,1.3669904,1.079322,0.95072776,0.81689286,0.74773216,0.6202486,0.5925249,0.57818955,0.57471514,0.5756264
-0.15943392,-0.20090632,-0.20173152,-0.1994329,-0.17915414,-0.16560873,-0.14164773,-0.120581746,-0.105107814,-0.089533426,-0.07733249,-0.0713348
0.30057225,0.3048173,0.32259488,0.29453987,0.28714377,0.26549757,0.24384435,0.19884297,0.15593222,0.1111094,0.088404946,0.07647987
0.16765447,0.1895303,0.1832974,0.1809294,0.1685528,0.15761104,0.13171616,0.11335774,0.09335677,0.077052996,0.0645411,0.059646968
-0.05931944,-0.05356173,-0.049157977,-0.055872478,-0.047553714,-0.034227815,-0.022356503,-0.020298358,-0.020543985,-0.02207512,-0.01997356,-0.0200882
0.3536943,0.28651634,0.20616275,0.22594196,0.18144396,0.1433046,0.08626616,0.071707696,0.059422195,0.043622285,0.040199466,0.04800389
0.37396502,0.31448483,0.28426832,0.24464685,0.21793318,0.18912162,0.16195655,0.14942807,0.13551253,0.12951598,0.12842986,0.12874591
0.21268561,0.20716336,0.17655042,0.14711963,0.1316997,0.1272949,0.10589856,0.095193334,0.08606708,0.0742343,0.06979559,0.06474234
-0.13077906,-0.109053895,-0.060698703,-0.047978565,-0.033736333,-0.038158223,-0.024546057,-0.030910037,-0.03596005,-0.041361324,-0.04887111,-0.05145607
-0.07884559,-0.07923352,-0.079135075,-0.07220739,-0.06599477,-0.055633467,-0.04852955,-0.04144484,-0.03675674,-0.034345813,-0.03293202,-0.03383688
-0.3438328,-0.32923985,-0.29948074,-0.2624245,-0.22535963,-0.1944226,-0.16355395,-0.14312261,-0.1260193,-0.11263647,-0.10947736,-0.1118713
-0.17558025,-0.19648117,-0.20826581,-0.16878569,-0.15745254,-0.13291235,-0.1311475,-0.10739165,-0.10577968,-0.0988343,-0.09864704,-0.09512506
0.0049428586,0.011214577,0.00077374466,0.010745456,0.010511144,0.016587727,0.009127076,0.009736283,-0.0007265075,-0.008784501,-0.013808725,-0.015962487
0.6140364,0.63980305,0.57856464,0.5169584,0.4659777,0.42679617,0.3562246,0.31950957,0.29954845,0.2896866,0.28107065,0.27120766
0.019751526,0.047089368,0.054618303,0.042456694,0.038953185,0.03624834,0.027844425,0.023626823,0.019702215,0.019791715,0.016961982,0.015604563
-0.2695886,-0.27428135,-0.27591056,-0.2041628,-0.18551604,-0.16351908,-0.16530864,-0.14321575,-0.13933802,-0.1369538,-0.14262684,-0.14249188
-0.07099979,-0.07709743,-0.0873834,-0.07776131,-0.08936946,-0.07953194,-0.07649342,-0.06549687,-0.062936865,-0.05868361,-0.056094903,-0.04926203
0.15857936,0.14276746,0.12233585,0.10287608,0.09094564,0.08090794,0.06863108,0.0620215,0.056208864,0.049204707,0.04851128,0.04673734
0.0625149,0.0629309,0.0677848,0.058650084,0.060891233,0.06011364,0.06088434,0.053887464,0.05122055,0.046199445,0.043895062,0.039919183
-1.3585429,-1.334477,-1.3250984,-1.1477265,-1.0512624,-0.90656555,-0.82509595,-0.7099304,-0.6512716,-0.5939627,-0.57661426,-0.56200826
-0.03139483,-0.002611246,0.021708995,0.023648039,0.02424059,0.022407614,0.026724584,0.019402333,0.010996189,0.004625324,-0.00077991374,-0.0042145923
0.0924015,0.08862455,0.057450548,0.041442975,0.026601776,0.021551393,0.015613303,0.016323864,0.02972754,0.04268322,0.053546928,0.059238292
-0.11352048,-0.10867781,-0.11813229,-0.11093142,-0.1080018,-0.09371117,-0.08887961,-0.07286799,-0.060378127,-0.046585925,-0.039580658,-0.03765703
0.1924763,0.21525855,0.21206412,0.17948785,0.15926015,0.14091544,0.13610807,0.11994562,0.12012933,0.12204316,0.12759803,0.12526788
0.13270913,0.12422374,0.1246101,0.10068117,0.09566217,0.08503322,0.081560194,0.0696558,0.06545086,0.059599638,0.058822345,0.056275688
-0.08626261,-0.11257862,-0.13303606,-0.13031566,-0.13068438,-0.12296663,-0.115670584,-0.09645978,-0.07800488,-0.060330354,-0.049149714,-0.04283089
0.11664217,-0.03686948,-0.1551662,-0.15448488,-0.1797706,-0.17644437,-0.19141395,-0.13713473,-0.09254408,-0.043583646,-0.0051139966,0.015605159
-0.06784565,-0.081741646,-0.06419693,-0.0657025,-0.05453787,-0.053109705,-0.03853742,-0.033247475,-0.030255113,-0.026913952,-0.023318943,-0.023556909
0.10470663,0.1355522,0.1480432,0.12076612,0.105980575,0.09050201,0.080774546,0.06660795,0.058623496,0.053939775,0.04996756,0.04862098
0.05783006,0.04689414,0.014062345,0.0053917393,-0.00024826825,0.001550883,-0.007371597,-0.0005493164,0.008088175,0.016923979,0.02411534,0.027426764
0.11484594,0.127404,0.12451424,0.11600138,0.10362999,0.09310277,0.07867257,0.070818916,0.06406176,0.06165983,0.05818489,0.055625007
-0.012038801,-0.014183529,-0.013269084,-0.002202442,-0.0038020406,-0.0014003292,-0.0037693377,-0.0027309614,-0.0036793996,-0.006414043,-0.008655343,-0.010615926
-0.21626419,-0.24826187,-0.2457521,-0.2204849,-0.19807118,-0.1801674,-0.16112268,-0.14054173,-0.12732857,-0.11659154,-0.109164864,-0.10371293
0.12128328,0.11049946,0.10472121,0.097343884,0.10043642,0.096361674,0.08295627,0.074160144,0.057506002,0.044427224,0.03653545,0.028734699
0.31232262,0.2885682,0.2550481,0.21593021,0.19507003,0.17443132,0.1494105,0.13328433,0.12010807,0.107455805,0.1037995,0.100306146
0.14578953,0.14289922,0.17144719,0.1563347,0.16540493,0.14741227,0.1463171,0.117668174,0.08767728,0.05383607,0.03610968,0.022742078
-0.17803375,-0.15311545,-0.11750074,-0.07760626,-0.06087315,-0.05062209,-0.042257696,-0.042141266,-0.053190663,-0.06587409,-0.07966685,-0.086512536
0.09832605,0.031975947,-0.032576114,-0.02218172,-0.029981628,-0.021490961,-0.03316103,-0.011609048,-0.005194232,0.007887684,0.01980298,0.024823517
0.0060830005,-0.036658257,-0.05775848,-0.045770567,-0.043615133,-0.032029916,-0.03254697,-0.016968545,-0.016252074,-0.017542612,-0.015442319,-0.017146785
0.1976658,0.22694217,0.19954719,0.17391792,0.14056304,0.12712613,0.10448605,0.09300721,0.08925495,0.08414868,0.082763225,0.08184406
0.110223,0.118518874,0.11162965,0.085257046,0.076505035,0.06551371,0.06348478,0.055957913,0.058695916,0.06279551,0.069184646,0.0716503
0.029435528,0.0174313,0.0039684027,-0.010497779,-0.013681732,-0.01334174,-0.011604913,-0.004529372,0.0074195117,0.020187331,0.029159911,0.030465141
-0.1270137,-0.1457365,-0.14607163,-0.13961667,-0.13374269,-0.12370232,-0.10732885,-0.09027601,-0.07629305,-0.063165694,-0.054694284,-0.050172824
0.12674639,0.15934032,0.13565859,0.10167253,0.0826094,0.07460171,0.0596495,0.056538235,0.068308815,0.08655515,0.09844575,0.10525492
0.14346153,0.11584163,0.08042027,0.050524488,0.030225933,0.018685848,0.0088775605,0.0118082315,0.02412396,0.03892984,0.051535442,0.06060433
-0.12413733,-0.12824479,-0.09472419,-0.09724825,-0.08089908,-0.077344544,-0.05621332,-0.05367397,-0.051824667,-0.051747464,-0.0526615,-0.05420483
-0.22015975,-0.24277328,-0.2518236,-0.21436915,-0.20428327,-0.17885336,-0.16430186,-0.138138,-0.12137449,-0.110147975,-0.10516411,-0.10354362
0.54255533,0.55396277,0.5162995,0.47520965,0.4328643,0.39141902,0.3380127,0.2963354,0.26969337,0.24308345,0.23105946,0.22294798
0.1273608,0.124112025,0.09040676,0.0757378,0.06547285,0.070166565,0.05482246,0.05664692,0.058708906,0.06027529,0.062751114,0.06078994
0.19551834,0.15581682,0.09707929,0.08277768,0.06783256,0.059997834,0.029792428,0.031225376,0.0294924,0.031428732,0.036359116,0.043650508
-0.47641912,-0.46301922,-0.4181622,-0.36363953,-0.33055842,-0.2953323,-0.25120565,-0.22594377,-0.20966573,-0.20041966,-0.19899464,-0.1960164
-0.19044644,-0.121085554,-0.08014512,-0.06061183,-0.043667108,-0.034121186,-0.02048628,-0.028992712,-0.032361045,-0.03856864,-0.04725612,-0.051164612
0.46629816,0.47031087,0.4393908,0.34353158,0.30610043,0.27243263,0.2513488,0.22345436,0.2246855,0.22519839,0.23420537,0.23592424
-0.35145688,-0.35328177,-0.30926827,-0.31183934,-0.26966092,-0.25891596,-0.20521155,-0.18645051,-0.15182596,-0.122877195,-0.10141772,-0.09152396
0.2171861,0.17612115,0.12378025,0.09182906,0.055342868,0.033663362,0.019391969,0.022577032,0.042847306,0.06652249,0.08607831,0.10176499
-0.21491173,-0.27264583,-0.27457875,-0.26134974,-0.24136429,-0.21865268,-0.19375409,-0.1677648,-0.15434518,-0.14290258,-0.13479276,-0.12704785
0.07647379,0.031315774,0.005280629,0.0012045875,-0.0016123876,-0.0035042092,-0.0107122585,-0.007981081,-0.008743744,-0.010092568,-0.007424619,-0.0048315004
0.58405346,0.5618341,0.5284947,0.4372754,0.41522145,0.38499546,0.34402454,0.2998491,0.27088368,0.24537858,0.23446262,0.2249172
0.03132315,0.034660634,0.039226063,0.06315021,0.060882907,0.059361458,0.042735495,0.036765076,0.018774338,0.0010264702,-0.015312215,-0.023036502
0.16516735,0.16634369,0.16933566,0.15361503,0.14440908,0.13383223,0.12316648,0.103873044,0.07988614,0.059836,0.048243124,0.044316165
-0.05867086,-0.0745121,-0.102858156,-0.089869514,-0.08809953,-0.07706,-0.080127284,-0.06444554,-0.04843633,-0.034014143,-0.026017286,-0.02109985
-0.019581057,-0.039212797,-0.030253014,-0.030183993,-0.032129664,-0.029377855,-0.021299059,-0.017474305,-0.019212836,-0.018284803,-0.016902836,-0.014238919
0.010489501,0.2028428,0.31191462,0.24724439,0.27891693,0.25635213,0.248811,0.18168421,0.15052472,0.13938594,0.11718485,0.112810954
0.9692469,0.95736194,0.8989117,0.7799809,0.70842886,0.62855095,0.5483596,0.47835633,0.44910306,0.4121784,0.3918247,0.38039032
0.3142491,0.2474627,0.2117782,0.16577545,0.14144975,0.11449291,0.11033219,0.105865315,0.114314586,0.122111574,0.13887729,0.14079021
-0.049064413,-0.03508876,-0.022575378,0.0019712,0.006285988,0.009616084,0.004404731,0.0041236244,-0.0048865527,-0.010345647,-0.017915884,-0.021785041
0.031151421,0.04288102,0.030686889,0.03493996,0.025478195,0.019992268,0.0069950605,0.007750988,0.009836673,0.014872759,0.015628573,0.017651567
0.053985324,0.05702254,0.043790862,0.020802945,0.011001613,0.00699256,0.0041881464,0.0026519,0.006526023,0.01203077,0.018388439,0.023587825
0.34406883,0.2852564,0.2635706,0.23420441,0.17837751,0.15325029,0.12948072,0.11716512,0.10023628,0.08115135,0.07723518,0.079159275
0.071731955,0.05239612,0.038869143,0.029229335,0.016416967,0.0057138354,0.0033497103,0.0054529607,0.009037241,0.017521285,0.0255047,0.032870132
0.1399976,0.09274958,0.066261634,0.045873255,0.03643784,0.028794102,0.017956734,0.019188046,0.019840322,0.02143526,0.026219532,0.03053986
0.047122553,0.056254026,0.055064246,0.0481828,0.04211233,0.0382405,0.030078538,0.025150528,0.021236114,0.019880593,0.017168032,0.016952146
-0.23838586,-0.25584894,-0.26433888,-0.22233954,-0.20559458,-0.1804544,-0.17170799,-0.14326584,-0.13162932,-0.11999422,-0.11617315,-0.11285688
-0.12758172,-0.13129255,-0.10328257,-0.075959824,-0.05818554,-0.054581866,-0.044820406,-0.043920062,-0.050013136,-0.05715603,-0.06493203,-0.069942445
-0.011349967,0.02072167,0.0449075,0.045373883,0.053764448,0.052213196,0.049530543,0.034434285,0.018123005,0.0023676176,-0.009909054,-0.014415745
-0.31370693,-0.31821138,-0.24648196,-0.20955577,-0.18549539,-0.18114823,-0.14463538,-0.13585638,-0.13439538,-0.1390994,-0.14642732,-0.14803943
-0.33344498,-0.36769208,-0.36006474,-0.32533187,-0.29937047,-0.26927122,-0.23609744,-0.20224725,-0.18147585,-0.16688174,-0.15824756,-0.1543147
0.24730164,0.25092065,0.21911366,0.1786056,0.15765326,0.13949451,0.12323414,0.10501635,0.10154728,0.09635457,0.09974782,0.104083255
-0.17860116,-0.043274462,-0.0805393,-0.06955163,-0.066529036,-0.022061184,-0.055955023,-0.057774335,-0.06534055,-0.056746215,-0.06347419,-0.053852722
0.46960008,0.48332304,0.43434262,0.4189791,0.35870898,0.32363772,0.26922667,0.24095415,0.21508259,0.1894205,0.1761752,0.16747753
-0.062969156,-0.045382615,-0.03958297,-0.04515112,-0.03877315,-0.027884983,-0.019188203,-0.017073698,-0.012741318,-0.008995432,-0.006731428,-0.00741715
0.14826977,0.14975753,0.1337358,0.11942528,0.10552013,0.09937021,0.08282742,0.068039365,0.05821976,0.04355155,0.033914983,0.031496532
0.16680506,0.12781909,0.109673634,0.095135644,0.07548387,0.059416875,0.04546243,0.043123014,0.046331987,0.051880307,0.05571103,0.061000045
0.080716014,0.04429131,0.042958997,0.037183233,0.023827374,0.004351154,-0.004046075,-0.0029800162,-0.0022090077,0.0020372793,0.0035226233,0.008190867
-0.014214609,-0.0122123975,0.006063511,0.0057049934,0.008850789,0.010458525,0.01535581,0.009253609,0.00010763481,-0.01010487,-0.016616842,-0.019128416
-0.31343102,-0.31020972,-0.2536542,-0.2267817,-0.21310161,-0.21160729,-0.16979058,-0.1533581,-0.13075691,-0.10859124,-0.0974738,-0.09115981
-0.1316236,-0.14875227,-0.15069973,-0.13012081,-0.11410506,-0.09671669,-0.08549903,-0.07433984,-0.069938116,-0.07134663,-0.073210046,-0.073321015
-0.2899145,-0.30106273,-0.27553847,-0.25642663,-0.2435107,-0.23190942,-0.19279677,-0.17178088,-0.14756736,-0.12717855,-0.11350463,-0.102199435
-0.7719254,-0.76586896,-0.6803673,-0.5930215,-0.5378259,-0.48331,-0.408685,-0.36804432,-0.3511268,-0.3408356,-0.3433853,-0.33997202
-0.25041643,-0.27914694,-0.2925157,-0.25959617,-0.23955342,-0.20927957,-0.18863705,-0.16016912,-0.1422758,-0.1295123,-0.12102028,-0.11738014
0.23311257,0.19373357,0.15406318,0.12192868,0.10698727,0.09687342,0.0808945,0.08047488,0.081901684,0.08369383,0.09026199,0.090201624
-0.3051117,-0.35196906,-0.37503713,-0.34021187,-0.32313287,-0.27756095,-0.25384533,-0.21179494,-0.1884749,-0.17228197,-0.16439746,-0.15956496
-0.066735886,-0.07231416,-0.07471088,-0.07121435,-0.07196626,-0.069356084,-0.06224561,-0.051905364,-0.040753476,-0.02849224,-0.020285003,-0.015835484
0.041244112,0.042099003,0.03058029,0.021069422,0.004140839,-0.0036688708,-0.004906576,-0.0024165586,0.008135334,0.016799066,0.02340844,0.027520768
0.19350013,0.21158397,0.2013387,0.17394388,0.14960605,0.12769395,0.10543297,0.094679214,0.08701557,0.086219385,0.08633103,0.08557035
0.10376882,0.11620715,0.118177116,0.09958713,0.09019928,0.07619892,0.06577261,0.05359883,0.049563166,0.04793316,0.045884084,0.04709511
-0.03315202,-0.010430627,0.005698845,0.006928608,0.014632683,0.01564373,0.014303587,0.0074943565,-0.0002702996,-0.005471807,-0.011106577,-0.0123119205
0.043596663,0.037535407,0.014791407,0.02462174,0.015865691,0.018381849,0.008460589,0.006208524,-0.0011105202,-0.009867843,-0.014813244,-0.014054738
0.3376247,0.3290795,0.29588667,0.24772298,0.21432288,0.1849984,0.15841775,0.14075384,0.13413534,0.13368213,0.13795494,0.13990211
0.057444394,0.10283962,0.13079314,0.13191956,0.13102633,0.11665805,0.103617415,0.08296509,0.063316196,0.048596542,0.03569641,0.029667314
-0.16037351,-0.13474394,-0.11680198,-0.103346,-0.08617775,-0.071735464,-0.059702933,-0.05755809,-0.05995916,-0.063055485,-0.06670527,-0.06710449
0.13742991,0.1593017,0.15234095,0.1323243,0.11753909,0.10902999,0.092737064,0.07918028,0.0684972,0.06133661,0.056355324,0.055093966
0.09707891,0.08316303,0.050286934,0.031119213,0.015337989,0.022620268,0.012587249,0.018554017,0.025307149,0.032508083,0.037890024,0.040439032
-0.06358206,-0.07638788,-0.07867565,-0.07227943,-0.06614839,-0.05891544,-0.049623463,-0.04413931,-0.03969325,-0.037584957,-0.035029504,-0.033633873
-0.22658266,-0.30414838,-0.29601133,-0.2773602,-0.25014675,-0.22427432,-0.18823372,-0.15964271,-0.15056795,-0.14423217,-0.13683245,-0.13224407
-0.1017502,-0.08774635,-0.08507253,-0.07351467,-0.069727734,-0.061172836,-0.052490424,-0.046778526,-0.040355172,-0.037248284,-0.03473861,-0.033529416
