0.26590678,0.21443358,0.18506363,0.17189325,0.14729445,0.13392927,0.15400338,0.15860818,0.10765454,0.19681148,0.23708624,0.25756198
-0.29518384,-0.2602432,-0.23019522,-0.2112516,-0.18926549,-0.1775675,-0.17488496,-0.17574535,-0.19167057,-0.20130312,-0.20943135,-0.22551039
-0.32861945,-0.3198756,-0.31274286,-0.30455816,-0.2941074,-0.29551318,-0.30234283,-0.28837863,-0.27102736,-0.28877288,-0.2837085,-0.29636374
0.007719893,-0.007901423,-0.035235554,-0.0366437,-0.054127127,-0.05928009,-0.07004846,-0.048866093,-0.05693673,-0.057741385,-0.06451108,-0.07867351
-0.14607018,-0.19877942,-0.23283279,-0.2639589,-0.2845708,-0.28849983,-0.27621627,-0.2574763,-0.19104414,-0.15278432,-0.08997121,-0.01306276
-0.10393218,-0.10751501,-0.11075159,-0.12278185,-0.13987637,-0.12328879,-0.11556082,-0.11718178,-0.13348243,-0.10885058,-0.10512865,-0.08030288
-0.0077756275,0.0031201225,0.012758476,0.025857639,0.021012168,0.010304265,0.046754915,0.040616263,0.024475072,0.028723678,0.033089917,0.04208569
-0.028283123,-0.03087248,-0.03455074,-0.03536431,-0.038808472,-0.03917075,-0.038099032,-0.02165389,-0.03064497,-0.02953375,-0.03252587,-0.025723854
-0.06384674,-0.056835968,-0.04611874,-0.036148943,-0.021907432,-0.015794443,-0.03332598,-0.0232521,-0.03757799,-0.038440466,-0.045473553,-0.07798241
0.22822958,0.26491773,0.28819248,0.31276926,0.32199192,0.30674994,0.3345475,0.31954753,0.28864545,0.2723076,0.2502035,0.22798282
-0.5301512,-0.5561284,-0.5648854,-0.5710361,-0.5686031,-0.57307535,-0.5474727,-0.5199207,-0.4810474,-0.44820702,-0.3891105,-0.3534817
0.4163852,0.38067806,0.35934222,0.3504381,0.32947025,0.3230334,0.3313144,0.3370853,0.36119646,0.40042213,0.45363712,0.48867646
-0.40609968,-0.4540127,-0.48036045,-0.5032388,-0.5164026,-0.5131198,-0.5010266,-0.47508475,-0.42948443,-0.3783538,-0.31710714,-0.25422695
0.44293737,0.49114448,0.52553314,0.550957,0.55712724,0.5649233,0.5656113,0.53800315,0.478787,0.45375952,0.41108716,0.3748687
-0.012975313,0.007925589,0.02167597,0.03330708,0.04635628,0.05378879,0.041399315,0.034739845,0.034265157,0.021070069,0.0065539293,-0.01846134
-0.39283276,-0.40934712,-0.4177905,-0.4238341,-0.42348397,-0.42059034,-0.41665208,-0.4005264,-0.38150072,-0.36684287,-0.34203467,-0.32581067
-0.18540166,-0.105884075,-0.05108738,0.0069679916,0.03559403,0.047697037,0.038876534,0.015185699,-0.0406539,-0.099319756,-0.17745014,-0.2622552
0.15180078,0.14625059,0.12829097,0.12145619,0.11823263,0.114619754,0.10550332,0.100955874,0.10967013,0.10238433,0.08596633,0.08741631
0.35306597,0.39834496,0.42643732,0.47202384,0.47129607,0.46366453,0.4664113,0.4402505,0.3829866,0.3528358,0.29624763,0.2279537
0.4593988,0.38582113,0.3039847,0.24167407,0.20692232,0.18570349,0.18160126,0.19540426,0.259048,0.28107917,0.33827856,0.39691502
0.4460622,0.620419,0.7459528,0.84261835,0.9081001,0.9230599,0.91099304,0.8400746,0.7141894,0.60138,0.44222358,0.27865902
-0.009102561,-0.05240062,-0.08379037,-0.108427055,-0.12178854,-0.12569964,-0.12498005,-0.10239054,-0.06413086,-0.026894659,0.022203052,0.060876578
0.26799688,0.27972662,0.26743332,0.27127022,0.27828556,0.26838923,0.2737118,0.27039376,0.2448553,0.2271446,0.2146181,0.19697191
-0.5214968,-0.5180956,-0.50325435,-0.4953196,-0.49318367,-0.4821923,-0.46776325,-0.4554663,-0.4542691,-0.4523258,-0.43455997,-0.42156094
0.12977815,0.11450401,0.098806076,0.07741029,0.065450236,0.06547193,0.07452509,0.0808133,0.06889734,0.08715472,0.09224197,0.12227029
-0.48123702,-0.4939589,-0.498956,-0.5070914,-0.50316924,-0.5083356,-0.49154848,-0.46696568,-0.43941414,-0.43673202,-0.3990584,-0.3736603
0.6172482,0.63184434,0.6419767,0.6406345,0.65392816,0.64736104,0.65823853,0.6483227,0.63194114,0.64790505,0.66102076,0.65804154
-0.23459977,-0.2551335,-0.26692945,-0.27671808,-0.27503538,-0.27816576,-0.27524883,-0.25531954,-0.22251126,-0.21452308,-0.18415365,-0.1660578
0.15928417,0.13550422,0.103607155,0.07801177,0.083409585,0.072963,0.081274055,0.09394605,0.10071107,0.11556944,0.13941164,0.16341725
-0.056800954,-0.04439411,-0.030171797,-0.017696291,0.0012047589,-0.0031242147,-0.010341443,-0.013781503,-0.013591699,-0.025949568,-0.03247958,-0.057083588
0.08222202,0.07286488,0.07405051,0.070787065,0.06753595,0.06679186,0.06694734,0.06512912,0.07289284,0.079707414,0.083535686,0.09293897
0.16755389,0.14625764,0.12763184,0.11970241,0.10494655,0.09616041,0.102082714,0.10348683,0.105724506,0.12096545,0.1387467,0.15033387
-0.087384395,-0.15850176,-0.20491716,-0.23290983,-0.25356328,-0.26176894,-0.26557234,-0.23815498,-0.1870813,-0.14322108,-0.096975006,-0.039267
0.2605825,0.30105737,0.3341198,0.34422114,0.3682652,0.36922505,0.3636516,0.34840068,0.34020346,0.31850612,0.28286672,0.25523558
0.019081324,-0.025234371,-0.062268205,-0.093082614,-0.11200905,-0.12324099,-0.10720927,-0.07998694,-0.046671376,-0.006894864,0.049142815,0.0963693
0.11308489,0.10553743,0.09174955,0.08252605,0.078020886,0.07459604,0.07538454,0.074003525,0.0711992,0.074298635,0.080492646,0.0842598
-0.1688568,-0.17500316,-0.20084572,-0.21999656,-0.2343909,-0.23718445,-0.22096816,-0.22245018,-0.21395038,-0.220229,-0.22368614,-0.1882385
0.6208878,0.5713852,0.52034926,0.48966485,0.4766932,0.47617263,0.4777398,0.48165435,0.47318956,0.51709336,0.5438872,0.5852165
0.1342021,0.12212488,0.11411708,0.101977706,0.10509068,0.102568924,0.11052947,0.11134598,0.118560016,0.13441765,0.1533698,0.17400698
0.0021252856,-0.024360705,-0.042806387,-0.05696637,-0.07165198,-0.0718255,-0.07946737,-0.060456827,-0.03638715,-0.02393777,0.0017148405,0.018651657
0.008908469,0.05024456,0.063132554,0.07836335,0.08605622,0.07159287,0.093358874,0.073942766,0.0503219,-0.006143991,-0.04862046,-0.070524886
0.18192747,0.19776441,0.20631446,0.2087497,0.2118306,0.21339215,0.21264607,0.20628335,0.19859384,0.18975887,0.17941844,0.17057942
-0.9241682,-0.9285068,-0.92405903,-0.90355283,-0.90192485,-0.9008212,-0.8766108,-0.85038453,-0.82059157,-0.81869227,-0.78691024,-0.77438885
0.25963974,0.1854943,0.12430219,0.056128383,0.03436877,0.032458976,0.04387805,0.08001906,0.11366217,0.17252687,0.23248564,0.33014926
0.1449525,0.08185977,0.036859512,0.0031979382,-0.040060535,-0.031019002,-0.032081395,-0.03377916,3.4853816e-05,0.042877108,0.08861579,0.15814574
0.28937656,0.23424059,0.18899024,0.15634978,0.113799095,0.11134526,0.11884314,0.15930161,0.19047864,0.24687827,0.30432913,0.37890035
0.23800197,0.2581498,0.26935986,0.2887703,0.28930002,0.2905947,0.2857223,0.2679391,0.24359584,0.23235461,0.20444709,0.17167221
-0.61114895,-0.6523788,-0.66579276,-0.6849238,-0.7100158,-0.7067038,-0.7093624,-0.67902327,-0.65695083,-0.63891065,-0.6169662,-0.59711474
0.14295898,0.12682879,0.11046437,0.10862932,0.09174952,0.08519079,0.09648326,0.09402518,0.08833908,0.104438506,0.10877126,0.116169095
-0.4459342,-0.48108125,-0.49958354,-0.5146563,-0.5204676,-0.51389176,-0.5171924,-0.5022899,-0.45098057,-0.4309488,-0.3866355,-0.34563276
-0.045818254,-0.09188212,-0.12360883,-0.14567938,-0.16892567,-0.17160116,-0.16750577,-0.14962317,-0.11989576,-0.0835241,-0.0394887,0.007525483
-0.40413952,-0.41917133,-0.4259838,-0.43250945,-0.4353863,-0.42971602,-0.41994926,-0.41495034,-0.395353,-0.38522035,-0.36280167,-0.3338706
-0.5499105,-0.5431288,-0.5304646,-0.5201484,-0.50134367,-0.5006447,-0.50233644,-0.48420328,-0.4618456,-0.47175157,-0.45604342,-0.47141498
0.004552597,0.0030737687,0.0040348694,0.0034182742,-0.0030671,-0.0064151203,-0.0025741942,-0.0024525132,0.0016295426,0.0020921687,0.010685697,0.006318487
0.066280216,0.057511706,0.051409654,0.046388455,0.04178755,0.044808663,0.039952606,0.046820145,0.051731296,0.06145989,0.069518924,0.074205376
-0.089120306,-0.12224366,-0.14251016,-0.17581435,-0.1852989,-0.18673608,-0.19347101,-0.17697483,-0.13535583,-0.11564519,-0.09107547,-0.043445967
0.0019379929,-0.06032566,-0.105534755,-0.14649837,-0.17360973,-0.17645516,-0.17086698,-0.14994133,-0.10592335,-0.057837874,-0.0016253442,0.06958052
-0.04791429,-0.060381006,-0.065173596,-0.074995324,-0.0828048,-0.0745857,-0.07375055,-0.08093715,-0.06898017,-0.05256439,-0.052105173,-0.020952053
-0.22940943,-0.29014778,-0.32848358,-0.35926193,-0.38922593,-0.38915104,-0.3898577,-0.35881537,-0.31356764,-0.27296352,-0.2228632,-0.16430998
-1.516595,-1.4930433,-1.4474614,-1.4169213,-1.3818603,-1.3742938,-1.3567674,-1.3492044,-1.3366455,-1.3601854,-1.3673396,-1.3943834
0.09429041,0.117817864,0.13534649,0.1382114,0.13998297,0.14719278,0.16151273,0.14675036,0.123113245,0.12047185,0.10229648,0.10308008
-0.0055498257,-0.012435108,-0.0053377002,-0.018118843,-0.0074277967,-0.0031416118,-0.0073626935,-0.004677847,0.029810965,0.045985255,0.063027985,0.0863677
0.08341572,0.08411917,0.08484641,0.07626416,0.07778014,0.08346372,0.08075645,0.081789605,0.08863414,0.08766996,0.08573275,0.100758314
-0.08213041,-0.07635781,-0.06680886,-0.056481156,-0.050454784,-0.04998459,-0.05783844,-0.059606194,-0.06458448,-0.073005624,-0.08441673,-0.10267619
0.33271405,0.37878186,0.39973584,0.42061892,0.43810776,0.43289933,0.42952695,0.4038729,0.35821724,0.3196501,0.26041612,0.20759605
-0.59389454,-0.60002494,-0.5935294,-0.59115064,-0.597207,-0.587729,-0.5644751,-0.5448515,-0.52478236,-0.5114162,-0.4849875,-0.4465286
-0.30487707,-0.26535928,-0.24794053,-0.22409001,-0.2483167,-0.24321091,-0.2312939,-0.2235064,-0.25707564,-0.29981595,-0.35709676,-0.38149476
0.03945088,0.08328821,0.107444845,0.12966335,0.14404233,0.15092278,0.14278603,0.119466946,0.08492997,0.048459366,0.0040292246,-0.042196926
0.31451285,0.29613316,0.25401163,0.24558441,0.2537679,0.23063007,0.24550304,0.24524812,0.22267415,0.23608059,0.24191245,0.22631672
0.6045715,0.63517314,0.6417359,0.64277416,0.6506802,0.6485911,0.6388535,0.629088,0.602156,0.5968387,0.58005774,0.5621505
-0.09730275,-0.13456401,-0.16554406,-0.18780127,-0.19666448,-0.19624147,-0.19494635,-0.1976631,-0.17118113,-0.15095389,-0.11996259,-0.07964052
0.11315292,0.0933778,0.105049744,0.09234014,0.09988842,0.094504565,0.089647986,0.07836833,0.099430844,0.078707695,0.10321491,0.10085936
0.037389662,0.0265695,0.011931643,0.007948726,-0.010977179,-0.011450082,-0.014821678,-0.004530564,-0.035511553,-0.043690316,-0.052388042,-0.06371762
0.16881445,0.1708721,0.16746995,0.1653997,0.15673347,0.1579243,0.1626168,0.16450222,0.15182868,0.15003227,0.1419743,0.14849418
0.080004945,0.072728604,0.061266728,0.051285956,0.05078261,0.053097386,0.043954354,0.0422736,0.046331815,0.05522,0.065464824,0.07050439
-0.58511907,-0.59084624,-0.58603716,-0.58895,-0.60108185,-0.59018654,-0.5673893,-0.5659315,-0.57509166,-0.56755877,-0.55653465,-0.5164771
-0.06731521,-0.039047353,-0.01957465,-0.008897245,0.0033062547,0.005103186,0.011972472,0.0019445419,-0.013180554,-0.037775047,-0.066669434,-0.08025375
0.19811988,0.12862183,0.076705515,0.03313878,0.0067588687,0.00200364,0.0006403029,0.028248057,0.07382357,0.12346656,0.18655944,0.25254738
-0.05267682,-0.026096825,-0.007658791,0.0051014908,0.01654933,0.02084446,0.016605917,0.011209335,-0.008371018,-0.02784683,-0.041820962,-0.07475703
-0.7040247,-0.6812424,-0.6562393,-0.6286609,-0.6148121,-0.62409943,-0.60221314,-0.598544,-0.5793483,-0.6102089,-0.6096123,-0.63300693
-0.12584297,-0.15404919,-0.17743094,-0.19276585,-0.20386621,-0.21058184,-0.20202965,-0.19329558,-0.16658358,-0.15119657,-0.122379504,-0.09532076
-1.0859978,-1.1054024,-1.1075357,-1.0678655,-1.0597557,-1.0639229,-1.0590066,-1.0380709,-0.9999821,-1.0051768,-0.98337156,-0.98834985
-0.16407606,-0.10983412,-0.06461874,-0.028345346,-0.006847948,-0.0020661056,0.0038137436,-0.009833679,-0.03839059,-0.06169875,-0.10018684,-0.14634866
0.10393377,0.09816401,0.09479491,0.100990385,0.090717986,0.08558792,0.09289898,0.08476622,0.067010716,0.07267588,0.0712936,0.069828264
-0.02153723,0.011825748,0.028908268,0.051030062,0.068169154,0.062438183,0.049540073,0.042451933,0.018115617,-0.014781427,-0.05698563,-0.12211623
0.29014564,0.2877427,0.28540584,0.2774044,0.28487858,0.28282973,0.2760058,0.26974285,0.28026283,0.28823066,0.28563854,0.29361424
-0.13400862,-0.13298087,-0.14122969,-0.14063433,-0.1326041,-0.14377841,-0.1375966,-0.12515612,-0.12802285,-0.14684093,-0.15313202,-0.15982768
-0.02573416,-0.052033164,-0.069313064,-0.08551277,-0.09532185,-0.09614575,-0.09585148,-0.0867943,-0.06909302,-0.05213753,-0.036870025,-0.013215496
0.21438053,0.19148806,0.16936535,0.15414092,0.15006042,0.1504709,0.14016742,0.13503629,0.14929596,0.17053518,0.19081078,0.21407887
0.06900118,0.039495222,0.018929813,0.004995182,-0.009944767,-0.0072561055,-0.008127116,-0.0060310066,0.0006210953,0.036523122,0.05309951,0.08053793
-0.32552943,-0.37503386,-0.40281612,-0.43032557,-0.43109706,-0.43362856,-0.4263516,-0.3870055,-0.3235128,-0.274652,-0.19913936,-0.13491715
-0.34913713,-0.3300367,-0.28986162,-0.26115814,-0.25032592,-0.24242854,-0.22352812,-0.22899294,-0.21542524,-0.20944497,-0.20432469,-0.19461173
0.2613932,0.27721158,0.28869748,0.30658117,0.3028421,0.29892763,0.2989244,0.28079772,0.24806507,0.2229742,0.19645333,0.16324677
0.4686396,0.64771736,0.76992583,0.8712522,0.93082565,0.9460292,0.9062534,0.8179305,0.70867866,0.5592888,0.36964032,0.1700741
-1.1179327,-1.1316851,-1.1352514,-1.1456635,-1.1420236,-1.1691289,-1.081621,-1.051847,-1.0366113,-1.0274116,-0.9637903,-0.8977704
-0.23240906,-0.25899127,-0.27689242,-0.28746033,-0.29501396,-0.29478303,-0.29470277,-0.2876855,-0.27017522,-0.25118977,-0.2258257,-0.20729694
-0.8196477,-0.7425122,-0.6736479,-0.6122519,-0.5734185,-0.56467855,-0.56016165,-0.5797307,-0.615135,-0.6767738,-0.7402812,-0.8207151
0.049371555,0.07037889,0.08425216,0.09534851,0.09770909,0.09532675,0.0942564,0.06365534,0.037505068,0.0069906013,-0.018271657,-0.04611674
0.18730985,0.14989147,0.12391234,0.09732525,0.07859814,0.07814686,0.073560655,0.07798862,0.09200875,0.11875592,0.14223288,0.17431833
-0.6012277,-0.56121117,-0.5272522,-0.49474502,-0.47930032,-0.47112188,-0.46452105,-0.46655422,-0.47500128,-0.50746095,-0.53130394,-0.56242836
-0.07255508,-0.113132924,-0.14173004,-0.1693478,-0.18460403,-0.17972526,-0.19001555,-0.17712294,-0.14537686,-0.11412313,-0.07562621,-0.041012965
0.0823308,0.07461192,0.068367906,0.05856049,0.0479329,0.042576622,0.0588467,0.05383414,0.04941229,0.06618036,0.06549575,0.080084324
0.14844963,0.14306837,0.14473331,0.15229061,0.15280631,0.14739808,0.14559636,0.13659814,0.13294196,0.15190147,0.15464512,0.13702047
0.10163936,0.01607737,-0.056527674,-0.11770782,-0.15168807,-0.15676835,-0.1536735,-0.10334569,-0.055062085,0.01981847,0.114630125,0.19779846
0.16559348,0.18897295,0.20730783,0.24599832,0.25280482,0.25577927,0.23917004,0.21943997,0.19561644,0.17714109,0.14730473,0.0972058
-0.22370121,-0.20030531,-0.17154887,-0.16218142,-0.14241873,-0.13311115,-0.12005521,-0.11647989,-0.12322256,-0.12330151,-0.11962156,-0.11271407
0.23512337,0.25130057,0.27252603,0.2742084,0.2771073,0.28419572,0.27650052,0.2547671,0.24707487,0.2421113,0.21212122,0.20275243
0.22786959,0.21043056,0.17904383,0.15677263,0.14712,0.1264707,0.13970898,0.15239722,0.16471094,0.15091476,0.16418107,0.1915406
0.05020663,0.008001663,-0.019773342,-0.044011988,-0.059151694,-0.06096973,-0.0525398,-0.04587037,-0.020850442,0.01015738,0.04582856,0.09601757
0.22708154,0.1307821,0.04647219,-0.01551047,-0.060626835,-0.061009794,-0.070171654,-0.039034992,0.025843173,0.10214341,0.20784563,0.30026725
0.036408447,-0.03264238,-0.069161,-0.09658578,-0.12907423,-0.12553054,-0.10820767,-0.0857176,-0.030054659,0.04018581,0.115460224,0.21793735
-0.2609867,-0.2675178,-0.26496983,-0.2561124,-0.2539741,-0.25530782,-0.24728587,-0.24264516,-0.22909112,-0.21662673,-0.2014189,-0.19443142
-0.11170487,-0.15378028,-0.17805493,-0.20380704,-0.21364096,-0.21859635,-0.19806868,-0.1701479,-0.13206966,-0.08317693,-0.022792548,0.04352702
0.08062992,0.060955163,0.05004193,0.036492556,0.036395684,0.036799997,0.054776303,0.08608097,0.07674204,0.113929234,0.1522507,0.18194741
-0.5254084,-0.4990838,-0.4740218,-0.4540413,-0.4529432,-0.4295332,-0.4527611,-0.46244854,-0.46910876,-0.51193285,-0.54654187,-0.59026337
0.12529388,0.103885055,0.092990786,0.075886585,0.057807036,0.06820986,0.061221786,0.058283158,0.07160004,0.09368096,0.11871679,0.1486708
0.037374973,0.005860463,-0.01761683,-0.040895157,-0.06223409,-0.058604866,-0.055908166,-0.03511253,-0.025765568,-0.00096714124,0.021104217,0.057159044
0.42209923,0.45060956,0.4624672,0.469632,0.48219007,0.4926355,0.4712448,0.44329065,0.422411,0.39211768,0.3395262,0.30900365
-0.12083757,-0.07375736,-0.06097863,-0.04021231,-0.020637989,-0.012887135,-0.022433586,-0.0048684627,-0.028882384,-0.06614313,-0.08880899,-0.12069947
0.09414365,0.06707955,0.04459653,0.022219345,0.018583871,0.015619896,0.015255198,0.027884021,0.04274694,0.0698269,0.09852085,0.12735821
-1.052774,-1.0774335,-1.0746113,-1.0660701,-1.0654242,-1.0629244,-1.033022,-1.0075934,-0.9641122,-0.94163144,-0.8895413,-0.8429967
0.74846995,0.7614074,0.7728002,0.7676988,0.7596617,0.745746,0.7464177,0.7079368,0.7088462,0.6954379,0.6555101,0.63544387
-1.0326277,-1.0697842,-1.0525945,-1.0624051,-1.095416,-1.0731341,-1.0412045,-1.0264741,-1.0446124,-1.017011,-0.97924614,-0.8811647
-0.575524,-0.5799155,-0.5885171,-0.5855941,-0.59365124,-0.5846957,-0.57527643,-0.56155497,-0.5574361,-0.5525625,-0.5471417,-0.5249307
-0.22161871,-0.19498004,-0.1705384,-0.1421895,-0.14153218,-0.13854045,-0.1286965,-0.14087428,-0.15684284,-0.17719129,-0.19070947,-0.21606542
0.2553321,0.29252958,0.31860924,0.33414644,0.3477164,0.34488332,0.3391813,0.33308554,0.30572623,0.27735162,0.23293509,0.19188268
0.16065806,0.20434368,0.22789675,0.24586019,0.25772697,0.253875,0.2658943,0.25644365,0.21247093,0.18298048,0.14160158,0.1096996
-0.4732806,-0.47197056,-0.4719679,-0.47218776,-0.48132893,-0.45938286,-0.46730888,-0.4463094,-0.4307741,-0.43383902,-0.4299262,-0.41409886
-0.15231174,-0.17511207,-0.18995234,-0.19224994,-0.21245506,-0.21161017,-0.22516848,-0.21233702,-0.1916969,-0.17653862,-0.1610319,-0.16798192
-0.036168277,-0.08276352,-0.109630525,-0.13635524,-0.15095827,-0.15904368,-0.1447963,-0.11958068,-0.08432731,-0.04191447,0.016778013,0.07050106
1.0056673,1.1352972,1.2256272,1.2921168,1.337997,1.3456494,1.3529975,1.3157778,1.2329727,1.1751089,1.1345724,1.0539453
0.24399166,0.15815322,0.08764818,0.032991737,-0.0034734607,-0.006420493,0.0005981624,0.013024509,0.07447192,0.14756465,0.2217691,0.33220863
-1.9221283,-1.9082961,-1.834681,-1.75005,-1.6449779,-1.6785289,-1.7241881,-1.6665397,-1.5466571,-1.5663278,-1.5327299,-1.7293172
0.008473858,0.12446517,0.21402657,0.2579267,0.31385893,0.32605097,0.31953686,0.28200823,0.23444256,0.14590335,0.03997705,-0.050356507
0.031982154,0.101450816,0.14731756,0.1820856,0.20278913,0.22474028,0.20628928,0.16274539,0.11248694,0.060199715,-0.008973511,-0.07915647
-0.061853778,-0.070949905,-0.07689884,-0.0816447,-0.10145257,-0.097445786,-0.09664812,-0.09208631,-0.07927643,-0.07313473,-0.07096967,-0.05469354
0.3097923,0.29378772,0.27559194,0.25316003,0.24542424,0.23959923,0.23354425,0.24075626,0.25821233,0.27411133,0.28656963,0.30732226
0.2339354,0.1939708,0.1550684,0.1177586,0.11055718,0.108930126,0.0884068,0.12583181,0.14278668,0.19539532,0.24748214,0.2720823
-0.19284952,-0.17266461,-0.14829114,-0.1272788,-0.124522865,-0.11584065,-0.122887984,-0.13863963,-0.14886685,-0.16300356,-0.18207474,-0.20712776
-0.06383516,-0.04470422,-0.023290776,-0.018231615,-0.0003925562,0.0032443553,0.010028899,0.013697825,0.008252375,0.0062634647,0.001216054,-0.0031143911
-0.036754623,-0.09850797,-0.13470551,-0.17737082,-0.20392999,-0.19897379,-0.19762999,-0.17545132,-0.13411607,-0.073630296,-0.0100293495,0.06626635
0.2669314,0.20072564,0.15732236,0.105698496,0.077155516,0.07158232,0.058415055,0.09334439,0.124663815,0.17860588,0.22293162,0.26210248
-0.477718,-0.49788228,-0.49015915,-0.46935982,-0.48743194,-0.48016495,-0.46546352,-0.45289335,-0.44073468,-0.4144819,-0.40614086,-0.37018707
0.43421003,0.37935156,0.3317312,0.30251393,0.2776904,0.27066663,0.26010293,0.27068818,0.29577255,0.34342694,0.3740574,0.41297168
0.36217508,0.31815648,0.28672186,0.25908458,0.23767328,0.24000601,0.22832362,0.24202478,0.26338342,0.3048515,0.34338185,0.391684
0.16573846,0.13295102,0.11674821,0.097330704,0.09988213,0.10237011,0.090976305,0.103157006,0.107063755,0.13346642,0.15305346,0.17143618
0.083533056,0.02556765,-0.017290413,-0.051214814,-0.070967466,-0.07970287,-0.06938532,-0.050562114,-0.0139645785,0.027734354,0.08752921,0.16106507
0.15150276,0.21234295,0.25090417,0.2831395,0.3112036,0.31333888,0.30573002,0.28451633,0.23500645,0.18413317,0.12089389,0.053963974
0.53427356,0.52779627,0.52363527,0.5261508,0.51099485,0.50452954,0.51182276,0.49131563,0.4695601,0.4932681,0.48787004,0.47824085
-0.23760904,-0.23337178,-0.22787163,-0.21939385,-0.21775378,-0.21579476,-0.20175236,-0.19372046,-0.21357785,-0.2092507,-0.20343377,-0.19754829
0.076387726,0.075746685,0.07978904,0.08842875,0.0887355,0.08473895,0.083843455,0.08419031,0.09574224,0.103274554,0.116544284,0.1073675
0.30179816,0.30023006,0.30544043,0.29867694,0.2990226,0.2961856,0.29119685,0.28693914,0.28345767,0.2936296,0.3005321,0.29505894
0.30641147,0.2475234,0.20324099,0.15453513,0.12388736,0.12453498,0.133657,0.15076193,0.16920018,0.22384848,0.26269463,0.33631682
-0.33733103,-0.34188366,-0.34696946,-0.3411573,-0.34014082,-0.34248528,-0.33649763,-0.3239159,-0.32043073,-0.31379622,-0.3051801,-0.3139364
0.1506409,0.116328284,0.09376451,0.07005151,0.040946484,0.024322607,0.037621945,0.021341868,0.036365576,0.02378814,0.03183264,0.071746014
0.9801136,0.9642967,0.9328952,0.9182755,0.9209204,0.899549,0.87873614,0.8829589,0.8710611,0.87709713,0.9057905,0.8828131
-0.3620587,-0.39897585,-0.42041212,-0.43291125,-0.4293573,-0.43387353,-0.4269876,-0.4079501,-0.3718024,-0.3407285,-0.2919482,-0.25777578
-0.484347,-0.46582332,-0.44508487,-0.4226549,-0.39948493,-0.40668786,-0.40279996,-0.39619085,-0.3917929,-0.41789067,-0.42066458,-0.4592404
0.70417404,0.7257494,0.7329843,0.74501765,0.73863816,0.7479048,0.7282826,0.69818366,0.6814112,0.636969,0.604683,0.5751246
-0.25240165,-0.30936033,-0.34652397,-0.37253615,-0.4026279,-0.40567237,-0.39164054,-0.36070016,-0.30898172,-0.26344952,-0.19836421,-0.13210082
-1.0483243,-1.0062546,-0.95619595,-0.9246609,-0.9633617,-0.9226755,-0.8979105,-0.9139052,-0.96836907,-1.0109831,-1.0376083,-1.0257087
0.32728627,0.32242143,0.31684625,0.31310618,0.30937085,0.30400515,0.30235004,0.29908246,0.29681018,0.3037325,0.30892465,0.3029757
0.38718486,0.38831586,0.3902595,0.38154173,0.39049876,0.38822585,0.38545856,0.37847155,0.3736087,0.38771576,0.38251725,0.3796556
-0.02823767,-0.052286558,-0.06534652,-0.079199046,-0.09081481,-0.09186607,-0.088694766,-0.07614241,-0.054860707,-0.03920546,-0.0033541592,0.024303667
-1.0094396,-0.9920124,-0.97393274,-0.94785166,-0.92329705,-0.9063705,-0.9144054,-0.8999208,-0.92818356,-0.94037604,-0.9669371,-1.009616
0.1296249,0.081656456,0.05084166,0.02612044,0.01513195,0.0045546144,0.010942936,0.031245276,0.050784975,0.09579638,0.15760514,0.18957049
-0.0029980838,-0.013896473,-0.037413992,-0.028975934,-0.046722904,-0.06180328,-0.03746108,-0.029168278,-0.015879206,-0.011678677,-0.001617264,0.03353567
-0.24254683,-0.27617902,-0.29635656,-0.3164577,-0.32187277,-0.3226007,-0.32380503,-0.30422628,-0.2724649,-0.25540638,-0.22081047,-0.18674727
-0.15795995,-0.15357363,-0.15063404,-0.1416063,-0.13127129,-0.13508926,-0.13050956,-0.13191187,-0.13950777,-0.14660375,-0.15541738,-0.16675092
0.7594834,0.78816074,0.8045637,0.81283295,0.80837524,0.8071129,0.81141794,0.7774625,0.7232376,0.7102749,0.6598448,0.6304264
-0.008588753,-0.0135986125,-0.014434561,-0.011570504,-0.020642575,-0.015317578,-0.015470915,-0.010738894,0.0012953989,0.008734234,0.019174006,0.030565858
-0.45953935,-0.47228098,-0.47694698,-0.4800446,-0.47858608,-0.48010385,-0.46686545,-0.44612834,-0.43671212,-0.42573777,-0.40483648,-0.39001945
-0.09881223,-0.1183576,-0.13766815,-0.15956178,-0.16719747,-0.1613051,-0.16721848,-0.1508544,-0.11030822,-0.09815071,-0.081060365,-0.04890033
-0.1833753,-0.1894754,-0.19181952,-0.18787816,-0.18908906,-0.18590796,-0.17906371,-0.16853464,-0.15518238,-0.14666133,-0.13552295,-0.11874387
0.31830463,0.3068704,0.2912197,0.2772158,0.27193698,0.26541883,0.25886464,0.25129837,0.26094064,0.25430283,0.24645671,0.2590864
-0.15117636,-0.06536965,0.0027166605,0.069437385,0.10677418,0.11339831,0.11082044,0.05692938,-0.0069048405,-0.061864227,-0.15899803,-0.25731376
-0.015513264,-0.046772823,-0.07152175,-0.09302057,-0.10625454,-0.10742125,-0.09810085,-0.08361782,-0.07064037,-0.040996946,-0.0034503043,0.034884136
0.22244391,0.1781332,0.14487001,0.12773092,0.097329125,0.08477658,0.08385381,0.09886405,0.11925575,0.16388601,0.19972917,0.21039204
-0.2804195,-0.3183887,-0.3463585,-0.37519306,-0.40867883,-0.39841563,-0.4205696,-0.39035943,-0.35275596,-0.33417118,-0.31346896,-0.29249775
0.18589701,0.12683883,0.09146744,0.049746044,0.03910008,0.041149154,0.030718446,0.048127644,0.1065923,0.16237703,0.22137955,0.28911895
-0.16997705,-0.19369532,-0.20681325,-0.22404867,-0.23326242,-0.22722176,-0.2226826,-0.21404806,-0.20928636,-0.18772294,-0.16583805,-0.1336434
0.20213982,0.22882785,0.24422067,0.2515861,0.25944883,0.2628289,0.25045446,0.23323621,0.21057498,0.188763,0.14875862,0.12891033
0.15388605,0.10672599,0.064166516,0.045088828,0.013730407,0.0023255944,-0.0041812956,0.002821982,0.028471336,0.03004995,0.048155196,0.091000006
-0.054649077,-0.02249629,0.01623103,0.030750081,0.046595827,0.061195597,0.058050856,0.030697368,0.021504402,0.012267046,-0.008843854,-0.01740342
-0.12019849,-0.10191256,-0.082787946,-0.075672984,-0.08209589,-0.069847345,-0.07366423,-0.08284594,-0.09350202,-0.10378199,-0.12270087,-0.13573153
0.39309564,0.4699264,0.51931137,0.56935525,0.5830769,0.57403123,0.5697359,0.53530526,0.4717497,0.412977,0.34538335,0.23783723
-0.17076246,-0.15916657,-0.14979212,-0.15143971,-0.14237386,-0.13877569,-0.14230825,-0.14627714,-0.1475148,-0.15955466,-0.16800147,-0.1703459
-0.06696225,-0.11242829,-0.1391313,-0.16162384,-0.17653628,-0.18202308,-0.17001939,-0.14364198,-0.1012363,-0.058043152,0.0066085197,0.05827812
-0.1744522,-0.16149801,-0.14411087,-0.12962191,-0.13935257,-0.13182262,-0.106563374,-0.11873481,-0.15496643,-0.13530602,-0.16462934,-0.17358784
-0.13119744,-0.19050753,-0.22341827,-0.25261003,-0.27129805,-0.27262,-0.27003357,-0.25090352,-0.20023167,-0.15821378,-0.09819476,-0.036344267
-0.007637474,-0.008722175,-0.0066232276,-0.008228936,-0.0008529201,-0.003919117,-0.0032049045,0.0042262897,0.017797686,0.022930782,0.037877344,0.042140383
-0.076497346,-0.06027498,-0.051834643,-0.04554551,-0.042942993,-0.04041446,-0.039680094,-0.043493412,-0.051896736,-0.06600165,-0.08746171,-0.10509217
-0.029061265,-0.12345305,-0.18500166,-0.24132562,-0.2927461,-0.2880761,-0.2937594,-0.26150036,-0.21044587,-0.14941438,-0.08061932,0.013867971
0.72319275,0.7645778,0.7914729,0.80019253,0.8164035,0.82487875,0.79049116,0.7899438,0.7544321,0.7534698,0.7414553,0.6882484
0.07318711,0.04035671,0.02051922,0.008693963,-0.007395394,-0.011247084,-0.013090983,-0.001389496,0.005859889,0.046095796,0.06794911,0.084242016
-0.26764256,-0.26781005,-0.2549916,-0.2538429,-0.2460996,-0.25190854,-0.25391954,-0.23932323,-0.21362409,-0.21661785,-0.21178375,-0.2126663
-0.30847913,-0.2957337,-0.28804806,-0.2872789,-0.29005277,-0.28475988,-0.28009397,-0.2708299,-0.2652156,-0.27689967,-0.2798733,-0.27782616
0.15241545,0.104790196,0.07880263,0.04585494,0.021343797,0.015452832,0.041463345,0.058505967,0.07987842,0.12620047,0.19445847,0.259563
-0.3899405,-0.3524662,-0.3226808,-0.30215302,-0.28879875,-0.28371775,-0.27670148,-0.26716614,-0.27236965,-0.2969507,-0.31246623,-0.33362132
0.12411593,0.09329879,0.0699251,0.056593567,0.042869076,0.023587286,0.035556436,0.0478815,0.07299727,0.09567772,0.13557158,0.15372461
-0.18462713,-0.12975684,-0.09021425,-0.054124057,-0.03418097,-0.029782817,-0.033804357,-0.053156823,-0.087856576,-0.12995249,-0.18080372,-0.24139725
0.42608553,0.41033602,0.4009198,0.3990277,0.384749,0.3746297,0.38579017,0.38795874,0.384161,0.41000324,0.42381316,0.43732992
-0.18949197,-0.21826111,-0.23287448,-0.2544945,-0.26588818,-0.26509458,-0.25827166,-0.24043334,-0.21855076,-0.19412422,-0.15502506,-0.114202954
0.21137306,0.2169436,0.21282338,0.20517637,0.20652601,0.21088037,0.20103355,0.19917187,0.19104551,0.19222273,0.18568484,0.1877798
0.28651077,0.21640201,0.15084824,0.12997925,0.07821262,0.07997325,0.075690836,0.09590885,0.09569475,0.14637443,0.18063709,0.21866791
0.13351598,0.06938484,0.029520638,-0.013413593,-0.029180802,-0.038532674,-0.034306556,-0.0068186447,0.057372168,0.10904345,0.16718292,0.23841232
0.6486206,0.6597167,0.6436943,0.62681293,0.6241349,0.5917518,0.61233306,0.6271202,0.62991595,0.61008775,0.6328843,0.6395466
-0.27261287,-0.2955958,-0.30872592,-0.31717926,-0.32360044,-0.32060224,-0.32502404,-0.3081835,-0.2790507,-0.26115566,-0.23481815,-0.22032201
-0.05747944,-0.040950514,-0.04139329,-0.03490842,-0.024732206,-0.03839223,-0.021361768,-0.012176052,-0.025131982,-0.04946146,-0.06538379,-0.07733963
0.14059933,0.112536915,0.103405915,0.0737147,0.058255382,0.07396965,0.06651626,0.063577585,0.07715733,0.10695326,0.13766158,0.18678077
-0.13565229,-0.14640015,-0.15661609,-0.16188583,-0.16988595,-0.17179483,-0.1674073,-0.16305375,-0.14619118,-0.14459649,-0.13217118,-0.11649747
-0.32812366,-0.3188563,-0.3268955,-0.3336391,-0.3443019,-0.3394639,-0.33965546,-0.30527315,-0.33212185,-0.38290673,-0.39507797,-0.38459843
0.15332402,0.124094084,0.11088251,0.093392596,0.10232981,0.098184615,0.09053512,0.10333134,0.15465435,0.19271813,0.26334175,0.2887578
-0.6582193,-0.60589874,-0.5572611,-0.51516265,-0.49217469,-0.49023038,-0.4768936,-0.47681236,-0.48896754,-0.5382041,-0.5604149,-0.60415274
0.13638401,0.0945469,0.07483937,0.037512958,0.018851086,0.020883024,-0.006181568,0.0023262054,0.045731395,0.04927112,0.08509299,0.10889923
-0.02213049,-0.081163555,-0.12512988,-0.16930202,-0.18766043,-0.1899075,-0.1831801,-0.14875162,-0.10175955,-0.051157333,0.012259534,0.090875536
0.03305475,0.039928198,0.042620204,0.05957101,0.052373093,0.06339337,0.051400147,0.04504953,0.0037569923,-0.004319519,-0.029898582,-0.06092743
-0.003175225,-0.03133399,-0.050448664,-0.06634377,-0.06999299,-0.07886827,-0.076102555,-0.060024273,-0.027094977,-0.0073814746,0.022947924,0.049702846
0.1328574,0.12436286,0.114100344,0.097333506,0.09544505,0.09949896,0.09130103,0.08274985,0.09552125,0.09483154,0.09209506,0.10769968
-0.08496047,-0.15606748,-0.20287447,-0.24828675,-0.28005362,-0.28267482,-0.25899604,-0.22146459,-0.17144835,-0.105964586,-0.02017679,0.07726368
-0.39518443,-0.38679162,-0.37159425,-0.3540524,-0.3481809,-0.34676442,-0.33518463,-0.32421163,-0.3234456,-0.32992962,-0.32129836,-0.3265878
-0.16710384,-0.19313765,-0.19931313,-0.21300617,-0.21963683,-0.21481493,-0.2028426,-0.18713976,-0.16296358,-0.12593381,-0.07768369,-0.038856704
-0.1742165,-0.14345908,-0.11539982,-0.10002947,-0.09570865,-0.08451131,-0.08563635,-0.086601704,-0.096468344,-0.106964745,-0.14291921,-0.16745394
0.58199185,0.5222456,0.4745505,0.42623562,0.37859094,0.36749,0.3905663,0.40290794,0.43017733,0.48409483,0.5411558,0.6327585
1.0010908,1.1307634,1.2115517,1.284297,1.3297924,1.3492451,1.2838908,1.2087972,1.1252435,1.0303574,0.8903893,0.741433
-0.458022,-0.45488057,-0.4345407,-0.42631248,-0.42322585,-0.40820953,-0.4058725,-0.39601725,-0.4182805,-0.39967638,-0.39585513,-0.38983575
0.45087746,0.5245668,0.56935656,0.59974813,0.62875617,0.62715024,0.61584866,0.5805477,0.53144854,0.47208214,0.3970198,0.31663078
0.3899196,0.43082848,0.45079362,0.4696919,0.47741956,0.46954677,0.47707507,0.46090662,0.42025977,0.3937363,0.36015126,0.31156734
0.025851192,0.019666463,0.023488835,0.02440767,0.03698104,0.037544996,0.025505207,0.022919878,0.050755177,0.060207948,0.06811105,0.07004934
-0.121481344,-0.08949352,-0.06527558,-0.04601209,-0.022485733,-0.025809556,-0.025650144,-0.038686484,-0.057767898,-0.08795722,-0.12131061,-0.1594463
-0.33809084,-0.3251895,-0.31626678,-0.32087535,-0.3171313,-0.29896072,-0.3040763,-0.29204828,-0.26866037,-0.27203634,-0.26430556,-0.25339246
-0.2558823,-0.33924502,-0.4024357,-0.4481868,-0.4859593,-0.48444268,-0.47443384,-0.45109808,-0.3732265,-0.31971708,-0.24286711,-0.13760097
-0.59517515,-0.54518914,-0.4995609,-0.45995495,-0.43242437,-0.42661408,-0.41028962,-0.41596997,-0.4352526,-0.45792243,-0.48145854,-0.5239625
-0.66133994,-0.6377679,-0.6084754,-0.58008456,-0.5691044,-0.5628562,-0.5654355,-0.56729877,-0.5620213,-0.5860643,-0.6030657,-0.6333819
-0.33766386,-0.25357482,-0.18519002,-0.12992722,-0.07800996,-0.07583195,-0.084873796,-0.11784288,-0.13375244,-0.19511148,-0.27390677,-0.3513052
0.48121884,0.5135515,0.5445697,0.5527834,0.57422346,0.5673464,0.5698692,0.54402894,0.54382896,0.53873086,0.53677857,0.51128787
0.21170723,0.13790874,0.08342132,0.044479907,0.027694583,0.011551797,0.010482997,0.038647473,0.07573013,0.13752834,0.20733349,0.24912806
0.037663303,0.013989054,-0.008978732,-0.0262089,-0.03881663,-0.03823795,-0.04124468,-0.029915407,-0.029011376,-0.014819708,-0.0007784702,0.009884754
0.11563968,0.06298651,0.017836213,-0.021146685,-0.055526763,-0.0672735,-0.05525118,-0.030313611,0.02582021,0.06314054,0.12929088,0.18805218
-0.40796566,-0.49672157,-0.54653543,-0.6017179,-0.6300865,-0.62233573,-0.61322427,-0.5727521,-0.50908285,-0.42732263,-0.34392518,-0.23145024
0.056551177,0.040973656,0.0172249,0.019504964,0.014969274,-0.0046785474,0.0003951043,0.006806381,0.011704341,0.0095556155,0.020928781,0.010196472
0.25763965,0.2260361,0.20353143,0.18224819,0.16430193,0.1666383,0.16392848,0.18031421,0.19454862,0.23320632,0.27234593,0.30712214
0.0018259361,-0.043450408,-0.07476041,-0.104949325,-0.11055257,-0.11132657,-0.1084031,-0.07878222,-0.04396753,0.0029805824,0.06859148,0.11795856
-1.0209761,-1.0286437,-1.0170164,-1.0142556,-1.0084788,-0.99497724,-1.0042905,-0.9835731,-0.9405749,-0.9469381,-0.9383477,-0.9337704
-0.31144097,-0.31230468,-0.30870995,-0.29984266,-0.30346203,-0.29263666,-0.29682764,-0.3030218,-0.2843789,-0.28103012,-0.27451217,-0.2702358
0.55073124,0.5439986,0.52501357,0.50398195,0.49992377,0.4869247,0.5013676,0.4971581,0.47295645,0.47961402,0.47349492,0.49945006
-0.11906891,-0.131074,-0.13822904,-0.13698435,-0.13235196,-0.12974177,-0.13771985,-0.13481717,-0.12821758,-0.12049978,-0.11336537,-0.103572756
-0.02180541,-0.024355704,-0.023591354,-0.025963169,-0.017570361,-0.0186641,-0.013445739,-0.013460796,-0.0026883055,-0.0027745403,0.020447046,0.042445056
-0.13330458,-0.20778234,-0.2657247,-0.31436902,-0.34638,-0.34092435,-0.33370015,-0.3208386,-0.30284202,-0.23735341,-0.17765176,-0.09982812
-0.6206216,-0.641397,-0.65412337,-0.66236544,-0.6626821,-0.6612164,-0.6529312,-0.6239004,-0.5938112,-0.57902855,-0.5469301,-0.5223162
-0.6384809,-0.62956184,-0.6136985,-0.6070596,-0.6057451,-0.59561694,-0.5870336,-0.58009803,-0.56259733,-0.5769949,-0.56365275,-0.55427676
-0.3130939,-0.3413906,-0.35917702,-0.3737781,-0.3781188,-0.38096023,-0.37436965,-0.35753,-0.32519427,-0.3111368,-0.2736572,-0.24174926
0.1678615,0.19211808,0.20886794,0.22609831,0.24816489,0.25537726,0.23172347,0.21761556,0.19059733,0.18215682,0.15641186,0.11416645
-0.06416862,-0.06634422,-0.065017566,-0.058788646,-0.073087774,-0.0689612,-0.06355748,-0.06513946,-0.06490937,-0.060720336,-0.06384526,-0.05524805
-0.8896083,-0.84819984,-0.7985814,-0.7468672,-0.7234551,-0.710735,-0.7033454,-0.70278203,-0.69541585,-0.7248781,-0.74126667,-0.7714347
-0.098476246,-0.059097454,-0.026854396,0.0015129298,0.035959855,0.041816577,0.018457547,0.004886523,-0.012077108,-0.039057493,-0.08008262,-0.14083052
-0.2040691,-0.22310987,-0.23100236,-0.23948391,-0.24156764,-0.24379204,-0.22756155,-0.21333618,-0.19210148,-0.16874206,-0.12975045,-0.08947025
0.4376413,0.42669547,0.41928735,0.40011966,0.39041227,0.39346388,0.38405302,0.36217743,0.3741949,0.37653992,0.3653287,0.37914324
0.16366263,0.20793906,0.23841336,0.25964588,0.2786774,0.2790463,0.271598,0.2474615,0.22052617,0.18833156,0.14738327,0.10034186
-0.17117631,-0.1724666,-0.16675988,-0.16279678,-0.17451301,-0.1570318,-0.16482884,-0.17100129,-0.17907715,-0.18553637,-0.18469855,-0.17608304
0.16119547,0.15934066,0.16030279,0.15722023,0.15897988,0.16948763,0.1591281,0.15558003,0.16125417,0.16930367,0.17515329,0.18369853
0.2914513,0.37316373,0.41916248,0.45974872,0.48194337,0.4812833,0.47380698,0.44956678,0.3936231,0.33071455,0.25974566,0.16825175
0.10648862,0.078839436,0.060335226,0.047941677,0.04491867,0.0430262,0.038300373,0.047311954,0.06281161,0.09320102,0.123334624,0.14556429
0.46825722,0.45432138,0.42217115,0.38519925,0.35617718,0.31793305,0.36126742,0.38483247,0.39140785,0.38870674,0.41529298,0.46992522
-0.4360845,-0.47113037,-0.49412948,-0.5138999,-0.5361719,-0.5212147,-0.520411,-0.502916,-0.47515,-0.4503029,-0.41777128,-0.36927992
0.6917628,0.82247114,0.89504033,0.96167195,1.0035782,0.99984324,0.9802237,0.9051728,0.79812294,0.67623603,0.5210811,0.37185842
-0.24685486,-0.21590471,-0.17912388,-0.15530598,-0.14726603,-0.13476071,-0.12004806,-0.13666615,-0.16585289,-0.18085472,-0.18887202,-0.19428015
-0.3106111,-0.3251726,-0.3272564,-0.3299972,-0.32855427,-0.3258791,-0.32738668,-0.31085122,-0.28636506,-0.26505575,-0.23815227,-0.23043564
0.59034383,0.6642476,0.7207536,0.7618309,0.81247056,0.8169467,0.82332873,0.80331767,0.7331648,0.7089064,0.68218005,0.6165749
0.08700112,0.017789409,-0.031507954,-0.07738651,-0.10740742,-0.114635944,-0.11142318,-0.07704951,-0.03192307,0.028154299,0.09908826,0.157835
0.27827173,0.22042626,0.17126946,0.121493995,0.078804135,0.07006702,0.07886371,0.105526015,0.14694142,0.17734888,0.22053754,0.298329
0.18185118,0.10857797,0.04428315,-0.006054461,-0.049410224,-0.049317777,-0.050896496,-0.040277213,-0.00819844,0.040032357,0.0881369,0.17658916
-0.18415628,-0.23148066,-0.2684744,-0.2963656,-0.31598547,-0.3142497,-0.30580258,-0.27774835,-0.23399648,-0.20232625,-0.14385903,-0.083667085
0.058774114,0.08125909,0.09887393,0.11655863,0.11552653,0.12485379,0.114971876,0.081332,0.061557025,0.044021465,-0.007719714,-0.034370646
0.16788869,0.15572798,0.14450906,0.13139091,0.12709157,0.12764382,0.12308524,0.12309574,0.12623784,0.13392144,0.14173795,0.15475005
0.13012022,0.2839615,0.38275477,0.46987632,0.52721494,0.53282475,0.5389789,0.4874884,0.35809562,0.24420688,0.10100657,-0.036970608
0.07261339,0.042553887,0.020675413,-0.005651623,-0.015747294,-0.015893191,-0.02485925,-0.023520276,0.011881553,0.027402129,0.05409707,0.074607514
0.07881905,0.088273436,0.09632268,0.09961443,0.099621385,0.10277745,0.106013,0.09905373,0.09718247,0.09913282,0.09409729,0.09394709
0.04606173,0.008357927,-0.025075093,-0.056957304,-0.07428223,-0.07477729,-0.066327825,-0.04540108,-0.027812414,-0.0017189085,0.034570675,0.08485632
-0.0402067,-0.07312161,-0.092513666,-0.11044779,-0.11916708,-0.11772372,-0.115548655,-0.1049005,-0.09885376,-0.067806646,-0.04199993,-0.010356086
-0.18924332,-0.190517,-0.1896053,-0.17941959,-0.17787743,-0.17581107,-0.17890935,-0.17281671,-0.15776338,-0.15297419,-0.13994855,-0.13911161
-0.24178946,-0.30450708,-0.34680828,-0.38366103,-0.4065322,-0.41009346,-0.41070387,-0.39366558,-0.3346755,-0.30131167,-0.2577254,-0.2015696
0.15219101,0.16803041,0.17857581,0.17971869,0.15998371,0.1775055,0.17553633,0.14150044,0.097247995,0.090138644,0.0472313,0.044177767
-0.55965716,-0.5648034,-0.5609631,-0.5449195,-0.5334254,-0.5399954,-0.5353305,-0.529845,-0.50033563,-0.5084361,-0.49705458,-0.49736056
0.16164322,0.1137431,0.09430937,0.060794987,0.049021848,0.046800345,0.048475273,0.06977844,0.10872938,0.14379367,0.19065374,0.25437537
0.6507416,0.6494357,0.6207063,0.59141845,0.57276326,0.5863217,0.5653012,0.5496331,0.53989303,0.5183757,0.47236553,0.49511334
0.0032674074,-0.025595859,-0.055903703,-0.081673935,-0.11628853,-0.1225688,-0.119518265,-0.07451488,-0.074996725,-0.0555266,-0.02368734,0.0007853564
-0.34556863,-0.33644253,-0.3272196,-0.32327542,-0.31306064,-0.30411354,-0.30765462,-0.31292844,-0.30286223,-0.315675,-0.33033168,-0.32371765
-0.22959822,-0.2435086,-0.2602024,-0.27031398,-0.27955824,-0.28794488,-0.27522153,-0.26246667,-0.25368452,-0.2584772,-0.24798945,-0.23374878
0.2521133,0.22676529,0.1916202,0.15223981,0.13060822,0.12697612,0.10748337,0.12510206,0.16552411,0.158835,0.17424697,0.19389756
0.29950377,0.27368528,0.25307038,0.2335363,0.22871913,0.22822742,0.20154916,0.20064384,0.23260579,0.23942174,0.24295898,0.24335195
-0.036834627,-0.02966122,-0.025352951,-0.009905047,-0.009047454,-0.012767199,-0.009825651,-0.011164425,-0.025308289,-0.027904928,-0.033064514,-0.050613817
0.16469398,0.16778229,0.17078072,0.16312912,0.16692907,0.16437435,0.1729827,0.1741102,0.17546786,0.17331909,0.17369957,0.18973124
-0.20821592,-0.14049765,-0.06997505,-0.022645414,0.009312004,0.018030405,0.018645465,-0.0069945753,-0.041775003,-0.08762598,-0.138191,-0.21131925
-0.2223996,-0.2310465,-0.23111778,-0.23550722,-0.23246302,-0.22703792,-0.23008212,-0.22384618,-0.2121148,-0.20614189,-0.19715099,-0.18710698
-0.27090824,-0.28293917,-0.29098293,-0.29629996,-0.3017356,-0.30775228,-0.29880846,-0.27756986,-0.26528364,-0.25950605,-0.24220997,-0.22458547
-0.1705661,-0.23597075,-0.2932104,-0.34163433,-0.3710578,-0.34925696,-0.37191635,-0.35668278,-0.28280935,-0.2358671,-0.1701195,-0.09523471
0.23166698,0.23190379,0.233773,0.23837899,0.24108267,0.23544767,0.23275429,0.22922578,0.22570437,0.23047543,0.24111275,0.22517468
0.023541927,0.102259845,0.14994112,0.19362639,0.2238333,0.23694655,0.22005591,0.18657395,0.13622949,0.06598035,-0.03570147,-0.1056786
-0.104446866,-0.105237305,-0.105396315,-0.11009007,-0.10978407,-0.10416846,-0.10325186,-0.103700854,-0.09701226,-0.091863096,-0.08538014,-0.07221529
0.55340725,0.64423823,0.6996262,0.7309468,0.75577,0.76882577,0.7419449,0.7079412,0.6396528,0.57297087,0.46714258,0.38533753
-0.1701441,-0.18429372,-0.19437605,-0.1984604,-0.19614018,-0.19899306,-0.1966519,-0.17600465,-0.16230418,-0.14688134,-0.12388455,-0.11821334
0.39163047,0.40822983,0.41792357,0.41520667,0.39981186,0.42772323,0.40975052,0.37024653,0.36319834,0.35403982,0.3159087,0.3329494
-0.29532766,-0.28324527,-0.26034057,-0.24849355,-0.24223548,-0.23099136,-0.24115355,-0.24956715,-0.2806305,-0.2937375,-0.3288343,-0.35080293
-0.12753467,-0.14609107,-0.1557166,-0.16462888,-0.16739196,-0.16831772,-0.16213244,-0.14638337,-0.13023832,-0.108260036,-0.07789692,-0.05099696
-0.5370903,-0.6448475,-0.72125745,-0.78028286,-0.8195859,-0.8121593,-0.8197509,-0.785956,-0.7300831,-0.6582066,-0.57862103,-0.49008524
0.17225495,0.19053969,0.20960376,0.2178093,0.22626469,0.22649893,0.22512889,0.21835336,0.20528603,0.20404175,0.18857443,0.16964819
0.071896285,0.096499175,0.12865846,0.13666558,0.1541512,0.16425095,0.15367103,0.14872573,0.17523113,0.16789904,0.17540815,0.17125638
-0.30874625,-0.3083578,-0.29578185,-0.28267285,-0.27186584,-0.26978382,-0.26801062,-0.2639467,-0.26173007,-0.25787055,-0.25033394,-0.26263028
-0.52108824,-0.5027245,-0.48659205,-0.46812898,-0.4523365,-0.45077595,-0.44156903,-0.42803872,-0.4184467,-0.42744637,-0.4281067,-0.44352517
0.5129558,0.50960684,0.49440616,0.4813166,0.472951,0.4817756,0.44903368,0.4559473,0.44883057,0.46221024,0.4485937,0.44307977
0.10499203,0.11672045,0.12103048,0.12912492,0.13416821,0.13151807,0.11738451,0.11316471,0.1122993,0.10176553,0.08641728,0.058954235
0.70334506,0.88456357,1.0032254,1.0828741,1.1451334,1.1610577,1.1445452,1.0430926,0.8954947,0.77653444,0.56208926,0.38652915
0.13444765,0.11203058,0.097500235,0.07994427,0.07136598,0.07000815,0.07503819,0.0793223,0.09865421,0.12332181,0.14827824,0.18606769
-0.049460266,-0.098677725,-0.14024554,-0.16545872,-0.18652235,-0.19669047,-0.1862235,-0.15804988,-0.12101368,-0.08846523,-0.030969933,0.022331737
-0.5633944,-0.57756364,-0.577554,-0.5769133,-0.56424415,-0.5627024,-0.5663562,-0.54110944,-0.5074738,-0.5003023,-0.47621137,-0.4709822
0.39716643,0.40606126,0.39915374,0.40867686,0.39035642,0.38968736,0.38723776,0.36974707,0.33337742,0.32511467,0.27653173,0.26752013
-0.015026148,-0.06124749,-0.0913255,-0.12167394,-0.1458726,-0.15169999,-0.14052951,-0.12441866,-0.08803019,-0.062789105,-0.024822205,0.03986755
-0.18602869,-0.20209578,-0.2026675,-0.2054307,-0.21193315,-0.20778076,-0.20870847,-0.19890894,-0.18250604,-0.17016962,-0.14744876,-0.13009045
-0.18042107,-0.2817285,-0.3492689,-0.4022255,-0.43918407,-0.44619554,-0.43314713,-0.3851121,-0.30609438,-0.22092953,-0.10796281,0.002960071
0.12852515,0.13592511,0.14505538,0.14565073,0.15325823,0.15327504,0.15155953,0.14092636,0.13346168,0.13580865,0.13480929,0.1313996
-0.09804049,-0.14377575,-0.17429201,-0.20099556,-0.21640036,-0.2213246,-0.21537966,-0.19827816,-0.1668619,-0.13727888,-0.083123006,-0.03773617
-0.0067420173,0.0013868185,0.0015224786,0.0036219154,0.0037240125,0.0032225028,0.01009353,0.012282957,0.0053966455,0.0017578788,-0.00388344,-0.005310698
0.27959436,0.24927624,0.2215392,0.1968898,0.18482378,0.16771537,0.17510124,0.19447589,0.20621514,0.22560152,0.2535157,0.2763852
0.10003279,0.015501171,-0.057869226,-0.1273132,-0.1826288,-0.18636431,-0.16704153,-0.12371996,-0.04960379,0.0038202927,0.061165567,0.1969794
-0.17940608,-0.18230948,-0.16209911,-0.12696606,-0.12595691,-0.12870356,-0.12732026,-0.15263394,-0.15952885,-0.14048836,-0.15169403,-0.17334582
0.014937084,-0.04664834,-0.092696525,-0.12672041,-0.14363368,-0.14885852,-0.15520987,-0.13691969,-0.10688309,-0.056844644,-0.012394119,0.022838172
0.01632965,0.02619491,0.034510776,0.04153698,0.046929583,0.048397176,0.038955633,0.032589957,0.015744269,0.005486327,-0.016737666,-0.04125347
-0.0057388917,-0.023101982,-0.04527938,-0.058519263,-0.06444759,-0.07786173,-0.08025583,-0.06631246,-0.028697819,-0.017594323,0.0026860042,0.024084385
-0.16039126,-0.15620318,-0.15130648,-0.15093318,-0.14174853,-0.13376448,-0.13718963,-0.13766998,-0.124006964,-0.124451146,-0.12850799,-0.1227617
-0.3310426,-0.32107943,-0.30991215,-0.30331066,-0.29749525,-0.29367977,-0.2938905,-0.28696066,-0.28190923,-0.2953943,-0.29922587,-0.3040326
0.414536,0.5033453,0.5591272,0.59718937,0.62335134,0.63830376,0.60367656,0.5589292,0.48268357,0.41496468,0.29975176,0.21582323
0.6607124,0.575083,0.46528658,0.48148853,0.43846726,0.3522783,0.3919614,0.36635923,0.31291258,0.42051643,0.50575745,0.3700106
0.11368804,0.07942531,0.049505964,0.038183525,0.015660807,0.029129684,0.012626082,-0.0011091083,0.003724277,0.032594092,0.038149234,0.06481462
-0.06153521,-0.113855414,-0.14486328,-0.17554674,-0.19766714,-0.20938174,-0.19872421,-0.1652173,-0.11921011,-0.08040349,-0.01125057,0.039871443
0.31148952,0.31606823,0.30699712,0.30410185,0.3062769,0.29543647,0.30448484,0.30234665,0.2900493,0.29184127,0.28838125,0.28796017
0.108742446,0.05810991,0.016312346,-0.023758635,-0.0525558,-0.051647097,-0.079064384,-0.034452826,0.003289044,0.04215966,0.07425308,0.0923435
-0.146924,-0.17797205,-0.19767521,-0.2129483,-0.22744742,-0.22108224,-0.22106786,-0.2033383,-0.16251962,-0.13912843,-0.10291029,-0.055793844
0.41329807,0.35941267,0.32110626,0.28686732,0.27997643,0.27595353,0.26283813,0.27488595,0.29364133,0.3327444,0.37056586,0.4031278
0.04172243,0.059541643,0.077409506,0.0914025,0.0882145,0.101909444,0.09240253,0.070783585,0.06496051,0.057070244,0.031006988,0.021223785
0.03805718,0.0064709038,-0.0316718,-0.060654134,-0.0901885,-0.099423334,-0.08640353,-0.0657411,-0.038957432,-0.021792144,0.0072799176,0.052263252
-0.2690909,-0.2904307,-0.31421247,-0.32884154,-0.33456612,-0.33253002,-0.33657825,-0.31957617,-0.31550813,-0.31232414,-0.29932138,-0.2930985
0.29209664,0.29615515,0.302012,0.3083525,0.3056405,0.29927894,0.30531466,0.30318817,0.30863836,0.32189298,0.33383417,0.33565658
-0.043534245,-0.044873737,-0.04016254,-0.040874068,-0.044299122,-0.041786317,-0.039964262,-0.03458029,-0.025899507,-0.02313352,-0.016285785,-3.7862337e-06
-0.49133903,-0.52571595,-0.53606915,-0.55498004,-0.56539667,-0.56274074,-0.546254,-0.53249174,-0.4804132,-0.4477741,-0.4012129,-0.34435448
0.19878307,0.2988246,0.38117582,0.4358382,0.48781544,0.50471956,0.4826476,0.4539292,0.38049144,0.33616102,0.27404958,0.1682659
0.34861055,0.35647863,0.35716668,0.36198768,0.36027032,0.3515372,0.357394,0.35967207,0.34137747,0.343185,0.34123284,0.3302938
0.26963374,0.2997424,0.31658915,0.33252436,0.35130635,0.34984088,0.3454055,0.33553028,0.30465728,0.2791592,0.24490213,0.21134633
-0.35861006,-0.37156987,-0.37944973,-0.38407266,-0.38238224,-0.38280988,-0.37871945,-0.35429177,-0.35117146,-0.34097883,-0.32840484,-0.32542711
0.03424716,0.031698667,0.02888465,0.022676995,0.026178952,0.020805001,0.018924281,0.022706406,0.035314493,0.027189862,0.02763175,0.032867216
-0.15127629,-0.19072044,-0.2166247,-0.23769128,-0.23353553,-0.23950389,-0.2385186,-0.22135991,-0.19652532,-0.1866489,-0.14404383,-0.121789
-0.08126359,-0.10628383,-0.11976877,-0.13958402,-0.15297776,-0.14870252,-0.14563793,-0.14485264,-0.13154316,-0.11321512,-0.09169897,-0.051971704
0.40245587,0.505514,0.57563555,0.62290376,0.6605896,0.67148155,0.65301037,0.6132115,0.542521,0.47769886,0.3740363,0.28310406
-0.109031074,-0.1371359,-0.15644617,-0.17260222,-0.17710896,-0.18104537,-0.17398153,-0.15745658,-0.1350271,-0.11571349,-0.080093324,-0.044081427
-0.13388442,-0.1882818,-0.22395338,-0.25666296,-0.2804743,-0.28202704,-0.26492894,-0.25152603,-0.24049506,-0.19128636,-0.1367581,-0.07453049
0.042090937,-0.0054905266,-0.04712659,-0.069388226,-0.08621639,-0.096446484,-0.09251653,-0.06141662,-0.03610746,-0.004193656,0.045166906,0.07781653
-0.24111202,-0.23596737,-0.23078182,-0.22281562,-0.22673929,-0.22192787,-0.2180756,-0.21950984,-0.2192174,-0.22813888,-0.2291215,-0.23195419
0.10622327,0.047695443,0.013680719,-0.010126755,-0.024442017,-0.03133434,-0.043476872,-0.014426701,0.019607827,0.06708202,0.11069912,0.15130569
0.014688656,0.089983314,0.14628358,0.18519539,0.20444556,0.21572791,0.21852252,0.18452705,0.13593477,0.08079699,0.013533652,-0.040819168
0.031599965,-0.0047280714,-0.03155584,-0.048667952,-0.062030517,-0.066252075,-0.062042795,-0.047234528,-0.025031857,0.008780837,0.049088337,0.083531134
-0.4986114,-0.5601499,-0.6007436,-0.6258203,-0.64801484,-0.65321684,-0.6350795,-0.6030611,-0.54838073,-0.4958185,-0.42093393,-0.35092005
-0.33216846,-0.3193223,-0.3042876,-0.28898928,-0.27730507,-0.27582702,-0.2679541,-0.27083564,-0.2716705,-0.28459606,-0.29606646,-0.30039835
-0.27377254,-0.29037458,-0.29748031,-0.3000863,-0.3026911,-0.30257884,-0.2932966,-0.2736634,-0.2526679,-0.2381456,-0.21399328,-0.19031072
-0.08098954,-0.11152057,-0.13165879,-0.15238261,-0.1714448,-0.1709368,-0.16920567,-0.15237159,-0.14258128,-0.124414235,-0.106856495,-0.074388064
-0.034951344,-0.036270067,-0.034564883,-0.03564102,-0.034963503,-0.03252135,-0.03853033,-0.03016552,-0.023492787,-0.0138512645,-0.0067541506,-0.0099638775
0.35347894,0.3883474,0.40884763,0.44383284,0.44340578,0.44494134,0.44765288,0.42918408,0.3791486,0.3722251,0.33369663,0.29447293
-0.03693753,-0.05995158,-0.07621145,-0.09026433,-0.10523356,-0.112041354,-0.12011425,-0.10898143,-0.09145688,-0.07513666,-0.057573922,-0.04965662
-0.10665541,-0.10806024,-0.101155624,-0.10047241,-0.09266718,-0.09121605,-0.08964373,-0.08203666,-0.07630432,-0.07010789,-0.062074464,-0.050947823
0.05668716,-0.0102421045,-0.08538517,-0.12893012,-0.15167338,-0.18645123,-0.14974093,-0.115529954,-0.08636442,-0.064525425,0.012217388,0.08315197
0.7671779,0.8739305,0.93056685,0.9871201,1.0343614,1.0315099,1.0167332,0.99811685,0.91000223,0.8758828,0.8178783,0.71343315
0.034379046,0.052017137,0.060881533,0.06525073,0.06885059,0.06485768,0.08119428,0.0768161,0.058168195,0.049610708,0.0404844,0.04045137
-0.046246193,-0.039898295,-0.036341414,-0.026336405,-0.03700071,-0.03091745,-0.04341291,-0.049029183,-0.057692785,-0.070280954,-0.08535686,-0.11932742
0.7680725,0.7527685,0.74478567,0.73642755,0.7178156,0.7059853,0.71303594,0.69511324,0.6921561,0.7074441,0.7322202,0.7455002
-0.055096366,-0.08740097,-0.10745974,-0.12428862,-0.1345473,-0.13933228,-0.12816003,-0.12066907,-0.09255332,-0.06173086,-0.024154594,0.015286404
-0.76457155,-0.67709136,-0.60062706,-0.51517725,-0.49777517,-0.48366228,-0.44421825,-0.48112667,-0.57694054,-0.6238452,-0.69354844,-0.7569838
0.08354665,0.019910917,-0.018831864,-0.05018431,-0.08798705,-0.08658445,-0.0873142,-0.08418895,-0.07991527,-0.037115365,-0.006277159,0.048913375
-0.20132107,-0.20268007,-0.21578254,-0.24586314,-0.2819642,-0.268918,-0.29224822,-0.23210785,-0.22752544,-0.25097406,-0.27580887,-0.263035
-0.03183829,-0.04135929,-0.04285898,-0.041315317,-0.04539331,-0.04419908,-0.048982754,-0.052188873,-0.05110553,-0.049643047,-0.051452372,-0.05038693
0.01207997,0.0028868653,0.010711409,0.0099040605,0.012524318,0.010998078,0.009766921,0.008410793,0.012453325,0.02707139,0.028768603,0.029193832
0.11963743,0.06164016,0.021210626,0.0019150823,-0.017218918,-0.02519089,-0.042081386,-0.0254111,0.0026602894,0.047025472,0.09489189,0.10754575
-0.23943594,-0.24414077,-0.23449813,-0.23253545,-0.23025697,-0.2324809,-0.22596389,-0.22370718,-0.20473465,-0.20331562,-0.19974536,-0.1984358
0.21579611,0.18309113,0.1481848,0.12508555,0.11910005,0.11139579,0.10388738,0.1019503,0.10224529,0.10570021,0.104940414,0.12571254
-0.5929988,-0.64602154,-0.67656106,-0.6937506,-0.71566564,-0.7247926,-0.6960599,-0.6650031,-0.6364641,-0.6035431,-0.54157174,-0.47842425
-0.113267645,-0.16674948,-0.20845129,-0.23849484,-0.2557608,-0.2588644,-0.24778591,-0.2284576,-0.20199548,-0.1566188,-0.098589726,-0.044699494
0.23335992,0.23081785,0.22872034,0.22870657,0.22525096,0.21748216,0.22889462,0.22533631,0.21701607,0.23184587,0.24287549,0.24416651
-0.11163412,-0.15724231,-0.18237281,-0.20316553,-0.21183866,-0.21698156,-0.19977531,-0.18099809,-0.14321016,-0.09391528,-0.039882742,0.022841087
-0.39444238,-0.41405627,-0.4170932,-0.42598188,-0.42109054,-0.41719452,-0.4147966,-0.39915255,-0.3732796,-0.35160884,-0.31770295,-0.29154906
0.002637025,-0.04667969,-0.0826987,-0.10819918,-0.12598976,-0.13288426,-0.1231928,-0.106056765,-0.0728004,-0.0368751,0.015476078,0.06740357
0.34020203,0.27132434,0.20737936,0.18051153,0.15918896,0.14107513,0.13318992,0.13659343,0.15941656,0.19693306,0.22917989,0.26541564
-0.11414275,-0.15580392,-0.18590331,-0.1845164,-0.19263536,-0.2225208,-0.21011174,-0.21481231,-0.22657678,-0.19621438,-0.15101765,-0.15381901
-0.49550965,-0.528418,-0.53471595,-0.5574053,-0.5517108,-0.5660097,-0.55906534,-0.5388048,-0.4992647,-0.4886608,-0.4514455,-0.4244666
-0.09794808,-0.0768549,-0.06566826,-0.052958682,-0.051195137,-0.04673607,-0.05113075,-0.065696895,-0.073253885,-0.09721686,-0.12270281,-0.15275766
0.13526201,0.09427996,0.054852933,0.019349307,0.0028116256,-1.5825033e-05,0.0014404804,0.0053034425,0.024741203,0.052215874,0.09405759,0.1437229
-0.6040267,-0.61337316,-0.6111823,-0.60625285,-0.60408825,-0.6025762,-0.6011135,-0.58876157,-0.56515795,-0.56434137,-0.5490762,-0.54149365
-0.78623474,-0.7537315,-0.7162543,-0.6727514,-0.6595418,-0.661421,-0.6449908,-0.63850063,-0.62332,-0.6540498,-0.6627071,-0.6934518
0.35143366,0.39097774,0.41530135,0.4430038,0.45151415,0.4533913,0.45883685,0.44692445,0.4154163,0.40191945,0.3924538,0.36297527
-0.14386815,-0.09682429,-0.06320987,-0.031232089,-0.0065853894,-0.003951989,-0.008514658,-0.012556538,-0.0347014,-0.05681099,-0.07574308,-0.13011372
0.28102213,0.2561226,0.24413124,0.2191846,0.21823524,0.21681826,0.1990324,0.21329121,0.23587649,0.26320717,0.2804034,0.29671955
1.1622444,1.1724156,1.1600567,1.1320982,1.0957835,1.055133,1.1167254,1.0726502,1.0100467,1.0028002,0.942199,0.9562566
-0.23110743,-0.23860998,-0.2405482,-0.24029523,-0.23681857,-0.23834485,-0.2320437,-0.2205508,-0.20855522,-0.20228148,-0.18039396,-0.17075013
-0.23809657,-0.289087,-0.317078,-0.33526516,-0.35402328,-0.35271776,-0.35676926,-0.32676739,-0.28750437,-0.25019234,-0.20477171,-0.16500118
-0.157651,-0.20606548,-0.23071772,-0.26157814,-0.2708171,-0.27131397,-0.26943812,-0.26898757,-0.24524131,-0.2152923,-0.17568746,-0.12733851
-0.25326476,-0.24730958,-0.23596364,-0.22817431,-0.22095473,-0.22135323,-0.21225354,-0.2176282,-0.2155515,-0.21181875,-0.21009438,-0.22070377
-0.22960961,-0.222166,-0.2159363,-0.20723984,-0.20853092,-0.20186834,-0.20027307,-0.2013525,-0.21964781,-0.22618192,-0.23901372,-0.2515192
0.24329671,0.23273386,0.22502425,0.21445158,0.21176006,0.20619181,0.2167032,0.2215037,0.22131771,0.23386613,0.25003392,0.27559668
-0.68735564,-0.6867939,-0.6719879,-0.6589669,-0.64730275,-0.6416541,-0.63068086,-0.6271668,-0.6049699,-0.5947636,-0.5682229,-0.55544126
-0.08572074,-0.04087186,-0.007488832,0.023250937,0.05378887,0.058024213,0.054233342,0.025102407,-0.013441384,-0.0437027,-0.097109415,-0.14473769
-0.31098142,-0.34339043,-0.36059085,-0.3761513,-0.3901744,-0.38561884,-0.38199776,-0.3586506,-0.32962716,-0.2939184,-0.25980547,-0.22314602
0.12249488,0.16945548,0.19830893,0.21356353,0.23363096,0.23744732,0.23301497,0.20879209,0.18196687,0.14471278,0.096456155,0.069874816
-0.24182752,-0.24364822,-0.24660186,-0.25150335,-0.25606596,-0.2537444,-0.25939834,-0.25955108,-0.24008094,-0.251862,-0.2537974,-0.25416318
0.51342493,0.57510185,0.62015724,0.629772,0.66566014,0.65997064,0.6234588,0.6199234,0.6015328,0.5692448,0.5210924,0.44548398
-0.20467275,-0.26797116,-0.3126272,-0.35105443,-0.38469133,-0.38092622,-0.37423027,-0.3624795,-0.31495044,-0.28298151,-0.22614162,-0.15163943
0.15572758,0.14860334,0.13812768,0.14015728,0.127518,0.1244668,0.1318352,0.12324103,0.12529734,0.1319971,0.12836835,0.14454195
-0.033102524,-0.02390895,-0.01856536,-0.0031692795,-0.0011360962,-0.014095491,-0.004685078,-0.010693099,-0.034285396,-0.030406315,-0.031569622,-0.05449614
-0.56107634,-0.6161243,-0.6470317,-0.66832554,-0.6856149,-0.68555343,-0.68694276,-0.66063523,-0.61011815,-0.5782814,-0.5389633,-0.4942637
0.19245619,0.18983114,0.18035968,0.16509661,0.16695093,0.1725158,0.16059476,0.16214626,0.16926669,0.16914934,0.16199932,0.17456575
0.26163703,0.29235825,0.31118798,0.32129696,0.33348092,0.33803457,0.3307439,0.3079186,0.2848938,0.2690553,0.2351234,0.20840251
0.004919678,-0.12800285,-0.18658154,-0.2751985,-0.31362182,-0.29994047,-0.34265152,-0.31756842,-0.28804314,-0.18697023,-0.11528863,0.0029902253
0.17778237,0.19022885,0.20195617,0.23056227,0.23055434,0.22941497,0.22929433,0.21462643,0.168031,0.17507178,0.15743831,0.11491167
0.5440983,0.5687343,0.59468377,0.60264003,0.60938054,0.61402166,0.61458594,0.5874001,0.5419818,0.55894685,0.5252359,0.49770257
-0.27426115,-0.22775581,-0.20187677,-0.1712798,-0.16078739,-0.17860535,-0.1393448,-0.13769686,-0.14901277,-0.19617218,-0.21050735,-0.22668937
-0.006661876,-0.014118039,-0.013535246,-0.0028561451,-0.012778488,-0.008751858,-0.009340497,-0.029378407,-0.029486448,-0.03220135,-0.044228643,-0.049427684
-0.110613115,-0.0730735,-0.05233828,-0.032956302,-0.011902124,-0.0064344406,-0.013642758,-0.027635887,-0.04804454,-0.08189581,-0.12079482,-0.15541676
0.059286892,0.07236408,0.07642331,0.08321213,0.07672867,0.07581144,0.082366616,0.08245351,0.06773796,0.06340307,0.04630347,0.035209168
-0.21365388,-0.18285081,-0.17833838,-0.18277943,-0.19369145,-0.18929024,-0.18307418,-0.16829267,-0.18447521,-0.22091837,-0.25220346,-0.2589269
0.035268977,-0.0037087202,-0.04729891,-0.07394293,-0.10404688,-0.10118921,-0.092734516,-0.082300544,-0.0540232,-0.022204667,0.010487542,0.061928257
-0.17144305,-0.21593547,-0.2521034,-0.27749473,-0.3034309,-0.30485395,-0.2968942,-0.27672714,-0.23465365,-0.21297672,-0.16586277,-0.11530416
-0.30985913,-0.34028864,-0.35508168,-0.37386668,-0.38154042,-0.3781941,-0.3892063,-0.35915625,-0.32335654,-0.2953293,-0.2559252,-0.2312626
0.23681802,0.25076938,0.2526194,0.25910154,0.2649886,0.25573042,0.25540832,0.24433982,0.23469055,0.21051343,0.18773882,0.17047863
0.00041958224,0.013792266,0.023830561,0.036568303,0.038719203,0.037024636,0.041047655,0.03898041,0.028342132,0.018501619,0.00386322,-0.008139076
-0.76293504,-0.77322555,-0.77601665,-0.7679958,-0.7790642,-0.7793644,-0.7582071,-0.7364907,-0.71052766,-0.71329874,-0.6928102,-0.6713796
0.059091657,0.04851693,0.038048416,0.043218,0.04651323,0.04319246,0.053095564,0.0727897,0.060921937,0.093983866,0.13701235,0.1396521
-0.19294219,-0.18407051,-0.16859412,-0.15964428,-0.14577267,-0.14210472,-0.14597848,-0.14247613,-0.13081998,-0.12813142,-0.1176364,-0.12890974
0.419797,0.40309957,0.38823867,0.37672663,0.37174624,0.36419487,0.36843586,0.35761973,0.35966164,0.37992862,0.38850808,0.39830193
-0.10427664,-0.072056256,-0.05316829,-0.042632252,-0.030705735,-0.021901041,-0.035878807,-0.028508797,-0.046620958,-0.07607989,-0.107516184,-0.13649414
-0.85411805,-0.82440674,-0.7914822,-0.7570633,-0.7529441,-0.74117184,-0.7198265,-0.7091524,-0.7140419,-0.72462666,-0.71918356,-0.7312198
0.3648616,0.35684365,0.34663588,0.34130996,0.32460064,0.3154468,0.32479942,0.30994934,0.31149215,0.3157651,0.30641073,0.31606448
-0.22528231,-0.29622662,-0.33086085,-0.36006364,-0.39401442,-0.39933655,-0.38341433,-0.37261227,-0.28822756,-0.2368158,-0.1706477,-0.09024173
0.48984456,0.49185538,0.4938418,0.49800292,0.49575734,0.49273226,0.49095437,0.47703725,0.4732485,0.47943613,0.47796112,0.48478967
-0.19278406,-0.23549297,-0.26100376,-0.28122216,-0.29638824,-0.2965651,-0.28906852,-0.2690113,-0.23809722,-0.21434057,-0.17420392,-0.12498697
-0.4859524,-0.4607062,-0.4364253,-0.4181166,-0.39172968,-0.38936514,-0.40694815,-0.3928566,-0.35521224,-0.38382435,-0.38979143,-0.42399472
0.2830145,0.1892528,0.119472414,0.055315346,0.02134192,0.017296791,0.023404658,0.061746746,0.122115314,0.1999527,0.29089665,0.4025156
-0.07930474,-0.074521154,-0.075163014,-0.06987244,-0.04468415,-0.041808568,-0.06536909,-0.05776152,-0.053384833,-0.06416807,-0.06655223,-0.095983125
0.28419948,0.31886634,0.3455534,0.37661445,0.39778626,0.39974335,0.38304484,0.3649356,0.33678204,0.320296,0.28068012,0.2332667
-0.40277135,-0.40174687,-0.3995315,-0.3941009,-0.38746417,-0.3820025,-0.3864583,-0.37341246,-0.36854446,-0.36821285,-0.3627564,-0.37522957
0.02140104,0.122425094,0.19830017,0.25353396,0.2951684,0.30487412,0.2893425,0.24722293,0.17093784,0.09236988,-0.013956182,-0.13246079
-0.13361913,-0.09629105,-0.07320064,-0.050280213,-0.04210402,-0.040745333,-0.038245887,-0.048765548,-0.067164585,-0.10310148,-0.14246744,-0.18077601
0.122496516,0.13373561,0.14094071,0.1572672,0.15506124,0.15228482,0.16296132,0.15938234,0.14265494,0.14766274,0.14162862,0.1313065
0.21974581,0.21541493,0.2100454,0.20229432,0.19592245,0.19462264,0.20239982,0.20290081,0.20397224,0.22493961,0.24998194,0.25662535
0.3249287,0.2683115,0.2220501,0.19855434,0.16951771,0.16262898,0.16722623,0.18317327,0.21629871,0.2687049,0.3105468,0.37667266
-0.34788135,-0.34138972,-0.32368448,-0.31673133,-0.30986494,-0.30863452,-0.30021554,-0.2970043,-0.28886676,-0.29776588,-0.29418254,-0.29007202
-0.042790636,-0.039640862,-0.035350148,-0.041842755,-0.02848395,-0.02729842,-0.034092043,-0.032955185,-0.008690681,-0.004865624,0.00714756,0.004419714
-0.9629489,-0.95669407,-0.9354813,-0.91785085,-0.9218439,-0.90164673,-0.9071373,-0.9065015,-0.9101453,-0.92846656,-0.9373013,-0.9502005
0.36700243,0.3013379,0.25672212,0.2168962,0.18765439,0.18268904,0.1709266,0.19187361,0.21353638,0.27085212,0.3204965,0.3567339
0.19233347,0.22077152,0.2334758,0.2430065,0.24595931,0.24909508,0.24973589,0.24272266,0.21180257,0.19669713,0.16705391,0.1478871
-0.014937239,-0.00798893,0.0016584024,0.0039052367,0.006479025,0.0072367564,0.010980427,0.00062342733,0.0006745532,0.0049733818,0.00038821064,-0.0027619684
-0.4034633,-0.4038758,-0.40419936,-0.3998621,-0.39542675,-0.39063835,-0.38661402,-0.37807927,-0.36957985,-0.37304667,-0.36839047,-0.36157027
0.4725234,0.46608526,0.4530901,0.43059748,0.42516965,0.41381124,0.43288058,0.45291868,0.4624383,0.49541435,0.5299273,0.5688817
-0.16306476,-0.17470784,-0.17949085,-0.18658422,-0.19583789,-0.19308475,-0.19285917,-0.18247357,-0.1723897,-0.15715697,-0.1514328,-0.13521416
1.1221505,1.0995134,1.0479397,1.0550817,1.0040929,1.0089734,0.97713304,0.97403485,0.9725085,0.97792464,0.9145382,1.0144497
-0.40138352,-0.42399007,-0.43278563,-0.43780676,-0.451078,-0.4498129,-0.4373383,-0.42206866,-0.40751848,-0.39647552,-0.36561638,-0.33275062
-0.18612528,-0.23542441,-0.26748288,-0.2902151,-0.30229357,-0.31110746,-0.29504886,-0.27331117,-0.22764397,-0.18023482,-0.12117611,-0.068552434
0.43497795,0.40213835,0.3689482,0.3456045,0.31859323,0.3081658,0.31071123,0.31599557,0.3266493,0.35192347,0.36281395,0.39861646
0.0860616,0.13965663,0.17359835,0.20564526,0.22495946,0.22692595,0.21805897,0.19544111,0.16056152,0.111972764,0.053791024,-0.0057177134
0.6270388,0.67106336,0.6853201,0.69069296,0.7110533,0.69405186,0.69295985,0.67417836,0.6307567,0.58683693,0.5398907,0.48133424
0.069176495,0.073277324,0.07852107,0.082465895,0.08761811,0.085923016,0.0796647,0.07696563,0.07147901,0.060446735,0.05547377,0.03900509
0.03578021,0.08621416,0.120597996,0.15190531,0.17082909,0.16706458,0.17193775,0.15350339,0.120448396,0.082178734,0.038880475,-0.013811151
-0.008843313,-0.009927161,-0.007066114,-0.01629997,-0.013320502,-0.00996162,0.0032139868,0.006384192,0.010571167,0.019554708,0.039688252,0.0687116
0.3450128,0.3165571,0.29513922,0.27062726,0.26079068,0.264081,0.25485927,0.2626118,0.27566323,0.29963213,0.31655332,0.3512139
-0.042621486,-0.0663106,-0.08176355,-0.0935182,-0.10394513,-0.10785454,-0.10163155,-0.09137441,-0.061832946,-0.040022958,-0.0040037967,0.025535924
-0.29150337,-0.29599905,-0.29602993,-0.29319644,-0.2893869,-0.28841236,-0.2806203,-0.26620498,-0.2533195,-0.25020114,-0.24189907,-0.22172594
0.18079971,0.20984724,0.2339368,0.243976,0.2554891,0.25817192,0.25365022,0.23966992,0.22551398,0.20609713,0.1850232,0.15684727
-0.65001035,-0.67180943,-0.6829989,-0.694692,-0.7082957,-0.7014606,-0.67871726,-0.6452765,-0.61425436,-0.59203553,-0.5358779,-0.4836556
0.2545234,0.26242024,0.26579416,0.26391265,0.267729,0.284093,0.25737268,0.23767988,0.20425622,0.1969104,0.16499293,0.1534669
0.2887762,0.22121207,0.1760128,0.14446574,0.108784705,0.10659164,0.12100494,0.1411134,0.16633853,0.24634251,0.30332494,0.37960875
0.107893564,0.15650603,0.19812913,0.23002848,0.25446886,0.2560677,0.25580937,0.24077667,0.20769316,0.19256628,0.14942923,0.089538
-0.26537615,-0.093957484,0.033803165,0.12775189,0.1958443,0.20980388,0.21378785,0.14962107,0.032934338,-0.08716136,-0.23542733,-0.39054924
0.61173165,0.59417516,0.5840601,0.56506586,0.5535298,0.5549274,0.5587604,0.54255265,0.55314857,0.5887729,0.6088581,0.6486623
-0.34643275,-0.3336387,-0.31307632,-0.31089032,-0.28707737,-0.2827092,-0.27775073,-0.27048555,-0.25005072,-0.25686774,-0.2515081,-0.24016608
0.44160515,0.54999745,0.60490435,0.67491686,0.7327143,0.7367442,0.7247873,0.7244661,0.63578194,0.585656,0.5428817,0.4271238
0.17625155,0.25315204,0.3138765,0.36776876,0.40595797,0.41874868,0.37941337,0.33613187,0.2903248,0.23982872,0.15259588,0.04396264
-0.2676754,-0.272686,-0.27985445,-0.28334326,-0.28301245,-0.28641966,-0.2897256,-0.28028485,-0.25275517,-0.27084285,-0.26952323,-0.2651584
0.017284855,0.020132028,0.02393001,0.019947823,0.021663861,0.024319235,0.03526537,0.046597533,0.04180929,0.048054963,0.055175055,0.07275263
0.40180796,0.45352864,0.48590037,0.51718235,0.5390051,0.55226046,0.5324258,0.5010377,0.46677774,0.42942244,0.36186543,0.32917315
-0.04815856,-0.0455286,-0.03997259,-0.03737111,-0.03972093,-0.038709704,-0.042855054,-0.054429457,-0.08351501,-0.10176218,-0.12498392,-0.14612442
0.5554224,0.77724767,0.9343873,1.0601628,1.1359682,1.1539733,1.1218733,1.0095451,0.8484557,0.6611172,0.41633093,0.18212584
0.000790352,-0.017360259,-0.035791263,-0.046937767,-0.058555715,-0.063487016,-0.065403864,-0.05265388,-0.029669795,-0.028029038,-0.012443578,0.0030677374
0.13120344,0.17326848,0.20103492,0.22231342,0.24097186,0.24311322,0.24381039,0.22651446,0.20262,0.17103253,0.13835694,0.10713429
-0.43268025,-0.47642592,-0.50271386,-0.52068835,-0.531601,-0.52358973,-0.5263631,-0.509326,-0.504305,-0.46317032,-0.4331855,-0.39604047
-0.033941064,-0.061224803,-0.06924798,-0.085916154,-0.08445691,-0.08538231,-0.057545096,-0.058587976,-0.078692794,-0.041741222,-0.022141233,0.020570967
0.5605458,0.62578535,0.6788634,0.70899,0.7400326,0.7234343,0.71442515,0.6622952,0.61504656,0.52640843,0.46116412,0.36669028
0.23936944,0.3406591,0.41406643,0.47794688,0.5132951,0.5163693,0.5120859,0.45819294,0.38123405,0.30637023,0.2114896,0.10240047
-0.06338456,-0.10421472,-0.13330024,-0.16482791,-0.17672163,-0.18475062,-0.17880493,-0.17328273,-0.15125236,-0.11974262,-0.09199494,-0.050970383
0.67440856,0.71298414,0.73628235,0.748589,0.7562018,0.7481685,0.76307166,0.7493832,0.6900092,0.69761175,0.68897396,0.6494504
-0.1349254,-0.12953731,-0.12544127,-0.11706438,-0.11306733,-0.10806698,-0.11728299,-0.11706719,-0.11203417,-0.11725603,-0.122440204,-0.13729382
0.1699316,0.11228123,0.06467976,0.036255762,-0.00083993375,-0.029199108,0.029069617,0.04464984,0.031831846,0.12973154,0.18183321,0.2473146
0.02879059,0.03614241,0.04618793,0.05070502,0.0591196,0.06049687,0.067920804,0.065505244,0.055235147,0.058428504,0.05937584,0.063975416
-0.10392904,-0.06554835,-0.034517273,-0.009423666,0.004585795,0.010840833,0.0071254447,-0.006367713,-0.033689216,-0.058510773,-0.0872231,-0.12590356
-0.23992994,-0.26964083,-0.28700584,-0.28822094,-0.30230147,-0.30159143,-0.30456012,-0.29336703,-0.26463577,-0.25025645,-0.21979949,-0.21480408
-0.050151512,-0.061583385,-0.0642088,-0.07352135,-0.076626986,-0.075277396,-0.06843187,-0.06427079,-0.064870626,-0.049418353,-0.030656703,-0.01123749
