0.25304863,0.19052097,0.16479693,0.1399605,0.1234726,0.101916224,0.10633716,0.09450008,0.0762528,0.1464563,0.16832912,0.1875418
-0.30634996,-0.2718019,-0.24293895,-0.22716457,-0.22712484,-0.20055257,-0.19489698,-0.18787271,-0.19715539,-0.21056159,-0.23033224,-0.24959442
-0.29911277,-0.27804324,-0.26673856,-0.2532469,-0.2419438,-0.23050894,-0.22220989,-0.21427691,-0.19974647,-0.20582698,-0.21276794,-0.21387096
0.05849225,0.055921823,0.039979964,0.051845476,0.06916475,0.055669054,0.057132244,0.05930128,0.054915756,0.06451886,0.05397777,0.045755193
-0.1490213,-0.19454363,-0.24656887,-0.27737638,-0.2987545,-0.29170078,-0.28150615,-0.26519835,-0.2133632,-0.16487911,-0.09780368,-0.009860221
-0.09594717,-0.09806442,-0.09305352,-0.10428212,-0.10995752,-0.09902735,-0.10147853,-0.09786487,-0.10929634,-0.08360419,-0.07753051,-0.06848151
-0.027159002,-0.028629586,-0.025509153,-0.016254421,-0.033135112,-0.038870756,-0.019698799,-0.015708514,-0.033291496,-0.03129036,-0.036083076,-0.022209065
-0.017928142,-0.022575233,-0.022757504,-0.01736952,-0.015923738,-0.019098956,-0.01330588,-0.008935449,-0.0067099733,-0.006446806,-0.010490421,-0.0019235574
-0.06789254,-0.06617472,-0.052492034,-0.03940943,-0.02905417,-0.023942985,-0.038137283,-0.03414313,-0.030611485,-0.03461583,-0.04885433,-0.07739178
0.18045501,0.19605814,0.20491576,0.21681002,0.20032874,0.1912299,0.2101749,0.19734785,0.16629604,0.14406192,0.10687223,0.08790606
-0.5149589,-0.5349544,-0.54622126,-0.54532,-0.5541056,-0.5396298,-0.52501106,-0.48227546,-0.4461792,-0.40278357,-0.3580679,-0.30255365
0.3258289,0.26506773,0.21025886,0.1957401,0.15227024,0.13699977,0.12160492,0.14087772,0.15141577,0.17430559,0.22382663,0.26941752
-0.37852737,-0.4104081,-0.4378771,-0.45499894,-0.46613553,-0.4497739,-0.44101164,-0.40705967,-0.36411005,-0.30631426,-0.24725063,-0.1767578
0.36686066,0.38536757,0.40476933,0.4197467,0.4045314,0.39961097,0.39097384,0.364034,0.3162108,0.26769865,0.22312935,0.17398046
-0.028196799,-0.0070908517,0.00023747236,0.007617183,0.009905651,0.02407933,0.014868692,0.012923688,0.008910704,-0.0022688545,-0.020723578,-0.048915558
-0.35083988,-0.35140845,-0.35021946,-0.34735957,-0.3389723,-0.32790086,-0.3209078,-0.29916757,-0.27857447,-0.25701612,-0.23501487,-0.21203427
-0.17299257,-0.09290251,-0.033911794,0.021295771,0.04347022,0.06562652,0.070965365,0.048337296,0.007910997,-0.055100635,-0.14247456,-0.2329003
0.1688048,0.17164332,0.15819785,0.14992152,0.16010445,0.15230432,0.15285923,0.1435088,0.14012294,0.13478509,0.13424094,0.12962249
0.32171625,0.34744206,0.36629185,0.40143162,0.39937317,0.3861553,0.3866275,0.35258746,0.3051276,0.26673278,0.19686645,0.12944153
0.45379704,0.38410285,0.30017608,0.24298725,0.24091586,0.19708186,0.18866038,0.19310382,0.21125469,0.24652155,0.32856482,0.3943333
0.3345926,0.46009815,0.5706599,0.6349653,0.6415425,0.6593217,0.6547027,0.58580816,0.48534262,0.34586322,0.16752306,-0.01882267
-0.014919072,-0.05456212,-0.0940544,-0.115403086,-0.12863901,-0.13013448,-0.13580891,-0.11139672,-0.08256798,-0.03797505,0.007535941,0.05386658
0.250007,0.2581703,0.23956609,0.24416253,0.2496684,0.23907983,0.24267393,0.23186794,0.19832557,0.17821105,0.16842796,0.14839964
-0.49224705,-0.4811508,-0.46260077,-0.44293317,-0.4409261,-0.41734594,-0.4091685,-0.39032495,-0.3771136,-0.367995,-0.3587463,-0.33954448
0.12642986,0.10174381,0.09637041,0.07650987,0.07423847,0.058048695,0.062276527,0.062330097,0.056670837,0.06666538,0.084342465,0.10700729
-0.4410349,-0.44025686,-0.4406751,-0.43606248,-0.43063152,-0.4240411,-0.40011263,-0.37498596,-0.34455645,-0.33317098,-0.30624375,-0.26251724
0.4771971,0.44443166,0.42247087,0.40076876,0.3620722,0.34724182,0.333638,0.33419606,0.3132097,0.3054967,0.3113977,0.3068201
-0.21517181,-0.22724967,-0.23839886,-0.23857616,-0.2371301,-0.23432156,-0.23218128,-0.20565706,-0.17773062,-0.16176124,-0.13339911,-0.10336887
0.15196027,0.12986311,0.09683522,0.07499686,0.07695207,0.06590081,0.06813186,0.07990806,0.077758774,0.092652276,0.12556006,0.14811522
-0.05925273,-0.043869328,-0.033949457,-0.026522003,-0.021147788,-0.011224613,-0.012521386,-0.02060952,-0.018308938,-0.026062243,-0.042240374,-0.06286052
0.07056035,0.055414878,0.05039487,0.045155495,0.038050514,0.035562426,0.03201443,0.028915958,0.04206755,0.046985343,0.05330107,0.06421612
0.16475584,0.14268154,0.12321319,0.11697163,0.11014872,0.0920649,0.0931044,0.09742667,0.09435125,0.10399069,0.12215416,0.13808078
-0.049174972,-0.105430976,-0.14785172,-0.16787185,-0.17025876,-0.1744836,-0.18242633,-0.16212511,-0.11908995,-0.06349726,-0.0019162614,0.06232163
0.20182669,0.22183248,0.24023305,0.2330723,0.22274071,0.23032013,0.22447164,0.2078985,0.20216046,0.18134722,0.13878861,0.102963425
0.01430833,-0.02951084,-0.07159437,-0.09713763,-0.114157155,-0.12651393,-0.121728875,-0.09131359,-0.07018553,-0.02108131,0.026580414,0.08387928
0.113316104,0.10756047,0.09536107,0.0873399,0.08977137,0.07944137,0.0814063,0.079474,0.072051816,0.0712999,0.08104865,0.084113434
-0.10443194,-0.08553691,-0.09927067,-0.11250724,-0.09687336,-0.100013554,-0.065138586,-0.07466552,-0.07564472,-0.07528989,-0.06501181,-0.03473123
0.55943,0.49378133,0.42232373,0.3937537,0.3779487,0.36059728,0.33563498,0.340232,0.33015728,0.35534668,0.41191077,0.44055018
0.101158604,0.07907246,0.06518,0.05050057,0.03935584,0.033218488,0.029640973,0.040585656,0.04318828,0.04995605,0.07612389,0.09553863
0.0044656247,-0.022021715,-0.044226147,-0.050673433,-0.05515057,-0.061839566,-0.06850067,-0.056027114,-0.03266523,-0.014980573,0.008191128,0.034545496
0.047523167,0.10153605,0.11802376,0.13611993,0.15233752,0.14375462,0.17985132,0.15385523,0.12387176,0.07418677,0.03069753,0.008817036
0.14231843,0.14177169,0.14507413,0.1419964,0.13493879,0.12873176,0.12390518,0.11976447,0.10864212,0.09320375,0.08472147,0.07344744
-0.8332518,-0.80041814,-0.7889707,-0.7498348,-0.74060076,-0.7020964,-0.6778758,-0.63613015,-0.61116284,-0.57996744,-0.57071674,-0.54024345
0.2489632,0.17223242,0.107943,0.05228448,0.035276443,0.018243372,0.012383327,0.04488282,0.07847569,0.13665399,0.21998587,0.3094471
0.15028045,0.09789817,0.047492117,0.020857066,0.0033475906,-0.00074219704,-0.019945666,-0.011141315,0.0041521043,0.046373665,0.11646329,0.17661476
0.23625103,0.16140737,0.0987294,0.06876123,0.026474148,0.011419505,0.002378583,0.033568233,0.052878812,0.11037891,0.16528459,0.24358146
0.21514846,0.2286029,0.23353894,0.24677035,0.24348879,0.24271886,0.23095432,0.21855783,0.19117884,0.17669268,0.14701557,0.10720528
-0.49034503,-0.50570107,-0.47929013,-0.4743014,-0.44787365,-0.4538368,-0.44819158,-0.42681938,-0.3841718,-0.34434485,-0.326397,-0.29365608
0.14790764,0.1295383,0.118919864,0.11923394,0.114552334,0.09633914,0.09515464,0.104205936,0.09161,0.103006706,0.11378784,0.1207317
-0.40168995,-0.41093656,-0.42800847,-0.4340878,-0.43115425,-0.4102854,-0.40847376,-0.38520604,-0.34446952,-0.31373155,-0.2650288,-0.21702687
-0.03524527,-0.07526048,-0.108117595,-0.12513898,-0.13638628,-0.14144199,-0.14235032,-0.125633,-0.102967985,-0.063509166,-0.016400818,0.03591878
-0.35938385,-0.35547122,-0.35606813,-0.3542604,-0.34701684,-0.33320066,-0.31921634,-0.30670837,-0.2858316,-0.27353933,-0.24567771,-0.21299212
-0.5065349,-0.47973192,-0.46693423,-0.4494441,-0.43607235,-0.40715286,-0.39872995,-0.38394403,-0.35713056,-0.34372002,-0.3511531,-0.35190967
0.0022005187,-0.00049020746,-0.0053398,-0.0059930617,-0.010486433,-0.0131043885,-0.010726368,-0.01323636,-0.0081596635,-0.0008982804,-0.004682662,-0.0022211154
0.049295217,0.033953995,0.025449317,0.020923428,0.014977012,0.014872167,0.0020177476,0.009726498,0.011426825,0.023580678,0.03247389,0.03589905
-0.062041547,-0.08131318,-0.09950691,-0.13391148,-0.13665068,-0.12995058,-0.12558888,-0.12610662,-0.08826429,-0.050742332,-0.025004558,0.020259902
0.011475705,-0.044482328,-0.08845699,-0.12435313,-0.13755895,-0.14659077,-0.14931312,-0.12803479,-0.09649727,-0.043980725,0.024587188,0.0972493
-0.036231883,-0.04046889,-0.0445375,-0.058469765,-0.063483775,-0.05058829,-0.052026358,-0.055565167,-0.04634166,-0.027727045,-0.014758007,0.0038131606
-0.18259878,-0.22897938,-0.25647157,-0.27357876,-0.27683508,-0.28272042,-0.2842957,-0.2559789,-0.21422976,-0.16386458,-0.107026614,-0.040128753
-1.3265716,-1.2378451,-1.1502262,-1.1000617,-1.0459425,-0.9853995,-0.94735205,-0.9283582,-0.88978195,-0.87215686,-0.90494215,-0.9189312
0.06534382,0.07296493,0.09212227,0.09028815,0.08214814,0.0790851,0.081916235,0.081288524,0.0619212,0.047135677,0.035125762,0.02553523
-0.03563097,-0.043066554,-0.056653947,-0.0797337,-0.09730317,-0.07451813,-0.0793975,-0.07632239,-0.041127853,-0.015170261,-0.0062739532,0.014653157
0.06455459,0.061127856,0.05399686,0.043985408,0.03692304,0.0444495,0.038718898,0.03755367,0.04336423,0.04498723,0.04852062,0.056454204
-0.068290286,-0.05959867,-0.046358567,-0.036234673,-0.027788837,-0.022801924,-0.02617193,-0.034095313,-0.03249633,-0.037442967,-0.051522873,-0.06804848
0.3161666,0.35282573,0.37532857,0.38715285,0.39953697,0.38826448,0.39240804,0.36083966,0.3197124,0.27230003,0.21578665,0.15319064
-0.5585454,-0.55479723,-0.545495,-0.53220874,-0.5380536,-0.5125699,-0.49616066,-0.46660128,-0.44188818,-0.4170665,-0.39653292,-0.35130212
-0.21152227,-0.1535584,-0.112078,-0.069974735,-0.05249913,-0.053190872,-0.026441142,-0.027614936,-0.051191986,-0.07336698,-0.14349902,-0.17041238
0.031965155,0.07216925,0.10299118,0.11954869,0.13382211,0.14053985,0.13412791,0.111149326,0.07219946,0.03512191,-0.006043867,-0.06342499
0.32351935,0.3151693,0.27503854,0.2682074,0.2812828,0.2630767,0.2632172,0.2676909,0.2281668,0.24724594,0.2567956,0.23732267
0.5097774,0.5122328,0.5052808,0.48860815,0.46732455,0.44899854,0.44387445,0.43494993,0.39708865,0.36551768,0.3447318,0.31627297
-0.07426788,-0.09435525,-0.12775761,-0.14875717,-0.14347255,-0.13589115,-0.13412282,-0.14157514,-0.12534073,-0.10013248,-0.05261444,-0.014542818
0.11107015,0.09105989,0.08586245,0.0871351,0.08991756,0.073299475,0.068591826,0.059780955,0.106054455,0.074090846,0.09923283,0.1174496
0.08138484,0.07502509,0.07459448,0.088205114,0.10624853,0.08630546,0.08780624,0.078473374,0.066790804,0.05827745,0.050788492,0.043196443
0.1510781,0.14195518,0.13562877,0.13547395,0.12924252,0.12094974,0.1192511,0.117228076,0.10682662,0.101496086,0.09878112,0.10161474
0.069995224,0.066016436,0.051852044,0.038062982,0.038255993,0.039226357,0.03610476,0.03116969,0.029804893,0.034727424,0.046597093,0.048247103
-0.5117529,-0.49556172,-0.46569648,-0.45725197,-0.4476282,-0.42917144,-0.40880117,-0.4024471,-0.40552106,-0.39265442,-0.37504134,-0.3424218
-0.05592849,-0.026851542,-0.0010762811,0.010158762,0.018111147,0.0211204,0.030989982,0.02666518,0.015105382,-0.011560567,-0.03620203,-0.054934394
0.17971495,0.10765216,0.04637964,0.009805381,-0.009031743,-0.024032816,-0.038829595,-0.013750806,0.020236522,0.072236404,0.14651342,0.2174735
-0.06006082,-0.036920276,-0.01622511,-0.0029738694,0.003858693,0.008236021,0.004685495,0.0014979765,-0.0149386,-0.034471378,-0.057902157,-0.0906288
-0.62393034,-0.57302946,-0.5393923,-0.5017415,-0.48433453,-0.4640348,-0.43318295,-0.41814,-0.4013467,-0.4064843,-0.4305455,-0.43290818
-0.10070766,-0.11998093,-0.13559376,-0.14534456,-0.1433334,-0.1527609,-0.14644301,-0.13050507,-0.11651634,-0.0974555,-0.062013537,-0.027784828
-0.9362138,-0.890029,-0.8738101,-0.81274396,-0.7830402,-0.7347827,-0.7183083,-0.6835063,-0.6576379,-0.6300069,-0.6204118,-0.60719424
-0.17644764,-0.12831336,-0.084368736,-0.058227673,-0.05915633,-0.038326114,-0.032885805,-0.038143933,-0.06055613,-0.080053635,-0.1381424,-0.18798435
0.10851443,0.104158044,0.101740845,0.107123904,0.1032503,0.09756036,0.09681698,0.08835702,0.06996227,0.07453552,0.07140666,0.06711197
0.010045528,0.05119771,0.07668157,0.09779136,0.12302275,0.12105848,0.1263146,0.10795577,0.0936141,0.06889459,0.012117873,-0.048657075
0.24977712,0.2401884,0.22390237,0.20393932,0.19139048,0.1936906,0.18511458,0.17840865,0.18255424,0.18839264,0.18982156,0.18976837
-0.09253147,-0.08140332,-0.08302044,-0.07281774,-0.053257443,-0.06032934,-0.040018495,-0.043339375,-0.038416978,-0.05155606,-0.05793924,-0.054443672
-0.009370257,-0.031157404,-0.047041275,-0.059580904,-0.059389573,-0.060915995,-0.06357517,-0.059145756,-0.040250365,-0.015644852,0.0052058958,0.02966244
0.18514702,0.1609214,0.13482979,0.11192572,0.104518816,0.09926382,0.08886552,0.08720244,0.08556845,0.09347693,0.12934977,0.14605853
0.07195063,0.04691406,0.026627537,0.009282287,0.001278691,0.0037611797,-0.0043658763,-0.0016447939,0.0028690547,0.03958399,0.06186857,0.08112144
-0.33224356,-0.3741691,-0.41779625,-0.44240424,-0.46138647,-0.44240427,-0.43663582,-0.39740187,-0.3396302,-0.27973038,-0.21437761,-0.13484882
-0.36884898,-0.35060388,-0.3348553,-0.3143877,-0.3403228,-0.29781455,-0.2919167,-0.2827947,-0.26111642,-0.24532372,-0.2603035,-0.24768043
0.2519744,0.25728178,0.27051976,0.29252458,0.29693702,0.27420655,0.26989627,0.2558253,0.23005879,0.18889683,0.16820371,0.1371235
0.4100089,0.56264615,0.68046963,0.7530987,0.7849196,0.7989885,0.7828133,0.69276166,0.5930573,0.4337955,0.23263097,0.009235457
-1.0002377,-0.9894881,-0.9623507,-0.9500961,-0.9326705,-0.94029146,-0.847329,-0.80900246,-0.7782691,-0.7621659,-0.7145136,-0.61189854
-0.191345,-0.19761129,-0.20835567,-0.21379738,-0.20771544,-0.19801722,-0.19880047,-0.19000368,-0.17884973,-0.14801776,-0.12364627,-0.10452821
-0.7312292,-0.6286548,-0.5349933,-0.46984494,-0.43035358,-0.39208338,-0.36811623,-0.37824288,-0.3952172,-0.44380814,-0.5267223,-0.60289276
0.06759569,0.092693284,0.1185844,0.12764,0.14478664,0.1315626,0.13992327,0.10874024,0.083255425,0.04072352,0.023424447,-0.0064245984
0.18505572,0.14641234,0.12250161,0.098009214,0.09217197,0.07735455,0.06736739,0.06921096,0.081953704,0.10495054,0.13981567,0.16915868
-0.54486907,-0.4855537,-0.44119823,-0.4026467,-0.38468504,-0.35403022,-0.33717203,-0.33364594,-0.33738792,-0.35464087,-0.39335683,-0.42018747
-0.05944478,-0.09141601,-0.11415387,-0.13734284,-0.1381743,-0.14043915,-0.15082955,-0.13578518,-0.11203691,-0.07911787,-0.032753386,0.0026945435
0.091325566,0.082273126,0.08568574,0.07318814,0.06745444,0.055687387,0.0604645,0.06658548,0.058170173,0.07674919,0.078315616,0.086396664
0.1290789,0.11932444,0.11673461,0.1142082,0.105884045,0.104320906,0.09182522,0.091249086,0.08439389,0.10426161,0.097365275,0.079163305
0.0838536,-0.0049645603,-0.08002797,-0.12965739,-0.15014756,-0.17152068,-0.1808607,-0.13497579,-0.09986448,-0.023368299,0.07395433,0.16683039
0.1459881,0.16943435,0.17355119,0.20673722,0.20630075,0.21503042,0.2012152,0.18476127,0.16242775,0.13391142,0.09906921,0.048416585
-0.25523403,-0.2430021,-0.22648367,-0.22046666,-0.23161948,-0.20776053,-0.19918238,-0.19177145,-0.182688,-0.18735157,-0.19328624,-0.1858772
0.20707348,0.21102566,0.22948164,0.21925303,0.2117501,0.21334787,0.20007665,0.18246886,0.17929669,0.1715501,0.14787996,0.12473571
0.2348246,0.21858308,0.18585718,0.17099077,0.1722859,0.14398342,0.16356774,0.16043006,0.1587262,0.14862818,0.16943686,0.20451206
0.0529271,0.015669517,-0.017955415,-0.037817206,-0.048367586,-0.052858237,-0.05324442,-0.042122755,-0.020137351,0.007710103,0.0563564,0.1066582
0.19969921,0.10915977,0.01788649,-0.035777837,-0.060811937,-0.08553189,-0.1024611,-0.06060344,-0.030406833,0.032127246,0.155088,0.25369215
-0.014489155,-0.09518105,-0.15535459,-0.18401822,-0.23109412,-0.22438069,-0.23546624,-0.19962487,-0.15914606,-0.095029294,-0.004568519,0.09964364
-0.2440101,-0.24113172,-0.24011712,-0.23149723,-0.23464476,-0.22056295,-0.21470155,-0.20214583,-0.19043714,-0.17234913,-0.16486573,-0.15213
-0.1290358,-0.17229894,-0.20995235,-0.23435222,-0.26068017,-0.2555043,-0.24574143,-0.21242857,-0.17707649,-0.12624177,-0.07191583,0.002173421
0.027743028,-0.014560144,-0.046943713,-0.054896537,-0.07773243,-0.076095775,-0.0763772,-0.052766513,-0.03829638,-0.006801782,0.0183935,0.055676438
-0.44514224,-0.3933419,-0.34045297,-0.30393615,-0.2692406,-0.24378568,-0.2638381,-0.26486978,-0.27389663,-0.2943263,-0.32485318,-0.37558866
0.09476491,0.06607954,0.05025053,0.031413436,0.015773825,0.013310917,-0.002203837,0.0011826605,0.0075090826,0.0205933,0.054317176,0.07892377
0.04468385,0.011026062,-0.008068457,-0.020959571,-0.028490804,-0.0363914,-0.04466173,-0.025920123,-0.01450415,0.015010018,0.04286636,0.076671734
0.3876645,0.4079015,0.416118,0.41614047,0.42165005,0.42342383,0.39662397,0.37512243,0.34510678,0.30898014,0.27965897,0.22584361
-0.14637926,-0.11225584,-0.09717195,-0.07174501,-0.05959416,-0.05821511,-0.045349687,-0.038226485,-0.06147472,-0.11496298,-0.13906747,-0.1648153
0.07823144,0.048356287,0.025089338,0.0013362318,-0.006008044,-0.011478834,-0.016439378,-0.005166918,0.00375814,0.029107913,0.06208152,0.08960521
-0.96020085,-0.9503926,-0.9369114,-0.9128079,-0.9062083,-0.8681861,-0.83653456,-0.7974308,-0.7490738,-0.7085904,-0.66759616,-0.60095763
0.70624334,0.7010766,0.7125343,0.692569,0.6747996,0.6336633,0.6191505,0.61063373,0.5924443,0.56958425,0.5400966,0.5075702
-0.9071513,-0.9147436,-0.8601901,-0.8453575,-0.83911455,-0.8085941,-0.7751245,-0.7794833,-0.751023,-0.72551787,-0.67857784,-0.58529246
-0.48809746,-0.45859927,-0.44946405,-0.43258625,-0.41566858,-0.39463556,-0.3695593,-0.35341215,-0.34630623,-0.33412352,-0.3281057,-0.3066193
-0.2089933,-0.1797781,-0.15424496,-0.12364131,-0.12169345,-0.113500774,-0.1058606,-0.10732967,-0.12225008,-0.1429001,-0.16624165,-0.18637078
0.22944364,0.24968071,0.27409273,0.28413585,0.284903,0.27632234,0.27380323,0.26104987,0.24457929,0.21444635,0.16253094,0.118261755
0.13962151,0.16646574,0.1933769,0.20785686,0.21048334,0.20019504,0.21166116,0.19919842,0.16331242,0.12614393,0.08112099,0.044530287
-0.4277452,-0.40967292,-0.4018478,-0.3860393,-0.3778804,-0.35194784,-0.35245654,-0.32904992,-0.31103554,-0.30249837,-0.2973528,-0.28291884
-0.112695865,-0.12215507,-0.12814802,-0.12410094,-0.11901455,-0.12177333,-0.13051538,-0.11831328,-0.10192419,-0.07313824,-0.06894532,-0.066833094
-0.0506575,-0.102296464,-0.137978,-0.16140468,-0.18124856,-0.18897438,-0.18474329,-0.15994489,-0.125751,-0.08193826,-0.027784212,0.03850856
0.68482447,0.7008974,0.71054095,0.73444885,0.6636677,0.6598438,0.6465045,0.60952586,0.53098166,0.41083193,0.3409621,0.2649405
0.22561723,0.14777574,0.070150286,0.013115108,-0.015597552,-0.02787441,-0.03461638,-0.00794664,0.019236028,0.081993565,0.189417,0.29062352
-1.7573793,-1.6871154,-1.587941,-1.4999582,-1.4281123,-1.3553342,-1.3790293,-1.3029845,-1.1724154,-1.0871619,-1.1652558,-1.2735143
-0.02167654,0.078282446,0.16107684,0.18987384,0.20509964,0.23234874,0.24035221,0.20174104,0.17601341,0.093083605,-0.026901573,-0.13148761
0.01572803,0.081221424,0.13080813,0.15691,0.17533688,0.19555701,0.17989948,0.14378862,0.09466329,0.03675825,-0.026716134,-0.11707264
-0.044937037,-0.051601402,-0.051351134,-0.052729018,-0.05745719,-0.06045516,-0.061206274,-0.053439975,-0.046861768,-0.03477536,-0.030158065,-0.014750238
0.27631962,0.2494284,0.22695407,0.19730595,0.18486314,0.1677522,0.16471043,0.16665936,0.17465527,0.18624052,0.20199019,0.22119157
0.19643995,0.14988272,0.11783801,0.07945414,0.06520493,0.049475938,0.02829209,0.06638947,0.07010421,0.11576753,0.15836735,0.18104143
-0.17615062,-0.15016085,-0.120496005,-0.102383085,-0.09580662,-0.081617,-0.08518824,-0.097297415,-0.103942595,-0.116269976,-0.13990933,-0.16718036
-0.09348792,-0.08737705,-0.07409968,-0.0735071,-0.080642596,-0.067815736,-0.06680252,-0.062065117,-0.056226805,-0.05710507,-0.07026023,-0.07504071
-0.044219248,-0.10708696,-0.13941854,-0.17967823,-0.19939573,-0.20591688,-0.21429697,-0.18690966,-0.15159588,-0.096405655,-0.021833844,0.053830512
0.2670735,0.19167092,0.15414771,0.108943164,0.100274,0.07087809,0.051620156,0.06983499,0.11258611,0.1760694,0.21759015,0.26292112
-0.42368278,-0.4287585,-0.4233958,-0.39568582,-0.4049402,-0.38051888,-0.3634534,-0.351804,-0.3170042,-0.28962085,-0.28326735,-0.24020082
0.4090293,0.35092378,0.29220453,0.25758916,0.24114923,0.22334723,0.20833057,0.21069172,0.22576731,0.2695316,0.31143877,0.34738633
0.31081107,0.25295377,0.21122049,0.1807918,0.1556582,0.14055347,0.12226607,0.13462323,0.14837427,0.1726276,0.22405759,0.26886365
0.14384532,0.10208179,0.07988582,0.06250808,0.060314737,0.058568172,0.038552605,0.03946016,0.058657862,0.08038461,0.11013653,0.12656483
0.073571175,0.018150806,-0.032526523,-0.063296214,-0.081140146,-0.09288253,-0.086530924,-0.07142319,-0.04550884,-0.011878274,0.060971677,0.13981614
0.13071236,0.17962024,0.22085482,0.24718028,0.26154166,0.26542163,0.2594602,0.23502357,0.19159086,0.13859493,0.07277055,-0.0039339997
0.47469172,0.44379455,0.42760321,0.4168731,0.39508185,0.37267956,0.3571337,0.34637633,0.32314336,0.33445668,0.32914293,0.31394225
-0.2236284,-0.21829943,-0.20744477,-0.19378257,-0.19175717,-0.18354997,-0.17284143,-0.16767976,-0.17695498,-0.17465611,-0.1735697,-0.16613431
0.04412484,0.03616197,0.024631446,0.02726626,0.013039899,0.014373342,0.009769897,0.014956486,0.022319382,0.029615028,0.029137833,0.028883375
0.24859214,0.22748476,0.22360769,0.20691259,0.19128451,0.1822374,0.16696647,0.16084272,0.15755643,0.1647697,0.16369209,0.15677966
0.28926712,0.22005925,0.17801476,0.13373867,0.11420341,0.09243992,0.08115798,0.10051747,0.11756849,0.16672057,0.22705026,0.29053608
-0.28773832,-0.27423722,-0.26974693,-0.25655484,-0.24471444,-0.2343369,-0.22646478,-0.2109096,-0.20662431,-0.18492697,-0.18921864,-0.19143257
0.20018598,0.17797014,0.16489372,0.14825696,0.15490016,0.122745536,0.1410061,0.11049222,0.120586224,0.10958855,0.13809593,0.18214844
0.85288227,0.8011222,0.73709244,0.71203876,0.6893591,0.6438847,0.62063074,0.6093179,0.5841758,0.5624043,0.58369946,0.57134396
-0.32760218,-0.34337562,-0.36345318,-0.37007135,-0.36860594,-0.35484594,-0.3475743,-0.32069254,-0.29021344,-0.25266,-0.20632045,-0.16262019
-0.42238858,-0.382557,-0.34904087,-0.3152138,-0.29179624,-0.28357506,-0.26703027,-0.24990955,-0.23820008,-0.25614163,-0.2766654,-0.29714406
0.61575997,0.60596025,0.5901298,0.605143,0.5944843,0.5680762,0.53438085,0.5179149,0.4896644,0.41634473,0.41336864,0.378779
-0.23102954,-0.27906528,-0.31822762,-0.3339217,-0.35072124,-0.3518718,-0.34694228,-0.3106553,-0.27077943,-0.21447188,-0.15065596,-0.07106342
-0.9144287,-0.82942015,-0.73815715,-0.6767387,-0.6639864,-0.6072007,-0.6039909,-0.60531694,-0.65983874,-0.66486317,-0.7032609,-0.71829426
0.28430223,0.2641744,0.24831006,0.2397832,0.22779515,0.21253951,0.20219538,0.2015805,0.19568291,0.19581397,0.199167,0.1949274
0.32863197,0.30985698,0.29800746,0.2762351,0.2621034,0.25646156,0.24383672,0.23725244,0.23607323,0.24415997,0.23937288,0.2292502
-0.03787557,-0.06272367,-0.082447946,-0.09139916,-0.103384174,-0.10584,-0.108320504,-0.09472216,-0.07804549,-0.06082213,-0.02885091,0.006193635
-0.858741,-0.7875651,-0.72255266,-0.6761286,-0.6229735,-0.5692204,-0.57345784,-0.5543489,-0.57046354,-0.54474723,-0.5819805,-0.63688034
0.10145324,0.04595612,0.008819222,-0.012602553,-0.029322252,-0.04756607,-0.054961458,-0.02920343,-0.012535989,0.024469465,0.07984876,0.12416628
0.0050703585,-0.00015250593,-0.03550572,-0.027857825,-0.04028017,-0.046227366,-0.014122501,-0.013087057,-0.015709408,-0.013683435,0.0002944516,0.04429212
-0.2100324,-0.2305117,-0.24539721,-0.25667515,-0.25213608,-0.24822484,-0.24572891,-0.23111358,-0.20025337,-0.17491248,-0.13667855,-0.09559491
-0.12793492,-0.11361817,-0.10613242,-0.094651,-0.08116664,-0.07538677,-0.065998435,-0.07069091,-0.071194746,-0.075166345,-0.08399107,-0.092808306
0.67532146,0.6616031,0.67545503,0.66986173,0.6545333,0.62275714,0.59859157,0.5735713,0.51825535,0.4856211,0.45213377,0.40265486
-0.026051842,-0.035503346,-0.04320122,-0.039038345,-0.052117564,-0.04753271,-0.055877745,-0.041859057,-0.03741806,-0.030284649,-0.019661443,-0.0074958596
-0.406431,-0.40451857,-0.3952758,-0.38721868,-0.37641573,-0.3669102,-0.35284337,-0.33181143,-0.31520343,-0.2924157,-0.27869642,-0.2551082
-0.085281715,-0.09565478,-0.11823924,-0.1355407,-0.13765344,-0.13089606,-0.13026598,-0.11236647,-0.079945795,-0.057951443,-0.034691356,-0.002004818
-0.1770748,-0.17826673,-0.18593413,-0.17840174,-0.18461446,-0.17004725,-0.1682586,-0.1521134,-0.14170967,-0.12722524,-0.1168597,-0.09843643
0.30867746,0.29464576,0.2750155,0.25798133,0.25860384,0.24165913,0.24173109,0.2248834,0.22845063,0.21618661,0.22544721,0.23473737
-0.12634699,-0.03447491,0.045292616,0.095819384,0.12254095,0.14593752,0.15245467,0.11208129,0.061654642,0.0010094792,-0.10030107,-0.21286461
-0.022722535,-0.058231596,-0.08404724,-0.10114684,-0.10829637,-0.11851138,-0.112890236,-0.09980681,-0.08503399,-0.06344779,-0.020432454,0.02388095
0.21515569,0.16411266,0.13489787,0.11623335,0.10176396,0.07351357,0.06001392,0.079775006,0.08802377,0.13806015,0.16332495,0.18377605
-0.20817697,-0.2269899,-0.22757342,-0.23982075,-0.22717693,-0.23295033,-0.24659672,-0.22180036,-0.19040498,-0.1481477,-0.12833382,-0.104597986
0.1402544,0.07711105,0.018405586,-0.031365328,-0.05804105,-0.05132214,-0.06718714,-0.054679945,-0.0033469275,0.053522665,0.120098636,0.18742082
-0.14582172,-0.16278711,-0.16697209,-0.17708871,-0.17422742,-0.17271984,-0.16954789,-0.1614514,-0.1484617,-0.13013788,-0.10020159,-0.06975923
0.1915131,0.21524017,0.23510726,0.23252791,0.23681548,0.23968445,0.23384517,0.2079089,0.18249613,0.15984443,0.12575515,0.08949657
0.19097,0.15773131,0.119800255,0.10965882,0.113585055,0.0906356,0.09527898,0.08175017,0.09258671,0.09395936,0.13525555,0.18247533
-0.08947085,-0.06854613,-0.039345145,-0.039473057,-0.045351,-0.027955905,-0.02385591,-0.046429753,-0.040468737,-0.06755041,-0.085531905,-0.10042998
-0.10752682,-0.09139947,-0.059494637,-0.050456326,-0.046382226,-0.045675598,-0.049383532,-0.04932223,-0.055425704,-0.06822049,-0.08617478,-0.103868276
0.34203354,0.38847414,0.43568975,0.47351837,0.47916085,0.4507732,0.45232767,0.41867802,0.36235195,0.28729936,0.19698873,0.09782088
-0.14480169,-0.12334296,-0.10498718,-0.10599234,-0.09352228,-0.08880375,-0.076142244,-0.083488785,-0.0780095,-0.093617216,-0.10067539,-0.10415808
-0.08809239,-0.13634983,-0.1763579,-0.19493751,-0.21929769,-0.22096139,-0.22175023,-0.18767974,-0.15396737,-0.107948214,-0.050951194,0.013998408
-0.13480763,-0.11972198,-0.070932366,-0.054127082,-0.05486332,-0.05150477,-0.06142783,-0.033776194,-0.07133088,-0.044033058,-0.070601806,-0.10041511
-0.119128615,-0.16968063,-0.20521566,-0.22703433,-0.23893543,-0.24143127,-0.24515699,-0.21935041,-0.175676,-0.13393056,-0.06391112,0.006841462
-0.030162077,-0.03652367,-0.042952854,-0.04771672,-0.056011252,-0.05365924,-0.052188493,-0.043518092,-0.031655364,-0.027526636,-0.020014426,-0.00942956
-0.051525775,-0.027311165,-0.011750296,-0.0026924312,0.005636871,0.011770941,0.011530794,0.012573563,0.0026108697,0.00014342368,-0.025013871,-0.048147872
0.007958263,-0.07726376,-0.12867767,-0.16837037,-0.17780024,-0.1947948,-0.20857579,-0.18828769,-0.13892296,-0.0727639,0.018988986,0.115818344
0.56256264,0.5507629,0.54668903,0.5305085,0.4975699,0.49234185,0.45457035,0.43904576,0.4069757,0.38710654,0.34702358,0.2875367
0.075206496,0.041139048,0.020255908,0.004953526,-0.0031226128,-0.009598739,-0.0131461695,-0.010346726,0.005171083,0.046832167,0.06187569,0.081481956
-0.24214943,-0.23551193,-0.22030783,-0.2208944,-0.21967742,-0.20772791,-0.20116715,-0.1971009,-0.16722554,-0.14884603,-0.16199219,-0.15340543
-0.2759133,-0.25393245,-0.2409488,-0.23462552,-0.22829977,-0.21633142,-0.20232412,-0.19909492,-0.19055414,-0.18806842,-0.20155622,-0.19624606
0.09825604,0.027484879,-0.016941726,-0.04666315,-0.07917735,-0.09799059,-0.09546922,-0.077448696,-0.05171086,-0.014841653,0.05170036,0.12956436
-0.3724809,-0.33209765,-0.2989829,-0.27558857,-0.27120608,-0.25062156,-0.23671618,-0.227168,-0.22768086,-0.23869991,-0.27417898,-0.29004794
0.113997474,0.079264104,0.052319445,0.039006248,0.025679633,0.00039489567,0.007773891,0.024888605,0.037911654,0.05978689,0.08979593,0.12461929
-0.16255268,-0.103452474,-0.053287804,-0.020330027,-0.001184836,0.009397045,0.017667636,0.0008018613,-0.026357085,-0.06830899,-0.12922561,-0.19190273
0.36208785,0.31871527,0.29283726,0.28327078,0.2550906,0.23177682,0.22633368,0.23119113,0.22808783,0.23937798,0.25157598,0.26989615
-0.17771691,-0.20426264,-0.21251772,-0.22795987,-0.23350126,-0.23670286,-0.23096366,-0.21321559,-0.1902515,-0.16642812,-0.12684564,-0.07991272
0.18310036,0.18371196,0.17303102,0.15877697,0.15386723,0.15693173,0.15078689,0.13951468,0.12837581,0.1272947,0.122178994,0.11397557
0.30927485,0.24885009,0.17569193,0.17239809,0.16553155,0.14747179,0.13056958,0.1409575,0.14329964,0.1922583,0.23935586,0.27761474
0.1133479,0.044800565,-0.009027831,-0.052690037,-0.07622785,-0.0858995,-0.09009951,-0.0639425,-0.006817043,0.051363017,0.11640999,0.1960111
0.55092865,0.52425605,0.47819677,0.45402852,0.4267795,0.37562567,0.40719366,0.39940456,0.39134765,0.35608786,0.35911173,0.39017996
-0.24190678,-0.25120178,-0.25975132,-0.26144475,-0.25882453,-0.24922763,-0.25302693,-0.23165354,-0.20722063,-0.17707494,-0.15541616,-0.13449432
-0.030240275,-0.007710254,-0.008217428,0.004860893,0.016281825,0.011853877,0.03692007,0.03423306,0.026609227,0.012189055,-0.011915742,-0.016795386
0.098199435,0.05653493,0.04216601,0.009666808,-0.008069284,-0.008836158,-0.02615662,-0.027715854,-0.011064626,0.003755279,0.05130922,0.09071344
-0.11324423,-0.113945335,-0.12262635,-0.12439717,-0.12296069,-0.120737985,-0.11350782,-0.109661415,-0.10090803,-0.09160166,-0.07863532,-0.059336856
-0.24378057,-0.21274269,-0.19309177,-0.16389383,-0.13656203,-0.13846421,-0.12548748,-0.11712486,-0.13900614,-0.1737648,-0.18230438,-0.17366579
0.062327135,0.018953819,-0.033020988,-0.06358632,-0.09695498,-0.08802013,-0.10055096,-0.0825862,-0.043909788,-0.011796925,0.0402997,0.081813656
-0.61036474,-0.54472303,-0.48960078,-0.43978763,-0.4235996,-0.39424837,-0.3724059,-0.36997393,-0.37424746,-0.40498725,-0.45349678,-0.48358405
0.12878829,0.07790074,0.07205808,0.043163538,0.045544833,0.014897615,-0.012058139,-0.00531587,0.027494296,0.026650466,0.08019136,0.11259836
-0.027299417,-0.08291118,-0.13667941,-0.17538683,-0.1935972,-0.19476396,-0.18994923,-0.1639469,-0.120064884,-0.065545544,0.0022743903,0.08585001
0.05557596,0.070580095,0.076468006,0.10136593,0.1127737,0.12437629,0.10471153,0.090311304,0.060252383,0.05864153,0.03186599,-0.010483273
-0.002756725,-0.027835695,-0.05172106,-0.06650157,-0.07430221,-0.079434864,-0.07659386,-0.05979026,-0.033757433,-0.009555962,0.019185714,0.05449407
0.13466185,0.13054368,0.12287943,0.10580335,0.109198496,0.10362599,0.099734195,0.09623526,0.10241985,0.09542532,0.1106674,0.118033044
-0.09964287,-0.17482965,-0.2307866,-0.2663081,-0.2972436,-0.30439496,-0.30104038,-0.2571857,-0.21477069,-0.14778167,-0.05801905,0.04875948
-0.36537504,-0.34651533,-0.32793438,-0.30045706,-0.29898944,-0.2825334,-0.27564108,-0.25384265,-0.24986024,-0.24786901,-0.25288615,-0.24988432
-0.19354557,-0.2275771,-0.24372312,-0.25634432,-0.27692902,-0.2673682,-0.27174744,-0.24575964,-0.21996853,-0.18276308,-0.1411761,-0.09567724
-0.15758136,-0.12837052,-0.08566955,-0.07065196,-0.06854382,-0.055434078,-0.06463684,-0.04946588,-0.058560804,-0.055742316,-0.0979476,-0.1328986
0.5155669,0.42782724,0.37165615,0.32218966,0.27693292,0.22875813,0.2285017,0.2517279,0.25974596,0.29095936,0.3671318,0.45804864
0.8780756,0.98549396,1.028091,1.064707,1.0616632,1.0779986,1.0444406,0.965099,0.883541,0.7543477,0.60453534,0.42319667
-0.426294,-0.41820648,-0.38538346,-0.3742559,-0.36853728,-0.34393045,-0.33815056,-0.3377853,-0.32947183,-0.3118246,-0.31836987,-0.31476986
0.39460826,0.4450866,0.48399955,0.49874228,0.5050502,0.497218,0.48893884,0.45284283,0.40394157,0.33804613,0.25766206,0.16596213
0.33758092,0.3529388,0.366722,0.37882107,0.37360644,0.3513924,0.35158283,0.34035504,0.30053678,0.26285115,0.21941727,0.17150043
0.007910635,0.007888742,-0.006799452,-0.015729494,-0.024910167,-0.0046008974,-0.013272807,-0.014825873,0.009524815,0.02582002,0.027665932,0.029150309
-0.101608865,-0.06434917,-0.036315605,-0.020711794,-0.0026660413,0.0070221275,0.0165008,-0.0034819394,-0.013156816,-0.03729012,-0.076102,-0.114330344
-0.33775508,-0.3208319,-0.31242898,-0.31363028,-0.31549227,-0.28860828,-0.29355145,-0.2726589,-0.25793475,-0.24753077,-0.24385674,-0.23624529
-0.21274215,-0.2702973,-0.33278587,-0.3657526,-0.37729236,-0.37483764,-0.37194952,-0.33665097,-0.28765383,-0.2257663,-0.12175506,-0.013108604
-0.55847496,-0.4966272,-0.44251662,-0.40242565,-0.3902403,-0.35765082,-0.34026176,-0.32771882,-0.3379712,-0.35025102,-0.39677596,-0.4350992
-0.5827439,-0.53308195,-0.48548973,-0.45118558,-0.42752182,-0.40093496,-0.3881303,-0.38622725,-0.37512422,-0.38233012,-0.41263404,-0.43503106
-0.3118992,-0.20969805,-0.15135893,-0.11703271,-0.09654641,-0.047067225,-0.02520442,-0.067347765,-0.072087586,-0.1153003,-0.21707429,-0.29924092
0.36776575,0.3694838,0.36161724,0.34333456,0.31084114,0.3113153,0.30662748,0.28791916,0.2852527,0.27019966,0.24555656,0.22228041
0.19904587,0.12386739,0.0657852,0.029854387,0.018075705,-0.006945133,-0.018938929,0.008263826,0.038620174,0.098914586,0.16844888,0.22317098
0.055763535,0.03465864,0.022125334,0.014783725,0.021660373,0.0072378367,0.0011180937,0.012486264,0.014800139,0.027537495,0.048916005,0.06037472
0.09088891,0.029493958,-0.028813839,-0.06567508,-0.08951223,-0.11252855,-0.10723849,-0.08667976,-0.051047817,-0.0041609854,0.057090603,0.13379014
-0.36871678,-0.44400167,-0.48709112,-0.5326623,-0.54436207,-0.53457165,-0.53024465,-0.4953801,-0.42374933,-0.33615062,-0.23693219,-0.12058966
0.08130921,0.07655884,0.058290496,0.06482862,0.072701186,0.055824026,0.060813278,0.06648573,0.05369313,0.05953686,0.06668865,0.06590254
0.20494896,0.15691307,0.12284435,0.10044809,0.074636415,0.063313454,0.048499346,0.068565294,0.07809347,0.10579659,0.14481409,0.1803447
-0.032723147,-0.08347104,-0.12754348,-0.15383779,-0.17326432,-0.1742349,-0.18074073,-0.14631529,-0.115555644,-0.073735304,-0.0106683895,0.04749009
-0.89163405,-0.855226,-0.81233203,-0.7933361,-0.75931954,-0.71952266,-0.7100234,-0.6889489,-0.6404138,-0.6111113,-0.61009604,-0.59708977
-0.29017568,-0.2776107,-0.27195793,-0.2636086,-0.26100278,-0.23983018,-0.2434153,-0.23825666,-0.23052481,-0.2208652,-0.2116612,-0.20841497
0.5076004,0.48293236,0.4570009,0.42959172,0.41787195,0.39016047,0.40016723,0.38301224,0.36071447,0.35143083,0.3589347,0.37450236
-0.098955154,-0.09446033,-0.10618743,-0.10474087,-0.1005306,-0.08221167,-0.08212158,-0.087194026,-0.07843301,-0.06781577,-0.05903048,-0.052181784
-0.055513553,-0.063841134,-0.078321084,-0.084243774,-0.09384331,-0.08802369,-0.07898868,-0.08345819,-0.074031755,-0.08587293,-0.059894133,-0.032032117
-0.086778335,-0.14128587,-0.18005925,-0.21921642,-0.2161193,-0.22159618,-0.22514087,-0.21038374,-0.19793496,-0.13458207,-0.050993465,0.016654927
-0.5450819,-0.5358674,-0.5374831,-0.53153247,-0.51892376,-0.49600187,-0.47969317,-0.45107192,-0.41942844,-0.3818518,-0.36172485,-0.3271617
-0.5799422,-0.5499481,-0.52445155,-0.5050659,-0.493313,-0.47096297,-0.45219383,-0.4383961,-0.41650003,-0.42086592,-0.4156079,-0.3964348
-0.27864474,-0.29281855,-0.30565244,-0.31098104,-0.30656642,-0.30396348,-0.29341066,-0.27456868,-0.2461171,-0.22690897,-0.18759437,-0.14439152
0.13549082,0.15675017,0.16600275,0.17105258,0.17561737,0.19289058,0.1733171,0.15222077,0.12916003,0.11656642,0.08582276,0.031693887
-0.054988377,-0.058160998,-0.048085846,-0.03896289,-0.044414792,-0.04672082,-0.05135399,-0.03961938,-0.047470912,-0.043965444,-0.040606163,-0.03541995
-0.8303041,-0.7644874,-0.7205166,-0.664574,-0.6517499,-0.5944549,-0.57309365,-0.5697212,-0.54670376,-0.55660486,-0.5969641,-0.61340475
-0.09414832,-0.046238378,-0.01901728,-0.000806123,0.016785264,0.04599899,0.03762722,0.014842913,0.008768424,-0.0091547,-0.06344332,-0.12921694
-0.21484812,-0.2355394,-0.251373,-0.26000425,-0.27361143,-0.26568112,-0.25311005,-0.23831603,-0.21795964,-0.19634579,-0.16048975,-0.111914575
0.40107557,0.37982515,0.35987455,0.3305842,0.3203177,0.3137451,0.2942613,0.2702812,0.2746509,0.27971342,0.2857511,0.28577626
0.13242173,0.16395766,0.19060323,0.19884999,0.20437911,0.20462748,0.2048468,0.17605278,0.15279105,0.11416133,0.06874703,0.017711073
-0.15313955,-0.14777334,-0.13614209,-0.122041285,-0.11754625,-0.10904588,-0.11663543,-0.118470624,-0.12092391,-0.13681829,-0.124374196,-0.12039021
0.1134177,0.100202486,0.08490231,0.07687433,0.06412391,0.07290168,0.056990866,0.055724896,0.060934883,0.060325164,0.072872646,0.076027244
0.24489635,0.3032468,0.34557343,0.376392,0.3842759,0.3753413,0.37518644,0.34821412,0.2946374,0.22635393,0.13776518,0.04427289
0.07991873,0.04933893,0.018998645,0.0015216246,-0.010390945,-0.0078027993,-0.015607849,-0.011775956,0.0017882362,0.029200323,0.058609657,0.08240978
0.43350995,0.38946065,0.35637417,0.31941968,0.2965353,0.22724558,0.28007764,0.2782238,0.2761117,0.2628251,0.28339157,0.35882694
-0.37459487,-0.38471824,-0.3928131,-0.39662778,-0.39171046,-0.37534937,-0.37723726,-0.35105753,-0.3293522,-0.2933039,-0.25038987,-0.20584184
0.6480742,0.7546065,0.83155584,0.877164,0.9096691,0.89089084,0.88822657,0.8033157,0.69897205,0.5602131,0.41149655,0.23988545
-0.2644674,-0.24216408,-0.20851932,-0.18593653,-0.19170082,-0.17175427,-0.16721913,-0.17657499,-0.19444834,-0.21879727,-0.2298471,-0.23854649
-0.29011774,-0.29356173,-0.29284367,-0.29272702,-0.2947923,-0.27930513,-0.28268632,-0.25734374,-0.2348102,-0.20148036,-0.18820682,-0.17416935
0.39964426,0.40352163,0.41868353,0.43901455,0.40815187,0.40879518,0.38634303,0.37824523,0.32468295,0.25899345,0.22061084,0.15336947
0.08061473,0.007575348,-0.04166165,-0.08014983,-0.09783134,-0.12080912,-0.12865831,-0.0931181,-0.054271698,0.009194486,0.07806414,0.14870834
0.27160496,0.20407578,0.15453719,0.11333501,0.093725115,0.05932471,0.06261796,0.07653645,0.10613625,0.1400072,0.19858162,0.28112656
0.1969338,0.13036771,0.068587184,0.021977484,0.016672641,-0.006416023,0.0013506114,-0.008751631,0.01728195,0.051703334,0.13311498,0.21868348
-0.18001565,-0.2239112,-0.26505303,-0.2802963,-0.28995395,-0.2924308,-0.29042315,-0.2582435,-0.2249669,-0.19220936,-0.12385992,-0.05258123
0.09057155,0.12666333,0.15431093,0.16539842,0.1766916,0.18716264,0.17850174,0.15476757,0.1322496,0.117500916,0.07800724,0.031171884
0.14970082,0.13197368,0.11784968,0.103326224,0.09968959,0.0930405,0.08621891,0.08198495,0.08311468,0.0864862,0.10214589,0.11179767
0.091380045,0.21922094,0.32346672,0.39551646,0.42103404,0.43543115,0.4512772,0.3928572,0.2840967,0.15553376,-0.00074259564,-0.15820462
0.07210207,0.04447154,0.026411176,0.0015252754,0.000962466,-0.0105194375,-0.023782551,-0.012951188,0.0072918087,0.025786117,0.06290852,0.08505264
0.05195585,0.051573567,0.05464005,0.051898953,0.042325623,0.043903343,0.0403853,0.040777113,0.03535296,0.034189552,0.029571526,0.025627928
0.045949884,0.005948633,-0.02460654,-0.045970827,-0.052524462,-0.06658466,-0.06601898,-0.04497458,-0.030966468,-0.008417353,0.041091077,0.09245622
-0.02913112,-0.058577478,-0.07428762,-0.088299684,-0.09001575,-0.09103251,-0.09393029,-0.086460076,-0.07273814,-0.04472113,-0.0118832495,0.018311419
-0.18765645,-0.18274692,-0.18578543,-0.17643245,-0.17996937,-0.16704957,-0.1667881,-0.15580514,-0.14881667,-0.14222085,-0.13515712,-0.12883246
-0.17716444,-0.2159314,-0.24541771,-0.27214,-0.2645146,-0.26844877,-0.26848817,-0.25087962,-0.20350753,-0.15224858,-0.09309918,-0.031227674
0.16472022,0.17615302,0.21432275,0.21336594,0.22032966,0.2116559,0.1951671,0.17437091,0.12601814,0.10776248,0.09237499,0.059549917
-0.48516822,-0.457128,-0.44579926,-0.42363024,-0.4069135,-0.3861204,-0.36528045,-0.35480556,-0.32951248,-0.32486758,-0.32021552,-0.3068808
0.12619731,0.06524116,0.028680094,-0.0027485266,-0.027342565,-0.035429977,-0.040033445,-0.027603678,0.021657724,0.050151102,0.10429675,0.17498077
0.6224234,0.6071807,0.589216,0.5623187,0.56783175,0.541723,0.51430917,0.49830016,0.4650632,0.43143097,0.44194233,0.43143955
0.031096816,0.000456661,-0.018028334,-0.025348619,-0.029687703,-0.059284285,-0.046168312,-0.023103654,-0.0118947625,0.01213792,0.024213705,0.06336552
-0.3001531,-0.27141052,-0.25006622,-0.24479964,-0.22962609,-0.20605531,-0.20135152,-0.20383762,-0.19809991,-0.20133716,-0.20503306,-0.20737135
-0.17476556,-0.17631069,-0.1757261,-0.17318267,-0.15789327,-0.17072648,-0.15263349,-0.1436928,-0.13724378,-0.13396883,-0.119667,-0.09636785
0.26012975,0.23807257,0.21094781,0.18072842,0.18331131,0.15563998,0.14494787,0.15736002,0.1732162,0.17865896,0.20211703,0.22361617
0.28914535,0.26506877,0.24060613,0.21867573,0.21952692,0.21109337,0.18371981,0.1827199,0.2011676,0.21535154,0.23059799,0.22723289
-0.029855354,-0.02103957,-0.013859836,0.0021553142,0.004362041,0.0021939445,0.00549669,0.0071982704,-0.0062231533,-0.012552482,-0.02388255,-0.03783812
0.1345079,0.1265508,0.117172524,0.10718768,0.09550663,0.0929309,0.09809974,0.09577586,0.10163833,0.09622416,0.09805389,0.112864
-0.22358027,-0.16928081,-0.10058662,-0.059047073,-0.05239123,-0.03339207,-0.036668837,-0.04962665,-0.06288567,-0.109215796,-0.17899224,-0.24903724
-0.20015004,-0.19977325,-0.1944104,-0.19504659,-0.18961728,-0.17701374,-0.1800419,-0.172699,-0.15881336,-0.1459781,-0.13516207,-0.12591745
-0.23337016,-0.23570117,-0.23863098,-0.23684254,-0.23273261,-0.23166652,-0.2117915,-0.20377707,-0.18424138,-0.16918018,-0.16226976,-0.13317716
-0.1564604,-0.20001793,-0.2534151,-0.29251948,-0.29633886,-0.28634593,-0.31065324,-0.27441555,-0.2366402,-0.18909693,-0.09193336,-0.024337776
0.18597792,0.17086542,0.16285194,0.16243935,0.15176678,0.13852477,0.12959427,0.13238704,0.1265282,0.11935294,0.12324633,0.114440404
0.04276693,0.12840094,0.18662003,0.22391555,0.24953912,0.27340022,0.2683577,0.23452409,0.1840719,0.11845721,0.028281473,-0.067654416
-0.10117586,-0.09757737,-0.09639369,-0.10151065,-0.10271087,-0.09465294,-0.09260397,-0.08808313,-0.08444649,-0.080313385,-0.070870414,-0.06135641
0.4880001,0.54828566,0.6016153,0.6151778,0.6209117,0.61857235,0.603771,0.5558138,0.498579,0.42029804,0.31542394,0.20807377
-0.16065131,-0.1712626,-0.18120188,-0.18000308,-0.17971545,-0.17582566,-0.17488833,-0.1536764,-0.13875143,-0.116421446,-0.10265492,-0.08794073
0.33755633,0.34122837,0.3370139,0.32125902,0.30657628,0.318415,0.29406035,0.26139015,0.24436519,0.2201552,0.21626323,0.20238687
-0.22885159,-0.20421028,-0.15977105,-0.1412938,-0.11234389,-0.10468294,-0.09668344,-0.12087695,-0.1136851,-0.13241285,-0.16204374,-0.18751563
-0.13348491,-0.15262936,-0.16530931,-0.17307803,-0.18225266,-0.1778552,-0.1744495,-0.15860958,-0.14312486,-0.12111968,-0.094539255,-0.062251247
-0.41105926,-0.46884108,-0.5128581,-0.54717124,-0.5242319,-0.51873,-0.5257151,-0.49596906,-0.44496718,-0.35372752,-0.2502301,-0.16260913
0.13265318,0.1328012,0.15008637,0.1489751,0.13936391,0.13614479,0.12583295,0.12535553,0.11415082,0.10862153,0.08791436,0.06468038
-0.0070359185,0.0008305311,0.0068695247,0.0018415004,-0.027062923,-0.0040543973,-0.02238296,-0.010450497,0.0038729683,-0.003038153,-0.00936101,-0.014867634
-0.2856322,-0.2772159,-0.26402366,-0.24697043,-0.24024695,-0.22579819,-0.2232818,-0.21471906,-0.19911933,-0.19270617,-0.1949167,-0.19834174
-0.47536695,-0.438969,-0.41735363,-0.39226496,-0.3821239,-0.35695523,-0.34235632,-0.31856915,-0.30747336,-0.2998063,-0.31840107,-0.3253271
0.45898438,0.44123212,0.4153547,0.39279473,0.38135836,0.37591356,0.35012907,0.34013817,0.33093935,0.3382824,0.3269978,0.30700305
0.09975071,0.11219967,0.11789214,0.11991532,0.123462275,0.12255584,0.114307776,0.10793008,0.0981714,0.092674375,0.0712132,0.042267397
0.6435934,0.790432,0.9244341,0.96577096,0.99538267,1.0006663,0.9888016,0.89803827,0.7682722,0.6321985,0.42318195,0.19378026
0.10351979,0.07292329,0.048466567,0.025389425,0.007986702,0.0048014075,0.0039072633,0.008181855,0.021902315,0.041703373,0.07274028,0.10927613
-0.04565101,-0.09099567,-0.13408723,-0.15075243,-0.16276282,-0.17582192,-0.17043218,-0.14244944,-0.12216681,-0.08759552,-0.026921034,0.038585275
-0.5079308,-0.49995613,-0.49336812,-0.4829654,-0.46929353,-0.44474763,-0.43932372,-0.4150868,-0.37576553,-0.34933013,-0.33679008,-0.31843498
0.4036062,0.40949264,0.4199747,0.42666373,0.42697164,0.40852934,0.39555955,0.38451883,0.33289006,0.31861097,0.29241937,0.25943485
0.0057174712,-0.03253766,-0.064751685,-0.08794908,-0.09981595,-0.108118296,-0.098786116,-0.088747695,-0.05678086,-0.026032664,0.021270242,0.08976735
-0.1786327,-0.19281372,-0.19293597,-0.19078228,-0.19544306,-0.1907544,-0.19303063,-0.18081138,-0.16059016,-0.1490735,-0.12795237,-0.103816345
-0.17792082,-0.27150378,-0.34825858,-0.3914921,-0.42019096,-0.42598614,-0.42494917,-0.37550744,-0.31127086,-0.22144698,-0.10435265,0.023918636
0.09763084,0.097457886,0.09781261,0.088346936,0.08149448,0.084786,0.083706245,0.06886576,0.06492706,0.061175153,0.056586336,0.049835566
-0.08720168,-0.1262422,-0.15732892,-0.17610168,-0.18176368,-0.19035932,-0.18666354,-0.17036732,-0.14354017,-0.11485752,-0.05792577,-0.0017373711
-0.009075478,-0.0044282805,-0.004405992,-0.0015015695,-0.0010743272,-0.0028772922,0.0038623502,0.0054675876,-0.00065232744,-0.0045854873,-0.010778701,-0.011765374
0.25776884,0.21464038,0.18352059,0.1595512,0.14879908,0.12181947,0.123059615,0.12934007,0.1373893,0.16035229,0.18413265,0.21565254
0.12795442,0.050304785,-0.021108344,-0.075452805,-0.10098049,-0.12230146,-0.110658675,-0.07239905,-0.020145506,0.046590604,0.13533835,0.2672258
-0.15171291,-0.14261796,-0.12019693,-0.09768988,-0.09827354,-0.0841753,-0.0844259,-0.09763037,-0.09621125,-0.08279359,-0.099300176,-0.11952766
0.04007468,-0.009532027,-0.05097697,-0.08197659,-0.079671204,-0.08523374,-0.09785338,-0.08709469,-0.0607882,0.0016021654,0.05083613,0.087796
0.03133426,0.04238572,0.058024216,0.06453632,0.07752835,0.07591576,0.0730628,0.058739997,0.05297945,0.04210437,0.020557959,-0.0062116478
0.0048876237,-0.0031879805,-0.02015499,-0.039158486,-0.04363356,-0.052890375,-0.041579794,-0.029027857,-0.016926704,0.00087602995,0.018228374,0.045353077
-0.15036835,-0.13823964,-0.13446446,-0.13424277,-0.13099103,-0.11406715,-0.114660144,-0.10770234,-0.09497541,-0.09234675,-0.09081825,-0.08942394
-0.29571292,-0.27498782,-0.25641173,-0.2440973,-0.23306608,-0.21996287,-0.21094364,-0.20821549,-0.1979337,-0.20187198,-0.21153542,-0.21191055
0.3881703,0.46478283,0.5285095,0.5464487,0.56543446,0.5722934,0.5633693,0.49754816,0.43493593,0.3527558,0.24424878,0.12891403
0.70633316,0.6565856,0.5339078,0.5286317,0.5412579,0.481243,0.47502667,0.45184302,0.3576765,0.5211309,0.50546485,0.4110987
0.12512043,0.10198126,0.07571617,0.062444568,0.065154135,0.06906332,0.049859837,0.038104042,0.033580482,0.052991495,0.08776758,0.098308235
-0.06754198,-0.121692725,-0.15941098,-0.1831306,-0.20418851,-0.2156511,-0.21522808,-0.18493372,-0.14768589,-0.096003704,-0.041523334,0.027508415
0.27701905,0.2703345,0.25478536,0.24527161,0.23660065,0.22191927,0.22668692,0.2240435,0.20346418,0.19859637,0.19543254,0.19228972
0.12811157,0.076829225,0.05406806,0.025717884,0.02501084,0.0007300526,-0.026814118,0.012380809,0.04295265,0.098023415,0.1253683,0.14812844
-0.14340243,-0.16489227,-0.19720194,-0.20694226,-0.22133878,-0.2066358,-0.2081971,-0.18792689,-0.1551548,-0.1245042,-0.08576472,-0.03555672
0.37526453,0.3112767,0.2651661,0.2329562,0.22311394,0.20356123,0.17660284,0.18805656,0.20586754,0.23334584,0.2890968,0.31982195
0.03232589,0.049909078,0.06341304,0.07042408,0.06635128,0.07910831,0.070248656,0.056717787,0.05028997,0.037141394,0.018233672,-0.002783807
0.059044447,0.03248415,-0.0017433614,-0.023156911,-0.029593572,-0.050274074,-0.033835366,-0.019707471,-0.007373899,0.018268757,0.04923154,0.100695886
-0.20314014,-0.20297861,-0.20675325,-0.20379794,-0.17921093,-0.18167368,-0.1788215,-0.16558185,-0.15876299,-0.14737011,-0.12824737,-0.11896694
0.22097413,0.20347202,0.1838539,0.1763474,0.14632316,0.14262004,0.14075202,0.14064251,0.14100206,0.1478304,0.14487292,0.15206933
-0.057256304,-0.06502278,-0.06648712,-0.06872856,-0.07794834,-0.07408577,-0.07021366,-0.07057272,-0.058156267,-0.057300907,-0.051365595,-0.032253686
-0.4601016,-0.48530498,-0.48832864,-0.50461125,-0.51058453,-0.49884376,-0.4874667,-0.4619053,-0.41619843,-0.37366524,-0.32220116,-0.25612482
0.07728095,0.12971514,0.19239792,0.22092693,0.21697026,0.23697993,0.22064435,0.1835804,0.13936087,0.06951357,-0.020193854,-0.12992512
0.29310173,0.27651653,0.26623276,0.26539117,0.2500009,0.23060891,0.22919892,0.22801115,0.21105678,0.20145504,0.1923888,0.1856491
0.23539647,0.25266138,0.26310617,0.27523142,0.27686825,0.2749271,0.2670579,0.25545612,0.22853282,0.19593495,0.16389677,0.12316504
-0.30253485,-0.2999189,-0.29923946,-0.29095542,-0.27553627,-0.2679915,-0.2542622,-0.24065624,-0.21736234,-0.19600403,-0.19477965,-0.1814606
0.036560223,0.034793347,0.029753396,0.02362967,0.025590934,0.021348389,0.026917614,0.023129515,0.03499162,0.029497024,0.03143105,0.040538304
-0.11832319,-0.14141712,-0.16390315,-0.16700494,-0.15574111,-0.16073799,-0.16415429,-0.14059609,-0.115727305,-0.10433851,-0.054070633,-0.020847518
-0.06553486,-0.08453323,-0.09286669,-0.110341564,-0.11226618,-0.113427326,-0.10885327,-0.11040081,-0.09541789,-0.081513375,-0.048593353,-0.0117652975
0.33250776,0.40878767,0.4668339,0.4895147,0.49132574,0.50558126,0.5011094,0.44979388,0.39454845,0.318854,0.2031335,0.09067276
-0.1040199,-0.12728922,-0.15000188,-0.1613443,-0.16669306,-0.16559209,-0.15970834,-0.1461672,-0.12646893,-0.10556872,-0.06819766,-0.025808802
-0.109603286,-0.15727481,-0.18168288,-0.20654997,-0.21130443,-0.22159787,-0.21514669,-0.20096807,-0.18734586,-0.14422996,-0.079302184,-0.015879817
0.052789137,0.012347281,-0.032005876,-0.040883765,-0.04800813,-0.063853264,-0.064357564,-0.031422824,-0.012887955,0.019857228,0.0664668,0.11168635
-0.21214207,-0.19703896,-0.18486352,-0.17037217,-0.16395763,-0.15539595,-0.15319209,-0.1480194,-0.15127452,-0.15355244,-0.15534262,-0.15719858
0.10237368,0.04503169,0.004189275,-0.019005679,-0.032226756,-0.036312833,-0.050041407,-0.036583737,0.0006536767,0.052756973,0.095907286,0.14278321
-0.009629972,0.05192294,0.10696441,0.136738,0.14118567,0.15471809,0.15869844,0.12846558,0.08722929,0.027215451,-0.044001225,-0.110367514
0.021384597,-0.014943272,-0.045817345,-0.06146338,-0.07412482,-0.07971393,-0.0836727,-0.06522609,-0.052153222,-0.019612163,0.022097975,0.061020836
-0.44315583,-0.47868794,-0.5119299,-0.52586156,-0.5329349,-0.5246124,-0.5097699,-0.46779287,-0.42753172,-0.3624902,-0.290534,-0.20704588
-0.2946547,-0.26719445,-0.24903345,-0.23163985,-0.2217772,-0.20041108,-0.18888402,-0.19163442,-0.18785554,-0.19065787,-0.20441613,-0.20876461
-0.25460172,-0.264917,-0.27421975,-0.26898924,-0.2721586,-0.26329917,-0.25488743,-0.2329271,-0.20788324,-0.18819596,-0.16758877,-0.13431905
-0.04793436,-0.07391254,-0.07808493,-0.0884054,-0.08576687,-0.09726845,-0.09804028,-0.08528517,-0.07288255,-0.05173502,-0.025305253,0.0070183687
-0.04177027,-0.044983268,-0.04434614,-0.046694253,-0.050615903,-0.04790813,-0.05155899,-0.042035505,-0.032961465,-0.022579372,-0.024132239,-0.024620786
0.2944207,0.30489197,0.3111737,0.33340132,0.31892356,0.3162469,0.30942246,0.29031026,0.24620035,0.22373234,0.17930837,0.13291262
-0.009480108,-0.024792451,-0.03078178,-0.045251418,-0.042080022,-0.054697372,-0.05003585,-0.050468758,-0.03424511,-0.011861773,-0.0030039987,0.012556619
-0.11613832,-0.120763704,-0.12110157,-0.12271742,-0.12750176,-0.116166316,-0.11184251,-0.11236085,-0.09638701,-0.09027597,-0.08616435,-0.071992435
0.086316004,0.032844886,-0.0534997,-0.07959488,-0.07828519,-0.11288667,-0.06966293,-0.06415662,-0.044928744,-0.01816833,0.06063905,0.15859145
0.58235765,0.6276365,0.6602112,0.6811002,0.6522063,0.64043903,0.6298565,0.61746305,0.52215695,0.44078743,0.3516536,0.2383906
0.02146256,0.029634392,0.041373294,0.043695047,0.040650915,0.033092804,0.046258368,0.044728607,0.02663861,0.010985712,0.0017907647,0.00038579106
-0.02425909,-0.015598804,-0.0009383634,0.015178423,0.027649987,0.022773307,0.0071959496,0.0052461885,-0.0054845326,-0.010090943,-0.027633466,-0.06000044
0.65088224,0.5889924,0.56509435,0.5468653,0.5091164,0.45492297,0.43804657,0.44328654,0.4251719,0.39672655,0.43604627,0.45593095
-0.056771267,-0.084657826,-0.112038046,-0.13069205,-0.14339572,-0.14039813,-0.13701864,-0.12645131,-0.106300004,-0.06988613,-0.032678477,0.010410404
-0.69496995,-0.59364235,-0.49908936,-0.40953624,-0.3881174,-0.35083234,-0.309758,-0.3317334,-0.39359808,-0.45353615,-0.53887945,-0.60595345
0.12375761,0.06813207,0.041835293,0.019845143,0.021907404,-0.0004118532,-0.001149103,-0.011145487,0.009233996,0.038066126,0.092219464,0.14581344
-0.11942011,-0.11518099,-0.09272445,-0.09324868,-0.075461105,-0.089955,-0.08987236,-0.06973227,-0.050229464,-0.038911738,-0.07360095,-0.062022306
-0.015211486,-0.020358512,-0.01780335,-0.014059497,-0.0091052875,-0.009659186,-0.013782995,-0.019067317,-0.013855216,-0.013437866,-0.008875644,-0.007817341
0.010905917,-0.0024953485,0.008147445,0.003580369,-0.00029229373,-0.0019855648,-0.008659534,-0.00585784,0.0079137385,0.021044496,0.021264987,0.022145322
0.12547424,0.07511406,0.03407249,0.01697813,0.013338253,0.0008676052,-0.020773858,-0.007727191,0.011898711,0.060917586,0.10448487,0.12661299
-0.20351568,-0.1954284,-0.18589877,-0.18088862,-0.17930815,-0.16725244,-0.16238913,-0.15518017,-0.12996289,-0.111379154,-0.11879848,-0.11187738
0.24811661,0.2300614,0.20285809,0.18411347,0.19983566,0.18911558,0.18400884,0.16495766,0.16012953,0.16814357,0.19118293,0.20161694
-0.5057027,-0.5288227,-0.54343104,-0.5399016,-0.5363711,-0.533299,-0.50620663,-0.47489452,-0.44507048,-0.40014324,-0.3423244,-0.26323655
-0.09874606,-0.14208452,-0.1854859,-0.20815976,-0.21381558,-0.21586305,-0.21246411,-0.19323319,-0.17146747,-0.1243387,-0.061195724,-0.001705952
0.19379106,0.1779504,0.1667533,0.16001916,0.14289524,0.13231653,0.13041236,0.13443206,0.12168945,0.13046989,0.13364519,0.13574934
-0.11951749,-0.16050877,-0.19849974,-0.22083434,-0.24306995,-0.23276564,-0.22730593,-0.20327789,-0.1706528,-0.1175261,-0.06383377,0.0029914733
-0.37125468,-0.38131297,-0.3779357,-0.38275883,-0.38048977,-0.36778516,-0.36122948,-0.34081838,-0.31011677,-0.28849804,-0.25615937,-0.22205025
0.0009092577,-0.04445809,-0.08576572,-0.10628458,-0.11955689,-0.12607038,-0.12769724,-0.10781821,-0.087386936,-0.048593406,0.009721199,0.067759454
0.36433342,0.31629682,0.24386805,0.21588138,0.21873733,0.2053507,0.19921663,0.1816501,0.1902184,0.23434842,0.28302476,0.3179529
-0.058820393,-0.07497771,-0.09452648,-0.096672684,-0.08249223,-0.101585194,-0.074743494,-0.097456396,-0.10676524,-0.08245587,-0.055139873,-0.038646538
-0.42110795,-0.4341237,-0.4213665,-0.43737045,-0.41890922,-0.42174658,-0.39671203,-0.39325738,-0.33967295,-0.31320634,-0.28536254,-0.23804948
-0.068184465,-0.035369966,-0.01752568,-0.0023275688,0.011545189,0.017536864,0.016358241,0.009172082,-0.0033156388,-0.018319953,-0.04535364,-0.078715704
0.13225368,0.09686515,0.059396937,0.02600886,0.022296965,0.0062196404,0.009742603,0.012470081,0.019063324,0.03475777,0.09328145,0.14106998
-0.5245192,-0.5028426,-0.48554537,-0.47142005,-0.45488632,-0.43297392,-0.41851944,-0.4056287,-0.38092726,-0.36263472,-0.3565587,-0.34044653
-0.7115372,-0.65153944,-0.61124945,-0.5595154,-0.5486517,-0.5121744,-0.48729557,-0.4709453,-0.45458755,-0.45613655,-0.49635756,-0.5082455
0.24612026,0.25033084,0.24249855,0.2577849,0.23137234,0.22986566,0.22716157,0.21707083,0.18735248,0.15168159,0.12839456,0.10328273
-0.16821004,-0.12788883,-0.09584308,-0.07104646,-0.0685023,-0.054447263,-0.054590188,-0.05119787,-0.07425595,-0.09755184,-0.13952187,-0.18979144
0.24293587,0.20479187,0.18537444,0.15268749,0.13967891,0.13154578,0.11477668,0.11843402,0.14566708,0.1727453,0.1879127,0.20345183
1.1138741,1.0694808,1.0820122,1.0380188,1.0203269,0.91691685,0.9405918,0.9051363,0.8332152,0.8073895,0.77718794,0.77310914
-0.21860036,-0.21969637,-0.22281764,-0.21762769,-0.21741174,-0.2107023,-0.20224243,-0.18849823,-0.17468444,-0.16696733,-0.1519286,-0.13301061
-0.20396677,-0.24222805,-0.26584432,-0.2718063,-0.2763027,-0.27280492,-0.28180563,-0.2501392,-0.21200389,-0.16422418,-0.11860154,-0.06980555
-0.12254585,-0.15885393,-0.1727128,-0.19894576,-0.19002882,-0.19710028,-0.19124615,-0.1957044,-0.16348988,-0.14205801,-0.08321264,-0.03170412
-0.22990896,-0.21508166,-0.19873793,-0.19260707,-0.1879124,-0.17528754,-0.17146513,-0.16631325,-0.16365308,-0.14903487,-0.15750027,-0.16636938
-0.18954849,-0.1722355,-0.15651016,-0.14045236,-0.12534347,-0.1173507,-0.11165354,-0.11730785,-0.12140329,-0.1244265,-0.13864827,-0.15164223
0.19516724,0.16541094,0.1443018,0.13006723,0.11286237,0.10056303,0.104180954,0.10371331,0.10701205,0.106744304,0.1274568,0.15554604
-0.63823134,-0.6125177,-0.59253013,-0.5778431,-0.572089,-0.53890115,-0.5186412,-0.5022893,-0.47824842,-0.4628103,-0.4485707,-0.42660892
-0.06830548,-0.016869843,0.030656159,0.053789884,0.07505983,0.08792977,0.089643635,0.071441494,0.03785339,-0.0020904765,-0.046457253,-0.10809259
-0.27581766,-0.2944745,-0.304256,-0.31304583,-0.3180773,-0.3066243,-0.30674893,-0.27756706,-0.2500856,-0.20188867,-0.17273735,-0.13378821
0.1089418,0.15399809,0.18174866,0.18619095,0.19247183,0.20116442,0.20936093,0.18050696,0.15465446,0.11158196,0.06697449,0.02619807
-0.19372135,-0.1785905,-0.16963255,-0.16914792,-0.15382648,-0.15096363,-0.14441323,-0.14525265,-0.13146426,-0.13170634,-0.13166785,-0.12884046
0.433748,0.4712054,0.5010052,0.48362035,0.47378868,0.4732743,0.4616812,0.43443814,0.42446434,0.39808118,0.3081822,0.22783256
-0.153673,-0.19338247,-0.23065847,-0.25217295,-0.25359598,-0.25895578,-0.25687715,-0.23570153,-0.2018539,-0.1669305,-0.08885554,-0.011579849
0.1493986,0.1411379,0.1319679,0.13129297,0.12219109,0.11253901,0.112622306,0.11680633,0.103229746,0.10165521,0.11224665,0.12228246
-0.018383453,-0.0037223473,0.00913229,0.018163294,0.020821236,0.013193538,0.029392261,0.021611433,-0.00050713215,-0.00092899404,-0.02052012,-0.03811367
-0.46413013,-0.48552686,-0.49811858,-0.50553215,-0.48918435,-0.47689435,-0.46956432,-0.45009726,-0.39828593,-0.3430536,-0.29907316,-0.24432495
0.17094602,0.16221231,0.15191388,0.1339103,0.13318808,0.13128094,0.12099532,0.118927814,0.11972167,0.11673255,0.12502813,0.12719725
0.2224054,0.24018219,0.25306898,0.25031272,0.2490672,0.24987872,0.24371895,0.22128502,0.19934294,0.17413434,0.14418018,0.105947256
0.060372934,-0.07158379,-0.08964303,-0.17346206,-0.15574762,-0.19233549,-0.20353082,-0.23451771,-0.14314742,-0.08613139,0.038293272,0.15331386
0.15359113,0.15300483,0.1634861,0.18608528,0.18456909,0.17840673,0.16673791,0.15466288,0.11969119,0.112870865,0.087751284,0.04429681
0.4549612,0.44026673,0.4564431,0.44109887,0.42024156,0.41201758,0.3891747,0.36742398,0.33636686,0.33762026,0.3025004,0.25675562
-0.27395517,-0.2368741,-0.21756965,-0.18631016,-0.18669742,-0.1885949,-0.14450885,-0.15090035,-0.16694355,-0.20456618,-0.2377487,-0.23352641
0.017867092,0.019062273,0.02454535,0.038822044,0.043968014,0.043290854,0.032491982,0.02936435,0.024735607,0.01945845,0.023293313,0.013710608
-0.095408976,-0.05165355,-0.023528747,-0.005982265,0.013284281,0.024312727,0.029746734,0.015754752,-0.0032556728,-0.03981283,-0.07334315,-0.114516035
0.060747053,0.06863047,0.078174844,0.08535765,0.08346153,0.07635383,0.07854309,0.08285096,0.06665753,0.06447054,0.043599874,0.029747166
-0.15972546,-0.12331873,-0.10051227,-0.09104662,-0.0710989,-0.08151077,-0.049781866,-0.054555602,-0.058907237,-0.08687158,-0.1237693,-0.12719618
0.042866334,0.01280719,-0.03110841,-0.052636623,-0.06370017,-0.06487872,-0.07163924,-0.051162794,-0.050761178,-0.007650964,0.03905589,0.08289658
-0.14572322,-0.18015325,-0.21294883,-0.2252748,-0.22975148,-0.23658983,-0.23550971,-0.21003348,-0.18553407,-0.1544364,-0.09802133,-0.038601972
-0.28263333,-0.30227372,-0.30835113,-0.32145837,-0.3217039,-0.3141057,-0.31721836,-0.29220083,-0.25659782,-0.21675774,-0.18861227,-0.15511844
0.22873391,0.2406338,0.23690245,0.24028021,0.2440544,0.23420115,0.2389588,0.22095846,0.20716873,0.18207495,0.16265059,0.14458339
0.0010975385,0.012451623,0.02190997,0.034251906,0.03342165,0.034484968,0.03770034,0.03612769,0.02745872,0.018432137,7.865345e-05,-0.011820989
-0.66373885,-0.6405307,-0.62291837,-0.5957715,-0.5833049,-0.5618667,-0.5418689,-0.50939715,-0.4935355,-0.46678406,-0.4562803,-0.42431575
-0.006628327,-0.03777942,-0.06090288,-0.05764714,-0.0786189,-0.07937306,-0.09015107,-0.06184143,-0.07907673,-0.05772776,-0.029330224,-0.018297933
-0.20532101,-0.19691107,-0.18810433,-0.1829389,-0.18629405,-0.17032558,-0.17225593,-0.16303879,-0.14881068,-0.14397632,-0.14689773,-0.15154514
0.37275565,0.34079823,0.31660777,0.2964552,0.28163296,0.2629121,0.25106704,0.2509727,0.24383149,0.25328833,0.27189538,0.27736616
-0.08813924,-0.052428655,-0.027584225,-0.011926383,0.0013417453,0.011100009,0.0133942515,0.009531476,0.002835393,-0.022559464,-0.061776012,-0.094047114
-0.79472315,-0.7471063,-0.69912463,-0.6528479,-0.64582264,-0.611914,-0.59212625,-0.56141907,-0.56327415,-0.56079847,-0.5782721,-0.5799408
0.34304184,0.32224345,0.30847842,0.2966076,0.28563818,0.26039982,0.26148134,0.25168303,0.24451989,0.24153483,0.24428362,0.25191665
-0.1995258,-0.25792122,-0.29935664,-0.3256153,-0.34767497,-0.34892094,-0.34692883,-0.3166353,-0.25165093,-0.18762875,-0.11055826,-0.016482145
0.40858933,0.3875146,0.3619891,0.35104167,0.32353476,0.3175134,0.30790648,0.29175466,0.28270915,0.2729275,0.27503878,0.27743775
-0.16276032,-0.19329798,-0.21897393,-0.22612025,-0.22980322,-0.22769806,-0.22520281,-0.20463803,-0.17368558,-0.14464042,-0.09663046,-0.040947415
-0.45449793,-0.41263908,-0.38987947,-0.37094104,-0.35632616,-0.3270529,-0.32228762,-0.31024757,-0.2765003,-0.28155342,-0.30917263,-0.32833984
0.2378467,0.13388683,0.04634562,-0.013042748,-0.047493964,-0.06438899,-0.075923234,-0.042563945,0.005963996,0.07795836,0.18840283,0.30317074
-0.06664804,-0.046568643,-0.05047498,-0.04095639,-0.023792312,-0.009078436,-0.018152408,-0.012675211,-0.004850462,-0.014767345,-0.021086264,-0.048330817
0.22864975,0.24557003,0.2561901,0.27067375,0.26696444,0.27469397,0.2627935,0.23681985,0.21698755,0.18750039,0.14498338,0.09254925
-0.35725635,-0.3402413,-0.32828498,-0.31488138,-0.2982403,-0.28230792,-0.27795586,-0.26672214,-0.25413752,-0.24274923,-0.24713264,-0.25303215
0.023733132,0.116232574,0.20550808,0.2514571,0.28181,0.2941088,0.28801364,0.24629137,0.19083458,0.11248977,-0.0064304173,-0.13871698
-0.10808568,-0.06736837,-0.03634768,-0.011080191,0.0036398321,0.006803632,0.015545689,0.007353507,-0.00867594,-0.038192354,-0.08171486,-0.11961621
0.09279676,0.09214182,0.0913468,0.1030269,0.089503944,0.08701478,0.086735114,0.09168395,0.07360551,0.07236079,0.05953263,0.04946947
0.16449791,0.14285502,0.12959293,0.11727692,0.09570558,0.08277965,0.074150674,0.094316214,0.08367014,0.09338367,0.11153242,0.1194575
0.28602734,0.22204411,0.15598938,0.126326,0.09566191,0.0880636,0.08063923,0.09003088,0.1072136,0.15660648,0.21174988,0.27598464
-0.31659773,-0.30083185,-0.28002435,-0.26843175,-0.26413396,-0.25052166,-0.23737924,-0.23399661,-0.21570373,-0.21756244,-0.22208534,-0.21104442
-0.062919036,-0.061205186,-0.06339292,-0.076298,-0.07922599,-0.072469845,-0.074820325,-0.06627056,-0.047936194,-0.042566728,-0.03643202,-0.03535172
-0.8260002,-0.7744421,-0.71446836,-0.67658937,-0.638007,-0.60000896,-0.59578186,-0.59266144,-0.58594966,-0.57769704,-0.5910442,-0.6057155
0.34709376,0.27645475,0.22260568,0.18418558,0.16662899,0.14827223,0.12438123,0.13250083,0.15810794,0.22068506,0.26538512,0.30369678
0.16607423,0.18169859,0.19063011,0.19529021,0.19293551,0.1909254,0.19262788,0.17814142,0.15316844,0.13327035,0.10105613,0.07408699
-0.01610681,-0.008709319,0.005340427,0.0019127652,-0.0014305338,6.0141087e-05,-0.0002694577,0.0027217194,-0.0012391545,0.0017267913,-0.004329129,-0.012001705
-0.35484582,-0.33617908,-0.32660383,-0.31340292,-0.3002421,-0.28329527,-0.27362624,-0.2611722,-0.2530263,-0.24824035,-0.24235705,-0.23369053
0.36503467,0.32050732,0.2797626,0.24338059,0.1995621,0.17916292,0.18881294,0.2061165,0.2103734,0.22888476,0.2493189,0.29350644
-0.13410059,-0.13861993,-0.13268021,-0.1373481,-0.13648243,-0.13476025,-0.13037233,-0.12008106,-0.10671902,-0.08711691,-0.08245089,-0.06681044
1.044241,1.0055046,0.9326418,0.91855013,0.8725303,0.855006,0.8498085,0.81140244,0.76823723,0.72304213,0.7409558,0.7945784
-0.35831293,-0.37054548,-0.3678954,-0.36005688,-0.3560503,-0.3553484,-0.34083438,-0.32536632,-0.30623412,-0.29602748,-0.2622754,-0.21816425
-0.17262697,-0.21122727,-0.24800462,-0.2680146,-0.28182468,-0.2804682,-0.27230495,-0.24018966,-0.20484626,-0.15050027,-0.094976634,-0.03134802
0.41532654,0.37566438,0.33620584,0.3077612,0.28978807,0.26825565,0.2644846,0.25922206,0.2577489,0.28533825,0.3037185,0.33340523
0.084876224,0.13634309,0.17442457,0.20219132,0.21604198,0.21875358,0.2179158,0.19754867,0.16344897,0.11225514,0.052096058,-0.014319401
0.56866175,0.58407843,0.5977681,0.59358263,0.5993243,0.5636967,0.5600124,0.534568,0.48684263,0.43528473,0.3860356,0.32349005
0.06555072,0.06748438,0.07171356,0.07781435,0.08219613,0.07670017,0.07226897,0.06794129,0.06724214,0.052746452,0.046590667,0.033664215
0.02041185,0.060155928,0.09514648,0.11914508,0.12581332,0.12634875,0.13213277,0.11514194,0.08399232,0.045498453,-0.0077189766,-0.060557246
-0.045767456,-0.059806764,-0.065919116,-0.076533355,-0.0907752,-0.08848747,-0.08299939,-0.07504663,-0.069114596,-0.07040185,-0.04659261,-0.017249506
0.30227447,0.26139766,0.23265877,0.20635542,0.18957253,0.1817104,0.15959671,0.1676729,0.17312193,0.19104351,0.22389473,0.24816783
-0.052115798,-0.074485265,-0.09633752,-0.1080882,-0.12217144,-0.12426664,-0.12195198,-0.103999235,-0.08649159,-0.06389232,-0.03130564,0.005684941
-0.26079807,-0.25157675,-0.25088212,-0.24183692,-0.24136937,-0.22480361,-0.21282412,-0.19753626,-0.18258005,-0.1727438,-0.16627215,-0.1440345
0.14058222,0.15384264,0.16970813,0.17264041,0.16795507,0.16589701,0.16006342,0.14892714,0.13921167,0.1135686,0.086945094,0.057195548
-0.60927767,-0.61512655,-0.6173832,-0.6122153,-0.619555,-0.5995528,-0.5850451,-0.53867614,-0.51738757,-0.4800684,-0.43496814,-0.3726897
0.24223427,0.24704202,0.25654498,0.25075334,0.26302075,0.26424673,0.2455433,0.21451317,0.19323461,0.16591601,0.15797111,0.12548745
0.2450907,0.16281614,0.10885742,0.07418464,0.035179883,0.021890223,0.00439319,0.03855169,0.052442804,0.12447484,0.19311054,0.26353022
0.06787139,0.09793174,0.13295567,0.15113908,0.14704849,0.15770712,0.14772922,0.14133272,0.11874646,0.10636379,0.044128753,-0.020544816
-0.25587347,-0.08828768,0.0530203,0.13147002,0.16625577,0.20039088,0.22659191,0.17267427,0.08614248,-0.041646153,-0.21979134,-0.39246666
0.5039505,0.45430636,0.41705388,0.37860045,0.33740008,0.3243571,0.30726877,0.30382878,0.3024523,0.31465077,0.3486587,0.3770994
-0.34121525,-0.32103923,-0.31243894,-0.3129298,-0.31351653,-0.2808356,-0.26787692,-0.2667573,-0.23591913,-0.23005296,-0.23497993,-0.2204239
0.27581128,0.3351356,0.35006538,0.40446517,0.3858353,0.39876878,0.3872881,0.3903156,0.3047707,0.2186822,0.13612108,0.024063438
0.14801538,0.22101215,0.2753253,0.30671513,0.32286128,0.34956747,0.32601458,0.27964717,0.24319157,0.19116965,0.09106882,-0.03302454
-0.21422626,-0.1982,-0.19702414,-0.19159193,-0.17659281,-0.1702963,-0.1618991,-0.15628465,-0.13913807,-0.13858244,-0.13620527,-0.12590659
-0.009466575,-0.018492244,-0.023451734,-0.025859877,-0.038554285,-0.034132272,-0.031538744,-0.02176192,-0.019102374,-0.014325401,-0.01026239,0.006401675
0.33469376,0.36936274,0.37949598,0.3921333,0.38586676,0.40710688,0.39210388,0.35065073,0.31718206,0.2663432,0.21539164,0.15919752
0.0045058075,0.016338965,0.045464247,0.059090503,0.084247656,0.0691053,0.07008845,0.055692736,0.04320015,0.017981792,0.005379823,-0.018093176
0.49790794,0.6832903,0.84297484,0.9401844,0.9843739,0.9952207,0.9852101,0.8699697,0.7394787,0.5291874,0.28254032,0.015044183
0.01720847,0.0066679157,-0.014384776,-0.01891179,-0.019422296,-0.026772339,-0.021742038,-0.0141519345,0.0026329644,0.0103542395,0.025117265,0.04849604
0.090030804,0.116668,0.13536067,0.14852366,0.14738345,0.15122986,0.15230782,0.13599637,0.112967215,0.072704546,0.040207565,0.005209418
-0.3528706,-0.36583436,-0.3713252,-0.3787073,-0.3615419,-0.3456833,-0.34044772,-0.33205235,-0.31242186,-0.26713213,-0.23085266,-0.1979109
-0.027155578,-0.056359816,-0.059978187,-0.07363838,-0.07846938,-0.07703634,-0.0720211,-0.06698101,-0.066299774,-0.038530525,-0.0058876323,0.027205426
0.5276997,0.57447565,0.62963605,0.65777916,0.67500246,0.6295521,0.6297224,0.5909629,0.55215365,0.43317518,0.36918545,0.28198797
0.19328865,0.27397388,0.3419791,0.38775805,0.3983432,0.4046918,0.40296417,0.35347933,0.2855698,0.19860107,0.091444865,-0.027976949
-0.024407744,-0.052436855,-0.06676291,-0.098554134,-0.09252658,-0.10419179,-0.093876734,-0.09392819,-0.07349859,-0.038787704,-0.0013965005,0.03913882
0.55120945,0.53986406,0.55198187,0.54901034,0.5165031,0.47975445,0.4719987,0.4811988,0.42491123,0.39519,0.36716026,0.32520658
-0.1201802,-0.106608,-0.098796204,-0.088700555,-0.08211841,-0.07173499,-0.07930401,-0.0730887,-0.07320097,-0.07245073,-0.07942489,-0.094933145
0.1788633,0.11625442,0.09720269,0.06022367,0.027393878,-0.008812711,0.0040704906,0.053704634,0.016809538,0.11546421,0.16011155,0.21513888
0.005394575,0.0051301736,0.007503029,0.009341627,0.0015021376,0.005764611,0.009604827,0.010210548,0.008476667,0.0013931748,0.0017712377,0.005201149
-0.10889782,-0.074402675,-0.041001678,-0.020143576,-0.012905315,-0.0029828697,-0.0007995516,-0.014465578,-0.033521064,-0.06263842,-0.099963725,-0.14012845
-0.20461372,-0.2204352,-0.23195317,-0.22044551,-0.21611379,-0.21712038,-0.22716013,-0.20002475,-0.18094984,-0.15917347,-0.12893954,-0.11163486
-0.055563323,-0.070538305,-0.07025964,-0.07821162,-0.08351169,-0.085743986,-0.08433657,-0.07746886,-0.073504284,-0.0642705,-0.04452984,-0.024859915
