0.20713827,0.19219282,0.16850594,0.15712494,0.13480541,0.12222107,0.11541989,0.099201456,0.090315476,0.088069655,0.09003094,0.096510015
0.3051432,0.3060183,0.2810213,0.27752876,0.23990075,0.21045887,0.18267915,0.15426545,0.1261301,0.113455504,0.11095269,0.11200105
-0.22285931,-0.18434952,-0.13792852,-0.14279404,-0.12587857,-0.11454694,-0.09952079,-0.09186747,-0.08234078,-0.081074074,-0.08118192,-0.081946224
0.06708403,0.05667735,0.05521241,0.058098227,0.049258977,0.052190043,0.062353406,0.057323404,0.04085049,0.02928248,0.007940363,0.0035425723
0.30564535,0.30221415,0.2877195,0.21976572,0.17632094,0.13839853,0.12298271,0.09598744,0.10520759,0.1275002,0.15804783,0.18420972
0.07463781,0.073546365,0.049162827,0.036060184,0.021084346,0.0091857985,-0.0023766458,0.0047297403,0.019571569,0.036565866,0.054876145,0.06678226
-0.011566391,-0.029897971,-0.080427915,-0.09299232,-0.10282389,-0.10229138,-0.110308684,-0.076464325,-0.033372607,0.0070426697,0.044615418,0.06805027
-0.0006636698,0.024132865,0.021045316,0.029069664,0.03374055,0.04012584,0.030030407,0.026617292,0.017448258,0.006396589,0.0026472248,-0.008942574
0.016958881,0.012036115,0.01519943,-0.01871907,-0.039691284,-0.06084855,-0.05381208,-0.047651812,-0.009723458,0.02532291,0.058921814,0.09423663
0.10567519,0.12723893,0.11529028,0.096356034,0.0771548,0.07186377,0.06735447,0.05692381,0.05234168,0.050240338,0.049991474,0.050066605
0.5283978,0.6783282,0.7775114,0.7862437,0.7551513,0.7037606,0.64371216,0.4974078,0.34562126,0.22493365,0.13718013,0.07261275
-0.38110402,-0.40194762,-0.40123785,-0.3755753,-0.339989,-0.30760226,-0.27636555,-0.22064216,-0.17582674,-0.15109988,-0.13766365,-0.13003041
-0.46986446,-0.23329604,-0.0043514967,0.24482256,0.34989923,0.42234123,0.4310047,0.29415995,0.035496145,-0.23079251,-0.47551322,-0.6659981
-0.005668767,-0.03305136,-0.056598626,-0.081382796,-0.086981684,-0.088385746,-0.08149111,-0.06129779,-0.03510288,-0.006856149,0.011862295,0.027944466
-0.043797925,-0.0511453,-0.030657403,0.0002636984,0.016375966,0.017020553,0.018232048,0.013231315,0.0003571771,-0.01716102,-0.0345644,-0.04268474
0.18023214,0.15902998,0.12616076,0.11207021,0.089573696,0.08369155,0.08050172,0.073585734,0.070776254,0.07251189,0.073890045,0.08061483
-0.08906235,-0.11036346,-0.10426946,-0.08924019,-0.07787243,-0.07813771,-0.078966156,-0.064560026,-0.053243462,-0.040948298,-0.03020457,-0.023958936
0.2853792,0.24994816,0.2038686,0.122063994,0.077800244,0.051461652,0.048844934,0.05206859,0.073975585,0.110935286,0.14866014,0.1739248
0.3066538,0.30917862,0.2716152,0.25241974,0.22091264,0.2066471,0.19126692,0.16635118,0.14762206,0.13661768,0.13018069,0.13105081
-0.0068104193,-0.058894463,-0.0851963,-0.058819257,-0.052825883,-0.03501652,-0.010322273,0.002301097,0.007703103,0.0062755905,-0.009581611,-0.0022737235
0.049302667,0.019087575,0.01163955,0.021949872,0.015856981,0.021705411,0.03171795,0.021980703,0.008974083,-0.0038356055,-0.013898792,-0.01856222
0.12325074,0.09949249,0.05249238,0.010339797,-0.015644118,-0.021166816,-0.017367706,-0.022667311,0.00023030117,0.026894178,0.04837672,0.06734638
0.0531257,0.10024717,0.12953675,0.14563139,0.15684819,0.14873707,0.14136684,0.11655899,0.08053275,0.055396184,0.02391182,0.011066966
-0.68862253,-0.7481991,-0.7024093,-0.57563853,-0.47883865,-0.43430585,-0.40906292,-0.33314824,-0.30554155,-0.2925517,-0.29267183,-0.3007671
-0.25069815,-0.2399962,-0.20776601,-0.16847435,-0.13528426,-0.112950474,-0.10278495,-0.087798074,-0.09601,-0.1139772,-0.13340293,-0.15377773
0.0303868,-0.046618648,-0.09103254,-0.11595029,-0.12470416,-0.13651848,-0.123716645,-0.09126045,-0.04194174,0.009758487,0.04993221,0.08559785
0.25487784,0.24534725,0.23954631,0.23117667,0.21041867,0.19593051,0.18625186,0.15269229,0.12561324,0.09936056,0.08161314,0.07251776
0.33494788,0.33064342,0.33699295,0.35304776,0.33512908,0.31918836,0.30085093,0.24478851,0.18309371,0.12530226,0.085679926,0.057371825
0.10023617,0.06704989,0.03860399,0.047253452,0.04374437,0.031233385,0.02692419,0.034337625,0.034772992,0.047798194,0.049569003,0.06176705
0.18493615,0.15519452,0.0787569,0.03391218,-0.014248282,-0.031050801,-0.039773256,-0.02959612,0.016254053,0.070753776,0.12773137,0.17092791
0.40088165,0.36091363,0.3078396,0.22633713,0.16961262,0.1404328,0.1299411,0.1111286,0.12700784,0.15141378,0.18368575,0.20927176
0.08167736,0.15792845,0.15797217,0.08079741,0.051863573,0.032328617,0.016327463,9.128451e-05,0.018688545,0.03890799,0.0663376,0.07713574
-0.88413423,-1.0092835,-0.97581995,-0.8094399,-0.68553257,-0.58723843,-0.5122509,-0.4076602,-0.38132066,-0.3885709,-0.4218241,-0.44664624
0.47795445,0.4430309,0.33585858,0.23746037,0.15700999,0.12179518,0.10556896,0.099514574,0.14806022,0.19796954,0.2500578,0.30123988
-0.65767723,-0.55903846,-0.4510798,-0.37487757,-0.2807293,-0.22881097,-0.21833998,-0.20046198,-0.22334978,-0.26401815,-0.30366147,-0.35565957
-0.055603437,0.029775351,0.12461744,0.11413652,0.11531237,0.10789639,0.12904331,0.08533193,0.050812364,0.021127947,-0.019306894,-0.026582632
0.18677232,0.1809831,0.14297731,0.109929934,0.086119115,0.06973088,0.050505057,0.047702357,0.057322744,0.075943366,0.098077886,0.1091418
0.024555858,-0.027870469,-0.06729856,-0.11412386,-0.12973303,-0.13702491,-0.11955883,-0.097206086,-0.054522835,-0.0064155776,0.031180682,0.06260449
-0.38677803,-0.36794358,-0.342671,-0.34367126,-0.31578314,-0.29496878,-0.26994812,-0.2300872,-0.18408981,-0.15422028,-0.13291249,-0.12069518
-1.2082441,-1.1185081,-0.9384106,-0.7934426,-0.6431512,-0.5586911,-0.50331116,-0.44836977,-0.44853032,-0.48451424,-0.53709865,-0.5873161
-0.36463484,-0.38759387,-0.39075533,-0.3972528,-0.3688198,-0.35530263,-0.34126872,-0.27084208,-0.1987102,-0.13586767,-0.08792001,-0.05814205
0.19025028,0.19133647,0.17209189,0.14719012,0.12336579,0.10724279,0.0973374,0.07826801,0.069526084,0.071045235,0.07382479,0.0769742
-0.7174931,-0.7351337,-0.6481298,-0.5600595,-0.48129514,-0.44751638,-0.4107147,-0.33943403,-0.2959278,-0.27578112,-0.2687434,-0.2617105
0.124044895,0.09620845,0.08156413,0.036954343,0.017357424,0.002489522,0.0028357655,0.006268829,0.027507998,0.05269949,0.078886256,0.1001662
-0.17972766,-0.1595825,-0.12809767,-0.09103975,-0.057060122,-0.040905282,-0.037617937,-0.035976112,-0.051201914,-0.07092174,-0.09288295,-0.11295888
0.094495006,0.09658863,0.093346715,0.0845972,0.06921943,0.054864418,0.041618325,0.03743794,0.03850398,0.03737977,0.042615794,0.04596898
0.39136904,0.39598235,0.3413651,0.2851791,0.24510491,0.22675565,0.20679472,0.18330577,0.16808602,0.17518558,0.18552238,0.19540486
0.1376395,-0.021978945,-0.10079375,-0.17630658,-0.20408624,-0.2177889,-0.19747393,-0.13980195,-0.06110876,0.018736526,0.08965342,0.14126372
0.19940805,0.2086217,0.17800581,0.12384953,0.08551413,0.067487255,0.061866466,0.052100476,0.06677438,0.08710445,0.105621666,0.12633154
0.12492341,0.12245557,0.09445686,0.081968814,0.06798879,0.06104195,0.048394166,0.042527497,0.04346109,0.04819517,0.05697856,0.06022749
0.17898794,0.17757718,0.16434342,0.13453574,0.1112342,0.098917566,0.09230678,0.07141809,0.06511321,0.06257787,0.06868984,0.07106188
-0.059715483,-0.030936139,-0.033032585,-0.025211282,-0.020386312,-0.018730246,-0.034623645,-0.028987339,-0.03173419,-0.032077778,-0.025451992,-0.033611074
-0.15438935,-0.13994807,-0.12839293,-0.13578974,-0.12597427,-0.126653,-0.122517146,-0.10304031,-0.0752976,-0.049548835,-0.03070543,-0.016410895
0.2783346,0.22476976,0.14883527,0.13532573,0.09729114,0.08531052,0.070864886,0.07109992,0.07636144,0.09190497,0.107116595,0.12164829
0.08138363,0.067201525,0.024512067,-0.008017972,-0.031874433,-0.03856597,-0.04251986,-0.029993385,-0.0020172037,0.025534358,0.05581081,0.073056504
0.008261471,0.028560981,0.023544546,-0.01873535,-0.02789256,-0.03483889,-0.04020751,-0.035515085,-0.013919551,0.0075307414,0.030702364,0.041695464
-0.08973256,-0.074066855,-0.06371409,-0.04942056,-0.036075395,-0.029012665,-0.03204639,-0.027680174,-0.030282665,-0.03383898,-0.0376613,-0.04525694
0.28897247,0.3374916,0.31048292,0.24496333,0.2072925,0.16136447,0.10865873,0.09442092,0.10445313,0.12238164,0.15889558,0.16750473
0.15787908,0.1413395,0.14409685,0.15851368,0.15030912,0.15540037,0.17734534,0.15716022,0.11152676,0.069773555,0.017134242,-0.0061375946
0.10657161,0.105152294,0.0818943,0.04371819,0.024133572,0.017814096,0.024334844,0.023213428,0.033413332,0.05378267,0.065170445,0.08072983
-0.60842997,-0.62233895,-0.5864506,-0.48725516,-0.4049433,-0.352282,-0.33195058,-0.2642914,-0.25168446,-0.25405058,-0.26732,-0.2929142
-0.41217262,-0.42398176,-0.44087902,-0.3821748,-0.32530642,-0.27642596,-0.2674764,-0.20914537,-0.18536691,-0.17510988,-0.17645897,-0.1919321
-0.18931192,-0.17550248,-0.17857574,-0.18637481,-0.16984922,-0.15553372,-0.14619796,-0.11750116,-0.093003206,-0.070417814,-0.05778183,-0.05356309
-0.06472652,-0.050675742,-0.04941242,-0.09339033,-0.096861355,-0.09546965,-0.090672866,-0.08320378,-0.05160964,-0.028331919,-0.00027045235,0.010833338
0.19649927,0.19134757,0.172682,0.14376247,0.115777545,0.098277956,0.09199402,0.07325822,0.06961678,0.070579894,0.076085575,0.082773834
-0.20382711,-0.17524052,-0.13583378,-0.13681561,-0.12992519,-0.11988434,-0.11352899,-0.09795509,-0.08325439,-0.075398006,-0.06645237,-0.06207394
0.31793052,0.34577543,0.3286123,0.25948384,0.2104333,0.17672652,0.14951289,0.12125939,0.12970635,0.14417233,0.17343,0.19162601
0.14471051,0.12731747,0.087317884,0.057314202,0.029761627,0.01841715,0.014156148,0.012645833,0.025802363,0.046168137,0.0663492,0.08122709
-0.707582,-0.773944,-0.7138864,-0.5658996,-0.4530525,-0.3852822,-0.33932737,-0.26955405,-0.27121413,-0.2936861,-0.3384799,-0.36959743
-0.0043301955,0.024878867,0.082692474,0.1391435,0.15547563,0.16016325,0.15437087,0.10676672,0.048357483,-0.016776675,-0.06618389,-0.10346261
0.2764496,0.20663063,0.15206435,0.04907483,-0.002962768,-0.042693347,-0.04399109,-0.031090602,0.038438156,0.1176237,0.19762221,0.26437286
0.20731352,0.2550307,0.27462357,0.18435653,0.15415217,0.12221429,0.107099116,0.079579905,0.090301886,0.10759823,0.12987012,0.14694944
-0.028770907,-0.031903,-0.044037785,-0.05288876,-0.0554066,-0.053378463,-0.05355272,-0.03986518,-0.023993548,-0.010047585,0.0019287346,0.008759122
0.10238314,0.10330691,0.082987495,0.078310356,0.07316148,0.06609048,0.051850006,0.051578514,0.051064126,0.055648673,0.058651336,0.061346523
0.29109138,0.28547776,0.24542527,0.17077997,0.118681,0.08539353,0.07831286,0.06949054,0.090040445,0.12961741,0.16086844,0.19561823
0.55659795,0.6520207,0.6206378,0.55152005,0.48132217,0.44791257,0.41013336,0.3192258,0.25759864,0.22677499,0.20603096,0.19019318
0.16580564,0.14274953,0.103332266,-0.028495848,-0.08896083,-0.12989774,-0.13105583,-0.104210705,-0.018048331,0.07182001,0.16085385,0.22775492
0.332505,0.38316298,0.3536455,0.35087013,0.30567095,0.3216004,0.34292254,0.31403,0.26498634,0.20549117,0.14718337,0.12817568
0.3230095,0.28653473,0.21880484,0.17412117,0.12823322,0.09917413,0.0866628,0.08383115,0.10040656,0.1319859,0.16122407,0.19008777
0.44349897,0.40954936,0.35097873,0.2740697,0.2070753,0.1776807,0.16845351,0.13858023,0.14908548,0.17172632,0.20296834,0.2321693
-0.04366295,-0.0251613,0.0141044855,0.022663344,0.026815295,0.032762654,0.043039557,0.021087732,-0.003188653,-0.028213318,-0.052703433,-0.06651652
0.1859812,0.16212106,0.15774184,0.14665173,0.13404343,0.12374685,0.13042578,0.10685051,0.08004388,0.06577408,0.049042143,0.043811858
-0.2687005,-0.2408569,-0.19886813,-0.16908276,-0.13468075,-0.11051354,-0.09243211,-0.07961887,-0.08656626,-0.09904756,-0.12101998,-0.13536553
0.067015715,0.053712226,0.044786368,0.04115253,0.03199327,0.025526285,0.024699647,0.022550564,0.023408968,0.026519656,0.03205754,0.03908562
-0.29893667,-0.319965,-0.2975859,-0.2657284,-0.22974148,-0.20574091,-0.18316846,-0.15149796,-0.13737068,-0.1297571,-0.13116482,-0.13301222
-0.057596013,0.0007955134,0.0007213056,0.040897444,0.05951713,0.07464315,0.057294443,0.062077448,0.037277833,0.009048792,-0.017922733,-0.046459064
0.27641973,0.23993762,0.18967396,0.14476119,0.09643507,0.06704019,0.05456969,0.062983915,0.086555146,0.11316911,0.14559293,0.1725708
-0.09156294,-0.11708808,-0.13077146,-0.13797778,-0.13148558,-0.12765457,-0.1201721,-0.09002573,-0.058487654,-0.033062834,-0.0108493045,0.0030246824
-0.14164497,-0.14260083,-0.1239321,-0.08600795,-0.066211775,-0.049188286,-0.028215379,-0.020188257,-0.032250524,-0.04816828,-0.07104054,-0.080833025
0.14912383,0.17206691,0.16456738,0.162855,0.14471227,0.129705,0.11017399,0.088959225,0.06874048,0.054276664,0.048290286,0.04086522
-0.057928253,-0.047898766,-0.017462887,-0.07517235,-0.07878919,-0.07948196,-0.053358894,-0.06987155,-0.068721466,-0.048419952,-0.038527206,-0.029330567
0.03992097,0.038198784,0.025956588,0.010866661,0.0015141517,-0.006455496,-0.018603854,-0.0134176165,0.0035999846,0.018114157,0.039771173,0.049652852
-0.38061053,-0.31997466,-0.23025632,-0.20887402,-0.15880269,-0.14394256,-0.13308749,-0.12809053,-0.1344594,-0.14884162,-0.16548008,-0.18513642
-0.0436063,-0.102270976,-0.14468619,-0.17782024,-0.19259974,-0.19122984,-0.1729451,-0.13600631,-0.090192296,-0.05001125,-0.018261867,0.0055234246
-0.113899,-0.12817638,-0.15450178,-0.12829202,-0.10522114,-0.08881728,-0.094266966,-0.05902159,-0.05087712,-0.040215988,-0.036227085,-0.043390967
0.014192912,0.01709121,0.010310138,0.001865413,-0.0009942278,-0.00450724,-0.010285078,-0.0062262565,-0.00048576202,0.0061575766,0.012727474,0.01428456
-0.09580007,-0.14625064,-0.17071159,-0.19571072,-0.198264,-0.19123638,-0.17565006,-0.13587248,-0.08869365,-0.048083168,-0.014342049,0.008577969
0.10787399,0.09574974,0.07787803,0.08565164,0.07581856,0.07062485,0.062409982,0.053915925,0.043450892,0.033217255,0.02833337,0.024444632
0.22067466,0.24424163,0.20859468,0.15574458,0.124128275,0.09302901,0.060265407,0.058490656,0.08021987,0.111393034,0.14675736,0.16792177
-1.0822276,-1.0854883,-0.9490454,-0.800869,-0.6563121,-0.5598998,-0.4767083,-0.4032003,-0.4006399,-0.43864304,-0.505015,-0.5505523
-0.050446495,-0.087641686,-0.10807097,-0.113450766,-0.11071128,-0.103099786,-0.097536296,-0.08140469,-0.06088412,-0.044799846,-0.028966077,-0.02308331
0.17105955,0.20917007,0.19332896,0.10352043,0.08024471,0.05557982,0.03244697,0.024870954,0.050401986,0.082193255,0.12019166,0.13725375
-0.7325187,-0.6771165,-0.6090894,-0.51028603,-0.40474045,-0.35288516,-0.34787312,-0.29392698,-0.28291714,-0.29366857,-0.31430304,-0.35223395
-0.09655994,-0.12634242,-0.12514432,-0.12472721,-0.111138314,-0.10156024,-0.086502045,-0.07006058,-0.060494926,-0.04924858,-0.04432984,-0.040182
-0.20864174,-0.21110933,-0.18789768,-0.18080024,-0.159979,-0.15406631,-0.14677252,-0.12104182,-0.09558568,-0.07816078,-0.064099416,-0.0564501
-0.2604253,-0.25455648,-0.22306341,-0.19160372,-0.15886642,-0.13922258,-0.124210395,-0.103460066,-0.098838724,-0.102406144,-0.112967364,-0.12152709
0.34513566,0.4182589,0.47745425,0.50303316,0.49100894,0.47415635,0.44862202,0.34130007,0.21851626,0.10823451,0.022751153,-0.042747617
-0.12891427,-0.15809467,-0.17566654,-0.18590155,-0.17729428,-0.17232673,-0.16159996,-0.12211759,-0.08309945,-0.042785652,-0.013003631,0.008993898
0.102302834,0.124083474,0.117698625,0.09352843,0.07160227,0.05816149,0.048876643,0.04147135,0.04640063,0.053504877,0.062317207,0.0722684
0.1427287,0.12364107,0.07481983,0.038229555,0.020509422,0.0070100874,-0.01483117,-0.0075087026,0.013500206,0.040391658,0.069677174,0.08004302
-0.20977484,-0.21669327,-0.20216896,-0.19268885,-0.171938,-0.15482792,-0.13539268,-0.11290392,-0.094314374,-0.08629982,-0.08267222,-0.08136195
-0.30156016,-0.36304495,-0.35394585,-0.3275117,-0.2911879,-0.26897466,-0.23571451,-0.19102915,-0.1647271,-0.13892578,-0.13322487,-0.12402501
0.08855086,0.06291605,0.055354685,0.07148313,0.06066656,0.05354072,0.052397512,0.04564581,0.038479064,0.02776037,0.023503393,0.024289321
0.57280004,0.6317152,0.6240707,0.58354425,0.5284127,0.4999079,0.49258912,0.39881736,0.3256881,0.26632613,0.20947482,0.19757208
0.022401728,-0.007670149,-0.023547709,-0.014999591,-0.025575556,-0.033274256,-0.033505984,-0.028262608,-0.018828811,-0.01033504,-0.0018573496,0.00807742
-0.75884277,-0.80229235,-0.71229553,-0.64854574,-0.5609473,-0.5044447,-0.42481026,-0.36090145,-0.32789975,-0.3165342,-0.33332944,-0.3355628
-0.4528042,-0.3014246,-0.16924673,-0.14497149,-0.08104789,-0.057121873,-0.053601682,-0.07502404,-0.11924663,-0.16316459,-0.2128472,-0.26012754
-0.2636698,-0.24865541,-0.22263896,-0.22062965,-0.19473526,-0.17338344,-0.15088262,-0.13023211,-0.11116784,-0.10168691,-0.1008201,-0.1001686
0.19406748,0.18116242,0.15908915,0.11921346,0.09254573,0.08134806,0.079874605,0.05984084,0.057107173,0.061541572,0.06623348,0.071540356
0.33978164,0.3057912,0.2537914,0.1980561,0.14879158,0.11458689,0.09952158,0.090615824,0.10325974,0.12790278,0.16055612,0.18430673
-0.039691947,-0.05765772,-0.05352975,-0.06484778,-0.065541774,-0.07635808,-0.071506746,-0.062448177,-0.046301283,-0.024755832,-0.008071981,0.0066332184
0.1968885,0.22490732,0.22635457,0.23191838,0.20716313,0.20167574,0.1953505,0.1556111,0.12413971,0.083938025,0.06551299,0.04709977
0.24726023,0.2431547,0.2194319,0.184863,0.14395738,0.12039703,0.09917477,0.0851942,0.097997464,0.11743528,0.1503311,0.177118
-0.10598928,-0.14806062,-0.17637189,-0.19781265,-0.20240667,-0.193771,-0.17096221,-0.12930274,-0.080592245,-0.03788388,-0.008502459,0.019616345
-0.3246715,-0.33107704,-0.3446279,-0.2816077,-0.24426419,-0.2085876,-0.20618178,-0.14563912,-0.117173575,-0.101022735,-0.09791585,-0.09807053
0.06586862,0.06973844,0.071517095,0.026955694,0.015204042,-0.017557055,-0.03606157,-0.02450645,-0.0019468665,0.03736358,0.07779431,0.101147965
0.21678163,0.18518648,0.1437162,0.10365936,0.06754115,0.04578094,0.0388792,0.03259276,0.055261284,0.07865712,0.10896228,0.13329844
0.30340344,0.31406766,0.25554764,0.19867034,0.16125163,0.14863291,0.12466198,0.108359985,0.11055416,0.12147462,0.13800469,0.14126495
0.3320735,0.297666,0.20768213,0.12637794,0.07715733,0.05752036,0.045501158,0.047600582,0.0792837,0.13043132,0.17491771,0.20840833
-0.13108625,-0.19230816,-0.22273628,-0.23469639,-0.21718791,-0.20639977,-0.18904462,-0.14964132,-0.108021654,-0.07057522,-0.042166337,-0.02903916
0.004973092,-0.027614828,-0.05750067,-0.07501115,-0.083760425,-0.08930639,-0.08713685,-0.06444335,-0.026232654,0.009017172,0.042426065,0.06793684
0.15304534,0.09880103,0.037202954,-0.01431334,-0.04266347,-0.049694017,-0.047241837,-0.031300418,0.0052659586,0.044546872,0.07874772,0.10350521
0.21166918,0.19745106,0.17027645,0.1481249,0.123466395,0.111314595,0.1081129,0.097425856,0.08558908,0.08785852,0.08636761,0.091475405
0.060069375,0.023955502,0.009062983,-0.034872204,-0.05072736,-0.06354488,-0.060693435,-0.042882167,-0.013840567,0.01708261,0.04747921,0.06844917
-0.016962927,-0.021018267,0.0069424435,0.031453058,0.048420064,0.05160631,0.047278337,0.021284461,-0.011599492,-0.04031628,-0.062284455,-0.08626591
-0.086957484,-0.12161729,-0.12210207,-0.0838419,-0.068024635,-0.05013439,-0.030700155,-0.019571058,-0.02797514,-0.042196408,-0.06271283,-0.07021852
0.25187376,0.21207106,0.19315761,0.18426248,0.16257724,0.14197177,0.13037854,0.10910285,0.0971251,0.08988016,0.09509599,0.09929281
-0.06260924,-0.05739508,-0.06319816,-0.08463755,-0.08858708,-0.0923359,-0.09071024,-0.07263916,-0.042748034,-0.01470263,0.011363473,0.029688668
0.13365176,0.13682766,0.1398587,0.20452057,0.2145906,0.22279657,0.22474204,0.18628252,0.12324703,0.06289973,-0.0006278008,-0.032599278
-0.15669337,-0.22609657,-0.2636911,-0.27596796,-0.28375724,-0.27952516,-0.26025692,-0.20228946,-0.1383141,-0.08181312,-0.038470205,-0.003299579
0.05606857,0.03007894,0.010710828,-0.018925034,-0.032907248,-0.043303274,-0.03647013,-0.02353219,-0.00029828772,0.0281553,0.05279507,0.07465233
0.19046451,0.21463278,0.24018656,0.25223494,0.2464127,0.24415159,0.24532163,0.1938552,0.1403845,0.081025824,0.042070188,0.012357101
0.08996892,0.10960197,0.12700036,0.1798902,0.19942254,0.1878196,0.14812155,0.13200341,0.0925359,0.051618956,0.02401696,-0.0066057537
-0.100768425,-0.08067493,-0.026434325,0.016930878,0.038606793,0.04965359,0.05998847,0.042092264,-0.00022684038,-0.05151724,-0.10357167,-0.13544123
0.42086494,0.3936545,0.36509088,0.30687767,0.25672877,0.23175415,0.22228587,0.16889693,0.15115047,0.13974781,0.14345378,0.14942066
0.15849298,0.14741006,0.123823404,0.10088564,0.076499864,0.059853695,0.050062947,0.045917716,0.05001288,0.057713807,0.06921884,0.07770655
0.018272629,0.022844832,0.014975717,-0.014120866,-0.020854302,-0.028059304,-0.0346659,-0.033138216,-0.019413602,-0.0015157368,0.017787553,0.026469588
0.0035054926,0.0061438046,0.0037196781,0.0049343444,0.0029590316,-0.00030646846,-0.0108222645,-0.007526813,-0.0018301774,0.0027683142,0.012358406,0.014950094
0.07864213,0.16479017,0.24547763,0.2935563,0.31445196,0.3201556,0.31154948,0.22508062,0.11088522,0.006176032,-0.08645129,-0.1573898
-0.010796696,-0.0067702346,-0.011175804,0.03333515,0.051261164,0.06507742,0.053285018,0.050494574,0.026155546,-0.0019637998,-0.02431009,-0.04673763
0.15451925,0.17150706,0.18342882,0.17666203,0.16359991,0.15535936,0.15349656,0.12440473,0.08890345,0.066604726,0.043751948,0.032874554
-0.069823034,-0.013195336,-0.014160901,0.0011804104,0.01831767,0.03550747,0.031956077,0.033251137,0.015062273,0.0042525157,-0.021862447,-0.038586363
0.16016369,0.1670001,0.17425404,0.17870213,0.16879877,0.16193524,0.15992054,0.12840556,0.09122304,0.06401367,0.033780936,0.021013387
-0.16517311,-0.09785612,-0.023756206,-0.024054587,0.004300356,0.0038722456,0.012568876,-0.004193887,-0.024467766,-0.041659545,-0.0679353,-0.0818402
0.0034237355,-0.013769513,-0.0281302,-0.015612654,-0.015967237,-0.010333559,-0.0072433837,-0.0012882045,-0.00085800886,-0.0029770918,-0.007674791,-0.008501874
-0.011454284,-0.038607873,-0.02346104,-0.023323596,-0.020630725,-0.032174245,-0.028843815,-0.021378178,-0.011944918,-0.003867704,0.0030824617,0.01265467
0.13452265,0.10290597,0.11029746,0.16998404,0.1827884,0.19906282,0.2008526,0.16205391,0.094237804,0.02422753,-0.037241533,-0.079264455
0.13278152,0.1911161,0.235403,0.3528437,0.37438303,0.3774902,0.3432684,0.2786988,0.1688045,0.06413427,-0.022198759,-0.08519783
0.100085795,0.12635453,0.12784338,0.1280264,0.11587483,0.11070777,0.105879046,0.089689076,0.06986286,0.053402618,0.03907065,0.032417648
0.15077724,0.124711186,0.07934946,0.013645843,-0.019545794,-0.043032736,-0.052771226,-0.036955565,0.0099893585,0.06088666,0.11010311,0.14543156
-0.04578879,-0.033819936,-0.031109244,-0.005408816,0.0073714107,0.019834384,0.015924796,0.012368083,-0.001515992,-0.016287446,-0.02956607,-0.04119874
0.21403693,0.084476456,0.009500921,-0.0030769408,-0.049282342,-0.100945234,-0.118091315,-0.058271408,0.028796405,0.11606564,0.20879383,0.29330337
0.13041253,0.14228454,0.14382716,0.13794786,0.12384655,0.115867585,0.11459336,0.089421645,0.069665216,0.053987697,0.037566084,0.033009406
-1.0941703,-1.0867287,-0.9475596,-0.8890505,-0.7564913,-0.68449754,-0.60920197,-0.5161894,-0.46535,-0.43915093,-0.44521326,-0.45640785
-0.69287837,-0.6287462,-0.53232205,-0.53115296,-0.44555104,-0.40747178,-0.38398746,-0.32856965,-0.29107437,-0.26775765,-0.25980136,-0.2733476
0.2075823,0.18666062,0.14420924,0.089076206,0.051270768,0.03489493,0.03310372,0.03504066,0.05935602,0.08662245,0.1150151,0.13937058
0.101069756,0.109762385,0.106157884,0.10840744,0.10048136,0.095893554,0.08898345,0.07402767,0.05542252,0.04076551,0.028216507,0.019875087
0.2993105,0.29585832,0.26513818,0.24963355,0.22229725,0.21420524,0.21008477,0.17791055,0.1492859,0.1301116,0.11031507,0.103913054
-0.30142182,-0.30526006,-0.2906256,-0.2749582,-0.24075803,-0.21584526,-0.20019217,-0.16470218,-0.13931568,-0.12216444,-0.11387022,-0.11355126
0.17418739,0.14289519,0.11182231,0.043065384,0.0048450083,-0.01568301,-0.016109541,-0.01692988,0.014464632,0.049721435,0.08661214,0.11402555
0.8209144,0.79496133,0.6929268,0.54617417,0.4324366,0.3730011,0.3457064,0.27929464,0.27456743,0.30277807,0.34369227,0.38095793
-0.51961976,-0.51568663,-0.46516052,-0.3994394,-0.3330621,-0.29672986,-0.27678996,-0.22950825,-0.20800221,-0.20587775,-0.21262515,-0.22286344
-0.16825874,-0.10958266,-0.07505599,-0.09426117,-0.077861324,-0.0842871,-0.09216435,-0.08366193,-0.06308104,-0.04437491,-0.028253768,-0.021563083
-0.17909175,-0.14354432,-0.12667358,-0.14533132,-0.1265443,-0.12534615,-0.13147363,-0.1180253,-0.0975132,-0.074766,-0.054619286,-0.051610343
-0.03743938,-0.052245695,-0.054236498,-0.0568184,-0.05241745,-0.049261563,-0.04068591,-0.02899875,-0.01935374,-0.012648375,-0.006137451,-0.0008914396
0.29713047,0.30401,0.28278914,0.24946192,0.21054055,0.18905729,0.17591438,0.14185631,0.122474104,0.11183928,0.10534507,0.1056001
-0.09463988,-0.1383447,-0.17643136,-0.16737905,-0.1605399,-0.14331834,-0.13223013,-0.0965827,-0.070984885,-0.046659492,-0.030278347,-0.020582665
-0.064114854,-0.10824251,-0.13957617,-0.15721779,-0.16614078,-0.1647911,-0.1494588,-0.11321499,-0.073014826,-0.03089017,-0.0031666905,0.023293821
0.060464896,0.06788015,0.052070595,0.020043502,0.004795365,-0.0025822967,0.0002492778,0.00091561675,0.015124609,0.032907993,0.047243565,0.06111916
-0.50028265,-0.5014379,-0.4624315,-0.419295,-0.36224318,-0.32376832,-0.29443514,-0.24324116,-0.2150009,-0.20228642,-0.20563045,-0.21063851
-0.020860966,-0.033199307,-0.060603283,-0.09221165,-0.10428399,-0.108727165,-0.112460785,-0.0889859,-0.045603275,-0.0043895757,0.035591528,0.062339883
-0.12197827,-0.11144398,-0.10164292,-0.08100877,-0.065849185,-0.05150763,-0.044518158,-0.035323948,-0.038550366,-0.046397537,-0.057810742,-0.0652557
-0.7444927,-0.5261577,-0.43883705,-0.36047,-0.29165053,-0.2349987,-0.2479288,-0.24413857,-0.258566,-0.29776838,-0.32921407,-0.38659617
-0.06155137,-0.061398387,-0.061019573,-0.06887147,-0.07017414,-0.07068667,-0.06835523,-0.05805457,-0.03956298,-0.02932463,-0.01823223,-0.010825019
-0.24620983,-0.23334873,-0.15232483,-0.049093217,0.0038906634,0.031015426,0.04651189,0.02262789,-0.042411864,-0.11305221,-0.18409044,-0.23168364
0.1830213,0.1562066,0.14605667,0.095088795,0.07054031,0.048253104,0.04458794,0.034348212,0.0441543,0.060212467,0.08054198,0.09438231
-0.5500619,-0.5061574,-0.45493594,-0.34260598,-0.26454598,-0.222352,-0.2238402,-0.18731567,-0.19034384,-0.2108503,-0.23877029,-0.27064463
-0.31547377,-0.3960953,-0.41121295,-0.36986846,-0.34130934,-0.30290088,-0.2505184,-0.17597666,-0.1389372,-0.10665619,-0.11234175,-0.09489006
-0.23757318,-0.22801676,-0.21189743,-0.18410124,-0.1497747,-0.13426311,-0.13142093,-0.10544734,-0.09474707,-0.09068466,-0.09264255,-0.1015003
0.052227482,0.0021274239,-0.03302686,-0.06405179,-0.07529044,-0.082362175,-0.08077556,-0.0646507,-0.03437429,-0.0024538692,0.029915124,0.04815457
0.046360083,0.035174266,0.04058271,0.08513802,0.0979224,0.10296416,0.0960178,0.07953422,0.04579839,0.010790121,-0.013397638,-0.03477811
0.008032181,0.015137671,0.003220384,0.0045217834,-0.000959374,-0.0028512366,-0.011081921,-0.009599978,-0.0048146313,0.0023421026,0.008806149,0.012850391
0.007435113,0.058574006,0.055156223,0.009024896,-0.0016617924,-0.012424819,-0.02780876,-0.03699588,-0.022936784,0.00038285367,0.026030105,0.03349078
-0.2236507,-0.26439083,-0.27456933,-0.23644337,-0.20994629,-0.20706415,-0.20916727,-0.15440327,-0.11118768,-0.07255948,-0.04041484,-0.018580489
-0.024472317,0.0027706176,0.044694915,0.07831236,0.09955077,0.105174825,0.10427038,0.07399946,0.02653718,-0.019672982,-0.058531072,-0.08972539
0.021519333,0.06335926,0.068658374,0.13277389,0.15703127,0.17215711,0.13175786,0.10100505,0.05256655,-0.0037587192,-0.03467407,-0.08026829
-0.039155535,-0.071374245,-0.13376804,-0.09028754,-0.111,-0.10070568,-0.116701424,-0.08514996,-0.050058752,-0.029540148,0.013125833,0.030098688
0.09483145,0.07998183,0.031718597,-0.0026231855,-0.02025558,-0.032386303,-0.042434998,-0.029214814,0.0048043877,0.044679813,0.0814161,0.10441913
-0.20017174,-0.19636399,-0.1627788,-0.12495315,-0.11288252,-0.10029026,-0.08435048,-0.07480313,-0.06973507,-0.07385132,-0.07569873,-0.07097559
0.119332865,0.10163493,0.08121559,0.044888034,0.032822862,0.019480951,0.015734762,0.017246455,0.024810895,0.042067327,0.062080845,0.07120098
-0.1418701,-0.15143436,-0.15372184,-0.15122795,-0.14337213,-0.13900924,-0.13105878,-0.098205,-0.074331805,-0.046179287,-0.028438482,-0.014588963
-0.29142097,-0.31873372,-0.33968088,-0.3422161,-0.3113461,-0.29822105,-0.2839776,-0.224742,-0.16891935,-0.10624467,-0.06170576,-0.034528524
0.035515755,0.093487605,0.07759442,0.0670188,0.056435507,0.04089044,0.009006303,0.011378352,0.023816593,0.038327176,0.057021976,0.061851025
0.21927921,0.17529437,0.124286115,0.046111226,0.011662096,-0.010545954,-0.009654462,0.0026477277,0.04351069,0.09233184,0.13656035,0.17025806
0.6214645,0.6856687,0.6172464,0.6403768,0.53403795,0.46479952,0.38156605,0.30659297,0.28985924,0.28141797,0.3111874,0.3513531
-0.52493024,-0.53558135,-0.51607674,-0.44916284,-0.38576853,-0.35244167,-0.34426934,-0.27125117,-0.22404324,-0.19600844,-0.1818786,-0.18028311
0.1224802,0.15002292,0.14946783,0.14816359,0.13779585,0.1317926,0.11893697,0.09101782,0.0666132,0.04221211,0.02808783,0.013422651
0.26599032,0.27505243,0.25091815,0.22456107,0.189987,0.16428494,0.1416476,0.11802679,0.1098752,0.104450084,0.112983815,0.113781996
0.22021821,0.20986116,0.17662923,0.15039927,0.115350515,0.097922936,0.085881576,0.08031459,0.08647012,0.097419195,0.11573343,0.13174917
-0.04186228,-0.086577564,-0.117927246,-0.1610173,-0.16845785,-0.168795,-0.1484012,-0.11136672,-0.06783144,-0.021364342,0.008338739,0.033713143
0.83235484,0.902282,0.8712226,0.70631963,0.5999125,0.5186457,0.46308327,0.37303972,0.34174472,0.34471846,0.36387697,0.381621
-0.10488301,-0.16266297,-0.16213645,-0.11112236,-0.10353096,-0.09035174,-0.07576475,-0.046996735,-0.040106088,-0.042992137,-0.048270036,-0.04369864
-0.17983642,-0.171303,-0.16986409,-0.19544388,-0.18905807,-0.17768233,-0.16818056,-0.14519542,-0.10818427,-0.08033186,-0.055081703,-0.043345608
0.19079837,0.21527645,0.20954502,0.15966971,0.13998696,0.11646371,0.10223414,0.08471588,0.07702774,0.08782631,0.09875755,0.10588838
0.18500319,0.19530925,0.17382552,0.14900741,0.11802365,0.10259321,0.08951415,0.07360058,0.07351759,0.07866869,0.087692514,0.09736154
0.004717967,0.005192215,0.022032572,0.022195272,0.030860648,0.025678258,0.02467084,0.014600933,0.00017995294,-0.011186337,-0.020471185,-0.031071946
0.16620472,0.16338092,0.13302052,0.11933803,0.10072871,0.09362588,0.08245504,0.07170579,0.064517654,0.06410478,0.06719289,0.067487046
0.20802572,0.2097544,0.20233849,0.18792894,0.16515918,0.15507714,0.14969929,0.122154474,0.10014053,0.083343774,0.07236013,0.06963761
0.21108021,0.18258673,0.15401024,0.120505705,0.087195724,0.059116244,0.0415518,0.03789723,0.060361177,0.08728318,0.117262855,0.14414841
-0.08888125,-0.09363076,-0.07142312,-0.04621038,-0.028925695,-0.021007508,-0.0146511495,-0.012671448,-0.023474324,-0.037197653,-0.053100802,-0.06360023
-0.072070256,-0.046857476,-0.006345764,0.016165733,0.03358143,0.035490535,0.02301275,0.011115257,-0.010392472,-0.034666125,-0.050274584,-0.06972776
0.14809348,0.17587987,0.18827948,0.20159882,0.18533888,0.1778824,0.17452347,0.1446839,0.10334327,0.06696873,0.029485151,0.011411943
-0.009536824,-0.03340926,-0.050063245,-0.09052007,-0.0924474,-0.09493492,-0.0889559,-0.06996359,-0.034438353,-0.0008518875,0.02750003,0.04749143
0.05543825,0.07476488,0.07841625,0.042526625,0.029318579,0.0149810165,0.006660294,-0.00060915574,0.011571469,0.02561501,0.043889772,0.05429674
-0.17663597,-0.20190965,-0.199115,-0.18671538,-0.16900249,-0.1561813,-0.14281803,-0.112563446,-0.08781702,-0.072898515,-0.061349683,-0.05584318
0.31101662,0.3950962,0.45315185,0.46993586,0.45975053,0.45814538,0.43876755,0.33583158,0.22562271,0.11430633,0.027661167,-0.03801216
0.08784984,0.08564736,0.06511323,0.042326376,0.025758043,0.017635897,0.01313154,0.012978554,0.023886861,0.035988547,0.04942727,0.059268117
0.10603356,0.070052765,0.031445533,-0.003205642,-0.025917172,-0.037677184,-0.035581872,-0.02025906,0.007880323,0.038917556,0.06801181,0.09039375
-0.22624426,-0.2181785,-0.20101517,-0.13406238,-0.10079667,-0.07585974,-0.0701112,-0.054926142,-0.06789553,-0.08964192,-0.113672554,-0.13350497
-0.29175714,-0.3892545,-0.46557617,-0.3748084,-0.35880002,-0.35682654,-0.37434527,-0.26016295,-0.16564828,-0.079494536,0.00052123517,0.059702784
0.13256133,0.12514228,0.10619481,0.078067794,0.051005512,0.031606898,0.022598058,0.020614974,0.037276484,0.057501763,0.08038669,0.09919144
-0.22986081,-0.19466768,-0.15334666,-0.10358967,-0.065404356,-0.048315108,-0.056488276,-0.048894763,-0.061793923,-0.08375198,-0.09867974,-0.1200353
-0.4559902,-0.42950183,-0.39615753,-0.35657775,-0.29605952,-0.27049404,-0.2702577,-0.21392825,-0.18553695,-0.16628084,-0.1548337,-0.16246116
-0.09001029,-0.0692513,-0.028747875,0.0020970628,0.014325865,0.02843164,0.04242988,0.017143734,-0.028429803,-0.071719535,-0.11792765,-0.14903517
0.52649873,0.4964514,0.43808013,0.44492164,0.38455212,0.34535676,0.31615123,0.26148057,0.22465348,0.1940495,0.18264101,0.18411368
0.24441049,0.23041356,0.22380456,0.23900293,0.22263244,0.21630415,0.21453422,0.17560169,0.12135399,0.075167924,0.031407565,0.007488385
-0.13112743,-0.113269135,-0.086637944,-0.07957052,-0.062089197,-0.052785553,-0.05181539,-0.046686165,-0.04944734,-0.05440176,-0.05689843,-0.0654257
-0.17133254,-0.17963856,-0.1549691,-0.12659936,-0.10112443,-0.08152582,-0.071730785,-0.060424924,-0.067020245,-0.074982345,-0.0856356,-0.095516145
-0.41786578,-0.36536872,-0.30514306,-0.30139476,-0.26017642,-0.24858794,-0.24432456,-0.2096752,-0.1690462,-0.1426548,-0.117361486,-0.10864177
0.35631046,0.4088179,0.37758195,0.35351294,0.30964875,0.26713845,0.22472179,0.18509898,0.16807312,0.1666566,0.17624386,0.1854234
0.112649865,0.09659643,0.0623973,0.045678243,0.027244702,0.024009317,0.015956745,0.01965202,0.031007517,0.04411079,0.059522524,0.07011291
0.60370183,0.6188702,0.6059798,0.5666692,0.47099277,0.40538147,0.37367654,0.3052643,0.282973,0.25782263,0.26154697,0.2801026
0.24795309,0.25766024,0.2075639,0.052555323,-0.033018053,-0.06766063,-0.07408124,-0.041832075,0.031128585,0.116970345,0.20518471,0.26633847
-0.05297412,-0.09850771,-0.11446431,-0.12834632,-0.12961003,-0.13341735,-0.122757174,-0.09008453,-0.053712342,-0.01702056,0.011287043,0.036755502
0.19229415,0.17807293,0.16167426,0.16165966,0.1420866,0.13659574,0.13099161,0.113793276,0.09118662,0.07207057,0.056209702,0.04842752
-0.0438874,-0.0027142838,0.008406252,-0.03169907,-0.032049246,-0.03671313,-0.04041031,-0.03928701,-0.024415042,-0.008963058,0.0070825666,0.01122308
0.12848634,0.097905844,0.061501786,0.041774333,0.023082525,0.012088321,0.009202987,0.016242564,0.031448077,0.05239418,0.07183808,0.08898699
0.3226562,0.35057005,0.36408234,0.32580706,0.29483846,0.27922654,0.26453343,0.20167455,0.15433294,0.111749105,0.089793906,0.06870133
0.24264741,0.2756986,0.2933705,0.29580954,0.26840115,0.23626035,0.20728555,0.16048001,0.1216292,0.089801565,0.073599756,0.06315805
0.035775833,0.028677445,0.02479316,0.037264477,0.036390767,0.040048175,0.041609023,0.03912485,0.025199896,0.015637077,0.002406001,-0.0036502145
0.013494974,-0.0102035925,-0.037744097,-0.050757058,-0.061962783,-0.06431659,-0.059652023,-0.043602593,-0.015971966,0.0063456465,0.02716042,0.044265963
0.12976003,0.076693356,0.040874064,0.006017253,-0.019052953,-0.03100589,-0.017669454,-0.010483645,0.016936675,0.04464984,0.06497651,0.09168706
-0.034226056,-0.036186446,-0.04275942,-0.05610654,-0.055395454,-0.050979562,-0.048348624,-0.038831137,-0.026378611,-0.015088012,-0.005431685,-0.0017185528
0.30240253,0.17229176,0.018795758,0.010843724,-0.04702781,-0.035005942,0.006178513,0.062199138,0.119823754,0.18063305,0.2197019,0.2878816
-0.37280416,-0.3918547,-0.35514763,-0.35739768,-0.3226666,-0.29959062,-0.2593899,-0.2155224,-0.18491066,-0.1629696,-0.157806,-0.15714014
0.08558255,0.0137171,-0.06714541,-0.13684481,-0.17677762,-0.19266166,-0.17653252,-0.12241331,-0.039403502,0.049430907,0.11954482,0.1849505
-0.081754506,-0.10964327,-0.11490397,-0.14467156,-0.13941638,-0.13861701,-0.12896012,-0.10286753,-0.06830684,-0.03125967,-0.0021832064,0.01837194
0.27276996,0.2883337,0.26608667,0.20069358,0.16286424,0.13224244,0.12700559,0.115175396,0.11290591,0.14286545,0.15513915,0.18023291
-0.3161932,-0.3020891,-0.29492313,-0.264137,-0.22806609,-0.1963777,-0.18878594,-0.1508774,-0.13437806,-0.13174163,-0.13365228,-0.14796239
-0.051811248,-0.028039612,-0.0075839087,-0.0041140057,7.7567995e-05,-0.0038591921,-0.007766165,-0.011654425,-0.0129317865,-0.013601314,-0.016087702,-0.016346237
0.051046442,0.037221666,0.020064548,-0.012992077,-0.025582835,-0.036103517,-0.04107424,-0.030758187,-0.011631299,0.013284,0.036805004,0.050351106
0.58580124,0.44734102,0.26392788,0.1564756,0.05795026,0.020341635,0.0036516786,0.005036354,0.101722,0.19102138,0.3097376,0.38367742
0.10902643,0.12585208,0.13841048,0.1314291,0.124097444,0.11735859,0.10671867,0.08173664,0.056112178,0.038500607,0.028727712,0.017685652
0.7307298,0.54167783,0.29970837,0.21293384,0.0787344,0.012146115,-0.019180536,0.0400151,0.18596387,0.32306737,0.4943361,0.62230915
-0.09399554,-0.07711336,-0.064464904,-0.07392836,-0.07142249,-0.06819591,-0.06332672,-0.053700253,-0.040710606,-0.034061912,-0.024896663,-0.021612108
0.20956804,0.21561955,0.18685085,0.13448764,0.10156132,0.08097968,0.078251116,0.07201058,0.07409101,0.0991875,0.11044477,0.1289603
-0.37892565,-0.44531444,-0.44366747,-0.37411574,-0.3196984,-0.28360596,-0.25613514,-0.19630821,-0.1683987,-0.15625307,-0.15260074,-0.15520927
-0.14000356,-0.18157443,-0.20260373,-0.20595245,-0.19131204,-0.18497638,-0.1742957,-0.13442868,-0.097607516,-0.060853653,-0.03414298,-0.017950285
1.2597148,1.2298592,1.0963016,0.92747515,0.7821787,0.69316185,0.6646512,0.5791916,0.51752156,0.5421535,0.53479815,0.5612216
-0.22447626,-0.22290917,-0.21316889,-0.22419259,-0.2052787,-0.1976759,-0.19207358,-0.15793777,-0.120292306,-0.08975927,-0.06453476,-0.0539885
-0.14944667,-0.14035642,-0.122173324,-0.11611504,-0.09990715,-0.095351264,-0.09676775,-0.08167391,-0.067052245,-0.05549317,-0.04511768,-0.04168969
0.2783994,0.20906246,0.12741703,0.007715881,-0.07437384,-0.1260747,-0.13972276,-0.10898152,-0.017770812,0.08017188,0.18306464,0.2561831
0.24296236,0.234162,0.18078814,0.14034268,0.10641795,0.090809,0.08384252,0.08345169,0.09401354,0.11393356,0.12858775,0.14621054
-0.3556733,-0.29322886,-0.24560079,-0.22062282,-0.17945315,-0.16556737,-0.17089343,-0.15718976,-0.14778519,-0.1415528,-0.13953516,-0.1480899
-0.0039526597,0.0069954954,-0.0040861405,-0.02738157,-0.034612883,-0.044769995,-0.05338697,-0.042389583,-0.020021949,0.0031602364,0.028118612,0.041004635
-0.20935869,-0.22061747,-0.19169715,-0.16887341,-0.14362976,-0.121156625,-0.097160526,-0.07957397,-0.07566869,-0.08384423,-0.09665653,-0.10530888
-0.10162655,-0.09380875,-0.066219345,-0.047832966,-0.030318156,-0.02049701,-0.009915113,-0.014021788,-0.026763584,-0.042149123,-0.058226295,-0.06993216
0.015614413,0.028690403,0.027010765,0.009971453,0.0028182762,0.0028563621,0.0029894044,0.00096461613,0.0017053306,-0.00032670025,0.0019219711,-0.0017140609
-0.06803058,-0.060813896,-0.06657831,-0.036942966,-0.020047627,-0.008442894,-0.00855016,-0.0003170371,-0.009694289,-0.020626131,-0.03520169,-0.048747808
0.22985613,0.21213804,0.12548447,0.07022619,-6.0141087e-05,-0.032396406,-0.06010595,-0.047886908,0.017704621,0.090887405,0.17645407,0.23751763
-0.070873365,-0.09073963,-0.11783803,-0.13294728,-0.13450839,-0.12526003,-0.111231,-0.08281538,-0.049105402,-0.021612957,-0.0022961367,0.01564547
-0.48260304,-0.4080528,-0.25068718,-0.12533063,-0.039283156,0.003485024,0.028382957,-0.00991261,-0.10058406,-0.20763177,-0.30800295,-0.38291687
0.31925985,0.34399918,0.34648213,0.34422317,0.31479883,0.2991253,0.27393198,0.21623997,0.16143757,0.115784205,0.08595308,0.06373777
-0.026137896,0.017221892,0.059979983,0.0954828,0.08898856,0.08830722,0.0861226,0.054085746,0.0019507986,-0.053597834,-0.09928179,-0.13709764
-0.093888536,-0.13042703,-0.14835732,-0.16053525,-0.15320219,-0.14973609,-0.1435575,-0.10716042,-0.068291485,-0.034244277,-0.0057241097,0.013683066
0.10378671,0.13331921,0.14908993,0.14456604,0.13967559,0.13983375,0.14116251,0.111045234,0.07728324,0.046645954,0.015520573,-0.002362527
-0.023002462,-0.028373076,-0.030658763,-0.019627621,-0.018515201,-0.015891086,-0.01326757,-0.0044226353,0.00022128667,0.0027582217,0.002979254,0.006221683
0.11445315,0.08625426,0.087577164,0.14317739,0.14539623,0.14532843,0.13939968,0.11962875,0.082657255,0.04129386,0.010521766,-0.009255521
0.0031184927,0.0012341067,0.010710199,0.0053543635,0.0029352866,-0.00070683286,5.362276e-05,-0.0035538021,-0.0036397767,-0.004832061,-0.0039969087,-0.003041191
-0.16576476,-0.25220966,-0.2958508,-0.30849868,-0.30337566,-0.29430604,-0.27266234,-0.20244661,-0.12895115,-0.05582565,0.0006323643,0.04735161
0.06939982,0.05737167,0.058347985,0.030127674,0.008979619,-0.01644814,-0.026852205,-0.032461107,-0.008251436,0.0229646,0.060433347,0.08773202
0.0173606,0.020061947,-0.0121824145,-0.062470093,-0.07633391,-0.0806157,-0.085414454,-0.072214976,-0.039213866,0.0005180612,0.04204586,0.060205378
-0.14141826,-0.123396456,-0.082949206,0.0072862506,0.0455586,0.06517105,0.073287755,0.058237337,0.008064128,-0.045866843,-0.100175634,-0.1324604
-0.016103204,-0.012845065,0.0069122612,0.011867978,0.016356394,0.014098778,0.014765337,0.011449659,0.008887257,0.0055852104,0.0018580006,0.0037405454
0.029106539,0.012537796,-0.0016014427,-0.017598137,-0.025919612,-0.025675565,-0.018363573,-0.012078747,0.0011138152,0.012426859,0.020812254,0.029762983
0.18520722,0.2810977,0.3416383,0.3300985,0.3064738,0.28849554,0.26003173,0.19104388,0.13699125,0.09377459,0.07441439,0.05428198
-0.019178398,-0.03328625,-0.036767296,-0.03998824,-0.04285668,-0.04898728,-0.048349164,-0.039806195,-0.027398726,-0.012805341,0.0014952775,0.0113730505
0.18141305,0.15685344,0.113392875,0.06711723,0.020594507,0.006461546,0.013203964,0.008992769,0.039910212,0.07226814,0.10469818,0.14002787
-0.062084526,-0.08892592,-0.10598306,-0.116409786,-0.11698187,-0.11067074,-0.10221927,-0.07943054,-0.053878956,-0.03202791,-0.014105781,-0.0023248233
0.12999591,0.114131644,0.074281424,0.05560682,0.02916839,0.015243746,0.010026306,0.014900766,0.03436981,0.050634637,0.06610253,0.0839101
-0.070991725,-0.042834252,-0.065104686,-0.07455205,-0.08328021,-0.082269534,-0.10025769,-0.07797807,-0.040740356,-0.009882921,0.030155294,0.048127938
0.07468563,0.12379465,0.14316876,0.11664753,0.11167933,0.10182619,0.0967186,0.070063606,0.056523904,0.04771285,0.0405141,0.03545174
-0.16504797,-0.12993732,-0.09226738,-0.02741918,0.0006752759,0.00554201,-0.0029865354,7.596612e-05,-0.024048604,-0.051884785,-0.081391014,-0.10211842
0.05703437,0.022857554,0.003795743,-0.015238658,-0.024165325,-0.028100941,-0.023511492,-0.01659803,-0.00011403859,0.017115427,0.030446796,0.043818735
0.16929868,0.16837719,0.17220265,0.18907586,0.17954946,0.17398979,0.17110169,0.1450787,0.10498844,0.071052924,0.038668483,0.023206338
0.26307327,0.2505324,0.20277712,0.15940502,0.12262106,0.10104729,0.085451305,0.07752002,0.08952481,0.11369865,0.14070484,0.16196144
-0.1756958,-0.10291659,-0.091477424,-0.08931738,-0.08262798,-0.08298517,-0.10920581,-0.09800288,-0.06891872,-0.048010573,-0.019339174,-0.010863341
0.0052994937,0.05472538,0.102134675,0.13983782,0.16196084,0.16992137,0.16348453,0.12595743,0.07642144,0.022786312,-0.030884389,-0.06126159
-0.09697363,-0.13551661,-0.12835845,-0.17621544,-0.20740193,-0.2558262,-0.25267676,-0.2068862,-0.10112973,0.0011687297,0.107661106,0.19986504
0.06776506,0.119697064,0.15163189,0.17253712,0.1756537,0.17189997,0.15694919,0.11767914,0.069249764,0.022643551,-0.014063561,-0.044082504
-0.08317661,-0.09002083,-0.08668196,-0.12200633,-0.11914882,-0.120674744,-0.118996955,-0.10589989,-0.0746408,-0.04537455,-0.012216374,0.0016289577
0.36987364,0.56332976,0.4687957,0.3455136,0.28220835,0.24391186,0.14218158,0.12826408,0.1611511,0.21135013,0.2811544,0.29428762
0.034675293,-0.0023882985,-0.042485856,-0.059820108,-0.072161786,-0.07981031,-0.084048115,-0.05628586,-0.024858233,0.008190111,0.040347613,0.060106684
-0.029735304,0.03752283,0.091019884,0.061526634,0.05447395,0.037397183,0.028854664,0.0036302414,0.0043296963,0.0024656802,0.009153295,0.014928427
-0.35160014,-0.29200467,-0.21289837,-0.09365818,-0.022772849,0.019689739,0.023509532,0.008503586,-0.0630229,-0.14157674,-0.22524887,-0.28812465
-0.3199565,-0.2994122,-0.2515195,-0.19373444,-0.1446248,-0.108294785,-0.090783045,-0.07959077,-0.10675239,-0.13826309,-0.17607193,-0.20940405
-0.002919387,-0.0046863444,-0.0013145916,-0.022796292,-0.023311352,-0.027583683,-0.031675614,-0.02522644,-0.01246741,-0.00027060788,0.011953693,0.01843688
0.42330217,0.4256341,0.40195003,0.38694876,0.34302548,0.31616887,0.29277995,0.23815098,0.19256417,0.1603072,0.14145553,0.13043188
0.08767938,0.09949218,0.08941714,0.084945515,0.07102746,0.06476614,0.060017865,0.047585946,0.04112643,0.041548394,0.04313273,0.04623814
0.4914389,0.49083823,0.45115578,0.34079713,0.27471364,0.24522701,0.24470519,0.18911496,0.1798234,0.18906528,0.19836363,0.21678397
-0.047196865,-0.070054665,-0.071498446,-0.05886381,-0.056153923,-0.043320045,-0.023767244,-0.0214673,-0.023942519,-0.033315845,-0.047274873,-0.050933395
-0.5230294,-0.43513557,-0.36721605,-0.3174792,-0.22855377,-0.1676637,-0.16159663,-0.14533705,-0.17394537,-0.21622404,-0.26742062,-0.33076793
0.01498372,0.02660789,0.03291084,0.034193903,0.034985393,0.03840889,0.038247406,0.039492324,0.029402312,0.025222426,0.012834229,0.008967832
-0.43401578,-0.4230539,-0.35421354,-0.26798952,-0.20285031,-0.15683557,-0.1262989,-0.11133058,-0.13651142,-0.17530313,-0.21971676,-0.25259054
0.16800131,0.15371773,0.11768548,0.10349658,0.08057388,0.06719075,0.05691676,0.053177506,0.062259585,0.07032576,0.081391744,0.09305717
-0.26432848,-0.25981557,-0.24333048,-0.24183849,-0.22692509,-0.21271284,-0.19398445,-0.1631195,-0.12969252,-0.10839799,-0.09220855,-0.08149068
-0.43103147,-0.372954,-0.3341524,-0.28104755,-0.22988889,-0.19305399,-0.18853125,-0.15931585,-0.15485811,-0.1645387,-0.17586228,-0.19570842
0.0010695383,0.06047836,0.093059,0.12429434,0.14631864,0.16226909,0.15456346,0.11814955,0.058578067,0.0012081154,-0.05184648,-0.09793688
0.041065037,0.002807103,-0.033703066,-0.067463204,-0.0854841,-0.09200872,-0.081301436,-0.057829276,-0.020607095,0.016095264,0.04589182,0.072520375
0.14078683,0.14624521,0.13319954,0.116747096,0.10031414,0.08564465,0.07538886,0.06274854,0.05835207,0.059478678,0.062282626,0.06653829
0.3436767,0.34931955,0.32669032,0.29489404,0.2504878,0.22308639,0.19764568,0.17137834,0.14574212,0.14012493,0.1382899,0.14159273
-0.15845144,-0.1759396,-0.17637011,-0.18470886,-0.17394067,-0.16404015,-0.15085897,-0.12221099,-0.092074275,-0.065567486,-0.046224955,-0.03385684
0.37539494,0.40970618,0.4463374,0.4882788,0.47616732,0.46394762,0.4495142,0.35910267,0.2341978,0.12623426,0.039504826,-0.02448465
-0.62487966,-0.49126947,-0.32914305,-0.25583053,-0.17661744,-0.11217165,-0.0435158,-0.07048392,-0.13477099,-0.23199289,-0.3345438,-0.39626437
0.4678157,0.36850828,0.23835391,0.10942155,0.0066239834,-0.043606758,-0.04839772,-0.025267273,0.063797444,0.17125727,0.2759194,0.3638182
0.059248224,0.05123425,0.015711717,-0.0068853125,-0.023726765,-0.03477505,-0.043705657,-0.022672784,0.010386527,0.04433473,0.07518649,0.0997117
0.14615865,0.17413142,0.15851545,0.14734189,0.1309795,0.11932784,0.093478784,0.07520753,0.059179436,0.05464603,0.05736225,0.051324263
0.28523386,0.27039072,0.22675927,0.17946786,0.14070153,0.12115361,0.113067865,0.09865461,0.10433537,0.12097645,0.13671912,0.15490666
-0.16893153,-0.049654707,-0.039130285,0.026393443,0.03744401,0.05397979,0.023968212,0.0075758174,-0.007933944,-0.037460886,-0.045488454,-0.06593641
-0.03178168,-0.060040846,-0.068084896,-0.05370588,-0.054902494,-0.052318625,-0.045589037,-0.03288442,-0.02907899,-0.026973013,-0.02830939,-0.02773555
0.1869741,0.1385513,0.08350146,0.033293307,-0.0045137107,-0.024912357,-0.028177276,-0.015472144,0.021747634,0.06828159,0.113821596,0.15006706
0.221383,0.24677327,0.22639175,0.19741109,0.16947106,0.14913297,0.1306482,0.106100366,0.096547954,0.094462626,0.09759108,0.10071526
-0.039615713,-0.046306387,-0.050958518,-0.040956967,-0.04016694,-0.04054049,-0.04765997,-0.03227751,-0.02032479,-0.016113102,-0.00618596,-0.0037844032
-0.3358301,-0.34731698,-0.30191505,-0.29060185,-0.22544284,-0.21055523,-0.20428947,-0.17062101,-0.16433567,-0.15037718,-0.14880219,-0.16420847
-0.47170615,-0.5132526,-0.4965811,-0.43311912,-0.3713714,-0.32316023,-0.27885646,-0.21830666,-0.19611344,-0.18841755,-0.20364493,-0.21009983
0.6798075,0.64781463,0.57548684,0.52414244,0.44376114,0.3923512,0.36354133,0.31241006,0.28218395,0.28367898,0.2878531,0.30982143
0.0329765,0.05615519,0.07095915,0.1291159,0.14426765,0.16410558,0.15597476,0.13291113,0.06996113,0.012440574,-0.04098447,-0.0835913
-0.10468437,-0.08873639,-0.117242865,-0.111465454,-0.10901512,-0.10965527,-0.12965815,-0.09898319,-0.062589355,-0.030665655,0.0032937787,0.01571004
-0.39481437,-0.43860137,-0.36316937,-0.2780319,-0.21042043,-0.1915579,-0.17513779,-0.13572085,-0.13446163,-0.14982161,-0.16776015,-0.18037254
0.41952306,0.35748607,0.27230942,0.25283468,0.2191135,0.21063802,0.20241952,0.19173586,0.18859224,0.19325462,0.19800928,0.21298751
-0.033638425,-0.0073390827,0.0023225918,0.030507535,0.042596564,0.05263181,0.04691329,0.039679393,0.01687403,-0.009919003,-0.034151588,-0.0540017
-0.026321895,0.04619994,0.119671285,0.20793334,0.24075149,0.23192698,0.20386343,0.16128701,0.084183104,0.014092624,-0.048274253,-0.09053166
0.13747102,0.13980302,0.10316646,0.13304481,0.13110627,0.13929665,0.13228196,0.12096575,0.09461721,0.07414883,0.05289641,0.040617764
-0.18258177,-0.190143,-0.16438648,-0.10177706,-0.06582343,-0.0452597,-0.03579691,-0.02804678,-0.051636335,-0.07573017,-0.105756074,-0.12686075
-0.540991,-0.5669856,-0.51739347,-0.46633065,-0.3843664,-0.34072587,-0.3183881,-0.26966864,-0.2530903,-0.24846455,-0.25199622,-0.27248088
0.0895847,0.08771585,0.06725667,0.046735473,0.031815656,0.023990475,0.021035567,0.018003985,0.027742323,0.036291957,0.048625436,0.05612543
0.182964,0.15265028,0.12249704,0.0875369,0.05964333,0.039921045,0.033193573,0.034593076,0.05141533,0.07390392,0.09795199,0.11725603
0.0703863,0.08392109,0.0634384,0.060132965,0.050031237,0.040360272,0.010559276,0.003292434,0.00929166,0.01870523,0.038228415,0.04223675
0.48472124,0.51224643,0.46578926,0.405923,0.35094064,0.32069898,0.29544622,0.24474367,0.21565507,0.2075704,0.20469917,0.2089082
0.059043363,0.029251255,0.013814598,0.022744909,0.018658219,0.018287845,0.026118923,0.02911996,0.024811119,0.022815691,0.013259977,0.013500635
-0.7597303,-0.79762644,-0.71824086,-0.6608395,-0.58251387,-0.53025997,-0.46015462,-0.3868722,-0.33181778,-0.30656952,-0.30613464,-0.29694209
0.4660668,0.46510583,0.4757902,0.42176002,0.37078848,0.33489305,0.3052675,0.23571895,0.19368006,0.17586206,0.18523027,0.19069582
0.014306934,0.015678108,-0.00095223635,0.014391933,0.019009538,0.03385859,0.03262561,0.03128778,0.0246789,0.007567375,-0.003487045,-0.016688175
-0.5991309,-0.38138124,-0.29904294,-0.3444034,-0.2987858,-0.27185592,-0.28984958,-0.265275,-0.22467224,-0.20006531,-0.17452942,-0.19030386
0.21349494,0.19206938,0.15483212,0.14283726,0.11677589,0.10664782,0.0978658,0.08746941,0.08429521,0.0852388,0.09011944,0.09780766
-0.0007372238,-0.017643213,-0.039223254,-0.058693662,-0.074193284,-0.07334058,-0.075216696,-0.06846505,-0.06075121,-0.049535364,-0.03164696,-0.03237633
-0.025133893,-0.03912069,-0.046903916,-0.04452801,-0.047472443,-0.044233453,-0.038978383,-0.026900664,-0.015579868,-0.008810276,-0.0032461595,0.0035210066
0.55627054,0.5579082,0.53749096,0.49712753,0.44025883,0.40287274,0.3764583,0.30409616,0.25020602,0.20567954,0.18421215,0.17082317
0.17551215,0.21525654,0.19519858,0.15032478,0.12250528,0.10727769,0.08499693,0.067920454,0.07198515,0.07915429,0.09559341,0.101789124
-0.019374661,-0.044351697,-0.0640298,-0.06474924,-0.06440647,-0.060026325,-0.054640494,-0.04082989,-0.0222372,-0.010422128,0.00052470434,0.009037324
0.10562434,0.093118906,0.109969884,0.12152398,0.12681454,0.116473116,0.116248265,0.09848291,0.07861535,0.05415208,0.034048762,0.027466744
-1.7199078,-1.8484287,-1.7080531,-1.263196,-0.9821148,-0.7849841,-0.697587,-0.5525715,-0.61187816,-0.7364645,-0.89375204,-1.0205027
0.00041455775,-0.0029515103,-0.03072545,-0.052096255,-0.06294307,-0.07776545,-0.08916861,-0.06893881,-0.028081335,0.016936291,0.05713941,0.08779515
0.6728461,0.5983299,0.48934156,0.30836153,0.2107316,0.1577301,0.15168977,0.12745789,0.18547168,0.25565165,0.3326728,0.39503142
-0.20156679,-0.17313305,-0.14007027,-0.11620942,-0.08255162,-0.072415516,-0.077473626,-0.0707473,-0.068548575,-0.07413375,-0.07572862,-0.08675537
0.4958484,0.47279418,0.4027788,0.2955671,0.21144092,0.16449997,0.14371625,0.11798398,0.14835736,0.1915999,0.24290091,0.28696
0.26755765,0.39303967,0.50396395,0.6103406,0.61376244,0.60182,0.5584451,0.42033586,0.25084022,0.079313286,-0.04777638,-0.1472719
-0.10539136,-0.07251615,-0.06284697,-0.084424034,-0.06994648,-0.06313461,-0.06812242,-0.059072603,-0.052833356,-0.038675286,-0.029086022,-0.032530047
0.14411679,0.12844905,0.10066524,0.034936473,0.004346773,-0.017196447,-0.019980177,-0.015374258,0.022976644,0.061205283,0.101871125,0.13149115
-0.03276549,-0.034666933,-0.045702927,-0.05907191,-0.06579867,-0.07218819,-0.076841444,-0.05960434,-0.034354225,-0.007782549,0.019111035,0.035703804
0.079993844,0.14694035,0.20210506,0.26360077,0.2768656,0.29082286,0.28232616,0.22260863,0.12833738,0.030933375,-0.05825132,-0.11999905
-0.46401405,-0.46639147,-0.4458741,-0.4085319,-0.35269108,-0.31396616,-0.29191592,-0.22974375,-0.18826604,-0.16611734,-0.15361963,-0.15256137
-0.19894531,-0.22262985,-0.19307576,-0.14965458,-0.11482426,-0.0967241,-0.07866161,-0.067445606,-0.076496124,-0.089490004,-0.10864502,-0.12060507
-0.33327267,-0.20801947,-0.16516879,-0.115635335,-0.07109065,-0.05172442,-0.09188986,-0.08802531,-0.09515527,-0.11811001,-0.12664941,-0.1623445
-0.1537689,-0.09911618,-0.022820413,0.06991896,0.117589235,0.14333406,0.14694391,0.10621233,0.018814512,-0.0713967,-0.15720281,-0.21969414
-1.1671827,-1.2080768,-1.1016545,-0.9040321,-0.7448006,-0.63411474,-0.5431589,-0.4456032,-0.439419,-0.46835977,-0.5344128,-0.5772344
-0.005093054,-0.00045843795,0.011748174,-0.020180665,-0.02189236,-0.032526284,-0.027918115,-0.0290522,-0.01766228,-0.0032730917,0.007908028,0.01586907
-0.12853882,-0.11961993,-0.0831732,-0.0806703,-0.073238716,-0.070186324,-0.055855986,-0.054219216,-0.05269792,-0.051890057,-0.05533179,-0.05442214
0.081041045,0.07347563,0.045143493,0.04597746,0.046751957,0.046476185,0.044094667,0.045759767,0.03220951,0.034855623,0.021569021,0.013959013
0.14610243,0.1337412,0.10518199,0.065868676,0.03796731,0.026020236,0.023326859,0.02020152,0.03882605,0.059615616,0.08310338,0.10264919
0.12928759,0.12463307,0.10477058,0.0709733,0.05229743,0.037304983,0.022063233,0.019307792,0.033008307,0.05116552,0.07447282,0.08687945
-0.09358067,-0.103804275,-0.11051074,-0.10304038,-0.097384736,-0.09432572,-0.09094155,-0.06934723,-0.05056621,-0.032205,-0.020327915,-0.011079259
0.29066324,0.26453644,0.1929166,0.09327245,0.03706889,0.007810071,0.005937308,0.01965855,0.05833315,0.11764312,0.1676628,0.20888653
-0.1434683,-0.13768502,-0.113988444,-0.06032005,-0.026118904,0.013439536,0.060012877,0.050802886,0.018693924,-0.03193859,-0.09840521,-0.12116672
-0.08465988,-0.12646127,-0.099444024,-0.07701108,-0.06425979,-0.052618742,-0.021954205,-0.02290729,-0.038204387,-0.05915371,-0.084447265,-0.093859434
0.3090765,0.20657974,0.07818684,-0.05242312,-0.13259524,-0.15716352,-0.13983256,-0.09033397,0.01640056,0.12472482,0.21820135,0.30188692
0.3619684,0.37387624,0.30659857,0.26356867,0.20827305,0.1831114,0.15545824,0.1406214,0.14671311,0.16513309,0.1895201,0.20901468
0.16264683,0.17724775,0.15953058,0.13758953,0.11002172,0.09262818,0.07424917,0.0608936,0.06506255,0.07041706,0.08462376,0.09471771
0.17020479,0.14207916,0.118749395,0.10221698,0.07639133,0.062474914,0.064566776,0.059577927,0.06085764,0.06856326,0.07360604,0.08572474
0.37820613,0.356349,0.33033255,0.26465887,0.21185589,0.18268979,0.17587426,0.13360395,0.12452629,0.124142274,0.13184385,0.14411965
0.1181657,0.12262489,0.11248912,0.08341138,0.06789289,0.057341352,0.05222592,0.044167556,0.04634396,0.051828884,0.05905583,0.0646245
0.23726657,0.24758129,0.21963193,0.19084756,0.16225448,0.14252232,0.1278305,0.11062993,0.10177009,0.10699055,0.110045396,0.11686168
-0.03357091,-0.046148423,-0.06401646,-0.07764462,-0.07954419,-0.08168498,-0.0804177,-0.060475077,-0.035726596,-0.00999279,0.0108728595,0.025921164
-0.07810454,-0.10711863,-0.11556369,-0.11991426,-0.11897972,-0.11155175,-0.10062957,-0.08114998,-0.05799567,-0.044916812,-0.030904949,-0.022806665
-0.1941881,-0.19658946,-0.20429388,-0.1900058,-0.16651355,-0.14912963,-0.14238533,-0.10477864,-0.078824416,-0.05884063,-0.048375245,-0.04319801
-0.045455623,-0.035490982,-0.02927617,-0.028638128,-0.023356486,-0.019174434,-0.015096419,-0.013618303,-0.016057808,-0.018834699,-0.023487207,-0.027824165
0.25561166,0.24603944,0.22495213,0.21356311,0.18968931,0.17691654,0.16803195,0.14296232,0.11505376,0.09803934,0.08728597,0.08212572
-0.2826034,-0.2821338,-0.26417506,-0.23044553,-0.20256111,-0.18169829,-0.16766071,-0.13578717,-0.116372705,-0.10770013,-0.106900424,-0.106297985
0.6211661,0.5967988,0.5539439,0.5392237,0.4815059,0.4526325,0.42423815,0.34633845,0.2759012,0.2264629,0.1871375,0.16815701
-0.043834906,-0.05823119,-0.08466054,-0.080239385,-0.07951838,-0.07281534,-0.075207636,-0.053708337,-0.031987585,-0.014055436,0.0011959709,0.009100048
-0.06660897,-0.081318565,-0.0644568,-0.052617684,-0.03544899,-0.035940215,-0.024428718,-0.014136404,-0.02022405,-0.0139789,-0.020878125,-0.016927844
0.03731146,-0.0033116788,-0.055983715,-0.117911085,-0.13849822,-0.13865262,-0.1266615,-0.0970341,-0.042617775,0.011978406,0.062537596,0.09554373
0.0024928786,0.03821801,0.031774346,0.020654898,0.022858616,0.018963803,0.008388173,0.004732242,-8.9666806e-05,0.0074897213,0.008811042,0.0058148485
-0.030778084,0.01707825,-0.14778095,-0.20708635,-0.21753785,-0.19476783,-0.2019364,-0.2059065,-0.17460339,-0.08867303,-0.041860163,-0.032903604
-0.19447982,-0.20933428,-0.1960812,-0.13395754,-0.10146593,-0.07615532,-0.06670965,-0.051154822,-0.061381258,-0.08175183,-0.10609077,-0.1238642
0.20390509,0.27146873,0.3228143,0.3729266,0.36727244,0.37129146,0.36393985,0.28781545,0.18596777,0.08289776,-0.003832385,-0.061126217
-0.25934052,-0.25980997,-0.25194168,-0.2152615,-0.180908,-0.14527121,-0.13616337,-0.12693632,-0.13259481,-0.14165896,-0.15317963,-0.17524925
0.17744353,0.12148242,0.06392011,0.042427003,0.008550823,-0.0033660382,-0.0036540627,0.013358071,0.041119404,0.07357253,0.10652976,0.13551193
0.3696286,0.3451441,0.26608455,0.15304378,0.08853452,0.05471289,0.048907235,0.05471222,0.10262874,0.16274488,0.2195454,0.2663061
-0.49000904,-0.47780234,-0.28721622,-0.022342026,0.08345276,0.13200057,0.18157881,0.10743338,-0.05283998,-0.24670188,-0.42461157,-0.52894163
0.31385475,0.3255999,0.31257457,0.34644097,0.3240835,0.3194989,0.32343864,0.27084607,0.20729548,0.14497407,0.07910675,0.056672826
0.20801315,0.22741085,0.1970327,0.110743314,0.07115793,0.05063969,0.02251169,0.0021062791,0.019736767,0.054098252,0.104722515,0.12249833
0.33925435,0.4023312,0.43806762,0.42964345,0.36756837,0.3429709,0.32328916,0.23938632,0.18052907,0.13189493,0.101992965,0.094746664
-0.1454978,-0.156612,-0.16563416,-0.16209055,-0.14594339,-0.13774447,-0.13336733,-0.107038856,-0.084837824,-0.06277651,-0.047989346,-0.042345524
-0.3105707,-0.33865717,-0.34940925,-0.36376747,-0.34545237,-0.3192924,-0.29029605,-0.23401217,-0.17152208,-0.11825359,-0.08272814,-0.05367685
-0.08831668,0.060388774,0.17561403,0.19140986,0.23902185,0.22098947,0.1971682,0.11349417,0.0436939,-0.022665896,-0.084831774,-0.13616154
-0.03869056,0.07354667,0.083837,0.18297966,0.1788214,0.19184479,0.13641816,0.0915932,0.040515933,-0.022260867,-0.051364563,-0.090087876
-0.0001999177,0.015272301,0.03358584,0.04969094,0.05556917,0.062207695,0.06300065,0.049430326,0.025620606,0.0037004726,-0.014655752,-0.027632091
0.06890978,0.07119485,0.055232126,0.016222341,0.0012883171,-0.013382597,-0.0151821915,-0.00929361,0.018134834,0.045434218,0.069231205,0.09167548
0.15425669,0.1604923,0.14097488,0.13771434,0.12609191,0.12047431,0.11160191,0.09072001,0.07077468,0.058609337,0.046143673,0.03946747
0.21562485,0.19720206,0.14907017,0.03257051,-0.013088286,-0.05013749,-0.06999174,-0.058475167,0.009090692,0.08050324,0.15764946,0.20547456
-0.7897943,-0.73829055,-0.6518118,-0.5873493,-0.49741918,-0.44933575,-0.42251536,-0.3659168,-0.32053545,-0.30615374,-0.3052076,-0.3144312
0.16434576,0.16418421,0.14648776,0.13108222,0.110535964,0.102041274,0.097044535,0.076834366,0.064082325,0.05935675,0.054856323,0.054556247
-0.07327887,-0.067372665,-0.07570841,-0.11011336,-0.11324817,-0.115459055,-0.109927945,-0.090687916,-0.05325424,-0.020881101,0.0090898,0.028645054
-0.04103279,-0.06492336,-0.081713334,-0.09419263,-0.0913558,-0.08457801,-0.07543576,-0.054509707,-0.033736948,-0.01437203,-0.0013319483,0.008412248
0.21969903,0.2421481,0.243767,0.2547086,0.23880678,0.22811067,0.21466829,0.17583042,0.13569377,0.09853646,0.07005556,0.053655483
-0.22181945,-0.24196786,-0.19650772,-0.16619152,-0.12943374,-0.09862688,-0.061115816,-0.056276456,-0.074670695,-0.09989711,-0.13571505,-0.15537737
-0.15752357,-0.18543047,-0.17008507,-0.1735956,-0.16022974,-0.15543544,-0.13155371,-0.11407353,-0.087448895,-0.06585694,-0.054289002,-0.03727503
0.0043935943,-0.020257443,-0.06812105,-0.14086746,-0.154289,-0.1759964,-0.19399777,-0.14087117,-0.066460624,0.016837627,0.098031715,0.14299539
0.14557128,0.14329815,0.12893824,0.1077516,0.08979339,0.08281562,0.085460335,0.07142625,0.06334326,0.060486518,0.055732127,0.058498867
0.44635618,0.3954296,0.3437588,0.25323427,0.18314445,0.13771874,0.12640545,0.10496414,0.12663232,0.15908068,0.20176655,0.23711525
0.121077135,0.09858686,0.056905583,0.026839264,0.0046895295,-0.0041815415,-0.010205008,-0.0006919727,0.02251339,0.047592644,0.0738611,0.09195036
0.16589138,0.2763183,0.3249179,0.38295147,0.38393578,0.37431797,0.32021296,0.24725828,0.15731578,0.07294937,0.014094673,-0.039763626
-0.01659377,-0.030039093,-0.03650573,-0.050976217,-0.04871507,-0.044267558,-0.04042255,-0.037383385,-0.031478047,-0.020251293,-0.010613043,-0.007768998
0.14048962,0.15046456,0.14028645,0.10773742,0.093874566,0.0834225,0.08652742,0.067709446,0.06602647,0.06901511,0.06369408,0.06918071
0.12684721,0.1505144,0.1382581,0.10312489,0.07974929,0.063988745,0.056763124,0.04942952,0.054544374,0.07009593,0.0856812,0.10000522
0.15669233,0.12754437,0.09147331,0.06227015,0.04097581,0.028079823,0.021861918,0.025006115,0.040757537,0.061819553,0.0835433,0.10088904
-0.1805373,-0.13744175,-0.1026791,-0.08926295,-0.071309716,-0.082837425,-0.101521164,-0.086882435,-0.064432785,-0.04367524,-0.018567018,-0.005900532
0.15248054,0.15013513,0.1412551,0.14838214,0.13382258,0.12703885,0.11785405,0.09674702,0.07711132,0.057100616,0.045755614,0.03864356
-0.3067475,-0.32712883,-0.3170768,-0.31942183,-0.29657185,-0.2782562,-0.24785383,-0.1960156,-0.1487205,-0.11020473,-0.086277485,-0.06512003
0.07062661,0.12501721,0.117439196,0.051681988,0.030223921,0.013176613,-0.0029833838,-0.007973544,0.013740372,0.04548585,0.07952507,0.096890815
-0.083574325,-0.12622164,-0.15219858,-0.15518543,-0.1529768,-0.14167266,-0.1175811,-0.08786714,-0.058786754,-0.03635347,-0.028175628,-0.013430322
0.24730366,0.2518084,0.22860384,0.1976257,0.16813232,0.14642909,0.13093066,0.11360442,0.10420004,0.1045301,0.10855485,0.114359476
-0.31445602,-0.2998267,-0.29641578,-0.23459516,-0.19428122,-0.16578865,-0.16914274,-0.13160144,-0.11684669,-0.121870436,-0.1251763,-0.13723396
0.041856036,-0.008840941,-0.11585104,-0.19786479,-0.21646808,-0.20490862,-0.17894584,-0.12564483,-0.061287895,0.024105914,0.07793587,0.11872663
-0.3105463,-0.3265967,-0.29259226,-0.23729444,-0.19136766,-0.15992074,-0.1325282,-0.10984221,-0.11786747,-0.13350162,-0.15824123,-0.17451072
0.01924267,-0.02436842,-0.077553436,-0.10095273,-0.11302941,-0.11334,-0.10603514,-0.079384625,-0.038018025,0.0005826419,0.03269036,0.057218105
-0.09402473,-0.073766276,-0.07041669,-0.08016376,-0.07533428,-0.0739763,-0.077105716,-0.059130743,-0.03934703,-0.020968068,-0.0059382003,0.0027055629
0.17863864,0.1892443,0.19338314,0.17774111,0.15615825,0.13813132,0.13263041,0.10410026,0.08317137,0.072557524,0.06662262,0.066978216
-0.06434583,-0.081525415,-0.08066646,-0.05913847,-0.04721757,-0.0413415,-0.0407338,-0.030827763,-0.026435517,-0.028493827,-0.028513607,-0.030496057
0.12076171,0.12109992,0.10982336,0.091361135,0.078046665,0.06971088,0.06775497,0.054629497,0.052164093,0.055612735,0.05847023,0.06475496
-0.032622084,-0.11085422,-0.17046694,-0.19849244,-0.20977348,-0.20367578,-0.17932624,-0.13560691,-0.07606052,-0.019813204,0.017379949,0.05589755
-0.8186691,-0.78853464,-0.6541429,-0.58588445,-0.46284264,-0.41010123,-0.36549312,-0.3196867,-0.31350166,-0.32342315,-0.35693794,-0.38775584
0.004326796,-0.00972661,-0.06268995,-0.08262759,-0.098630644,-0.10119253,-0.10937561,-0.07117812,-0.026715726,0.020880276,0.062514685,0.09094077
-0.2585966,-0.23255755,-0.21986815,-0.2007944,-0.16921547,-0.15012848,-0.14989641,-0.1236533,-0.11348225,-0.106955625,-0.10392498,-0.115199625
0.09815216,0.13940711,0.1544002,0.1532932,0.14308049,0.14194378,0.1365435,0.11078931,0.07902108,0.049056686,0.024251487,0.007397957
-0.10034776,-0.089753926,-0.061934046,-0.0715127,-0.06313923,-0.065248184,-0.050198186,-0.048377417,-0.04297579,-0.036655117,-0.037914623,-0.03287612
-0.2563414,-0.21273461,-0.15371943,-0.12453653,-0.08249384,-0.06210859,-0.056992188,-0.059844397,-0.08286107,-0.10763608,-0.13156238,-0.15920909
-0.064646974,-0.09891863,-0.12804359,-0.12820311,-0.12264208,-0.114163615,-0.10234945,-0.0730502,-0.05021268,-0.02529047,-0.010724861,0.0011580857
0.34596664,0.34518954,0.30870134,0.25917196,0.21079567,0.18533286,0.17533307,0.151794,0.14933395,0.15827602,0.1644866,0.18234427
-0.047804967,-0.029020652,-0.017544776,-0.022119569,-0.019280177,-0.020817649,-0.025385655,-0.022734478,-0.016404929,-0.013035048,-0.0082901195,-0.0072028954
0.064481296,0.035191305,0.019564867,0.0113084465,0.011988461,0.007707268,3.8214028e-05,0.0008019656,0.0012622699,0.009594172,0.019443482,0.020307515
-0.13152993,-0.11843825,-0.09082842,-0.06317913,-0.041793033,-0.032493874,-0.025110684,-0.02510123,-0.03386447,-0.045941997,-0.061315753,-0.06920975
0.07214827,0.06778704,0.060599074,0.06205782,0.055838343,0.052192587,0.0538511,0.045263685,0.029150734,0.022320718,0.011044949,0.005351644
-0.015375253,-0.015755866,-0.011591942,-0.009742588,-0.005832784,-0.0012022704,0.008675247,0.006667938,-0.0023494922,-0.0097790165,-0.021485351,-0.026680904
-0.02987514,0.008552965,0.039219588,0.08767529,0.104178935,0.113861874,0.09990072,0.06986795,0.023224903,-0.023777833,-0.061446816,-0.09416267
-0.12349876,-0.121667944,-0.102556966,-0.071966544,-0.052159935,-0.037356324,-0.027278915,-0.02370914,-0.034999378,-0.05132544,-0.0694596,-0.082069874
0.015774311,0.03336543,0.038913522,0.02915132,0.023812283,0.018827733,0.011748627,0.008640711,0.010749672,0.010941287,0.013652729,0.013905182
0.43192258,0.39297253,0.3428617,0.29552698,0.2387787,0.21327195,0.21513689,0.18698229,0.17508067,0.17474118,0.1725763,0.18741846
-0.14671098,-0.15869449,-0.17509395,-0.15706709,-0.14038193,-0.12822133,-0.12775016,-0.09363621,-0.077382475,-0.062199987,-0.054842472,-0.05642199
-0.4692194,-0.46619865,-0.38402677,-0.31013918,-0.27237582,-0.2745814,-0.2500785,-0.23665598,-0.1875236,-0.15938002,-0.14451623,-0.10497165
-0.8844378,-0.95901525,-0.8667064,-0.6812115,-0.5501267,-0.47271848,-0.41188613,-0.32792652,-0.32675165,-0.3552425,-0.4056653,-0.43579215
0.039893594,-0.02557832,-0.06145078,-0.0677965,-0.08054135,-0.08339885,-0.072777,-0.053535715,-0.026385907,-0.0013095252,0.020024117,0.041620266
0.101470225,0.08652979,0.0704156,0.056736708,0.040797837,0.027512006,0.023501381,0.024684755,0.032191288,0.04212731,0.050815545,0.06165438
0.5566648,0.52106977,0.4348303,0.3875528,0.31280223,0.28403458,0.26922506,0.23342064,0.22503263,0.23010603,0.23857926,0.26173228
0.03614379,0.025103621,0.0064611733,-0.004570633,-0.012739554,-0.020543884,-0.026813395,-0.015862592,6.3125044e-05,0.020369973,0.03906209,0.052464128
-0.16149512,-0.1963117,-0.22246747,-0.24375235,-0.23719752,-0.23165455,-0.22007218,-0.1715957,-0.118533365,-0.06645726,-0.025786929,0.0017974228
-0.23262946,-0.2427546,-0.23528025,-0.22321592,-0.19622755,-0.18205148,-0.17062292,-0.1335356,-0.10625082,-0.088009536,-0.07841701,-0.0745237
-0.010089699,-0.032743596,-0.04710666,-0.0586207,-0.062929116,-0.06186475,-0.049228914,-0.033138443,-0.01818586,-0.0005822894,0.008808989,0.021379825
-0.10111812,-0.09333724,-0.10044135,-0.10450042,-0.10058728,-0.094280824,-0.09119813,-0.07713945,-0.054749787,-0.03575367,-0.018417656,-0.0076876767
-0.1072662,-0.047056317,-0.0067234635,-0.020432115,-0.008633092,-0.01660553,-0.02678667,-0.029924192,-0.026487108,-0.026624635,-0.018645093,-0.023570519
0.084737405,0.066675365,0.023857787,0.0122220665,-0.0017856136,-0.013421103,-0.035485417,-0.01460553,0.0018408969,0.022318333,0.044892933,0.05197659
0.038294584,0.03675332,0.0195557,0.01540491,0.0077265464,-0.001580283,-0.017191406,-0.0057260916,0.010879377,0.02760067,0.04853393,0.060706317
-0.06778594,-0.109856315,-0.107720315,-0.10435636,-0.10413342,-0.11116362,-0.1075656,-0.08935642,-0.0658553,-0.044652425,-0.022173256,-0.0053687245
-0.63184327,-0.55945385,-0.36075222,-0.06409049,0.09215379,0.17638582,0.19876796,0.14048585,-0.05791673,-0.27700615,-0.49008828,-0.64724624
0.16582909,0.15078643,0.12311137,0.09346287,0.06993604,0.056763016,0.0525499,0.051381305,0.05383428,0.069280766,0.081534445,0.09414401
-0.10291296,-0.09571764,-0.15432012,-0.24860235,-0.26967168,-0.2706817,-0.26106372,-0.1741932,-0.11020585,0.0042134672,0.057310678,0.10662392
0.37593007,0.3503488,0.32584012,0.3263136,0.28831524,0.27415624,0.2684231,0.22500606,0.17567077,0.12760861,0.0946455,0.078079514
0.06775492,0.07250255,0.06900628,0.038717713,0.026503747,0.012950538,0.0070614982,0.0064287856,0.021948328,0.037916567,0.0531,0.06730725
0.4589386,0.42269745,0.36800545,0.31847122,0.2573363,0.21317159,0.20514968,0.1702171,0.1612545,0.17104515,0.18316415,0.20782687
