-0.7868288,-0.7802063,-0.7645056,-0.73869866,-0.7182036,-0.70917785,-0.6961523,-0.66815215,-0.6609545,-0.64514655,-0.65475327,-0.67861915
0.76326966,0.79853535,0.8057397,0.79366195,0.7811221,0.7833655,0.7742537,0.742908,0.727387,0.66706663,0.62194365,0.5586767
0.29071915,0.24839984,0.21862069,0.19694768,0.1796342,0.16863734,0.1693937,0.17771697,0.18190336,0.20689988,0.22454558,0.26413608
0.22386706,0.16455826,0.121426865,0.09923333,0.08233279,0.06328133,0.06151384,0.077071905,0.10156061,0.14299758,0.19193903,0.24854405
0.30059943,0.29818583,0.28944972,0.27750418,0.2681835,0.26184726,0.26492774,0.260167,0.2652812,0.2702548,0.2569357,0.26050702
0.006145986,0.01386771,0.024437267,0.02248115,0.024938647,0.009708725,0.007976193,0.0061928965,0.01750391,0.0151214115,0.04518108,0.0406831
0.32287082,0.39133015,0.43263212,0.450959,0.4571371,0.46867317,0.4635047,0.4214993,0.37542045,0.303402,0.22516449,0.15467331
-0.13619778,-0.107682064,-0.100767896,-0.08352495,-0.07746358,-0.06835875,-0.07078693,-0.080305055,-0.08768144,-0.11768912,-0.13381115,-0.17617732
-0.4932347,-0.51000744,-0.5071179,-0.49638602,-0.49371058,-0.49537346,-0.49121094,-0.47310966,-0.46100438,-0.44129926,-0.40977457,-0.38987723
0.12918553,0.09850153,0.08588335,0.06328693,0.050838813,0.04039271,0.050585225,0.055940583,0.062474646,0.077284254,0.11339226,0.14098413
-0.066255726,-0.046359137,-0.03078854,-0.00033642352,0.003894493,0.0020344257,0.0043406934,-0.0016386807,-0.03295192,-0.06047885,-0.11887225,-0.14405742
0.3256631,0.2362584,0.16448122,0.10981172,0.070203334,0.04686147,0.05465409,0.074949384,0.118665636,0.17337495,0.2685229,0.34488124
-0.73534644,-0.71761066,-0.6933687,-0.66577524,-0.6293521,-0.61109334,-0.6169621,-0.590594,-0.58250517,-0.57260656,-0.58499837,-0.58366764
0.06912065,0.066525914,0.059805788,0.06507428,0.06461002,0.064047955,0.0615111,0.06309358,0.059385482,0.06190439,0.044885024,0.05377856
-0.20204553,-0.22090404,-0.22521973,-0.2232979,-0.22190614,-0.22223543,-0.22252566,-0.2101199,-0.20319274,-0.18633465,-0.16795559,-0.14487346
0.11575913,0.04315695,-0.007521495,-0.03803636,-0.05941412,-0.09163982,-0.08363837,-0.063804284,-0.038068548,0.010019675,0.085696526,0.15059915
0.047397777,0.06923495,0.08242944,0.09332535,0.09746966,0.104137205,0.10864216,0.09841581,0.08159712,0.060818583,0.029852347,0.0044619534
-0.40857404,-0.42478064,-0.4231611,-0.43207628,-0.41737825,-0.42940927,-0.42323917,-0.40057117,-0.3902049,-0.3452141,-0.29618022,-0.27171937
-0.45472836,-0.46099147,-0.46973667,-0.46055287,-0.470087,-0.4472789,-0.4418668,-0.43473092,-0.44049117,-0.43238348,-0.42231068,-0.42811912
0.5261048,0.68802273,0.7567025,0.8330395,0.80666304,0.8617699,0.8624558,0.7317524,0.6362752,0.4734859,0.27370232,0.11351069
0.22497317,0.18690903,0.16581145,0.14670631,0.1373986,0.13283472,0.13298082,0.1421201,0.14579836,0.15720786,0.17949693,0.21094127
0.36853564,0.486165,0.55172557,0.5487645,0.5663028,0.62007517,0.5857576,0.54612386,0.50630045,0.41560787,0.34018996,0.20856121
-0.32751676,-0.3217589,-0.32211834,-0.31549725,-0.3191341,-0.31573272,-0.3127074,-0.31473202,-0.2954878,-0.2822337,-0.24758236,-0.25147918
0.20110661,0.2008415,0.21709643,0.21543244,0.21119547,0.20440228,0.20648788,0.19831689,0.1812913,0.16296409,0.14207523,0.1480138
-0.11442448,-0.17614834,-0.21291989,-0.22422609,-0.23197521,-0.25958228,-0.24731994,-0.21631148,-0.18561545,-0.13114166,-0.07021912,-0.009606841
0.21328583,0.16793296,0.12588274,0.10121918,0.07812166,0.057758868,0.06731843,0.07743925,0.08626744,0.1294961,0.16465227,0.20311928
0.48920116,0.54863524,0.58985126,0.58244497,0.5964265,0.6103552,0.60022014,0.57422113,0.5296876,0.48169088,0.4047284,0.33826628
-0.046221733,-0.025842272,-0.012901556,0.0017674081,0.0054942816,0.0077838115,0.009637583,5.4642558e-05,-0.010360397,-0.02346788,-0.047691792,-0.064698726
-0.18680248,-0.2111641,-0.21870518,-0.20678455,-0.20098904,-0.20772982,-0.21255226,-0.1986947,-0.19448611,-0.18305832,-0.17662057,-0.14435798
0.37104028,0.383704,0.39106905,0.38300756,0.36850026,0.36055383,0.3634826,0.33952606,0.3295155,0.30805174,0.29739627,0.28463924
0.17851466,0.16568582,0.1489607,0.12908222,0.1183451,0.110597864,0.12038405,0.116059154,0.13009366,0.1446014,0.1731036,0.18642013
0.18333127,0.16311973,0.1482186,0.13245946,0.12416901,0.121871985,0.1268778,0.13177101,0.12204293,0.13765919,0.14413466,0.1592926
0.2707844,0.29955906,0.31617483,0.33822203,0.33888954,0.3415165,0.32931218,0.31396347,0.2936166,0.26731902,0.20832098,0.18101595
0.017547403,0.031293787,0.034623116,0.027220787,0.025206154,0.022261525,0.02215033,0.016205577,0.030672425,0.040864855,0.04781502,0.03151005
0.47290233,0.40243912,0.33011752,0.27693373,0.24113864,0.22096491,0.2095844,0.22998782,0.27414036,0.31453916,0.41304445,0.4602771
-0.46860698,-0.46273807,-0.4420086,-0.43080726,-0.4234537,-0.40965465,-0.41492295,-0.41833952,-0.4161371,-0.44428378,-0.38589117,-0.38738137
0.033259507,0.022352748,0.021759514,0.015985627,0.0054205805,0.006124936,0.011676565,0.0055805743,-0.0023438968,-0.008698855,-0.0022432245,0.0057388544
-0.035173625,-0.044504724,-0.052631292,-0.04811386,-0.04497361,-0.04396466,-0.038925543,-0.020448893,-0.040210903,-0.019674703,-0.05401402,-0.059767354
0.08260328,0.09504218,0.10126329,0.0915636,0.10029925,0.11690064,0.11125696,0.11884342,0.1110235,0.11102547,0.084447235,0.0711565
-0.025164945,-0.08035477,-0.107647,-0.13254502,-0.1479304,-0.13750523,-0.16681936,-0.14684334,-0.15360047,-0.14203876,-0.09011159,-0.041882806
-0.1487351,-0.1696397,-0.18412063,-0.18380375,-0.19044685,-0.18989049,-0.18397908,-0.17781843,-0.17387074,-0.16382831,-0.14681958,-0.12536569
-0.22325234,-0.19901866,-0.19117902,-0.17193785,-0.16396014,-0.15307981,-0.1513486,-0.1539522,-0.15039119,-0.1561988,-0.17925565,-0.1987751
0.06992965,0.004540682,-0.03986211,-0.07359657,-0.087004855,-0.10188307,-0.10036357,-0.074438214,-0.04275067,0.010584623,0.08032155,0.14188834
-0.43232697,-0.43796828,-0.43789643,-0.42472756,-0.41561952,-0.4122351,-0.40986872,-0.39252654,-0.37853947,-0.35469267,-0.33999777,-0.3322037
0.17195415,0.18058681,0.17791502,0.17039837,0.17711854,0.17811851,0.16746955,0.16850653,0.16122894,0.16763002,0.15522432,0.1460123
0.07297454,0.011605427,-0.010970116,-0.05566898,-0.075054154,-0.10783246,-0.07609442,-0.06773242,-0.037810653,-0.00911966,0.09272649,0.14557475
-0.7388813,-0.7634534,-0.78628963,-0.76203585,-0.76790637,-0.76476955,-0.7316599,-0.7270504,-0.7243902,-0.70831,-0.67425853,-0.64398026
0.56443304,0.56420875,0.53361285,0.5238061,0.49442822,0.49352995,0.48549032,0.4551645,0.44888797,0.45047688,0.42567405,0.42498642
0.060272258,0.022314422,-0.01316084,-0.03849622,-0.055133104,-0.05167397,-0.04290384,-0.035712242,-0.013531685,0.008185491,0.05312288,0.08822682
-0.30083662,-0.26510134,-0.24184772,-0.21698056,-0.20231025,-0.18329515,-0.19138832,-0.19202676,-0.18927088,-0.20694807,-0.23349135,-0.26110134
0.09475213,0.09555812,0.090884805,0.08026252,0.08491598,0.08574134,0.0888319,0.08526714,0.08460712,0.076494694,0.084058255,0.08488565
0.010692606,-0.01666606,-0.033127435,-0.04650665,-0.05078331,-0.058634456,-0.055579904,-0.04216069,-0.03268209,-0.015641196,0.014941301,0.03280099
-0.052090056,-0.05058211,-0.062842265,-0.07798113,-0.07756983,-0.056442164,-0.06568342,-0.05706566,-0.05502622,-0.06559855,-0.058969688,-0.06962253
-0.47492844,-0.4717886,-0.46864912,-0.45615557,-0.4467878,-0.4287198,-0.43274453,-0.41604513,-0.4096835,-0.3971526,-0.3996647,-0.40222946
0.2750224,0.27802992,0.28320116,0.27585799,0.2698602,0.267887,0.26353317,0.24974155,0.23003131,0.22050513,0.1833331,0.18065538
-0.1808839,-0.14703786,-0.13298687,-0.11423773,-0.10613264,-0.09586874,-0.096500896,-0.10356021,-0.10244734,-0.11320312,-0.14351967,-0.1745354
0.25567624,0.29856563,0.29526827,0.29518905,0.2830981,0.3059353,0.2829582,0.25752863,0.21694791,0.19934836,0.18393654,0.0816811
0.01746367,0.010179517,0.016392592,0.009726536,0.012384331,0.022771528,0.016715974,0.023306418,0.018074298,0.01425398,0.01580253,0.022864979
-0.46938458,-0.45309654,-0.44093204,-0.41805774,-0.39278784,-0.3876636,-0.39623764,-0.37769786,-0.35742456,-0.3390856,-0.33899492,-0.334461
0.11174272,0.119270176,0.1276212,0.12005455,0.11659695,0.11955424,0.12233307,0.11588921,0.1118212,0.10710658,0.104352795,0.089636445
-0.24747196,-0.2835905,-0.29440475,-0.30426648,-0.310534,-0.3334619,-0.32245737,-0.3079269,-0.29876745,-0.26869127,-0.20933712,-0.18539327
0.37380385,0.35430604,0.3198266,0.2898996,0.2679448,0.24130979,0.25384554,0.24660832,0.25827986,0.28776193,0.33352983,0.33725315
-0.0065274825,-0.037000403,-0.057638954,-0.0720648,-0.08022411,-0.08717947,-0.08978413,-0.07060978,-0.046207905,-0.017773148,0.027380453,0.053726535
0.37755206,0.35865685,0.34902138,0.31946552,0.30369297,0.30077496,0.29902107,0.28907284,0.27580005,0.26457736,0.28918585,0.29473078
-0.059016656,-0.117573395,-0.18837358,-0.20153038,-0.25339186,-0.25525248,-0.21777219,-0.22662804,-0.21827605,-0.15605433,-0.15204833,-0.0851322
0.018772712,0.046676107,0.062203825,0.08361624,0.07982428,0.060730986,0.08028293,0.050299615,0.048584078,0.014653821,0.0068550776,-0.018972127
0.19885997,0.1754067,0.17821452,0.15728737,0.15414304,0.14154796,0.14521289,0.1529314,0.15184604,0.16066147,0.1731239,0.1959947
-0.29879668,-0.26600778,-0.23861611,-0.20704539,-0.18572104,-0.17272264,-0.18690935,-0.1854586,-0.19744378,-0.21678644,-0.24900053,-0.27315292
-0.74494296,-0.69051474,-0.6336519,-0.5746621,-0.5368662,-0.5090568,-0.53657615,-0.5299176,-0.5206045,-0.5485388,-0.58011484,-0.6064999
-0.4145069,-0.44145283,-0.45739928,-0.45236093,-0.45250183,-0.44857872,-0.44948918,-0.43080822,-0.41224372,-0.37879676,-0.3411788,-0.3036148
-0.36118123,-0.3790412,-0.38508376,-0.38233817,-0.37258124,-0.37464038,-0.37642577,-0.35361588,-0.33082443,-0.30347496,-0.26850563,-0.24452844
-0.12897362,-0.10619898,-0.08359659,-0.07521651,-0.05849395,-0.044584125,-0.04186198,-0.045814052,-0.059983857,-0.08015069,-0.11108763,-0.12542135
0.051988665,0.0247258,0.013846559,0.000806205,-0.012549166,-0.015534874,-0.008693362,-0.0032466315,0.017028525,0.023909012,0.05437521,0.08684312
-0.26589078,-0.17118832,-0.11545251,-0.036742195,-0.004358813,0.0045645237,-0.0031936765,-0.04215218,-0.091010645,-0.16061708,-0.268616,-0.34446597
0.18230163,0.25314736,0.31558633,0.33877975,0.35446233,0.3582033,0.36119664,0.31688547,0.27255428,0.18524224,0.122180894,0.06355369
0.03229995,0.051615436,0.063365795,0.07678713,0.07817522,0.077483386,0.07756183,0.06598308,0.05334439,0.031465128,0.010261947,-0.008936633
0.067932576,0.026843734,-0.0041018277,-0.030617632,-0.04355117,-0.060311615,-0.053036496,-0.036533996,-0.0017393529,0.028769843,0.09133747,0.12101042
0.116928786,0.11062267,0.10482507,0.09559027,0.08102838,0.086834006,0.08540234,0.07906582,0.0826571,0.09368705,0.10025169,0.10402205
0.07326883,0.06224164,0.04720775,0.030975178,0.025369808,0.022629641,0.025604188,0.02803249,0.037146438,0.05206192,0.074787416,0.07761202
-0.35990283,-0.3471418,-0.33969578,-0.3217662,-0.32143578,-0.32156715,-0.30751884,-0.30969688,-0.2986098,-0.29264867,-0.2959113,-0.3089414
0.20875682,0.20561448,0.19815435,0.18919277,0.18214916,0.179066,0.17353725,0.16762851,0.16650751,0.16895944,0.17668664,0.17427832
-0.044872954,-0.0688263,-0.08582191,-0.093205206,-0.09595788,-0.100433655,-0.100687996,-0.09126949,-0.07960171,-0.068682104,-0.036633767,-0.017790677
0.53274184,0.500134,0.475039,0.42572922,0.41304895,0.41378534,0.40795743,0.4180928,0.4308977,0.4445795,0.4719948,0.4990937
-0.29082444,-0.34925145,-0.39057124,-0.4080292,-0.41956457,-0.42761818,-0.42323178,-0.3948718,-0.35330337,-0.2973295,-0.21503533,-0.16216302
0.12227201,0.13277222,0.12950727,0.13421732,0.13147746,0.1353192,0.1291476,0.12070384,0.11713745,0.10233903,0.08987912,0.076767415
-0.40958947,-0.4417654,-0.43584907,-0.46096462,-0.4631399,-0.47036216,-0.4577972,-0.4402145,-0.40353334,-0.36387977,-0.27266693,-0.22288474
0.16347721,0.21857022,0.23322128,0.24059772,0.2556629,0.26276034,0.2577324,0.24269837,0.23563962,0.1921162,0.16974826,0.098254055
0.5513248,0.527915,0.5026289,0.47502413,0.45977905,0.45469314,0.44397843,0.44367328,0.44566658,0.44493136,0.4506252,0.46490818
0.5038667,0.49229166,0.48856091,0.45719022,0.44147843,0.4162551,0.4408094,0.42645666,0.43003625,0.41862944,0.42792842,0.43258944
0.083113454,0.069815174,0.051072463,0.04353282,0.032363757,0.032231435,0.03493289,0.03186386,0.033965573,0.03957862,0.05450326,0.06167812
0.070212565,0.057186067,0.042738933,0.040992092,0.031842638,0.02885588,0.030740062,0.032643624,0.03558954,0.04380445,0.052534044,0.060051616
0.030710401,0.06621544,0.07990104,0.10415274,0.11500932,0.12746122,0.11591174,0.11061785,0.096921936,0.0803111,0.01361944,-0.015265694
-0.5650552,-0.59647804,-0.6029968,-0.58971184,-0.5858266,-0.58621854,-0.5703659,-0.54124135,-0.5394201,-0.4994997,-0.49105883,-0.4540165
0.34112626,0.26703802,0.23333365,0.1713171,0.12830329,0.11906642,0.12911737,0.12740448,0.14637661,0.17861363,0.2675786,0.34147358
0.14580572,0.10721286,0.0738865,0.059393764,0.043445677,0.03189595,0.031683847,0.040679052,0.05958855,0.08860212,0.12719682,0.15835421
-0.120671615,-0.11189051,-0.111128345,-0.10033521,-0.10039787,-0.09521519,-0.091187865,-0.09588432,-0.10074143,-0.105931334,-0.11785816,-0.12630627
0.05872973,0.05252932,0.07132137,0.07363686,0.06774782,0.042363495,0.050248116,0.05639063,0.038121834,0.029366836,0.031865172,0.03171544
0.39801487,0.40541834,0.40728357,0.38702703,0.38221607,0.3872503,0.37813097,0.36703724,0.35297558,0.3355322,0.32455304,0.30117258
0.17933498,0.20912947,0.23081489,0.23095344,0.23290241,0.23805666,0.24132425,0.23001394,0.21287948,0.18387434,0.14836912,0.11534541
-0.26403904,-0.29394498,-0.30261683,-0.30758777,-0.31903487,-0.32116106,-0.3049134,-0.2944838,-0.273998,-0.25344017,-0.21211834,-0.179299
-0.048544507,-0.09476954,-0.12517883,-0.1456474,-0.1571663,-0.16162825,-0.15226176,-0.1362963,-0.116034865,-0.07918499,-0.035222646,0.009968863
-0.07899842,-0.10933523,-0.13401678,-0.1403008,-0.15048131,-0.15893167,-0.15021378,-0.14275609,-0.13075091,-0.108218476,-0.07539424,-0.04933975
-0.14989729,-0.1907917,-0.22574937,-0.24113141,-0.2534882,-0.2721058,-0.24450961,-0.2345464,-0.2077032,-0.15492484,-0.119883,-0.075609766
0.27027997,0.25967762,0.25034398,0.2343249,0.22617255,0.2310704,0.22247936,0.21904412,0.21828574,0.20980541,0.21444479,0.22589728
0.12522836,0.10790668,0.08844718,0.08501912,0.0739412,0.05571845,0.06310031,0.06200153,0.07266365,0.07858136,0.102185056,0.107657254
0.13555582,0.16108382,0.19513986,0.19365658,0.2123326,0.21461931,0.2125789,0.20479232,0.18115593,0.1497973,0.11226483,0.09192665
-0.38446522,-0.36338285,-0.35667932,-0.33892247,-0.34766668,-0.33479357,-0.31143022,-0.3296607,-0.32196236,-0.33051705,-0.31465536,-0.31333748
0.0039293095,-0.019969098,-0.040434055,-0.059902698,-0.06518779,-0.07319942,-0.06541085,-0.055855,-0.03431552,-0.0071249157,0.02654416,0.047624595
-0.069864094,-0.18623888,-0.27415228,-0.3290954,-0.384287,-0.40594167,-0.38568193,-0.37456378,-0.33922234,-0.27030456,-0.12722291,-0.01595606
0.5927731,0.54123825,0.49571332,0.4553503,0.4450336,0.4162969,0.4147669,0.42318416,0.4468323,0.49193794,0.52753586,0.586363
0.035307772,0.021905847,0.008026931,-0.0010513254,-0.00815475,-0.01387085,-0.012445129,-0.012338504,-0.0048746355,0.0042466335,0.025655387,0.040198527
0.121927075,0.1342134,0.14567369,0.14261043,0.14434922,0.14257592,0.13880318,0.13257983,0.12935358,0.11634939,0.11127163,0.0980364
-1.547113e-05,-0.011395171,-0.019851878,-0.029735968,-0.03593734,-0.0435369,-0.034340784,-0.036613703,-0.0212681,-0.016840361,0.016495591,0.030197099
0.12612349,0.14326046,0.16176201,0.16417442,0.17326473,0.17105421,0.16596046,0.15846771,0.14333326,0.1145093,0.09591967,0.07916278
-0.3308421,-0.32618302,-0.30738908,-0.2913676,-0.323428,-0.34747517,-0.28248382,-0.32437393,-0.34602135,-0.36372542,-0.33134225,-0.33818942
-0.66108835,-0.69971156,-0.73164016,-0.72565025,-0.7285495,-0.7194147,-0.7088483,-0.6815094,-0.65248,-0.6130421,-0.5622506,-0.52613056
-0.32196382,-0.33734778,-0.33961144,-0.33277476,-0.3159666,-0.3139555,-0.32180822,-0.29601726,-0.2879179,-0.2677429,-0.25105706,-0.2319515
-0.7074714,-0.6823429,-0.7041163,-0.66382104,-0.69593376,-0.65697277,-0.62160563,-0.65995646,-0.6740571,-0.71036136,-0.690964,-0.7491816
0.1416115,0.16279572,0.19113827,0.20025966,0.2013867,0.21710451,0.20348968,0.19645968,0.17487535,0.14958414,0.0992822,0.07986203
0.45211834,0.39898404,0.34778315,0.31856537,0.28711694,0.2530194,0.26368064,0.26736706,0.29343233,0.32728568,0.37886617,0.42578292
0.096522965,0.12006392,0.14060609,0.14971125,0.16155574,0.16541432,0.14973377,0.14782396,0.14454377,0.12716787,0.095429234,0.07824132
-0.5937661,-0.59569275,-0.6151372,-0.6204046,-0.62507135,-0.60626733,-0.6051215,-0.59171,-0.5360877,-0.49702638,-0.41564956,-0.4153204
0.09302437,0.08158868,0.07395442,0.06313428,0.055631407,0.046427563,0.04874696,0.044081613,0.042786554,0.047294803,0.068655394,0.075709015
0.05567617,0.07198139,0.07941228,0.07401616,0.07782339,0.080274396,0.07313429,0.06952804,0.072495945,0.06596348,0.06505975,0.048236776
0.08658532,0.090625584,0.09985365,0.09881612,0.09903931,0.093357906,0.10394942,0.0988796,0.080089696,0.07519553,0.05352729,0.046562716
0.312358,0.3274087,0.32842934,0.32711345,0.32181138,0.3182176,0.31278142,0.29875997,0.28686714,0.2671782,0.24000677,0.22796173
-0.11250841,-0.11853892,-0.11918808,-0.12703376,-0.13402057,-0.13195822,-0.11837368,-0.124412104,-0.12596515,-0.12915224,-0.10946302,-0.10029665
0.0918429,0.05157488,0.028208494,0.00954479,-0.0025029927,-0.010180317,-0.0056781396,0.007419534,0.024585567,0.048178766,0.08171123,0.12178423
0.0045065377,-0.013163377,-0.0260107,-0.03033628,-0.03406645,-0.03953764,-0.042407747,-0.035548903,-0.02548518,-0.013186377,0.001995001,0.01937098
-0.6608076,-0.67878526,-0.68273824,-0.66122615,-0.63920027,-0.63535,-0.6513323,-0.614128,-0.568718,-0.5262121,-0.48699862,-0.4534246
0.123345464,0.08393891,0.05781141,0.0371169,0.014942005,0.007317081,0.012831688,0.01264891,0.016746372,0.038886137,0.07348777,0.109788455
-0.092247784,-0.16187245,-0.21122904,-0.2626081,-0.30504328,-0.3080586,-0.2842398,-0.28600794,-0.2618006,-0.22590762,-0.09038676,-0.04133571
-0.06868511,-0.04068531,-0.044313207,-0.052917376,-0.06341992,-0.02804634,-0.024124324,-0.036558777,-0.07292552,-0.087978266,-0.12495114,-0.1623891
0.35508013,0.33271763,0.31677303,0.30102283,0.29511863,0.28817624,0.28112486,0.28157973,0.2777047,0.27650893,0.28243193,0.30092087
-1.5243936,-1.4719707,-1.4344792,-1.3707732,-1.3316835,-1.2775259,-1.2687155,-1.2497759,-1.2368891,-1.2475688,-1.2475266,-1.2813658
0.27124566,0.25137427,0.22429931,0.2093817,0.19902511,0.19019076,0.18455967,0.18886228,0.20277655,0.21629211,0.23950367,0.2530465
-0.2420847,-0.23196761,-0.2159216,-0.20724203,-0.18989792,-0.1745662,-0.1843855,-0.16625023,-0.16246706,-0.15839507,-0.1649624,-0.18298188
-0.05968905,-0.052292258,-0.049360767,-0.048001632,-0.017933458,-0.006729901,-0.031739436,-0.009069737,-0.007133335,0.0046021454,-0.028813515,-0.016257374
0.55934227,0.6207896,0.6497561,0.6426488,0.63159,0.6530818,0.6656579,0.6134087,0.5637536,0.47759724,0.4126409,0.32744253
0.2801045,0.2818749,0.26312208,0.25493565,0.23633553,0.23045757,0.23825996,0.22025687,0.21867621,0.22138704,0.21523483,0.2128642
-0.043989316,-0.022770166,-0.006496992,-0.0006495081,-0.006106466,0.0026150718,0.009673998,-0.015592653,-0.024066646,-0.053205363,-0.0424369,-0.064511076
-0.20675696,-0.2157386,-0.23486507,-0.23253646,-0.23588374,-0.2308355,-0.22042185,-0.21380636,-0.20473342,-0.18095021,-0.1740675,-0.16527522
-0.24270675,-0.26329646,-0.26615837,-0.269215,-0.26391217,-0.2611918,-0.261093,-0.24165694,-0.23824596,-0.22184648,-0.1991559,-0.18246292
0.5904831,0.54299146,0.5138494,0.4652835,0.43221352,0.40860558,0.41527048,0.4175471,0.45785007,0.5027942,0.54107034,0.60024345
-0.077285215,-0.08748393,-0.09416699,-0.09667185,-0.0957946,-0.09634721,-0.09615868,-0.08819689,-0.07820501,-0.06479805,-0.054211304,-0.041033726
-0.12223258,-0.20062727,-0.2718854,-0.2992009,-0.32499123,-0.33683237,-0.3178827,-0.2980253,-0.26149783,-0.20301145,-0.11206408,-0.03495668
-0.2320147,-0.23950395,-0.23708782,-0.22241905,-0.21611464,-0.22032285,-0.21925896,-0.20609751,-0.20359641,-0.19748184,-0.19280493,-0.18651429
0.27140808,0.25118175,0.24603981,0.23364392,0.22008078,0.21028343,0.20925656,0.2074455,0.21287726,0.21712354,0.22681779,0.25171024
0.03591016,0.33062935,0.5421431,0.6698439,0.74363816,0.8268968,0.76781684,0.65115273,0.4898479,0.221825,-0.08296229,-0.36727232
0.78627694,0.7537936,0.6768321,0.6235356,0.57845736,0.5768656,0.54246354,0.5315628,0.5618824,0.61292833,0.6736453,0.6685489
-0.8354851,-0.8613806,-0.868927,-0.82939166,-0.80740213,-0.84670734,-0.8247821,-0.790604,-0.74894327,-0.68743443,-0.6493577,-0.59605366
-0.4737873,-0.51928157,-0.5496684,-0.555398,-0.5651002,-0.56191564,-0.5523581,-0.52521205,-0.49978203,-0.4473747,-0.38760167,-0.3462978
0.47714874,0.48767668,0.4971223,0.47065002,0.467396,0.4714789,0.47163194,0.46178964,0.4451828,0.43482596,0.40900326,0.39629436
-0.2333922,-0.2500168,-0.27039763,-0.27747214,-0.28219277,-0.28297377,-0.2797207,-0.26645893,-0.24851604,-0.21888451,-0.18188365,-0.1819732
-0.33093643,-0.26085377,-0.22763148,-0.18898857,-0.14777502,-0.11240786,-0.13978398,-0.13174129,-0.15593284,-0.19231856,-0.27118585,-0.33560008
0.402462,0.3923511,0.3834356,0.36766464,0.3505503,0.33864343,0.34874982,0.32771808,0.32379723,0.30819985,0.32163548,0.3303297
-0.46586487,-0.528961,-0.565049,-0.5791661,-0.57705843,-0.5922159,-0.58695304,-0.540916,-0.50134754,-0.4172796,-0.34802315,-0.2851165
-0.1168761,-0.12671769,-0.15847637,-0.17920925,-0.20690653,-0.2041187,-0.20849109,-0.21102934,-0.17085883,-0.1402379,-0.060195744,-0.071821675
-0.14804456,-0.15754685,-0.14847627,-0.15988272,-0.17294596,-0.17640942,-0.16627638,-0.17010815,-0.15405543,-0.15554821,-0.11661008,-0.10500338
-0.14950359,-0.20145059,-0.21140987,-0.2232528,-0.24368832,-0.28867218,-0.2630863,-0.25973395,-0.230687,-0.19144295,-0.08555391,-0.029297702
-0.17102405,-0.18971476,-0.21925478,-0.21811655,-0.23679692,-0.22770904,-0.2183761,-0.21634865,-0.20784518,-0.19828902,-0.17825845,-0.17112276
-0.22977562,-0.23637843,-0.24463221,-0.2362326,-0.23583719,-0.22910398,-0.2297301,-0.22230533,-0.21043327,-0.20107017,-0.18871692,-0.17458972
-0.8926756,-0.8750005,-0.85780805,-0.81718457,-0.787235,-0.76775634,-0.7678776,-0.74234533,-0.7278541,-0.70864236,-0.7097031,-0.71268475
0.21079078,0.19872078,0.19241808,0.16698484,0.15413848,0.14620571,0.15825401,0.14961469,0.15379296,0.16312444,0.17295288,0.19115254
0.0979612,0.05702609,0.024330981,0.005655922,-0.001891207,-0.018766984,-0.01386416,0.005423546,0.025177494,0.060657594,0.09809424,0.13272063
-0.0031511858,0.032113813,0.07092579,0.064980574,0.06448758,0.05061735,0.08459169,0.054828133,0.04784102,0.01568736,0.038336195,0.006562596
0.19134067,0.16776353,0.15447688,0.13198742,0.124611504,0.113173366,0.11182839,0.12342161,0.13084175,0.141945,0.17092209,0.18904765
-0.024412202,-0.012220206,0.0077140834,-0.00039065257,0.010937259,0.010276809,0.010843184,0.011350973,-0.008482002,-0.01446509,-0.02032856,-0.045406796
0.5605582,0.52054036,0.45637918,0.3912037,0.38723058,0.36637217,0.33825177,0.36614996,0.42377216,0.5048582,0.57296234,0.62437004
0.092439294,0.024996385,-0.026494324,-0.057180896,-0.06971726,-0.08748652,-0.0882225,-0.061605617,-0.026983872,0.025417663,0.099566855,0.16140446
0.092278905,0.09511924,0.09536675,0.10213503,0.095978566,0.09445008,0.10033152,0.088400155,0.08886853,0.07376697,0.06241882,0.06163122
0.31768373,0.34393737,0.36365122,0.35249507,0.3517199,0.36716568,0.3534988,0.34130192,0.3241686,0.3041183,0.27455667,0.23976883
0.02745163,-0.004585238,-0.04583268,-0.069925115,-0.09019855,-0.09814669,-0.09460663,-0.07995627,-0.042548865,0.005222423,0.05530742,0.07645054
0.51397264,0.5445851,0.56378835,0.540611,0.53301483,0.51628506,0.49933824,0.4853498,0.49357295,0.45680583,0.49036258,0.43383428
0.034699257,-0.0037996322,-0.029277429,-0.04401651,-0.05832649,-0.07901105,-0.06545074,-0.056535147,-0.03313081,0.0026213825,0.046807285,0.08432348
-0.2046801,-0.22232753,-0.22622213,-0.2140807,-0.21519595,-0.23320532,-0.22160208,-0.21885552,-0.21730536,-0.2025797,-0.1869864,-0.154874
0.00831319,-0.033849325,-0.05907598,-0.07171145,-0.079497784,-0.09489508,-0.095702514,-0.075460225,-0.054151073,-0.012414552,0.024928045,0.0689001
-0.15652502,-0.21385935,-0.26281086,-0.2812816,-0.28439614,-0.2979249,-0.29855484,-0.25797665,-0.2103611,-0.14369401,-0.07763806,-0.023317263
0.35608196,0.39030024,0.4108055,0.41186488,0.41669083,0.42302576,0.40648106,0.389396,0.38420868,0.3445736,0.30358782,0.27483672
-0.14127645,-0.14965327,-0.1562354,-0.16580045,-0.16351472,-0.16588798,-0.15173028,-0.13965225,-0.111199975,-0.07968256,-0.062114924,-0.03749681
-0.087257646,-0.12213567,-0.15196747,-0.16761635,-0.19143468,-0.19965632,-0.17446491,-0.17768267,-0.15994337,-0.14536792,-0.08222227,-0.057014927
-0.027688239,-0.030157553,-0.038013045,-0.04464529,-0.030914558,-0.03735471,-0.034697797,-0.024760768,-0.00976241,0.0032765064,0.0220795,0.017432436
-0.059448335,-0.0566152,-0.063369416,-0.06283833,-0.055760972,-0.050448447,-0.059074566,-0.051346757,-0.037106708,-0.034740873,-0.02311109,-0.030242177
-0.22551188,-0.29907554,-0.33637923,-0.35237864,-0.36834583,-0.38660225,-0.3804584,-0.3515087,-0.3178008,-0.25361228,-0.1748257,-0.09853543
-0.19033933,-0.23102032,-0.27043796,-0.28928035,-0.30665237,-0.30400836,-0.2952208,-0.28294164,-0.25556383,-0.23084061,-0.1698781,-0.14249039
0.1209574,0.11174186,0.10806022,0.09768839,0.095265634,0.09004156,0.089513205,0.092612565,0.1009229,0.10987764,0.11466861,0.124729365
0.19287387,0.1342646,0.096830666,0.057263434,0.027053088,0.010711789,0.023763329,0.032476813,0.056114823,0.098200515,0.17338194,0.21489772
-0.43126217,-0.45305145,-0.46230757,-0.4488185,-0.44908082,-0.45082125,-0.44139546,-0.4276178,-0.42001665,-0.4054494,-0.3788423,-0.35579765
0.00020655617,-0.028726576,-0.061682317,-0.073158436,-0.08415569,-0.08725719,-0.088425584,-0.075577185,-0.049739435,-0.027577389,0.016204987,0.037326653
-0.21521819,-0.19900522,-0.18472949,-0.17205682,-0.1505338,-0.13857254,-0.15084335,-0.13677947,-0.1366125,-0.13711877,-0.15151519,-0.16084567
0.5485541,0.54152673,0.53444946,0.50529206,0.49577755,0.49284685,0.4854526,0.48256344,0.47069734,0.47096094,0.46144876,0.45378223
-0.68853694,-0.7041714,-0.72213334,-0.714487,-0.7002752,-0.6839895,-0.6844,-0.65386647,-0.61618394,-0.57544893,-0.5313818,-0.5095718
0.12994853,0.28180623,0.3685115,0.44946787,0.48732978,0.52135754,0.50017476,0.44412503,0.3659382,0.23335962,0.045374688,-0.10545894
-0.06793034,-0.026227504,0.004284583,0.035165384,0.052074842,0.058950722,0.051694274,0.039314657,0.025343604,-0.012479365,-0.06163732,-0.10025769
0.49960038,0.45523715,0.4059498,0.3787352,0.3556303,0.33513722,0.33246034,0.32897872,0.35174614,0.3714324,0.39964047,0.4432976
0.19002876,0.19371858,0.19703218,0.190301,0.18922704,0.18409283,0.18546516,0.18033311,0.16919203,0.16688976,0.15266679,0.14838341
-0.008275764,-0.018246394,-0.016149364,-0.020451128,-0.020934854,-0.023453075,-0.021236714,-0.016293485,-0.012717944,-0.011325562,-0.0018552733,0.0070226532
0.19589885,0.14860143,0.14240763,0.10029529,0.08516297,0.09473826,0.08939324,0.103820644,0.10826739,0.10633135,0.15410042,0.1895669
-0.74750185,-0.8818704,-0.9302114,-0.9633082,-0.97879946,-0.9546039,-0.960635,-0.8981844,-0.9390433,-0.9013195,-0.82318485,-0.71078336
0.027822688,0.037427217,0.04684375,0.059903927,0.06825256,0.06795316,0.057699084,0.05714427,0.04403162,0.029860716,0.012021486,0.008967053
0.039440878,0.033303127,0.03344614,0.02735646,0.015655067,0.016701914,0.02636734,0.019599982,0.016660308,0.0092961285,0.019332452,0.018776545
-0.13474262,-0.13217676,-0.12574774,-0.12157448,-0.11982251,-0.11358725,-0.11242771,-0.11068574,-0.109646365,-0.10920538,-0.11394442,-0.11142815
-0.041300565,-0.05649074,-0.06792696,-0.0793439,-0.08935928,-0.09035448,-0.08458497,-0.08583735,-0.08731841,-0.07117245,-0.041616708,-0.027311955
0.18990819,0.2229938,0.23703694,0.24084386,0.24562773,0.24088264,0.240935,0.22451013,0.22301668,0.20460664,0.1766014,0.14494471
-0.026918322,-0.040117044,-0.047967456,-0.053435177,-0.058590613,-0.061525285,-0.060737092,-0.058244772,-0.05803939,-0.05083786,-0.035076436,-0.025692355
-0.400302,-0.43043914,-0.44174656,-0.40324357,-0.41669896,-0.43883866,-0.41905236,-0.4167589,-0.4174535,-0.39793998,-0.38708043,-0.3532442
-0.1684664,-0.18431677,-0.18390682,-0.1855535,-0.19304648,-0.1930061,-0.18915865,-0.18337944,-0.17592883,-0.17340733,-0.14289398,-0.1384524
-0.23538616,-0.27544147,-0.3012825,-0.30453008,-0.30967,-0.31926113,-0.3164737,-0.2968626,-0.27665567,-0.23722123,-0.18927833,-0.14533463
-0.23869514,-0.283237,-0.31667876,-0.32075733,-0.3308491,-0.32817328,-0.31422925,-0.29644454,-0.2956152,-0.2635857,-0.23990528,-0.19627474
-0.7646374,-0.8137395,-0.84027845,-0.8285261,-0.8230614,-0.8226806,-0.8189881,-0.77637386,-0.7449945,-0.7016564,-0.63909155,-0.5959924
-0.33715582,-0.3902015,-0.41317856,-0.42831865,-0.43916658,-0.44596288,-0.4391901,-0.41462004,-0.3869765,-0.34350556,-0.27053168,-0.21591134
-0.25618222,-0.26462737,-0.26950938,-0.26204664,-0.2503275,-0.247839,-0.25172833,-0.23583081,-0.21963578,-0.20550954,-0.18960622,-0.17684963
-0.5000963,-0.5184648,-0.5225126,-0.5202573,-0.521274,-0.51922846,-0.50029355,-0.4881022,-0.46603778,-0.44075423,-0.39810687,-0.37452132
0.26161823,0.2019809,0.14564542,0.09148148,0.05466044,0.0262236,0.04168728,0.048012853,0.08158465,0.14527026,0.25967965,0.28960496
0.06922926,0.0518466,0.030495264,0.02446282,0.014960371,0.0045965016,0.0138930455,0.015448384,0.024976961,0.04332275,0.06284046,0.0759698
-0.2080487,-0.17845508,-0.15794235,-0.13928464,-0.13041201,-0.11418474,-0.11866267,-0.1180889,-0.12008551,-0.13446522,-0.16420254,-0.19491734
-0.042010494,-0.060075853,-0.08329448,-0.08936698,-0.09014017,-0.085459724,-0.093041636,-0.07370416,-0.05324712,-0.021713,-0.006893524,0.018453568
0.04519476,0.06548412,0.077010095,0.07559577,0.08530732,0.08791904,0.0872719,0.08446725,0.081947304,0.067934275,0.05892019,0.02996091
-0.16968271,-0.23385407,-0.26864076,-0.28967693,-0.2957878,-0.30524892,-0.3020806,-0.2707708,-0.25518453,-0.20949522,-0.14605913,-0.09310615
-0.10495621,-0.11239546,-0.1255074,-0.13656959,-0.14651251,-0.12932189,-0.13309805,-0.1317353,-0.104604125,-0.100364685,-0.057299122,-0.054116853
0.08807367,0.05767286,-0.016411602,-0.058090866,-0.1354545,-0.11037555,-0.048410445,-0.10138276,-0.12618536,-0.1371797,-0.07582407,-0.11194498
-0.2719553,-0.30980343,-0.32903707,-0.33394182,-0.340474,-0.34976584,-0.34064576,-0.32294834,-0.30258107,-0.2693402,-0.21890843,-0.18494482
-0.17343906,-0.19198817,-0.20011494,-0.20288189,-0.20090117,-0.19755597,-0.19958287,-0.183456,-0.17286964,-0.14792767,-0.13875857,-0.11323414
-0.08282232,-0.13836697,-0.17685334,-0.18563631,-0.19368637,-0.20840067,-0.20705314,-0.18283376,-0.14805698,-0.10502106,-0.047487807,0.009852113
-0.05007204,-0.12735668,-0.17537408,-0.20498241,-0.22943375,-0.2381238,-0.23004016,-0.20206665,-0.17330772,-0.10920774,-0.050363477,0.024619883
-0.32322755,-0.31104317,-0.2892686,-0.26793754,-0.25426176,-0.24591161,-0.24646512,-0.24480838,-0.25313646,-0.26014045,-0.27674025,-0.2747297
0.024765521,-0.011789888,0.08835091,0.046390533,-0.014519483,-0.13355267,0.04924503,-0.037351847,-0.06977083,-0.070216864,0.0071477816,0.13086654
-0.14421678,-0.19333696,-0.23539473,-0.23144278,-0.22900224,-0.24310875,-0.24965557,-0.21916845,-0.19362246,-0.14760908,-0.109485686,-0.055998188
-1.0416796,-0.99364746,-0.9588048,-0.9023588,-0.85786206,-0.8179655,-0.82831234,-0.80472934,-0.7950171,-0.8024,-0.82804173,-0.8622714
-0.47251242,-0.4300378,-0.38797688,-0.36056376,-0.34015924,-0.32324424,-0.32325497,-0.331188,-0.33287963,-0.36146718,-0.38207036,-0.39742047
0.046456035,0.093756124,0.11902123,0.1452797,0.16548824,0.16851512,0.15760174,0.14610781,0.12722445,0.10058918,0.040212546,0.0042429175
-0.37799066,-0.3593307,-0.3529695,-0.31983566,-0.31761968,-0.31045234,-0.30155605,-0.31114104,-0.3214022,-0.3417499,-0.35740826,-0.36767298
0.051378325,0.06595133,0.0619773,0.080259174,0.08092547,0.08451787,0.07892624,0.0706284,0.06134865,0.040154546,0.020135527,-0.0017490741
-0.13265844,-0.107825994,-0.08510034,-0.06589112,-0.05945766,-0.06781062,-0.06101436,-0.068176635,-0.06767336,-0.07733461,-0.08329247,-0.10478373
0.0011949427,0.026727356,0.04109229,0.05094152,0.06410298,0.0648587,0.07073689,0.06423555,0.04707946,0.030149192,-0.0036502983,-0.034802914
0.32935366,0.36472946,0.3847434,0.40399376,0.40907273,0.41441113,0.4016183,0.3790308,0.3499092,0.31011814,0.24389444,0.21387137
0.31305832,0.34434962,0.36387086,0.36393762,0.35847226,0.36259478,0.36118156,0.33747706,0.31572467,0.28383797,0.2567125,0.22215278
-0.2725096,-0.25721818,-0.2345697,-0.22247086,-0.20903912,-0.19824687,-0.2003772,-0.19539818,-0.19784021,-0.21582119,-0.21842532,-0.23488551
-0.070419475,-0.045829907,-0.03653766,-0.021503497,-0.005105093,-0.0071317255,-0.018245053,-0.016710293,-0.021762285,-0.021100484,-0.042670973,-0.06113416
0.018113216,0.021216096,0.028726552,0.023472149,0.034483917,0.023311399,0.026616734,0.026536021,0.027156463,0.017142095,0.023182683,0.022183377
-0.31569803,-0.32651854,-0.33801106,-0.33782098,-0.3358353,-0.33881414,-0.32988384,-0.31692064,-0.2908126,-0.26721057,-0.22847164,-0.2248317
0.054521672,0.14842054,0.22111914,0.26147085,0.2813035,0.3023528,0.2931913,0.2532247,0.19335662,0.11411232,-0.0016150326,-0.092358
0.14679012,0.10912126,0.07032898,0.06420546,0.053623147,0.03619004,0.038228437,0.053567573,0.07739181,0.11120561,0.13746163,0.17330328
0.1627904,0.13016711,0.101700395,0.0788486,0.06576309,0.06523891,0.06722524,0.078070074,0.09679448,0.12118089,0.14743797,0.17442426
0.043771703,0.019026201,0.0041536167,-0.0009309724,-0.005172007,-0.0140636,-0.015994467,-0.00560027,-0.0013834052,0.0138990935,0.031775117,0.055672098
-1.3705622,-1.3513826,-1.3350394,-1.2689782,-1.2321295,-1.2019562,-1.1939385,-1.1631308,-1.1391695,-1.1332358,-1.1155809,-1.1205895
-0.21935017,-0.22761925,-0.22564976,-0.22445431,-0.22080046,-0.217988,-0.214574,-0.20049958,-0.19023836,-0.17255834,-0.16514637,-0.1636046
-0.3738953,-0.41509068,-0.42564383,-0.4302464,-0.42821008,-0.42282224,-0.42478865,-0.39324838,-0.36468118,-0.3243009,-0.28648892,-0.24160492
0.34636497,0.29947704,0.263227,0.2350402,0.21991372,0.19614084,0.19477454,0.20583391,0.22816887,0.2669845,0.3102141,0.35894856
0.012740565,0.0016120384,-0.01431381,-0.03937029,-0.038466707,-0.02909871,-0.025567757,-0.013398277,0.0017081704,0.023467574,0.04039877,0.046351694
0.073299676,0.029894859,-0.0015734583,-0.025291264,-0.047600657,-0.05255425,-0.04463987,-0.03805776,-0.017381944,0.010148406,0.062351786,0.1006914
0.041422036,0.09017558,0.118118,0.13399108,0.14505318,0.15652119,0.15632664,0.13440011,0.11417259,0.07214706,0.02901224,-0.019180197
0.14191346,0.12821613,0.102053195,0.094835036,0.08541539,0.0814596,0.0744891,0.07953156,0.10124796,0.110875465,0.12885845,0.13491808
-0.112257734,-0.11051153,-0.1068575,-0.1114378,-0.10085565,-0.09532955,-0.093759626,-0.08501714,-0.08126023,-0.07339064,-0.07231657,-0.06887379
-0.053655013,-0.0738859,-0.095745325,-0.11291166,-0.11897349,-0.11650485,-0.11608007,-0.10557401,-0.09163006,-0.07053119,-0.03179961,-0.025829505
0.30975834,0.30027664,0.2885486,0.27902988,0.2845629,0.26865867,0.26308668,0.27459428,0.27331567,0.2862509,0.27918792,0.28404763
0.06303625,0.06949803,0.07463348,0.06551814,0.076097,0.07652615,0.07524784,0.075802095,0.08099207,0.07051689,0.06986286,0.06508605
-0.20992523,-0.14391625,-0.11913991,-0.054630384,-0.030854657,-0.02634108,-0.052246377,-0.0694322,-0.0781924,-0.09491989,-0.1858423,-0.22800933
-0.10507721,-0.124257766,-0.13568082,-0.13614488,-0.13830806,-0.14614892,-0.14581734,-0.1336323,-0.11875034,-0.10368217,-0.08654517,-0.067684315
-0.21665767,-0.21382749,-0.20815235,-0.2080476,-0.19096899,-0.1824338,-0.19766352,-0.17498004,-0.16188377,-0.1489838,-0.13730523,-0.13716875
0.07559494,0.09801167,0.10910092,0.10976362,0.11975361,0.13782763,0.12649786,0.12505595,0.11854683,0.094643295,0.07658107,0.049743984
0.1976852,0.20528248,0.204606,0.20530325,0.20935702,0.2028951,0.19641644,0.19343764,0.19584036,0.18864566,0.18172939,0.16395883
-0.112737045,-0.13737023,-0.16602266,-0.16580525,-0.17431828,-0.17813206,-0.1717078,-0.16403882,-0.14656025,-0.1273024,-0.10030881,-0.078558095
-0.272225,-0.27907428,-0.27785623,-0.28506002,-0.2708541,-0.26772913,-0.26692602,-0.2518746,-0.25473556,-0.23344636,-0.20789802,-0.20373818
0.55780816,0.5154936,0.46378392,0.40440762,0.37533748,0.36446983,0.37762818,0.39087194,0.4269422,0.461866,0.5094963,0.54505986
0.032544654,0.10847509,0.14843303,0.183583,0.20437282,0.22642833,0.20292279,0.18342592,0.1635712,0.11330005,0.030008458,-0.029986281
-0.0510112,-0.013315313,0.00961753,0.026074484,0.034045048,0.050103158,0.042507086,0.029398672,0.018456832,-0.007128872,-0.044374596,-0.08217379
0.06355893,0.0946483,0.11622022,0.12499714,0.13763966,0.14321049,0.13819405,0.13042104,0.12035229,0.09720575,0.06625961,0.036796715
-0.09098816,-0.140515,-0.1548127,-0.17638454,-0.1842388,-0.19715512,-0.20030311,-0.17725253,-0.15855184,-0.12295757,-0.06262777,-0.006696148
-0.051728774,-0.091400795,-0.11173723,-0.12228577,-0.13713041,-0.15094048,-0.14757365,-0.13654423,-0.1377453,-0.11727357,-0.080618694,-0.045965552
0.1976424,0.17215434,0.17032096,0.15245879,0.14903823,0.1327103,0.12434073,0.13127103,0.122489154,0.1281713,0.14357574,0.16990563
0.15697435,0.117833525,0.09233443,0.06721941,0.051521227,0.041171804,0.0480109,0.05569554,0.068063855,0.10236971,0.13456522,0.17791106
-0.0434797,-0.049654186,-0.037978258,-0.045511007,-0.03418184,-0.022218518,-0.03234049,-0.016657464,-0.018859789,-0.009342387,-0.014654083,0.006339306
-0.12870711,-0.1819042,-0.20779942,-0.23364234,-0.24459955,-0.26148295,-0.25063926,-0.22697942,-0.19785357,-0.14913532,-0.08481656,-0.025514517
0.19921662,0.19663528,0.1947279,0.20076433,0.20067188,0.1859504,0.17646435,0.16953027,0.18259104,0.16446573,0.15457043,0.16026032
0.33788356,0.34861693,0.34523863,0.32040775,0.33006844,0.32154027,0.3324576,0.32645187,0.34145817,0.32185754,0.3216186,0.29930258
-0.16564058,-0.20743074,-0.23281671,-0.2448555,-0.2462391,-0.25642887,-0.24603412,-0.22815084,-0.21939106,-0.18649682,-0.15528832,-0.112390265
-0.42795312,-0.401968,-0.40143207,-0.38609207,-0.38222936,-0.3594842,-0.3594411,-0.3567098,-0.34045643,-0.32520726,-0.32519898,-0.3589185
0.29836503,0.27990103,0.2754718,0.24254645,0.23403278,0.23252067,0.23788399,0.23788461,0.24763064,0.24923694,0.27709392,0.2898856
0.02943521,0.012288578,-0.0073187165,-0.022032395,-0.03497176,-0.02724075,-0.034213096,-0.029291712,-0.01869826,-0.0027695857,0.035172902,0.03329624
0.2535951,0.27799642,0.2979031,0.30091438,0.30295435,0.3062141,0.30284512,0.28783232,0.27103058,0.24648233,0.20683247,0.1874894
0.3158083,0.31133926,0.3221837,0.29407105,0.2903506,0.29846117,0.29632393,0.29292607,0.2749798,0.2661007,0.23325324,0.24228227
0.41512918,0.42621124,0.4392991,0.42844257,0.41716358,0.41028208,0.41394493,0.38868716,0.37213993,0.33532965,0.32651073,0.30779746
0.5347617,0.6103705,0.6625017,0.6715524,0.67360485,0.704037,0.6903268,0.64905536,0.5998154,0.51329887,0.41441596,0.3423485
0.6667068,0.88934267,1.0320423,1.1370318,1.178494,1.2057081,1.1792932,1.0744545,0.95478916,0.73287916,0.46880463,0.24721076
-0.35694867,-0.3985852,-0.40912533,-0.41618747,-0.4161703,-0.41162094,-0.41669428,-0.3917783,-0.4070341,-0.38208503,-0.3625329,-0.32203007
-0.050510567,-0.076704316,-0.099628285,-0.11565048,-0.12564969,-0.13529643,-0.123789735,-0.11631422,-0.09404582,-0.06615452,-0.024067942,0.0020775534
0.33820754,0.370777,0.37477976,0.3868489,0.3998309,0.40964288,0.3769457,0.37379688,0.354025,0.32786292,0.28535423,0.24178943
-0.15619245,-0.19143263,-0.21500835,-0.22813009,-0.23498577,-0.23169124,-0.2243834,-0.20586406,-0.1846097,-0.15220825,-0.114336945,-0.07742016
-0.123845056,-0.12969834,-0.13107179,-0.12613642,-0.12262241,-0.12395826,-0.11845182,-0.11655675,-0.10993702,-0.10410431,-0.10226509,-0.085647136
0.20046987,0.2238931,0.23701893,0.24449989,0.25237483,0.25709093,0.24533403,0.23824096,0.2260659,0.21215278,0.16074237,0.14487001
-0.12908308,-0.08782254,-0.06783773,-0.052855983,-0.043514147,-0.02072522,-0.024423808,-0.036279798,-0.051572084,-0.07687204,-0.11269966,-0.15015718
0.3032916,0.2664606,0.2584293,0.2520448,0.24992195,0.23132771,0.22837296,0.23471609,0.22689572,0.22154151,0.23138627,0.26031595
0.7607034,0.71490157,0.7050164,0.6477462,0.6416459,0.5792159,0.59947085,0.5983128,0.6214409,0.6394469,0.7017815,0.7056101
0.19490384,0.18326785,0.17429549,0.15253001,0.13458322,0.12946823,0.1446636,0.12777656,0.12760186,0.11931333,0.14498015,0.15909
0.13380541,0.15783742,0.1724293,0.17140222,0.17003298,0.17123973,0.17735562,0.16407564,0.17684793,0.15065075,0.13716687,0.10954199
-0.58782595,-0.5902605,-0.5901369,-0.5777063,-0.5685802,-0.56410515,-0.5553527,-0.53866106,-0.51863253,-0.49801454,-0.4656898,-0.4643573
0.24151105,0.27946484,0.3064171,0.31702417,0.32262868,0.32906884,0.31878725,0.3004048,0.27003443,0.24012902,0.1824572,0.13721022
0.1940421,0.16458905,0.14952098,0.14234264,0.12982112,0.09649193,0.10136191,0.10478274,0.13089508,0.154212,0.19181162,0.22278959
0.28621468,0.2998895,0.30455357,0.30051258,0.29930526,0.3017766,0.2920654,0.28142628,0.26783887,0.24615782,0.21589743,0.20035462
0.8133045,0.8632084,0.87998736,0.90151316,0.90117514,0.89649993,0.8834247,0.84449273,0.79643726,0.72499794,0.62404597,0.5685761
0.15186316,0.12189587,0.1167523,0.10651777,0.08930743,0.060507387,0.06878282,0.06602275,0.0880204,0.09828043,0.14937663,0.18739134
0.10784956,0.10683684,0.08480555,0.07358727,0.065616876,0.074259385,0.079018444,0.07622281,0.08088299,0.0852412,0.081355006,0.074739724
-0.06511859,-0.06031045,-0.047205757,-0.04179727,-0.03449315,-0.040243298,-0.029408386,-0.02746027,-0.04421381,-0.044311322,-0.062142137,-0.06719452
-0.11943556,-0.089525715,-0.07311031,-0.054507807,-0.044058703,-0.038218655,-0.043401144,-0.04819894,-0.045497462,-0.047935903,-0.07757257,-0.08836656
-0.4697269,-0.4630371,-0.4641658,-0.43972468,-0.42207506,-0.4175879,-0.41936436,-0.40057427,-0.3790727,-0.35882378,-0.35843882,-0.3597383
0.20644608,0.20231505,0.20088257,0.18907106,0.18903476,0.18311253,0.1809519,0.18287978,0.17874052,0.18160743,0.17680381,0.17402047
0.1544793,0.31872678,0.43140075,0.5100866,0.55712456,0.580429,0.5725109,0.5057447,0.41653955,0.28252432,0.08168997,-0.062664494
0.13242841,0.087344795,0.04502994,0.018769234,0.0011525154,-0.008662835,-0.0017005503,0.007979065,0.029941589,0.062213413,0.11936681,0.15836403
-0.9279429,-0.84960246,-0.77565587,-0.70059407,-0.640377,-0.61483514,-0.6248564,-0.6119914,-0.61521626,-0.63010615,-0.7076012,-0.75149226
0.12908863,0.08851959,0.06279418,0.0590913,0.04825186,0.03151098,0.033464387,0.04919076,0.067913935,0.0977395,0.11658344,0.16444609
0.22744237,0.23909073,0.24361962,0.23747429,0.24951492,0.25241917,0.24112308,0.24173921,0.23156536,0.22576353,0.19200447,0.19154127
0.48478675,0.49327672,0.49480546,0.46608225,0.4822785,0.4759039,0.45775867,0.46184987,0.454798,0.4614263,0.4497391,0.4474628
0.2665466,0.30413938,0.32187265,0.3387657,0.34870043,0.34221208,0.33926952,0.32026947,0.29468262,0.261318,0.20690764,0.17318827
-0.10363597,-0.0072927177,0.1320996,0.16189367,0.20296037,0.27019405,0.25492844,0.23940745,0.15897292,0.08331339,-0.08080255,-0.13715193
-0.17444709,-0.17841804,-0.18591262,-0.1740021,-0.17717274,-0.1822881,-0.1700972,-0.16662937,-0.15783471,-0.14323509,-0.14216685,-0.13996412
0.3208559,0.31755787,0.30666906,0.28343576,0.2869889,0.27959925,0.27078268,0.27072725,0.28166312,0.2852008,0.30898324,0.31022632
-0.30827412,-0.24333364,-0.19803916,-0.15097408,-0.11435962,-0.08971083,-0.10625139,-0.10941173,-0.133034,-0.1756922,-0.25245604,-0.31326333
0.14876187,0.10228543,0.06957227,0.043832228,0.028892204,0.020138472,0.014024407,0.028033823,0.05057396,0.08498818,0.13458231,0.1855467
-0.35895354,-0.3701737,-0.38593593,-0.3882578,-0.38708273,-0.38573608,-0.36964938,-0.35940126,-0.3459178,-0.31806496,-0.28851518,-0.2812883
0.43668047,0.35362816,0.29488268,0.23431662,0.19654828,0.17544255,0.18263876,0.19643268,0.23924771,0.27645105,0.38281512,0.4487444
-0.7384704,-0.7905369,-0.7971679,-0.8028452,-0.7873022,-0.7623884,-0.78415096,-0.7384269,-0.72927064,-0.70508754,-0.64213437,-0.5775205
0.60388154,0.6734928,0.73936343,0.76388866,0.77540165,0.7413742,0.74947137,0.70055795,0.63893604,0.5641546,0.46876764,0.4213545
1.0366728,1.0592608,1.0976322,1.0765896,1.0761983,1.019171,1.0151796,0.9829725,0.96133596,0.8740168,0.87210596,0.8276099
-0.44660652,-0.4699387,-0.48645252,-0.4822418,-0.46533838,-0.4533711,-0.46897954,-0.43369365,-0.40433323,-0.36850172,-0.33389196,-0.3021259
0.050388444,0.025846384,0.004760444,-0.009239718,-0.010727689,-0.014132984,-0.021403141,-0.008693725,0.0071666017,0.03576908,0.061485786,0.08615236
0.08511895,0.047973275,0.02251856,0.0067014024,-0.005879432,-0.027400315,-0.024720848,-0.012669936,0.004431784,0.038467303,0.086873464,0.11357963
0.15924338,0.23517105,0.2879065,0.32744065,0.34962672,0.36231437,0.34303847,0.31238523,0.27201423,0.2007912,0.10390018,0.036755346
-0.55253136,-0.5417576,-0.5388242,-0.50380003,-0.49473622,-0.48084182,-0.4740814,-0.4696943,-0.482265,-0.49332553,-0.50878376,-0.52143407
0.21390264,0.20427783,0.1996006,0.18973835,0.18117599,0.17567427,0.17473254,0.17304884,0.16885778,0.17149225,0.17025897,0.18048228
-0.0684728,-0.03390006,-0.029092833,-0.020502254,-0.015553854,0.00313057,-0.0005642995,-0.009780094,-0.023539618,-0.044523522,-0.06016565,-0.10956875
-0.65344954,-0.7106949,-0.7308044,-0.7187966,-0.72236,-0.7503948,-0.72118855,-0.6885303,-0.69255507,-0.6329608,-0.5827153,-0.5413478
-0.015522484,-0.019552706,-0.024746325,-0.024368607,-0.029405737,-0.036319908,-0.029318614,-0.031576034,-0.017376274,-0.008005716,-0.0031450419,0.007157645
-0.5864802,-0.60394937,-0.6067801,-0.58697146,-0.5697393,-0.5759265,-0.5807016,-0.5472776,-0.51245165,-0.46650308,-0.42332348,-0.3973209
0.3648775,0.39422613,0.41205606,0.41652384,0.41232628,0.4111272,0.4152426,0.38933423,0.36539775,0.31997898,0.2796559,0.24365558
-0.1490522,-0.16032551,-0.16605657,-0.16751121,-0.16680127,-0.16700439,-0.16743103,-0.15766041,-0.1493317,-0.13507648,-0.11826981,-0.10906635
0.21899827,0.23118094,0.2446859,0.24388702,0.24385297,0.24858876,0.24777198,0.23684575,0.22594082,0.20755233,0.1804975,0.17631844
-0.5225656,-0.5039707,-0.49500304,-0.4789267,-0.45449513,-0.43771738,-0.44151047,-0.42811704,-0.42119548,-0.41266927,-0.4105905,-0.42260113
0.49000797,0.4973668,0.4928776,0.48832887,0.48270518,0.4729686,0.46354926,0.45503587,0.43547025,0.4313979,0.39554638,0.38875404
-0.03324283,-0.029124394,-0.037656274,-0.034330748,-0.028113816,-0.017637867,-0.026875075,-0.022381544,-0.008453324,-0.01428609,-0.012086458,-0.010699716
0.29654992,0.21721482,0.17058313,0.12467858,0.07547769,0.05019331,0.07018912,0.059595376,0.06665897,0.100623816,0.18428901,0.252445
-0.28119454,-0.32130882,-0.35167623,-0.36061168,-0.37818027,-0.37180176,-0.35608065,-0.34270084,-0.3328874,-0.30813766,-0.2569383,-0.22542374
-0.1884617,-0.1844536,-0.16758573,-0.16152473,-0.17187604,-0.17842524,-0.15730539,-0.17465912,-0.17216402,-0.18425213,-0.16174743,-0.15708657
-0.21809575,-0.25380844,-0.26898998,-0.26792645,-0.26902407,-0.27638438,-0.2831803,-0.26178837,-0.24592447,-0.21306187,-0.17891024,-0.13958165
-0.017560443,-0.028031461,-0.028061066,-0.026396032,-0.032991122,-0.038731623,-0.028618548,-0.030448508,-0.04202494,-0.038699232,-0.048154946,-0.03489344
0.2325654,0.33662644,0.41017687,0.4469859,0.46397668,0.4957309,0.491794,0.43963724,0.36998016,0.267686,0.13572,0.032268014
-0.11041225,-0.1492998,-0.15981361,-0.16350618,-0.13225557,-0.14838856,-0.16926989,-0.13052517,-0.11939962,-0.09505059,-0.057387557,-0.017446283
0.31856197,0.26416466,0.2881961,0.23805395,0.20018572,0.09136069,0.1535764,0.133757,0.18351051,0.2435102,0.37525773,0.48278308
1.0309068,1.070059,1.08301,1.0752282,1.0738624,1.0656903,1.0479598,1.0250738,0.96166533,0.88531584,0.8187187,0.72539127
-0.37895554,-0.37240314,-0.3542418,-0.33548728,-0.3218406,-0.31795195,-0.32079464,-0.3083185,-0.30612555,-0.30081347,-0.3034437,-0.30297434
-0.06500794,-0.0767571,-0.07841732,-0.08306603,-0.08715547,-0.08995712,-0.085606106,-0.0852215,-0.08080076,-0.07768676,-0.05517177,-0.04470471
0.09696372,0.11140168,0.12668073,0.11957322,0.11504027,0.11467656,0.12038778,0.10670362,0.09853566,0.0667515,0.07353856,0.05447509
0.08659947,0.05913219,0.012812763,0.01649201,-0.0015333146,-0.0048040003,-0.0013247356,-0.0025674105,0.0031543449,0.018581677,0.036117066,0.060365003
-0.01250925,-0.005970409,-0.0075335205,-0.004157342,-0.007105518,-0.0010504983,-0.013176162,-0.0076109953,0.0065847114,0.014634525,0.016441729,0.008319424
0.4442572,0.46653306,0.48050675,0.46977413,0.4643852,0.46553618,0.47230124,0.44742033,0.42041165,0.38584518,0.34108683,0.3189222
0.2080063,0.19970825,0.18077302,0.15626904,0.15527117,0.15539792,0.14863977,0.1558317,0.16290492,0.18990338,0.19323526,0.19936673
-1.0787666,-1.0508418,-1.026797,-0.98324573,-0.92843074,-0.90887254,-0.92209303,-0.8794311,-0.8461688,-0.82356626,-0.80716753,-0.8213771
0.17473136,0.2042005,0.21823186,0.21521881,0.22887236,0.24536924,0.22959757,0.2186582,0.18731362,0.1473531,0.12627056,0.08315463
0.3106848,0.31618017,0.31082594,0.29629886,0.29697213,0.30324844,0.29333678,0.2920633,0.2830614,0.2676089,0.25781512,0.24222188
-0.34221804,-0.38045216,-0.3973379,-0.40884492,-0.41195667,-0.40021485,-0.4031652,-0.3751201,-0.3667495,-0.33789942,-0.30095652,-0.26851505
-0.060826007,-0.12004177,-0.13104104,-0.15692805,-0.17999312,-0.21624482,-0.1975649,-0.19066277,-0.15317714,-0.10725629,-0.021826714,0.070552334
0.3661331,0.4252903,0.4670381,0.48052132,0.4852413,0.4879931,0.487501,0.4551956,0.41541818,0.35896832,0.2849574,0.22429028
0.1747847,0.1251761,0.08680173,0.062461913,0.05021712,0.035728782,0.037175372,0.052266434,0.07969078,0.102560624,0.15937023,0.20290823
0.3167473,0.291286,0.27648014,0.24550807,0.24684215,0.22045116,0.22810411,0.23614538,0.25203788,0.26950425,0.3053772,0.327404
-0.22966212,-0.172041,-0.13737665,-0.10249291,-0.07908557,-0.059245333,-0.06257163,-0.078848705,-0.10445825,-0.1505574,-0.20896763,-0.26281586
0.17807779,0.22135836,0.2540982,0.27194303,0.28214276,0.29399884,0.28477293,0.2595837,0.228944,0.1658106,0.11391848,0.0747533
-0.6635222,-0.6788868,-0.636481,-0.60675883,-0.6039398,-0.6513766,-0.61847997,-0.60484856,-0.567564,-0.5272684,-0.4698936,-0.41431218
0.73059,0.69930536,0.6540488,0.63128334,0.59226334,0.5665101,0.5608852,0.5472471,0.5759525,0.5917235,0.6063675,0.64898705
-0.18391041,-0.1430507,-0.11182456,-0.0801952,-0.06702149,-0.053476706,-0.05605358,-0.07109416,-0.09354501,-0.13517526,-0.18045458,-0.22386247
0.9077928,0.86291105,0.8340686,0.7931744,0.7780728,0.7582672,0.74501705,0.7567265,0.7470389,0.779275,0.7579951,0.80919486
0.16779694,0.16736534,0.16667107,0.16916592,0.16903208,0.16448784,0.15908998,0.15674251,0.14819373,0.1424982,0.12700504,0.1265411
0.116317965,0.07983287,0.05775533,0.049858116,0.041531205,0.023509935,0.015048206,0.028763622,0.043099284,0.06571642,0.09721958,0.13348201
-0.32642752,-0.34989098,-0.35120174,-0.35927188,-0.35269156,-0.3511445,-0.34100893,-0.3221002,-0.3088846,-0.29024857,-0.25259012,-0.22521836
0.124875784,0.10582139,0.08971805,0.07197443,0.061901443,0.053696588,0.05818352,0.055884473,0.06676818,0.074397855,0.10902936,0.12780534
0.20637365,0.18356518,0.17487028,0.15559036,0.14588985,0.13661152,0.14429773,0.14550757,0.15203008,0.16509917,0.18301977,0.20543383
0.23368417,0.23803385,0.23486282,0.21966228,0.21195847,0.2277214,0.23266003,0.22370635,0.22200833,0.21042198,0.19382358,0.18024331
-0.41349438,-0.39137784,-0.37380037,-0.3456382,-0.32523376,-0.31216013,-0.31594998,-0.30655402,-0.30303058,-0.30773506,-0.32294765,-0.33740884
-0.123748735,-0.122927226,-0.11217948,-0.1036258,-0.095240965,-0.103520036,-0.09903024,-0.0958118,-0.10563831,-0.10751032,-0.12037276,-0.11522251
-1.6270769,-1.5738972,-1.5373464,-1.4689804,-1.3346314,-1.2985843,-1.3679032,-1.2614332,-1.2076956,-1.1533754,-1.1511236,-1.1784737
0.3804733,0.6527411,0.8428819,0.9520553,1.0119913,1.0802779,1.0463282,0.9354324,0.7891123,0.53914154,0.22902763,-0.036543846
0.30088824,0.3185955,0.3237295,0.31762862,0.3084002,0.3031535,0.30300954,0.2802136,0.27321798,0.26726702,0.25084847,0.22901174
0.019658126,0.00157924,-0.020412877,-0.028908454,-0.040183216,-0.049990624,-0.042906374,-0.041869864,-0.030923486,-0.011284996,0.020581443,0.037036233
0.23204218,0.23057212,0.21251743,0.20091416,0.19516642,0.19139072,0.1884856,0.19329531,0.20738427,0.22461165,0.22669686,0.22911407
0.0076812245,-0.039714806,-0.07224632,-0.094382755,-0.106512554,-0.114640355,-0.10768392,-0.09169702,-0.07422604,-0.03911199,0.0038353093,0.048198782
-0.63810104,-0.61105216,-0.5871677,-0.5596293,-0.54219913,-0.5064702,-0.5025042,-0.49518648,-0.49966234,-0.50945604,-0.522724,-0.5535785
0.03339883,0.016563617,0.004055217,-0.0048314855,-0.0074502006,-0.022430167,-0.017539233,-0.014324404,-0.0033907369,0.014548935,0.03488091,0.051499553
0.5301572,0.57352453,0.58517957,0.59462285,0.6108396,0.62586224,0.6066649,0.59496295,0.5491297,0.51596797,0.41535756,0.37666985
-0.24526769,-0.22015887,-0.20644857,-0.18324046,-0.16681717,-0.16732076,-0.15833494,-0.15953623,-0.14884248,-0.16577375,-0.19015443,-0.20234437
0.17760096,0.31326348,0.37759465,0.41946334,0.45342827,0.49657393,0.4608739,0.4289006,0.38118204,0.27903637,0.14438115,0.0061228722
-0.091312684,-0.041921183,-0.017322183,0.0027241558,0.016900778,0.04047042,0.040509522,0.029210985,0.018177211,-0.014624998,-0.06699486,-0.11178631
0.1300289,0.11278528,0.086061865,0.08823388,0.084940605,0.07826933,0.07323836,0.079707384,0.085210934,0.09655064,0.097632445,0.11331663
-0.03539819,-0.0844726,-0.13487503,-0.14660119,-0.18067876,-0.2057214,-0.20374113,-0.19163446,-0.17158541,-0.10103053,-0.032078937,-0.005410021
-0.50856256,-0.50603783,-0.49180642,-0.48206097,-0.47176975,-0.4608618,-0.4651605,-0.45357236,-0.44538695,-0.43464565,-0.403505,-0.40069628
-0.16029224,-0.23948865,-0.28816652,-0.30887726,-0.33605254,-0.36407617,-0.34203476,-0.32164308,-0.2775067,-0.22471541,-0.12843911,-0.052351337
0.088468775,0.08826079,0.088560626,0.0931447,0.09221885,0.088911965,0.08452972,0.08208815,0.081677705,0.08055514,0.06689841,0.07321102
0.3051032,0.26670986,0.24941471,0.22072975,0.21346407,0.202869,0.19792545,0.21028872,0.21750784,0.25592935,0.27067524,0.31893474
0.112794936,0.09236251,0.072822556,0.061417982,0.05995533,0.047770277,0.046460167,0.055352166,0.05928372,0.08173663,0.094851896,0.10844061
0.557367,0.6118188,0.6349326,0.6289079,0.64024055,0.6391176,0.6389577,0.60888755,0.56630695,0.5251648,0.45221934,0.3919677
0.38637352,0.28693599,0.21900623,0.16322479,0.13527608,0.08493069,0.0902397,0.11758909,0.14916311,0.26053149,0.35841793,0.4430251
-0.0011740476,-0.019025266,-0.036654666,-0.05365454,-0.062316276,-0.060965363,-0.0618793,-0.05229702,-0.031141266,-0.006865021,0.023243345,0.034515467
-0.13664418,-0.13687705,-0.14391729,-0.12522213,-0.12235783,-0.12207436,-0.123775035,-0.11873776,-0.11520584,-0.11397216,-0.12086915,-0.11907488
0.68090224,0.6271106,0.5850742,0.57651347,0.568616,0.5173092,0.50231785,0.5049689,0.5004946,0.52097106,0.5356425,0.57657015
0.021428194,0.026845872,0.03785073,0.047569994,0.0496206,0.048736554,0.04613117,0.041903764,0.028727874,0.018469874,-0.004548574,-0.0024464992
-0.07222311,-0.03622289,-0.016756251,0.011570096,0.028431848,0.034139097,0.028201863,0.018134981,0.0040638596,-0.030182764,-0.06960979,-0.101434395
0.26134226,0.4326757,0.5402662,0.62316376,0.66669106,0.69983155,0.6849367,0.613869,0.52279174,0.37793833,0.1571756,0.0013960302
0.054109085,0.004191041,-0.035997942,-0.055301473,-0.07168418,-0.07905476,-0.07837747,-0.06447479,-0.06737727,-0.043007657,-0.027764823,0.01280969
-0.35047957,-0.38457108,-0.41481185,-0.42049313,-0.42439938,-0.4199953,-0.42012888,-0.4000491,-0.36323273,-0.3224581,-0.26762414,-0.22565337
0.4249556,0.3871385,0.36286753,0.31357962,0.29078907,0.27738297,0.29548296,0.291076,0.2946216,0.30144972,0.3535318,0.37387028
0.22908589,0.20568246,0.19304657,0.17340262,0.16225792,0.15881762,0.15500118,0.15982755,0.16668883,0.17756416,0.19553246,0.21564774
0.568916,0.58617413,0.5655852,0.55812484,0.55339265,0.5452519,0.53301793,0.5239493,0.52093613,0.5244241,0.46222362,0.46460235
-0.012938246,0.08725838,0.15855461,0.19235653,0.21916682,0.25247857,0.24086252,0.19968583,0.14829475,0.052014887,-0.029243372,-0.1233639
-0.23429215,-0.22161794,-0.22382689,-0.22277251,-0.19600502,-0.17744298,-0.19345707,-0.17369793,-0.17107087,-0.16356868,-0.16603364,-0.17805924
0.08082601,0.108539045,0.13552853,0.14689231,0.15357901,0.16021244,0.15395835,0.14248323,0.12187487,0.09391221,0.055774823,0.030480456
0.45987245,0.41914994,0.3680519,0.32264948,0.3122907,0.2910171,0.28525403,0.29367095,0.3085461,0.36273026,0.40220413,0.4447262
-0.054623764,-0.07024603,-0.07359605,-0.07134703,-0.06774987,-0.07144852,-0.076236084,-0.064183645,-0.05897077,-0.049560443,-0.03896512,-0.02161137
0.3148318,0.35630628,0.37855345,0.38528794,0.39328843,0.3950084,0.38646686,0.36726362,0.3476623,0.29974198,0.26081693,0.21255927
0.1993954,0.17180938,0.15936235,0.13030148,0.13397038,0.096627444,0.099051535,0.10889348,0.11612707,0.11421882,0.16861418,0.13410595
-0.018692477,-0.006883431,-0.0023665018,0.005703002,0.007695906,0.0078611225,0.0067031384,0.0027354434,-0.00065638125,-0.008869603,-0.025206765,-0.035336714
0.018769715,-0.027045578,-0.054516383,-0.084331095,-0.09253381,-0.09426254,-0.0913713,-0.070269205,-0.053600185,-0.012260985,0.029195625,0.070079245
0.07601153,0.056945264,0.046330705,0.03883022,0.04415576,0.040262476,0.031262696,0.03754905,0.046600178,0.049867146,0.08762271,0.101442724
-0.024111979,0.028012097,0.058009416,0.084398925,0.09912595,0.11075863,0.10287683,0.0888952,0.0762565,0.03097047,-0.009856518,-0.06824126
-0.06302364,-0.03882671,-0.02358333,-0.0071681812,0.008096524,0.012752339,0.010039762,0.0086302385,0.0029579997,-0.01568845,-0.041706108,-0.06633261
0.09376901,0.04016348,0.017043129,-0.0127526745,-0.02273646,-0.04563199,-0.03234671,-0.012073129,-0.0004271567,0.04338962,0.08779839,0.14223342
-0.40559456,-0.34538755,-0.3159619,-0.27517152,-0.26317877,-0.23801062,-0.22582777,-0.24967307,-0.2907815,-0.33736476,-0.40559378,-0.47770518
0.080959946,0.08779459,0.09305379,0.08918998,0.086616695,0.09442349,0.09868721,0.09289955,0.08713558,0.06856744,0.06048173,0.04714469
-0.52093947,-0.51487744,-0.51344377,-0.5007951,-0.4937083,-0.48402315,-0.47160798,-0.46740487,-0.44485655,-0.4357831,-0.40810975,-0.4012876
0.45545605,0.4717769,0.47939104,0.44583482,0.42486566,0.43460688,0.4368115,0.4179845,0.42773083,0.40139797,0.40793177,0.37060067
0.06224719,0.01739528,-0.018109128,-0.044777863,-0.07042439,-0.07592902,-0.0694426,-0.05763706,-0.034875058,0.009439193,0.04903788,0.0886382
0.3789586,0.37415838,0.37126234,0.35053843,0.34584272,0.33301935,0.33213305,0.32842177,0.3266791,0.33248425,0.33186322,0.34005076
-0.24631883,-0.33400208,-0.37950656,-0.39738715,-0.41424766,-0.4426117,-0.43457204,-0.39376265,-0.35153636,-0.27547187,-0.19162998,-0.10294266
-1.118652,-1.1236411,-1.1138093,-1.0800166,-1.0555671,-1.0354068,-1.0296298,-1.0001439,-0.9665354,-0.9503087,-0.87906736,-0.85823005
0.050337367,0.07968241,0.10101679,0.117948435,0.1266909,0.13096826,0.12414703,0.11267288,0.09280707,0.06268995,0.030009497,-0.0027463231
0.38552526,0.38068277,0.36376855,0.35086185,0.33062857,0.33462608,0.33401364,0.31902507,0.31039652,0.28468075,0.27011147,0.26638094
0.21092397,0.15735833,0.12295176,0.09296073,0.07913941,0.06455839,0.06595947,0.08235356,0.102691144,0.1489152,0.19554812,0.25257432
0.3515965,0.39471132,0.4037067,0.40878227,0.40297532,0.40489483,0.41628826,0.38227284,0.36867023,0.3389012,0.27266052,0.23588362
-0.52033055,-0.55979794,-0.57134503,-0.5423161,-0.5242194,-0.54062045,-0.5500207,-0.51691985,-0.49610883,-0.45718062,-0.42786482,-0.37121326
-0.46089798,-0.495775,-0.51201195,-0.5111445,-0.5106469,-0.52525103,-0.5153717,-0.4901776,-0.48234487,-0.43268812,-0.3911096,-0.37462366
-0.34567526,-0.36654535,-0.40684628,-0.42357272,-0.4552515,-0.4381319,-0.3913743,-0.40905434,-0.39996332,-0.39488268,-0.32683125,-0.3285895
-0.24346606,-0.28802717,-0.3066394,-0.3132334,-0.31588632,-0.32456183,-0.32261497,-0.3002761,-0.28140315,-0.24193177,-0.19782794,-0.15011543
0.07217763,0.005958542,-0.04890439,-0.07767208,-0.08350724,-0.12065317,-0.110767394,-0.07807079,-0.03770192,0.028590918,0.10681799,0.17404917
1.1111076,1.2206683,1.2946818,1.2905636,1.2694347,1.2907141,1.2800331,1.216583,1.1519169,1.0068496,0.8886761,0.729815
-0.07898591,-0.07692886,-0.06629853,-0.05660571,-0.050403997,-0.055543795,-0.05270756,-0.05281271,-0.059095234,-0.061061483,-0.06515558,-0.057675544
0.3027415,0.32419303,0.34369758,0.34302187,0.35012934,0.3465082,0.33235046,0.3212344,0.3051264,0.28531542,0.2647447,0.2368706
-0.084834,-0.06539473,-0.05096406,-0.033439346,-0.021136317,-0.0124052055,-0.022176772,-0.024167605,-0.030658614,-0.051308736,-0.06905694,-0.08156631
0.32409292,0.22771975,0.18115568,0.15162227,0.11379802,0.065998375,0.08567703,0.09669232,0.072742105,0.11176956,0.16318145,0.25246474
0.23537728,0.22328705,0.20400923,0.18779203,0.16598937,0.15317674,0.15815504,0.14419284,0.16027099,0.1720143,0.20583424,0.20323332
-0.37955397,-0.42261878,-0.444493,-0.4460933,-0.43975177,-0.4545775,-0.45058262,-0.41422108,-0.36901116,-0.3180937,-0.25993106,-0.20281923
-1.2565506,-1.2122812,-1.1586391,-1.0880303,-1.0384178,-1.0087774,-1.0251334,-0.9934178,-0.99125886,-0.98316246,-1.0219116,-1.0364578
0.39998797,0.39823887,0.39296842,0.37260538,0.35785645,0.35825348,0.3591509,0.34474623,0.34713197,0.33860824,0.33837274,0.33717194
-0.19859515,-0.18842262,-0.17684516,-0.16572762,-0.1608658,-0.16273147,-0.16154969,-0.16528362,-0.16102971,-0.16957481,-0.15461528,-0.16123654
0.0011994168,-0.033258438,-0.05469975,-0.059326723,-0.071644634,-0.094439134,-0.08204655,-0.07894324,-0.05870541,-0.02761802,0.00072689354,0.04625271
0.7018059,0.9278041,1.090507,1.161163,1.2362981,1.252787,1.2377574,1.1524627,1.0166932,0.81945807,0.5719408,0.33367762
-0.306395,-0.33651116,-0.36395407,-0.36909497,-0.37786284,-0.36906645,-0.36640275,-0.34554452,-0.31865782,-0.27395275,-0.24341768,-0.21290931
0.5093792,0.50129306,0.45009053,0.46726513,0.49514598,0.46815893,0.4503473,0.47270256,0.46135426,0.49267125,0.42469427,0.44883785
-1.0685811,-0.96519965,-0.8316689,-0.77650845,-0.71039444,-0.6351606,-0.651443,-0.61807054,-0.6373683,-0.660722,-0.7872427,-0.8574532
-0.05072458,-0.04577495,-0.037446775,-0.02857837,-0.031917866,-0.029758405,-0.029852226,-0.036612973,-0.039995205,-0.047768313,-0.05440887,-0.056426555
0.2826735,0.27946082,0.27244544,0.26858333,0.2640125,0.24777612,0.24753563,0.24221191,0.24102327,0.2362948,0.2313516,0.23542604
0.06450251,0.06375158,0.066813126,0.06408979,0.057957932,0.05684974,0.059923574,0.051550042,0.040593755,0.02874862,0.037580885,0.031239986
0.58464354,0.5604412,0.5228033,0.48382843,0.45417157,0.4512499,0.4457784,0.43261266,0.4322214,0.44587585,0.4725294,0.4848125
0.37773642,0.42616853,0.44893607,0.43168157,0.42759776,0.44705468,0.43247148,0.4202759,0.41175926,0.38837004,0.3424593,0.30128166
0.13301662,0.0920754,0.0572891,0.030357257,0.023486927,0.01556547,0.011583939,0.030680388,0.052241772,0.092567906,0.13728683,0.17593385
-0.3730631,-0.39486712,-0.38618013,-0.38852593,-0.39597896,-0.41149348,-0.40183997,-0.39357924,-0.38319597,-0.37174064,-0.3046881,-0.28224692
-0.13593212,-0.11419516,-0.108056,-0.08913159,-0.088355824,-0.08126286,-0.07133447,-0.08286864,-0.093015954,-0.10943395,-0.13745092,-0.16528958
0.70617694,0.6559505,0.6011561,0.5407984,0.49168235,0.46611768,0.4686495,0.4610804,0.53095424,0.60032576,0.6588503,0.72692835
0.13734734,0.12722343,0.11188669,0.09253182,0.08465432,0.093397334,0.085008994,0.08659355,0.08149719,0.085947335,0.10734228,0.10560762
-0.09647878,-0.048116937,-0.01621379,0.010468081,0.03964223,0.052672148,0.03763643,0.03778118,0.01799038,-0.002901584,-0.064379334,-0.104784474
-0.016753811,-0.027999396,-0.031800035,-0.03806797,-0.03802675,-0.039310865,-0.040872004,-0.034818854,-0.020830132,-0.016292948,-0.0017419434,0.016159968
0.015555248,0.021880776,0.021217648,0.024948876,0.028970718,0.03285075,0.03265777,0.03388353,0.02770959,0.02339499,0.006165011,-0.0041014254
-0.25799397,-0.29844922,-0.3222502,-0.331122,-0.33825693,-0.3485123,-0.3427392,-0.32250577,-0.29504257,-0.25590432,-0.20231944,-0.16087182
0.27876472,0.2559414,0.23901758,0.20710422,0.18960053,0.19784647,0.19308965,0.19596103,0.21352306,0.23364422,0.24751288,0.27641034
0.06759271,0.03365714,-0.0015354455,-0.024849027,-0.042363197,-0.049531378,-0.04795123,-0.03722267,-0.017160945,0.023502443,0.05748012,0.08989725
0.10121467,0.09518054,0.08302513,0.08056038,0.080420256,0.071519166,0.069114916,0.069200546,0.06224052,0.06487754,0.063700095,0.06379591
-0.20961224,-0.22961408,-0.2361949,-0.23612128,-0.24331161,-0.24295154,-0.23897533,-0.22991557,-0.22373468,-0.21282741,-0.18235451,-0.16591054
0.104431905,0.038060144,-0.01935853,-0.043143675,-0.061827064,-0.067011476,-0.07253732,-0.048138246,-0.021700501,0.03356897,0.08287087,0.14700232
0.5840411,0.5988505,0.5967388,0.5553176,0.52768254,0.5370974,0.533647,0.50368214,0.4942647,0.47848642,0.49375975,0.44803372
0.14515227,0.052018777,-0.024979472,-0.055640638,-0.083428174,-0.114142895,-0.10862368,-0.0802435,-0.04211928,0.03595741,0.114353254,0.20495161
0.16284515,0.1567359,0.16134389,0.13644469,0.12567197,0.14563867,0.14453827,0.13964966,0.13476586,0.12781508,0.13846089,0.13904493
-0.72698474,-0.66883266,-0.6087547,-0.5533767,-0.50811183,-0.49406278,-0.50620055,-0.499902,-0.5068922,-0.5274793,-0.5749283,-0.60526705
-0.9839966,-1.0238144,-1.0453587,-1.0240792,-0.99754304,-1.0008737,-1.0298468,-0.9636954,-0.91241956,-0.8023173,-0.764671,-0.70109534
0.15573761,0.12938611,0.104785874,0.09249389,0.0765771,0.07198297,0.077610806,0.08289248,0.090349615,0.11348546,0.12729026,0.14926405
-0.31965065,-0.26704237,-0.22763334,-0.19437489,-0.17717879,-0.16330595,-0.16591983,-0.1786063,-0.19604887,-0.22811916,-0.26905262,-0.3172509
0.27196616,0.2649412,0.2495791,0.24217358,0.22912043,0.22788806,0.225703,0.2147381,0.2129856,0.20851675,0.20733184,0.21195383
0.350114,0.25443256,0.19590539,0.13971621,0.11754456,0.085740924,0.09227964,0.1199269,0.1534208,0.22452489,0.3046844,0.4018649
0.12031771,0.118284635,0.11652059,0.10961181,0.109770924,0.11024612,0.103586264,0.10690957,0.10455169,0.112551935,0.11193796,0.11406867
0.31795052,0.33859998,0.35408488,0.354177,0.34998918,0.35122368,0.34846067,0.33147413,0.3105929,0.27960873,0.24594274,0.22031853
0.07955855,0.08528326,0.085339956,0.0819675,0.07741968,0.08457105,0.08156133,0.0795541,0.074558035,0.07076066,0.053707607,0.04689563
-0.75808376,-0.8589186,-0.93640196,-0.97552073,-0.9875101,-1.0087366,-0.95968163,-0.90182495,-0.8327791,-0.72776127,-0.5675419,-0.49332553
0.035015844,0.06642643,0.0929957,0.10585314,0.1087214,0.11918537,0.11542576,0.09474495,0.06463645,0.022190474,-0.014168975,-0.046958916
-0.023146868,-0.021963818,-0.017084587,-0.0105540715,-0.007546082,-0.012340212,-0.01135703,-0.010232445,-0.008806314,-0.0077913143,-0.015415013,-0.013394944
0.119157255,0.072387755,0.036799192,0.015235022,0.0010292232,-0.014334276,-0.016364962,-0.0012111664,0.024053521,0.06318325,0.114569455,0.15958788
0.07171194,0.039958537,0.01692845,0.013326794,0.007032588,-0.0048443824,-0.0013147295,0.006165102,0.025432885,0.041153915,0.065802805,0.090470456
0.19969773,0.26429367,0.31346703,0.3406859,0.36538252,0.37081355,0.35837132,0.33617443,0.29751128,0.23651826,0.1581155,0.092308775
-0.63658726,-0.6348483,-0.6417468,-0.6198775,-0.59243554,-0.5861687,-0.58741206,-0.5567696,-0.5057566,-0.46762252,-0.44519442,-0.4220025
-0.1866477,-0.18609986,-0.17141774,-0.16361095,-0.1573636,-0.15870674,-0.15102759,-0.15199512,-0.1556527,-0.15241319,-0.1537316,-0.14575963
-0.038047176,-0.050993484,-0.059889965,-0.06337388,-0.061549447,-0.063751094,-0.06801003,-0.056595124,-0.04790806,-0.03223259,-0.018768072,-0.0059036966
-0.68639207,-0.7033472,-0.6960813,-0.66904014,-0.6516616,-0.65079224,-0.6511334,-0.6264441,-0.6119552,-0.6017685,-0.5610292,-0.530829
0.3357893,0.4024064,0.45160347,0.46777278,0.48097444,0.49946693,0.49016854,0.465114,0.42330223,0.37038904,0.26897803,0.21047822
0.03995625,0.0569656,0.055006865,0.07049053,0.06862328,0.07645308,0.06232954,0.06011125,0.06072334,0.06156653,0.030938987,0.010076633
0.12247593,0.15422446,0.1960443,0.2002584,0.20365083,0.21710177,0.21463564,0.19339846,0.15097398,0.10058455,0.05787752,0.022863433
-0.14757262,-0.14563288,-0.144793,-0.14078836,-0.13723332,-0.13185103,-0.13389075,-0.12826617,-0.12511195,-0.117269255,-0.11638406,-0.12024563
