0.22974864,0.22501573,0.20561992,0.17376865,0.15223242,0.13000737,0.11823477,0.10678072,0.09731993,0.08982387,0.08532547,0.08213824
0.44933632,0.47606587,0.4694323,0.49046642,0.46119547,0.41761738,0.37351602,0.31338203,0.23433232,0.19208935,0.17959534,0.1553397
0.062654644,0.07878638,0.0898267,0.09366089,0.09993412,0.10413573,0.09667112,0.080124974,0.06085638,0.03638945,0.020992149,0.010166565
-0.09940319,-0.098128185,-0.05938162,-0.017199695,-0.003939785,0.0033600107,0.009329453,0.00028068572,-0.015099842,-0.039612282,-0.058537938,-0.07396978
0.057373233,0.07387401,0.08191876,0.078113936,0.071809046,0.06535032,0.061305597,0.049319543,0.036593925,0.027008729,0.021878608,0.017563334
-0.06309134,-0.07477495,-0.058869608,-0.020255957,-0.00444372,0.00297568,-0.0016756225,-0.0029242188,-0.021094546,-0.03984482,-0.050839726,-0.058811978
0.33729103,0.36812553,0.3446841,0.27308178,0.23494668,0.19741139,0.17696285,0.15049839,0.14488417,0.13853265,0.13353795,0.13120666
0.17212206,0.18354793,0.15112497,0.11257952,0.09899443,0.08406164,0.06591415,0.059708714,0.061046258,0.061814673,0.059651695,0.055013493
-0.063698016,-0.04207626,-0.06796621,-0.0902845,-0.12406115,-0.14021243,-0.12244135,-0.10478766,-0.07510351,-0.025890483,0.013650395,0.043679673
0.45070362,0.46266478,0.4052282,0.31790534,0.27290818,0.23508327,0.21763985,0.20373392,0.20726354,0.21474415,0.22771935,0.25053284
-0.043868124,-0.061929815,-0.047991395,-0.008470893,0.012369119,0.024277836,0.022415876,0.022224486,0.01565906,-0.0065237815,-0.02503514,-0.030391697
-0.26967964,-0.317551,-0.3225808,-0.2919014,-0.27026248,-0.2471799,-0.22644974,-0.18705815,-0.15071243,-0.11254894,-0.08728357,-0.07329009
-0.1694586,-0.20081005,-0.17488134,-0.109518945,-0.0784875,-0.053279348,-0.042095542,-0.032939672,-0.042306557,-0.055254627,-0.061297134,-0.06501179
0.052021917,0.089910105,0.11296953,0.15470937,0.1604267,0.15552643,0.13229321,0.102951944,0.06071507,0.01563342,-0.024105137,-0.05323173
-0.14160842,-0.15523203,-0.1338362,-0.11007404,-0.086068735,-0.064648405,-0.051789045,-0.040950783,-0.029219292,-0.030503929,-0.0369574,-0.039544612
-0.090110466,-0.11870073,-0.17415692,-0.1819343,-0.18062809,-0.16667253,-0.158551,-0.11801053,-0.07724048,-0.026249902,0.015718449,0.04240209
-1.1239762,-1.0563569,-0.8282603,-0.7143593,-0.6149187,-0.5098411,-0.41843164,-0.42690402,-0.4341842,-0.42543888,-0.41292143,-0.43311402
0.044240247,-0.0067217425,-0.036867484,-0.056281835,-0.06701404,-0.07665908,-0.074909955,-0.051563457,-0.02054293,0.007993778,0.023298077,0.033508237
0.31096578,0.30414125,0.29196537,0.27242553,0.2547006,0.2305453,0.2113578,0.19204548,0.17250448,0.14420563,0.12214673,0.11868014
-0.40429762,-0.4224831,-0.40227276,-0.3773064,-0.35090297,-0.3171768,-0.28116077,-0.24393818,-0.20044236,-0.15636823,-0.12605113,-0.10358497
-0.23913798,-0.2501093,-0.26821738,-0.25327486,-0.23343045,-0.20708135,-0.19417852,-0.16227046,-0.13337035,-0.090629816,-0.053005483,-0.037749954
0.07601699,0.12095694,0.18590347,0.22927123,0.23827256,0.2283775,0.20560855,0.15253724,0.08477772,0.01053672,-0.048604846,-0.09358921
0.05603855,0.029839508,0.041864328,0.05397147,0.07212158,0.0775783,0.065056674,0.059295245,0.04599844,0.016328331,-0.010815263,-0.03325793
0.37242204,0.36374894,0.34610978,0.31328693,0.29270908,0.26723683,0.24750811,0.22639346,0.20920813,0.18910302,0.175256,0.1751659
0.071234964,0.052353464,0.017977178,-0.012792721,-0.036405206,-0.04939933,-0.04562006,-0.031108469,-0.012879439,0.013763782,0.0308598,0.04327245
-0.23882572,-0.22779147,-0.19787487,-0.19282733,-0.18028113,-0.16182216,-0.13951239,-0.12962416,-0.10720398,-0.09063947,-0.084740385,-0.08248793
0.38731146,0.3734033,0.33452028,0.26985103,0.22421342,0.17791969,0.16591111,0.15298465,0.14961006,0.1727582,0.20103149,0.22109486
0.09834968,0.0906995,0.09623186,0.104318,0.10440987,0.10111846,0.09627965,0.086409055,0.06555349,0.04457344,0.038457736,0.03833778
0.29011306,0.31448704,0.3047505,0.28440467,0.2737188,0.2505218,0.2232686,0.1930771,0.16361214,0.14228706,0.13123277,0.12789834
-0.9487082,-0.86321,-0.748777,-0.7053894,-0.6490369,-0.5709086,-0.49685174,-0.46911174,-0.41727525,-0.3809551,-0.36660114,-0.36521548
-0.2817009,-0.31659555,-0.36676902,-0.38323557,-0.35793194,-0.32236314,-0.29958457,-0.23448959,-0.15363955,-0.08713968,-0.04304535,-0.0078587085
-0.027729396,-0.02893637,-0.036801305,-0.012085427,-0.007920036,-0.013177242,-0.023037625,-0.018741226,-0.020296045,-0.016802877,-0.017875295,-0.02020394
0.20768154,0.19649036,0.18370688,0.13821232,0.116590194,0.10151397,0.10632162,0.10008148,0.10511409,0.11170338,0.11892943,0.13123332
0.064662546,0.054574274,0.019728541,-0.017665505,-0.039864227,-0.05297029,-0.044450834,-0.028981104,-0.0045779347,0.033562373,0.06752367,0.09321568
0.4564085,0.39697123,0.3405516,0.27919134,0.2534073,0.23218267,0.22412238,0.22275409,0.2428087,0.22952724,0.22135088,0.24271953
-0.48157993,-0.4991699,-0.47294438,-0.3944831,-0.34504145,-0.3040715,-0.29197937,-0.2580278,-0.23957926,-0.22495475,-0.22184281,-0.2293362
0.23170839,0.27135792,0.16099417,0.12533894,0.097638905,0.07794994,0.040952995,0.043547437,0.05482678,0.078631505,0.09362207,0.105392136
-0.27849907,-0.29154217,-0.26445752,-0.20235635,-0.16846475,-0.14127582,-0.13484271,-0.12081968,-0.122873954,-0.12771468,-0.13291658,-0.14250703
-0.09300527,-0.022854507,0.05426392,0.1262069,0.14865014,0.14678694,0.1269193,0.07573864,0.012868471,-0.050712615,-0.10024444,-0.1351649
0.24111615,0.24807139,0.22501738,0.23242052,0.2283307,0.22029755,0.1968328,0.1750513,0.13860257,0.10680341,0.094353646,0.087138444
0.169844,0.14528969,0.10137595,0.065169126,0.042854473,0.025756687,0.024109706,0.034375668,0.05418703,0.079813,0.100616015,0.118533865
-0.9522979,-1.0171838,-0.8743309,-0.664717,-0.53938234,-0.44843104,-0.4358522,-0.39953294,-0.4600575,-0.5384014,-0.5962342,-0.66844577
-0.22978376,-0.24488568,-0.26531404,-0.24233797,-0.26210973,-0.27349597,-0.24794208,-0.2079616,-0.15505506,-0.09516123,-0.059520885,-0.030928776
-0.92675894,-1.0027843,-0.9741312,-0.78337383,-0.6796393,-0.5677151,-0.5286311,-0.4478852,-0.41476327,-0.4120999,-0.41494873,-0.42134154
-0.29084456,-0.11388153,-0.1581558,-0.18992391,-0.17145897,-0.11113617,-0.12677357,-0.13261572,-0.1247489,-0.100071535,-0.07817213,-0.097045615
0.4195729,0.37037432,0.3113593,0.23807788,0.20143172,0.17054904,0.14917165,0.15523084,0.1542646,0.15231349,0.15106133,0.15160456
-0.24923262,-0.13467933,-0.06356013,-0.14870149,-0.1935314,-0.2086148,-0.15759411,-0.17236799,-0.14312945,-0.09890779,-0.07386288,-0.055784613
-0.23089899,-0.20671143,-0.16057327,-0.110533565,-0.07759519,-0.04863277,-0.042513937,-0.04950963,-0.063773826,-0.08556639,-0.105226375,-0.12138228
0.026318243,0.028634176,0.031772207,0.056644753,0.063369624,0.062285252,0.046626873,0.03679891,0.01622145,-0.014077906,-0.039804358,-0.059118763
-0.041786313,-0.08157277,-0.07225692,0.0010256767,0.030021293,0.04387192,0.035127874,0.03889411,0.01324068,-0.0025973534,-0.0032410715,-0.006203551
-0.122758016,-0.008851171,-0.024536282,-0.0062729493,-0.0049119964,0.005094055,-0.020585455,-0.036617346,-0.0635805,-0.08330429,-0.10234396,-0.12237696
0.39154673,0.468821,0.42087552,0.27995571,0.19581077,0.12632138,0.10833672,0.08803555,0.09142691,0.11731374,0.13693503,0.15015061
0.5048824,0.49893317,0.44660604,0.3804369,0.3379893,0.29179215,0.26379362,0.2428833,0.2336402,0.24895182,0.260328,0.2617329
0.13385803,0.05022165,0.006074071,0.011868075,0.016273364,0.022627488,0.0073108375,0.029201169,0.030618984,0.01989574,0.007985495,-0.002348356
-0.027496025,0.004488997,0.03282149,0.09720411,0.116487086,0.11652629,0.087099195,0.05874064,0.012918495,-0.028956583,-0.065862425,-0.10077937
0.013539314,-0.029732276,-0.06976761,-0.103700675,-0.116389625,-0.120141484,-0.10289399,-0.06963839,-0.020049203,0.028592741,0.060984004,0.09126107
-0.25555295,-0.29414004,-0.26361185,-0.17675847,-0.13253456,-0.10471472,-0.11132373,-0.09943272,-0.114594206,-0.13004036,-0.14563504,-0.17882638
0.013681034,0.0049689487,0.0105948225,0.014443275,0.019281581,0.021651039,0.024657784,0.024443433,0.026728267,0.023925353,0.02194529,0.02310844
0.34477517,0.42207792,0.37708542,0.3056615,0.26764366,0.2337186,0.19314203,0.15954706,0.13171697,0.11269581,0.09253141,0.084963925
-0.20624931,-0.1959598,-0.14338504,-0.06059608,-0.015847832,0.011944711,0.006132692,-0.0061332583,-0.0380347,-0.07319416,-0.10420222,-0.1327821
0.09479816,0.08837649,0.08271703,0.08510055,0.08734578,0.08822851,0.087778315,0.08442706,0.08203042,0.06831557,0.058475506,0.064030096
0.17603838,0.19709854,0.19143674,0.18784894,0.17650943,0.16213083,0.14333467,0.12032271,0.08964543,0.062489714,0.045249663,0.031227563
-0.10846897,-0.079350024,-0.029067472,0.031703934,0.06513858,0.08853488,0.08190678,0.05732449,0.022710912,-0.023045238,-0.056461804,-0.0825188
-0.2754604,-0.28211528,-0.30059493,-0.33797935,-0.34134755,-0.32656926,-0.29280812,-0.25165933,-0.19110136,-0.12046402,-0.069922686,-0.04169707
0.3939535,0.35498405,0.28789076,0.19924986,0.14702573,0.11219016,0.109824985,0.11633019,0.13580367,0.17029604,0.20388909,0.2250298
-0.06216039,-0.0670248,-0.09769329,-0.093263984,-0.094668984,-0.092693806,-0.088921085,-0.069888264,-0.04178789,-0.011056509,0.009220796,0.028140215
0.09088921,0.10650862,0.10436551,0.092250586,0.082403965,0.070074625,0.06156372,0.04897707,0.039743766,0.036443792,0.03558957,0.032985907
0.15064453,0.1550386,0.106700405,0.027083606,1.2516975e-05,-0.011545226,-0.0046712607,0.004005924,0.028385274,0.08561918,0.13857839,0.16819835
0.37071475,0.34721673,0.31309992,0.2957437,0.26862967,0.23926939,0.21204448,0.19128457,0.16540703,0.13555352,0.11534893,0.09292763
0.5563815,0.5714948,0.57563627,0.577506,0.55807734,0.517497,0.45913127,0.3992877,0.3213197,0.24524033,0.17975548,0.12930425
-0.052435275,-0.047487337,-0.03248437,-0.012751304,-0.006150618,-0.004374964,-0.005588498,-0.009018607,-0.018570816,-0.024845887,-0.029754039,-0.037119173
0.09139982,0.056755275,0.030786216,0.009084739,-0.006128043,-0.017345212,-0.013351515,-0.0005215183,0.018728856,0.03406265,0.041691393,0.051759098
0.5826765,0.57985055,0.56966233,0.48879915,0.4505168,0.40996054,0.39025515,0.34153858,0.31319594,0.28859767,0.28141832,0.28714243
0.08356618,0.07804039,0.063144304,0.08794596,0.10988957,0.12300743,0.1013832,0.09558463,0.0850506,0.054957554,0.031853203,0.019795835
0.22974943,0.22845562,0.17756593,0.1136806,0.08488558,0.061159074,0.04466851,0.046685472,0.05768077,0.07206267,0.08276191,0.088008344
0.042487256,0.037592243,0.014510989,0.0007218346,-0.0010620691,-0.0017972775,-0.0016582087,0.0063838027,0.020730093,0.040065147,0.05743098,0.072573245
0.10164996,0.069919184,0.010748774,-0.029689714,-0.048306316,-0.059521228,-0.059178382,-0.033100247,-0.0013738573,0.035953134,0.066589676,0.09313837
0.12988539,0.12940276,0.10512315,0.08948286,0.07487336,0.0569539,0.045122616,0.04324571,0.045860324,0.05247537,0.056172654,0.0619254
-0.0975689,-0.10947545,-0.12347301,-0.13024342,-0.12259805,-0.11147058,-0.11090106,-0.09224452,-0.07991944,-0.06692013,-0.059700765,-0.06371648
0.15027359,0.15617608,0.11983401,0.07770478,0.060441732,0.051234484,0.043336883,0.044373445,0.052666456,0.062206868,0.069848865,0.07439534
-0.33126852,-0.33088255,-0.2886611,-0.2558525,-0.23070043,-0.21482503,-0.19762547,-0.18745832,-0.17497632,-0.16068497,-0.15553412,-0.15599672
-0.04919125,-0.08533575,-0.089601606,-0.07972221,-0.06423454,-0.046981446,-0.03551086,-0.0193654,-0.002163794,-0.0070221145,-0.010763087,-0.0034215823
0.5246679,0.5012638,0.4200288,0.29622278,0.23360264,0.18761593,0.18484658,0.1816439,0.20360056,0.24391885,0.28740183,0.3269163
0.3814554,0.3885158,0.38457775,0.36726752,0.3530845,0.31961063,0.28632975,0.25134924,0.20810606,0.16368057,0.13490386,0.11947613
-0.46481523,-0.50499386,-0.49665397,-0.40590015,-0.34753513,-0.2956366,-0.28200543,-0.23969005,-0.2211487,-0.20237832,-0.18605882,-0.18329883
0.2872854,0.20135923,0.17342946,0.14676476,0.1243404,0.10173307,0.09451693,0.106325634,0.11098722,0.106166065,0.09414405,0.08667142
0.17463768,0.17959166,0.14950655,0.10043469,0.0791662,0.06318152,0.056426853,0.05577365,0.06662909,0.07205972,0.07440643,0.080354586
0.058437664,0.052651186,0.05543907,0.06203296,0.061029118,0.0454897,0.033604518,0.02759992,0.020617623,0.014066806,0.0072136517,0.0061107017
-0.10836053,-0.119485155,-0.12502053,-0.10735708,-0.096074454,-0.08426785,-0.08497569,-0.06963442,-0.06768029,-0.07326409,-0.07821437,-0.08182374
-0.2141313,-0.19993573,-0.18159364,-0.16598596,-0.15167771,-0.13087627,-0.11564545,-0.10577515,-0.093620084,-0.08233689,-0.076340534,-0.0750888
-0.36290225,-0.41450062,-0.40790358,-0.35591412,-0.321936,-0.28780347,-0.27089512,-0.22899914,-0.19552347,-0.16591167,-0.15342459,-0.15655842
0.20807588,0.2482064,0.22314061,0.16595513,0.1224799,0.08603001,0.07655431,0.06362888,0.06887179,0.08799561,0.09975448,0.10613865
-0.0792123,-0.06150461,-0.02652692,-0.026251867,-0.024514668,-0.020231709,-0.007381305,-0.017667137,-0.022175066,-0.030229317,-0.036067322,-0.039193127
-0.25961435,-0.28880635,-0.19234456,-0.038122147,0.018031687,0.04661843,0.046430036,0.0273038,-0.048600927,-0.13569063,-0.1909152,-0.23498651
-0.17399246,-0.14697842,-0.1036278,-0.04778585,-0.024713486,-0.012789011,-0.018449053,-0.032496266,-0.0596762,-0.088388756,-0.11348562,-0.13674268
-0.33095264,-0.31054056,-0.3040769,-0.15751773,-0.0779981,-0.026510328,-0.06658319,-0.06392604,-0.09743464,-0.15638381,-0.21278459,-0.25508934
0.1343083,0.1297358,0.12368983,0.108936064,0.09997025,0.08966398,0.08607705,0.079518005,0.075481616,0.074776135,0.07769513,0.08311499
0.046540886,0.061464425,0.0593545,0.07279968,0.06853704,0.06106756,0.046259906,0.034289323,0.01756649,0.010000216,0.0027531623,-0.013111179
-0.52340996,-0.5599741,-0.5276103,-0.49469995,-0.47575104,-0.44035536,-0.3851437,-0.33560237,-0.2808547,-0.22406998,-0.18677697,-0.16879952
0.38262936,0.46022695,0.487006,0.44473326,0.42836148,0.38960844,0.34253684,0.2732062,0.19810754,0.13835163,0.105781734,0.071347535
-0.03989673,-0.075676516,-0.09254296,-0.08495445,-0.0770152,-0.068419635,-0.06596632,-0.045120355,-0.030020565,-0.019269848,-0.012368708,-0.008774985
0.07713243,0.049051277,0.00042957067,-0.033600405,-0.05548629,-0.0712987,-0.06783195,-0.043894276,-0.011889666,0.032022305,0.0646587,0.08899356
0.16555832,0.14216927,0.103469804,0.06944209,0.053680554,0.039483912,0.03671953,0.045958504,0.064648405,0.08710544,0.10668235,0.12823877
-0.11495811,-0.09988794,-0.076824725,-0.06994298,-0.05602531,-0.049189344,-0.03946367,-0.03740318,-0.023728967,-0.033551652,-0.04750265,-0.03992437
-0.13917677,-0.09968812,-0.047895223,-0.029317752,-0.022869967,-0.019736543,-0.01788915,-0.03589551,-0.058068432,-0.07786012,-0.09701837,-0.11972121
0.6301397,0.6756351,0.61426395,0.45962173,0.37459517,0.30555028,0.28593522,0.25905868,0.25114965,0.2514026,0.2637318,0.29411823
0.051412053,0.052774794,0.0485257,0.020992657,0.008038793,-0.0036109388,0.0025865324,0.0031677596,0.016345378,0.031618092,0.04311786,0.055696655
-0.041545786,-0.09409566,-0.15589392,-0.19361874,-0.21103533,-0.21060905,-0.18894596,-0.14028077,-0.086685024,-0.016347066,0.04218003,0.083276354
0.19894247,0.2505596,0.28820828,0.28059912,0.28641623,0.28597078,0.2709918,0.21994075,0.17675947,0.11542797,0.074920684,0.055481
0.6279534,0.6670317,0.66785556,0.6465757,0.62520415,0.58551663,0.5250747,0.45189664,0.36825567,0.26673993,0.19595109,0.15416041
-0.957444,-0.90484726,-0.74549407,-0.77348703,-0.7589288,-0.7128778,-0.6000131,-0.5716716,-0.50005823,-0.42215508,-0.37483233,-0.3569802
0.2420866,0.25992343,0.20844823,0.17886424,0.14726686,0.13128099,0.094598815,0.08335295,0.04087645,0.004168682,-0.030052371,-0.0619594
0.035432093,-0.029791415,-0.09920776,-0.15412119,-0.17991388,-0.18219352,-0.16003934,-0.11246904,-0.053667754,0.00034822524,0.03906034,0.07020178
-0.26219255,-0.27745327,-0.24716477,-0.21665841,-0.190433,-0.16590177,-0.14779457,-0.13228792,-0.119546115,-0.109582916,-0.105214104,-0.10675123
0.017449843,0.013558142,-0.020127278,-0.032149665,-0.039825726,-0.04093913,-0.043640297,-0.031444915,-0.017929373,-0.0014283238,0.010127746,0.01725641
0.09878491,0.18057159,0.23416539,0.27134863,0.2851767,0.28372812,0.2613874,0.20236412,0.13775496,0.07543549,0.032563597,0.0019626021
-0.29880857,-0.30966416,-0.28931037,-0.26372993,-0.24901918,-0.23121546,-0.2054283,-0.18215388,-0.15523362,-0.12627754,-0.10580558,-0.091115564
0.0816148,0.08602916,0.1048478,0.12344027,0.12161239,0.108820185,0.09295121,0.0701687,0.042065065,0.011881441,-0.012867192,-0.037050433
-0.045653068,-0.023628816,0.0037628338,0.030107744,0.042585164,0.047317848,0.04418473,0.028299555,0.012284465,-0.0063599944,-0.021592854,-0.030726241
0.06540965,0.05896515,0.044790298,0.018267259,0.008488856,0.0028093942,0.003981609,0.0071387663,0.0163358,0.028331017,0.038899466,0.045746114
0.9772781,1.0116457,0.8949472,0.7415693,0.6956218,0.6386038,0.57002926,0.52854717,0.48800826,0.41448054,0.3693438,0.38344508
0.2559169,0.29824463,0.3291869,0.3150931,0.29696155,0.27046415,0.24880356,0.20013084,0.14909998,0.09708141,0.06151876,0.038893353
0.9547263,0.96279645,0.82191706,0.549144,0.4085266,0.3276887,0.3097763,0.29017535,0.2825606,0.28891978,0.31294346,0.34003678
-0.023471113,0.01671154,0.07586809,0.1353294,0.16310179,0.16960934,0.14614104,0.106676035,0.04585492,-0.025127154,-0.0770559,-0.11452458
0.2615859,0.2890592,0.28636888,0.2675488,0.2234934,0.18043351,0.17136313,0.13766433,0.1191827,0.11653315,0.11289768,0.11761084
0.28609246,0.26270956,0.2155163,0.16267154,0.13333881,0.10782389,0.104453415,0.10802373,0.12782443,0.15768994,0.18257514,0.20438886
-0.120231345,-0.13015893,-0.13865343,-0.13156989,-0.12369212,-0.12221654,-0.11652428,-0.09969899,-0.07419455,-0.042969044,-0.024697457,-0.009866536
-0.18533123,-0.17435497,-0.20650184,-0.19978617,-0.18647361,-0.17652744,-0.18402493,-0.15968768,-0.13600293,-0.10049009,-0.079401866,-0.07055123
0.07773901,0.03206867,-0.02378489,-0.012315929,-0.019874945,-0.035590068,-0.061431736,-0.03293921,-0.020034008,0.0085113235,0.022049524,0.017152831
0.39786267,0.41655815,0.36701185,0.26240394,0.20868903,0.16344172,0.15142703,0.13773246,0.14970358,0.1885986,0.21778664,0.23404032
-0.15140896,-0.1365836,-0.08971509,-0.07936302,-0.06858954,-0.055096224,-0.040570796,-0.049232446,-0.05818173,-0.07011011,-0.079854935,-0.090574086
0.18033665,0.12385425,0.056437373,0.01801151,-0.008936852,-0.0331223,-0.04082924,-0.015481815,0.0129015,0.05216939,0.081036486,0.095207006
0.16886806,0.15552755,0.1541614,0.16355404,0.17011315,0.17266978,0.1654284,0.14824617,0.12901917,0.116903596,0.12029337,0.12557471
0.19187978,0.18410155,0.14728245,0.10243963,0.07836145,0.061927676,0.059507087,0.060977295,0.06901826,0.09361329,0.1184091,0.13489312
0.28786594,0.29241621,0.22722995,0.16033249,0.13677408,0.100090474,0.064929694,0.06892116,0.075286165,0.088746175,0.09066951,0.09046056
-0.42223126,-0.41858572,-0.35351694,-0.22000131,-0.16046467,-0.11621866,-0.11326349,-0.11332007,-0.14963084,-0.18641081,-0.2147288,-0.24390602
-0.016630132,-0.0015751272,0.031462267,0.0402406,0.06196277,0.07564539,0.07257381,0.058557726,0.046297982,0.009680171,-0.020261737,-0.034781642
0.045660984,0.011981659,-0.02419062,-0.05010651,-0.05917959,-0.0657745,-0.06265649,-0.03934499,-0.010830432,0.0311509,0.06452874,0.085786045
0.4409625,0.41892174,0.340364,0.1743269,0.088406205,0.014495373,0.006370306,0.02567023,0.04464951,0.09607306,0.14314315,0.1804947
-0.32215708,-0.33498058,-0.30727017,-0.2780531,-0.25834495,-0.235975,-0.20900407,-0.18373902,-0.16328219,-0.14101623,-0.12498253,-0.11609427
-0.07524855,-0.047320753,0.009548917,0.03941311,0.057179257,0.0696924,0.07178129,0.044078596,0.012620546,-0.032657966,-0.067118555,-0.088645115
-1.2749051,-1.3179467,-1.2869112,-1.0305715,-0.87131155,-0.72817206,-0.7049531,-0.6017329,-0.5474678,-0.5427951,-0.56596774,-0.5844402
-0.18126938,-0.20681599,-0.20819715,-0.19450226,-0.18416572,-0.17065497,-0.1546873,-0.1295703,-0.11162614,-0.090367846,-0.07154797,-0.059221327
0.16126974,0.10667795,0.06890926,0.034470588,0.023522526,0.02705586,0.03283882,0.04669053,0.059062287,0.07337595,0.09354969,0.10844079
-0.088814795,-0.102832906,-0.09772846,-0.09962781,-0.10224788,-0.09735002,-0.0791022,-0.066106826,-0.048902474,-0.02703252,-0.011460083,0.00068657286
-0.13533947,-0.11033383,-0.081315525,-0.065751895,-0.09177551,-0.11086164,-0.085605316,-0.085299574,-0.072140664,-0.031428482,-0.0030962005,0.018229887
-0.2924202,-0.31180355,-0.33909622,-0.35300785,-0.35176873,-0.33253944,-0.2978388,-0.24957708,-0.18362284,-0.11509617,-0.06540898,-0.02990269
0.4867688,0.5262236,0.50390756,0.50118375,0.4718042,0.42851305,0.37682754,0.32409513,0.26037106,0.20196414,0.16336986,0.14113249
0.03672748,0.08194274,0.08236034,0.04557923,0.03285961,0.025666926,0.021761574,0.009681553,0.0059474055,0.0075491937,0.008993218,0.008902667
-0.09476981,-0.123068795,-0.14911789,-0.14107901,-0.13692854,-0.12789038,-0.11917483,-0.09243615,-0.062075503,-0.037241194,-0.022409217,-0.008822937
-0.0307625,-0.040227197,-0.023690935,-0.012232397,-0.00907819,-0.010841209,-0.0063686296,-0.0075529516,-0.005626317,-0.008411849,-0.013349701,-0.012353684
-0.05941239,-0.06830672,-0.062428962,-0.037669968,-0.02361533,-0.012712173,-0.014372408,-0.01328269,-0.019130401,-0.029457303,-0.035208452,-0.042249165
-0.09843556,-0.13697813,-0.1372503,-0.10318045,-0.084110364,-0.0668125,-0.05943522,-0.04467258,-0.035839655,-0.03581319,-0.0380241,-0.038115114
-0.9986676,-0.99529004,-0.87568897,-0.8001246,-0.7567999,-0.6931598,-0.6006507,-0.545382,-0.48530674,-0.44334602,-0.42827594,-0.41343138
-0.36093768,-0.42983562,-0.44534636,-0.40404668,-0.38146394,-0.3517615,-0.32473716,-0.26695853,-0.22170095,-0.17010564,-0.13295987,-0.11701673
0.016096242,-0.069369204,-0.18454131,-0.23165411,-0.2522862,-0.24885428,-0.23980838,-0.17103468,-0.10682852,-0.025790952,0.041605987,0.08428267
-0.25041288,-0.3013645,-0.31075972,-0.21375573,-0.1677289,-0.1302279,-0.14009668,-0.11492197,-0.118158326,-0.13673338,-0.15097848,-0.1738843
-0.11560847,-0.09016538,-0.07958163,-0.12283647,-0.12638043,-0.11598895,-0.09078621,-0.084114775,-0.054406397,-0.024502791,-0.0018921345,0.017423794
0.041189164,0.046707474,0.027312834,0.0009415671,-0.008049458,-0.016350731,-0.02112732,-0.015927427,-0.005029287,0.015487917,0.029900419,0.03395027
0.11179977,0.080262154,0.035262078,-0.020041406,-0.054390997,-0.07473102,-0.06902981,-0.049785376,-0.025115833,0.012019806,0.043637052,0.061054863
0.025613096,0.06879109,0.037637383,0.05140246,0.062490243,0.08125837,0.05263532,0.03970532,0.023934532,0.008615985,-0.0030209138,-0.032810617
0.29604536,0.22808772,0.1425618,0.034301937,-0.018446803,-0.04641685,-0.038531482,-0.0058758557,0.035657883,0.08849204,0.13747613,0.16827884
-1.017437,-1.0690699,-0.96020687,-0.79125637,-0.6959401,-0.598351,-0.52975535,-0.4718371,-0.44980088,-0.42720836,-0.40672326,-0.40879598
-0.080222264,-0.050688714,0.013449177,0.039366484,0.063715756,0.08086401,0.08307108,0.05649756,0.030651279,-0.014324103,-0.050092157,-0.07242672
0.3975044,0.42542326,0.32347223,0.20587942,0.14712647,0.10561648,0.0865179,0.09122093,0.1242961,0.1651334,0.19922562,0.23359264
-1.415118,-1.4864533,-1.4535226,-1.1671953,-1.0249625,-0.8869688,-0.8296977,-0.70915234,-0.6457995,-0.5908114,-0.5554746,-0.5410943
0.4243058,0.5009642,0.52041435,0.5144183,0.50408214,0.47536892,0.41698194,0.3406657,0.24327949,0.14481834,0.07632855,0.024476752
0.43598893,0.41867337,0.39395034,0.3714495,0.36334568,0.34578326,0.322921,0.29415396,0.27266073,0.23584108,0.21757898,0.22123453
0.09273403,0.09271962,0.05484478,0.033621773,0.021650791,0.007001877,-0.0034419447,0.0034444034,0.01843591,0.05106859,0.07591338,0.091818556
-0.25886154,-0.20260642,-0.15310773,-0.09054899,-0.041269064,-0.0096592605,-0.03152725,-0.05561915,-0.10138304,-0.1371629,-0.1618077,-0.2037035
0.3065112,0.31723994,0.2917087,0.2601323,0.22556078,0.19261953,0.17903489,0.15904742,0.14699017,0.14319596,0.14399506,0.14999011
0.24678123,0.22078213,0.16615582,0.13173959,0.11539909,0.09980273,0.085969135,0.09306173,0.10128275,0.09844283,0.10144421,0.116772234
0.03872648,0.025169611,0.00988286,-0.0033365227,-0.009511922,-0.012966339,-0.01054614,-0.001104977,0.0066374205,0.008179404,0.0113610495,0.020976625
0.037811197,0.012254201,-0.0012572408,-0.022360668,-0.035233796,-0.043664712,-0.032790374,-0.020244144,0.0036037974,0.025581654,0.039367747,0.05355476
-0.22771093,-0.25701138,-0.28717932,-0.29269132,-0.28833655,-0.27232653,-0.24828437,-0.20180592,-0.1515533,-0.09303062,-0.05099199,-0.020877443
0.14143333,0.1257911,0.115376115,0.08347054,0.06766891,0.05385621,0.055833727,0.05502644,0.063850395,0.07412234,0.080922976,0.08821213
-0.0026830994,-0.01329625,-0.026088636,0.007434125,0.019994877,0.02355047,0.006459922,0.010023231,0.0025907247,-0.005692291,-0.015518486,-0.027137045
0.18239555,0.15229222,0.14546657,0.12740502,0.11231059,0.09329589,0.08275212,0.075455576,0.06398297,0.057301383,0.053700473,0.04428692
-0.45796153,-0.42223203,-0.37030363,-0.2826128,-0.23114246,-0.19180661,-0.1862675,-0.18259019,-0.1925931,-0.19593182,-0.20275888,-0.219626
0.14888138,0.16521522,0.15935732,0.12676887,0.10934946,0.09257069,0.08817889,0.07487566,0.07153543,0.07728024,0.08329528,0.089654684
0.050444465,0.06996995,0.08269179,0.1072193,0.12407412,0.13067883,0.11825293,0.09827599,0.071698,0.039539516,0.020751473,0.01025885
0.14375405,0.14514649,0.11364773,0.075966805,0.049298108,0.025872886,0.016111687,0.018533088,0.02499748,0.038679622,0.04714173,0.051426392
0.012702651,-0.0058250874,-0.03277316,-0.039254874,-0.042475075,-0.040051818,-0.04190366,-0.026734611,-0.014611382,-0.0011516698,0.010313133,0.012576854
0.1875865,0.17968102,0.1532603,0.14997217,0.1383388,0.1222534,0.11144553,0.104348384,0.09982852,0.09907937,0.1021188,0.114159144
-0.4321296,-0.45240763,-0.3977086,-0.32778695,-0.28596026,-0.24197131,-0.20450127,-0.18280493,-0.16612098,-0.15492466,-0.14652984,-0.14335518
-0.034869574,-0.060510278,-0.088579275,-0.10974803,-0.11440458,-0.10821879,-0.09563605,-0.069922194,-0.040142335,-0.011830886,0.008531899,0.027984118
0.1850386,0.15069404,0.11559619,0.11977336,0.11492756,0.08665432,0.058738783,0.055210717,0.055154633,0.0641076,0.06634465,0.06804781
-0.054169748,-0.09886012,-0.13363607,-0.13356233,-0.13297431,-0.12862116,-0.11992993,-0.08859116,-0.057257473,-0.015052095,0.019303666,0.041672207
0.17002879,0.1581003,0.13610348,0.10194947,0.08294682,0.06585272,0.06146606,0.05931932,0.066434845,0.072627984,0.07813108,0.08626093
0.23740965,0.23247644,0.21699692,0.19518334,0.18029985,0.15961069,0.15028894,0.13788867,0.13321254,0.124363996,0.11995376,0.12882693
-0.08227537,-0.11818574,-0.14774565,-0.15538372,-0.15924868,-0.15775172,-0.14477357,-0.11285335,-0.076699756,-0.038023107,-0.009821229,0.012633946
-0.16961728,-0.1804766,-0.20370445,-0.19483998,-0.18640752,-0.17270559,-0.16420461,-0.13624927,-0.10975642,-0.078954615,-0.055428848,-0.041752975
0.32607153,0.44666025,0.48689395,0.52781856,0.5368959,0.5245478,0.46804067,0.37938282,0.27853706,0.17806764,0.11027178,0.06219524
0.115694106,0.109849006,0.10958365,0.116775066,0.12168021,0.11810104,0.10687707,0.09830624,0.08579942,0.057310335,0.034507804,0.027963817
0.6372483,0.6036072,0.52706134,0.4519614,0.39545327,0.34117258,0.31484312,0.30034092,0.29773918,0.28936684,0.28848046,0.3064775
-0.06951405,-0.104970425,-0.124809906,-0.12543951,-0.123803735,-0.11729051,-0.10372499,-0.07920717,-0.050923333,-0.025455808,-0.0058339937,0.013333105
-0.91369855,-0.9932917,-0.91442317,-0.73590636,-0.6408371,-0.55802214,-0.51509273,-0.45168257,-0.42592964,-0.4155206,-0.41689125,-0.43322152
0.4101658,0.42522773,0.39999557,0.33258435,0.30231848,0.27586344,0.25892207,0.23018727,0.2197234,0.19767816,0.18313581,0.1831114
0.13072959,0.13849059,0.09704301,0.044583946,0.018236905,0.0017971843,0.0006391406,0.008383259,0.029206838,0.059079327,0.08182494,0.10124315
-0.09538122,-0.087943286,-0.050203085,-0.01845456,-0.004604079,0.0031070188,0.010802329,0.0003940165,-0.013489958,-0.024358539,-0.030074077,-0.035079528
0.03948407,0.16666311,0.18937473,0.13749102,0.101213664,0.0802933,0.08564235,0.046544254,0.04716388,0.046094734,0.035690427,0.03573662
0.46441987,0.58171326,0.68236977,0.6443786,0.6314491,0.6134304,0.59497076,0.4802269,0.38059413,0.2753765,0.21337417,0.1787236
-0.058188017,-0.09065425,-0.1282654,-0.1442193,-0.1522614,-0.15437938,-0.15421897,-0.122279145,-0.095439285,-0.06742373,-0.04960314,-0.04165126
-0.2278749,-0.2192336,-0.21705034,-0.2134864,-0.2123268,-0.2055471,-0.19036251,-0.16931501,-0.14619532,-0.10656479,-0.07944922,-0.07129395
0.19132885,0.18177795,0.15762272,0.12786016,0.111819446,0.09553343,0.08564596,0.07924323,0.07661905,0.07975221,0.0871253,0.0910899
0.21995376,0.20627713,0.13936666,0.1002616,0.08049533,0.06341791,0.04458651,0.05736243,0.08045478,0.098720804,0.107204236,0.1216248
0.4162339,0.37193102,0.28983414,0.21489948,0.17432845,0.12917149,0.09544039,0.10149033,0.10944672,0.13320774,0.14396663,0.14628074
-0.12081349,-0.1410707,-0.13536659,-0.11438058,-0.10222959,-0.090659775,-0.08433254,-0.07318028,-0.07158155,-0.068876855,-0.06625967,-0.069570564
0.07599327,0.0424857,0.027398512,0.015152514,0.015429907,0.020158336,0.021803737,0.02903074,0.032870047,0.050392475,0.06965787,0.07499412
-0.2704119,-0.2913812,-0.28132027,-0.22053677,-0.18589154,-0.15179668,-0.1462054,-0.124031216,-0.12401658,-0.12350184,-0.12441694,-0.13380602
0.032156974,0.029452993,0.031930827,0.012373894,0.0063012117,0.0032052686,0.011331692,0.010596407,0.018909715,0.024454925,0.029695459,0.03843589
-0.18861605,-0.2504936,-0.33240962,-0.2380692,-0.20599551,-0.22156121,-0.25760108,-0.20961034,-0.16014029,-0.081860535,-0.036615737,-0.0015045255
-0.042708367,-0.07888596,-0.11859764,-0.13523912,-0.13946694,-0.13833822,-0.12898915,-0.09812957,-0.063172266,-0.019354012,0.015232105,0.039594688
-0.020977192,-0.028422978,-0.028473772,-0.02286911,-0.027086569,-0.029313873,-0.026095275,-0.023453016,-0.019199468,-0.008793804,-0.0036270032,-0.0058797775
0.16713746,0.13753484,0.075823724,0.011599958,-0.017291188,-0.031837046,-0.020676732,0.0026209056,0.038977385,0.09724967,0.15323994,0.19532101
0.122541934,0.11617976,0.04847136,0.0026052594,-0.013582692,-0.019880906,-0.033803627,-0.01618816,0.005437672,0.038660698,0.066628374,0.07965766
-0.15813783,-0.16806926,-0.14093105,-0.12606668,-0.11393305,-0.099670455,-0.08071198,-0.073026426,-0.06289984,-0.0562157,-0.051047884,-0.04822651
-0.122904055,-0.12988392,-0.12535405,-0.14666004,-0.15426874,-0.15867464,-0.1419451,-0.1248194,-0.09758688,-0.05700472,-0.028317984,-0.010621674
-0.46395162,-0.5090953,-0.48929766,-0.40239763,-0.34259164,-0.29218912,-0.2761958,-0.23398776,-0.1986635,-0.17348143,-0.16663106,-0.16398995
0.2417312,0.33358267,0.35267812,0.37274826,0.36414373,0.34627062,0.30634013,0.24759075,0.17428672,0.10688356,0.055559278,0.02006112
-1.2337525,-0.60622686,-1.6526905,-1.3231119,-0.97995055,-0.5362419,-0.97055984,-0.66888463,-0.58201087,-0.52831095,-0.503908,-0.54268074
0.24194805,0.25837606,0.26929212,0.26108435,0.2528013,0.23594958,0.21748132,0.18436565,0.14848806,0.106342345,0.07626982,0.060106598
-1.2930961,-1.4145553,-1.4206932,-1.172601,-1.0468364,-0.93605644,-0.88601166,-0.7470183,-0.6560876,-0.56017077,-0.4947641,-0.4547326
0.011175454,-0.0139745325,0.000840202,0.0023397245,0.0067957714,0.015018266,0.030601997,0.028532285,0.030907365,0.028681267,0.033455737,0.03999725
0.07049952,0.068455145,0.04936733,0.044328883,0.03742525,0.03016632,0.019877449,0.019475032,0.01642181,0.022238668,0.027172554,0.02550285
0.04686824,0.022734344,0.002471067,-0.031152382,-0.054398112,-0.06971438,-0.0668196,-0.052579105,-0.041515782,-0.022765815,-0.0144921355,-0.011932101
0.4485469,0.43719938,0.3501072,0.26902622,0.21790677,0.16834238,0.14172548,0.1421652,0.15463443,0.18964142,0.21556233,0.2395775
-0.19688702,-0.15179369,-0.06594092,-0.022781402,0.0027762353,0.021274835,0.032801732,7.092953e-05,-0.032978594,-0.073004365,-0.10392937,-0.12899403
-0.08895822,-0.10574138,-0.07429038,-0.016988896,0.0063929856,0.021479383,0.018879637,0.013609938,-0.013139211,-0.05561254,-0.08541262,-0.10673998
0.5041733,0.6059189,0.52128744,0.3419668,0.25552547,0.21481329,0.19363946,0.16643217,0.12358612,0.08734329,0.07726452,0.09185973
0.16232692,0.16370712,0.16032982,0.14942539,0.14691252,0.14680639,0.13928318,0.12406121,0.10887532,0.092301205,0.08308486,0.07928762
-0.27431053,-0.27682498,-0.22466987,-0.13334507,-0.08518216,-0.044192255,-0.038204983,-0.045224756,-0.07543726,-0.10705115,-0.124074385,-0.1462205
0.06100154,0.062297247,0.056918558,0.042217307,0.033075508,0.025060281,0.02456826,0.021530472,0.021821957,0.02764258,0.033859253,0.03826133
-0.021027314,-0.054112487,-0.0745378,-0.07759475,-0.07709453,-0.07277966,-0.06796524,-0.048900492,-0.032354772,-0.01460135,-0.0012421473,0.0056461315
-0.3434937,-0.32796332,-0.28434628,-0.24525303,-0.21183756,-0.1729901,-0.14956072,-0.14059374,-0.12876956,-0.12544689,-0.12851265,-0.13715605
-0.26255274,-0.2767043,-0.30418253,-0.34675872,-0.3561182,-0.33411324,-0.29256755,-0.24425125,-0.17962562,-0.112525016,-0.06399537,-0.03226293
0.79476,0.84082955,0.8473517,0.8210206,0.79147065,0.74100804,0.6869915,0.5869562,0.4695977,0.37619126,0.3323595,0.2985013
0.12882984,0.14412563,0.14330885,0.14216566,0.13814488,0.12974072,0.114175305,0.09827446,0.08006331,0.055027105,0.033085477,0.022343628
-0.1545797,-0.23426051,-0.26561043,-0.2593112,-0.2543752,-0.23903754,-0.2115028,-0.16142458,-0.1107458,-0.048891626,0.0034519099,0.039041743
0.071367785,0.08154039,0.07853689,0.06483419,0.063408986,0.060533855,0.053516425,0.045265816,0.038227513,0.031975612,0.02959425,0.028329786
0.84600514,0.84099483,0.84490716,0.82453537,0.79873055,0.75319266,0.69487685,0.5976875,0.48442662,0.40995526,0.38527226,0.3491721
0.1510829,0.14331362,0.110314876,0.07507582,0.055328563,0.040877387,0.034984276,0.041305743,0.050712347,0.06358353,0.07317721,0.08095051
-0.06158586,-0.0736332,-0.041757084,-0.03601013,-0.029180251,-0.017808698,0.006873511,0.004887495,0.008952029,0.0058376873,0.011292046,0.019886084
0.5012304,0.5156703,0.463833,0.41201374,0.37520382,0.3365445,0.29239687,0.2582598,0.22303486,0.18155622,0.15450214,0.1399066
0.5323292,0.5069355,0.44230416,0.3688145,0.3257982,0.2796135,0.2506745,0.24015015,0.24087086,0.25164628,0.25728247,0.26966262
-0.9154318,-1.0027386,-0.9484855,-0.79581,-0.7051319,-0.61288685,-0.55878586,-0.4735399,-0.41992325,-0.40786237,-0.41537383,-0.42112893
-0.15590748,-0.2211812,-0.2224282,-0.1852614,-0.16412547,-0.14734435,-0.1357193,-0.105224855,-0.08362758,-0.06772651,-0.06097179,-0.06391602
0.20562686,0.17971084,0.16680983,0.16671947,0.16813943,0.15655571,0.12977706,0.116097465,0.09510944,0.07637378,0.05931873,0.039195105
0.23659104,0.21833953,0.19530585,0.19513471,0.18921879,0.17791715,0.15904328,0.14776795,0.13360041,0.11925991,0.11085929,0.10525936
0.5332305,0.53416353,0.49948773,0.47262183,0.45159417,0.4174957,0.36830342,0.31994826,0.25832662,0.20723435,0.1864919,0.16719617
-0.5149828,-0.5847559,-0.5756495,-0.5604875,-0.5416413,-0.50813454,-0.45824748,-0.38925284,-0.31781834,-0.23526333,-0.18230893,-0.16429439
-0.026479982,-0.015484694,0.0016477667,-0.010511108,-0.011289723,-0.004891962,0.008337684,0.0034737848,0.0061725155,0.005475684,0.0070492863,0.0124743525
-0.071164675,-0.07862638,-0.07491705,-0.07575682,-0.07555426,-0.071757495,-0.067169785,-0.058447905,-0.05347621,-0.05347111,-0.056216206,-0.05951232
-0.11582965,-0.14343801,-0.13122624,-0.10633333,-0.09468403,-0.08341744,-0.07250847,-0.06159164,-0.056268662,-0.053822644,-0.051548097,-0.05388085
0.41205758,0.40624362,0.3588871,0.3113035,0.28225815,0.24974969,0.22598189,0.20992932,0.20050524,0.18562764,0.17822818,0.18448286
-0.14640269,-0.15015367,-0.1412854,-0.13297766,-0.12547986,-0.11287864,-0.098015875,-0.08569199,-0.072653614,-0.059555024,-0.0503006,-0.044007987
-0.14622352,-0.026774779,-0.061505765,-0.15976653,-0.16697197,-0.14763255,-0.13530442,-0.12861991,-0.065714166,-0.0048296973,0.030485734,0.054687925
-0.03932058,-0.06398815,-0.025257487,0.026496917,0.05189564,0.06486917,0.06117543,0.04865645,0.022478495,-0.01839012,-0.049877904,-0.075027026
0.19714046,0.18710113,0.16689958,0.13486126,0.11328892,0.09258026,0.08832866,0.086257435,0.08871468,0.08567691,0.08566749,0.09665881
-0.094563305,-0.13150947,-0.1372362,-0.09550051,-0.08296681,-0.07600144,-0.07507218,-0.059867166,-0.0521943,-0.030714512,-0.016533814,-0.016848607
-0.00865726,-0.0031335698,-0.0023395233,-0.019035615,-0.033760406,-0.039350826,-0.0341989,-0.03226819,-0.030963007,-0.028621102,-0.025255734,-0.022071753
0.07820773,0.09111155,0.11764362,0.13441217,0.13049681,0.117573805,0.10619688,0.080482446,0.04701426,0.0129341725,-0.010257624,-0.025351845
-0.06995095,-0.09311007,-0.11284017,-0.12143917,-0.12356794,-0.11830151,-0.10705641,-0.085506186,-0.06425869,-0.0288186,0.00097237155,0.016643621
0.12604299,0.12352143,0.10618545,0.082701705,0.07522304,0.06565148,0.054740667,0.050599657,0.04387925,0.042531736,0.04611303,0.046205085
-0.67984813,-0.6279552,-0.53471214,-0.49440396,-0.45626956,-0.40628654,-0.35529435,-0.33810487,-0.30974382,-0.2892011,-0.2850943,-0.29381913
0.38036937,0.37300533,0.31128943,0.24504077,0.19552189,0.16331902,0.14031416,0.12856819,0.11242093,0.09877281,0.089001924,0.07797004
-0.37022516,-0.28447878,-0.20748329,-0.16700745,-0.13279742,-0.103346646,-0.08975288,-0.10793626,-0.11296837,-0.12774533,-0.15051834,-0.16657403
-1.1744442,-1.3152199,-1.3404827,-1.0866754,-0.94610244,-0.82366157,-0.79351115,-0.64784324,-0.5586264,-0.49608737,-0.4664297,-0.44737715
0.059904054,-0.0066618323,-0.08736804,-0.10487506,-0.10959658,-0.10289512,-0.096057504,-0.049488664,-0.0019781291,0.05457715,0.10459254,0.14401945
0.27426904,0.25851226,0.22387877,0.19095784,0.17405301,0.15578848,0.14390258,0.13950923,0.1453974,0.14173484,0.14140548,0.15493524
0.24663524,0.26421368,0.22303858,0.17035215,0.1409279,0.11501603,0.094709665,0.084969,0.07914455,0.081326455,0.08545271,0.086568214
-0.053706482,-0.023465484,-0.011482209,-0.022680707,-0.021705769,-0.02005551,-0.015919514,-0.024922218,-0.019261107,-0.0075061694,-0.00015032664,1.8715858e-05
0.27888468,0.29023558,0.23008966,0.17717768,0.16097942,0.13778181,0.10510875,0.10370225,0.099375635,0.10288626,0.10939823,0.11421567
0.28137326,0.2624182,0.23257591,0.18875161,0.16230375,0.13648564,0.12497367,0.11858019,0.11867663,0.11677666,0.115069546,0.11797242
-0.17163554,-0.16045907,-0.12317577,-0.11731247,-0.11566662,-0.1108415,-0.09148894,-0.09028137,-0.08197515,-0.07179879,-0.068429865,-0.06820769
0.081290856,0.06828083,0.066361375,0.059914675,0.054089032,0.05002114,0.051291585,0.048128016,0.048321508,0.048705436,0.048143953,0.046893515
0.016463786,-0.06668313,-0.12293461,-0.141227,-0.15167221,-0.1530543,-0.1322015,-0.08476286,-0.03134398,0.034325507,0.090741344,0.1345419
0.09478147,0.048934087,-0.0001514852,-0.024040967,-0.03200364,-0.040144674,-0.044240117,-0.019434642,0.010140136,0.036670156,0.054797545,0.072549425
-0.043022405,-0.031427957,0.011162102,0.018716864,0.018765792,0.016982667,0.025484439,0.009493273,-0.0041776597,-0.021002432,-0.037285805,-0.05018863
0.36067522,0.36591053,0.39440143,0.4372638,0.43251735,0.41303325,0.3692958,0.30550024,0.21222873,0.11988458,0.055030815,0.0015087798
0.518835,0.51270336,0.47247216,0.37501243,0.32434446,0.2782674,0.25368986,0.23169509,0.2209203,0.21098867,0.20391685,0.19973311
0.26957798,0.28979725,0.27644295,0.22838913,0.19833407,0.17216659,0.16014758,0.13317735,0.11223134,0.10296859,0.103957124,0.101779096
-0.12757032,-0.16156487,-0.16934344,-0.15961346,-0.16425644,-0.16724356,-0.14865564,-0.12237282,-0.09744602,-0.057371087,-0.024917454,0.0017272905
0.3702777,0.3261695,0.26032126,0.17792934,0.1331222,0.104120344,0.110129714,0.12330598,0.15186767,0.19536784,0.23511934,0.27269188
-0.04834198,-0.036201578,-0.025524925,-0.04937249,-0.054207154,-0.05227337,-0.03860805,-0.03683233,-0.02319985,-0.008003086,0.0013535451,0.008883353
0.049953327,-0.002725035,-0.10115662,-0.15597752,-0.17446655,-0.18896908,-0.2016164,-0.1409066,-0.09871026,-0.017977867,0.05119022,0.079609126
0.035306428,0.04109578,0.049698293,0.038825456,0.03840927,0.03542216,0.03519564,0.028927475,0.027149256,0.018634219,0.010521069,0.010104534
-0.79694164,-0.8495004,-0.7895919,-0.67614484,-0.61066395,-0.54412663,-0.49212354,-0.4285156,-0.3902623,-0.3573041,-0.33484662,-0.32719278
-0.23736799,-0.28862265,-0.29775918,-0.3444848,-0.360344,-0.34703037,-0.27866694,-0.2287605,-0.14852071,-0.05427222,0.025488928,0.08248433
-0.521018,-0.49762082,-0.3813989,-0.26971778,-0.20495582,-0.146543,-0.1203323,-0.13490677,-0.17411977,-0.22448477,-0.26160258,-0.29732078
-0.052035324,-0.054779865,-0.049297307,-0.050102048,-0.052544422,-0.053337634,-0.047751274,-0.04222726,-0.035526946,-0.027843285,-0.024294253,-0.023714928
0.3720708,0.38661927,0.37747788,0.3130219,0.28304145,0.25472644,0.23967202,0.20808902,0.18152471,0.15990148,0.1519488,0.15284601
0.005228784,0.01082148,0.0030243322,-0.02578714,-0.03797671,-0.04329969,-0.03834974,-0.034217887,-0.023437366,-0.0056917914,0.007931613,0.014904443
-0.434771,-0.6821201,-0.7740667,-0.7722025,-0.76402426,-0.6843654,-0.650697,-0.543368,-0.4892367,-0.46320227,-0.42746836,-0.4592167
-0.1361062,-0.11567041,-0.080136925,-0.071105674,-0.05721681,-0.042629257,-0.031673238,-0.0377526,-0.0411691,-0.053633746,-0.06494107,-0.070921704
0.42278892,0.5193956,0.6332567,0.7436013,0.78856695,0.7935176,0.7290475,0.5833853,0.38233426,0.22486575,0.1505731,0.072224416
-0.37862742,-0.38186768,-0.3655197,-0.3373035,-0.31518707,-0.28691152,-0.2623211,-0.22890307,-0.19989324,-0.17791784,-0.1646207,-0.15512867
0.0056208093,-0.00075724116,-0.01706991,-0.03374989,-0.0353359,-0.03069691,-0.025459811,-0.015966624,-0.00072288373,0.0069804387,0.012739813,0.02295746
-0.025091417,-0.02400188,-0.036343906,-0.043739095,-0.055473562,-0.07023476,-0.07144405,-0.060367174,-0.045188714,-0.027675886,-0.025541887,-0.021358803
-0.115083545,0.040657416,0.007144898,-0.08793154,-0.12197229,-0.12822603,-0.12802716,-0.13591872,-0.095814124,-0.04017707,-0.012755878,0.009429991
-0.07298766,-0.07571629,-0.05618858,-0.02425623,-0.014008436,-0.0049232617,-0.0010179095,-0.005157441,-0.01643217,-0.02681397,-0.03220989,-0.039250232
-0.030987615,-0.06055305,-0.10374698,-0.15530938,-0.17168757,-0.17670517,-0.15549776,-0.117632754,-0.062530346,0.0027078716,0.052419323,0.09059972
-0.26308626,-0.3130726,-0.32399854,-0.32546657,-0.32275313,-0.30537474,-0.27365416,-0.22989824,-0.18840146,-0.1280537,-0.07922226,-0.060630403
-0.06428545,-0.09508035,-0.11533939,-0.117939934,-0.11765104,-0.11216884,-0.10264562,-0.078366056,-0.057835266,-0.03460359,-0.016106337,-0.0029998533
-0.057401903,-0.016129792,0.027199343,0.060121447,0.07690527,0.083012745,0.07627076,0.04884442,0.021274827,-0.01004383,-0.03575308,-0.055027932
0.070545785,0.052598003,0.032816872,-0.0018636137,-0.018808514,-0.026559293,-0.015349686,-0.0045595206,0.017457549,0.035132587,0.044776767,0.056805935
0.154572,0.1566268,0.13339867,0.091097616,0.06579632,0.051378414,0.056839466,0.056245193,0.06787259,0.082431905,0.09557986,0.11107836
-0.014844159,-0.017422397,-0.0151715595,0.012716748,0.026109094,0.033735767,0.01938889,0.015233565,-0.010685293,-0.037593782,-0.05235503,-0.066704944
0.27645767,0.30751598,0.29700997,0.24736568,0.23401257,0.22322983,0.21365565,0.1902207,0.19109926,0.16229948,0.13355881,0.13127246
0.5714463,0.52957034,0.50154567,0.52653,0.50817955,0.46104988,0.41084075,0.36406857,0.31869483,0.26793134,0.22919266,0.21283789
0.26085454,0.2692031,0.2354996,0.18649514,0.17274593,0.16319889,0.15107954,0.1417028,0.13729477,0.1311656,0.1363485,0.1486545
0.016307343,0.01676399,0.0106749395,0.019331373,0.02031349,0.01881026,0.014042872,0.011857081,0.01006989,0.010807677,0.011468368,0.010482938
-0.007051632,-0.03514403,-0.009961754,0.051049933,0.08104722,0.10349883,0.09975467,0.09108615,0.061282802,0.008057335,-0.03015514,-0.0492838
-0.21892396,-0.2092535,-0.15049973,-0.07459772,-0.027997583,0.005830288,0.005108267,-0.007660836,-0.034641936,-0.08241237,-0.1218334,-0.14952545
-0.12287091,-0.12093248,-0.080127746,-0.062130645,-0.049975574,-0.03501959,-0.012020789,-0.01956091,-0.020950176,-0.026874505,-0.02510316,-0.023498435
0.14031972,0.14197345,0.14342877,0.12716004,0.13142899,0.13256082,0.12633525,0.1112162,0.10072272,0.06840144,0.045668557,0.038056895
0.03823216,-0.012506209,-0.06128466,-0.07089115,-0.071533084,-0.07148499,-0.07485873,-0.046018727,-0.017863832,0.011701811,0.032954685,0.042983152
0.40787625,0.42086232,0.37364742,0.31349018,0.26138905,0.21885544,0.20297053,0.1800029,0.1647132,0.1693648,0.18375228,0.19734448
0.020359442,0.01794469,0.01270102,0.02280378,0.026449721,0.025979362,0.016704578,0.016707078,0.0086979475,-0.0011708913,-0.00830682,-0.0144816525
0.62154615,0.575898,0.4780727,0.3344635,0.2570325,0.21124667,0.22065696,0.22442049,0.2731387,0.3176437,0.36617243,0.4397891
0.19049674,0.25388005,0.2525917,0.20196012,0.16468912,0.1275113,0.12121008,0.09180915,0.08365999,0.095137745,0.10709505,0.12091255
-0.13782445,-0.15554358,-0.13121283,-0.10832065,-0.087993056,-0.07266061,-0.066345945,-0.05788149,-0.055185463,-0.0673166,-0.0800649,-0.0895907
-0.25300315,-0.26620895,-0.2551988,-0.18857895,-0.15395412,-0.12532562,-0.121678025,-0.10728514,-0.098050736,-0.0926019,-0.09475974,-0.10604118
-0.053690262,-0.064973906,-0.049014315,-0.022269383,-0.010099053,-0.0036686063,-0.0030266047,-0.0027806163,-0.00528178,-0.013597108,-0.024593096,-0.032060016
0.05972435,0.077930346,0.118918724,0.1601085,0.16495548,0.16287836,0.1559013,0.12013232,0.07442564,0.051091827,0.043788802,0.025723707
0.22447225,0.20102543,0.19340613,0.15796801,0.13635916,0.11795997,0.108635396,0.09614723,0.083053775,0.07407247,0.0711667,0.060622383
-0.08824357,-0.16567644,-0.23047137,-0.2584895,-0.2694146,-0.2623356,-0.25666392,-0.20377386,-0.1731107,-0.1274008,-0.08543517,-0.06775462
-0.41923308,-0.42492065,-0.41252953,-0.39586186,-0.37195593,-0.3323448,-0.2971883,-0.259016,-0.22014508,-0.18546945,-0.15947372,-0.14446175
-0.13894586,-0.16990663,-0.1847976,-0.17218417,-0.16737661,-0.15813693,-0.14339864,-0.11477496,-0.0850232,-0.049945146,-0.025290009,-0.008168716
0.07761082,0.08650132,0.05565441,0.046293974,0.042641126,0.038782515,0.019388638,0.019107163,0.011546664,0.006368622,0.003129284,-0.0051327795
0.009766761,-0.057866726,-0.117013246,-0.11982925,-0.11270752,-0.11281117,-0.13360053,-0.096916914,-0.08561537,-0.06924577,-0.05597612,-0.058442235
0.2596647,0.14024949,0.031065643,-0.052140415,-0.09085363,-0.11992642,-0.11957276,-0.057931945,0.006278768,0.087421454,0.14129582,0.17632155
0.3118625,0.26269573,0.15881035,0.015238464,-0.05476588,-0.09900567,-0.084371805,-0.04468918,0.022630379,0.13122717,0.22249487,0.27765545
0.07163782,0.10040952,0.09255919,0.06997472,0.053990453,0.040863767,0.03959406,0.028386436,0.03191975,0.04573921,0.056979965,0.065574825
-0.017841209,0.006607568,0.010374039,0.028153803,0.0352456,0.04028723,0.027879424,0.011968141,-0.004546022,-0.01060305,-0.011506185,-0.028213121
-0.021566454,-0.025242135,-0.025436532,-0.06948217,-0.08431882,-0.092587486,-0.07481915,-0.06321549,-0.038589403,-0.0019938154,0.028775984,0.051694237
0.004613485,0.008110642,0.029871622,0.038434055,0.048122477,0.05427026,0.051867757,0.039659478,0.023081442,-0.0009256555,-0.017989893,-0.03291811
0.103227414,0.08344959,0.1511725,0.14047375,0.15787598,0.15944429,0.17473179,0.14670238,0.1371082,0.10106237,0.07871178,0.080442265
0.302915,0.31413192,0.3162158,0.33662492,0.34242576,0.33621725,0.306172,0.27207983,0.22227134,0.13959047,0.07475789,0.049243122
0.094076864,0.06287596,0.019400716,-0.025872305,-0.04647398,-0.06298235,-0.06354457,-0.039603114,-0.013280846,0.021803677,0.047634047,0.06742102
0.0870578,0.08520959,0.13437611,0.16772255,0.17347497,0.16405973,0.1521841,0.120265044,0.07885006,0.03766603,0.00020548701,-0.03216676
-0.2486245,-0.25616896,-0.241623,-0.22572143,-0.21322444,-0.19462176,-0.17635305,-0.151782,-0.13366288,-0.1193829,-0.11071112,-0.10838058
0.18225698,0.2664168,0.24839747,0.24418008,0.21970275,0.17223188,0.12705518,0.0984011,0.07589453,0.06938829,0.046188537,0.03956373
-0.33624738,-0.49497283,-0.5887302,-0.5298828,-0.45690727,-0.3957575,-0.39442316,-0.29361004,-0.21966432,-0.12393941,-0.046184868,-0.010339968
-0.25260752,-0.24858433,-0.22055468,-0.16780624,-0.14592077,-0.12019242,-0.10770661,-0.09722718,-0.098983854,-0.112545796,-0.12580696,-0.13674036
0.11119285,0.08761973,0.07747458,0.07756396,0.08739037,0.097694695,0.094240576,0.09198153,0.0897978,0.076261505,0.07156834,0.07309138
0.034507405,0.0016547367,0.044401206,0.07444373,0.09020733,0.0964041,0.09478855,0.08050906,0.054596964,0.023743587,0.0039891377,-0.011733398
0.05484177,0.03281413,0.014027938,-7.213652e-05,-0.0052249655,-0.005466651,-0.005016245,0.0047924556,0.012840342,0.021990653,0.028693806,0.03160992
-0.30845794,-0.32866272,-0.30955246,-0.26809216,-0.23422725,-0.20741068,-0.20037521,-0.17351541,-0.15943414,-0.14725624,-0.14170748,-0.14742437
-0.2893827,-0.301265,-0.34513643,-0.3806007,-0.38456315,-0.3700509,-0.3459878,-0.29093534,-0.22552842,-0.1495814,-0.09715288,-0.06807642
0.6831154,0.75407445,0.77318895,0.7300321,0.7111544,0.6802776,0.62979376,0.5371797,0.44670916,0.3303639,0.25149494,0.21626875
-0.2713443,-0.160133,-0.2038975,-0.3629287,-0.4158919,-0.4086972,-0.34863386,-0.30390865,-0.19297126,-0.03985125,0.06511153,0.12477556
0.17629926,0.1395354,0.09884277,0.06125778,0.04150176,0.023555383,0.020129964,0.03481423,0.057225697,0.07651113,0.08680323,0.099505335
0.26986286,0.27869084,0.25595498,0.2209523,0.1926817,0.16479194,0.15057305,0.13430461,0.12050625,0.111220516,0.10763126,0.11178718
-0.29978946,-0.32130077,-0.3159845,-0.29283047,-0.27201426,-0.24396652,-0.21649003,-0.18216135,-0.14646895,-0.10941088,-0.083268404,-0.06670301
0.3553153,0.48827648,0.4478543,0.3609,0.2889595,0.23946267,0.21023403,0.16565439,0.14455684,0.13681707,0.12673882,0.122650206
0.01125735,0.044949178,0.044242024,0.011384688,-0.010433294,-0.021715611,-0.017844971,-0.024596427,-0.029021608,-0.027141448,-0.019714411,-0.015051715
0.075798295,0.055507325,0.010835938,0.018721133,0.025393158,0.026159272,0.0022424087,0.013996396,0.02236297,0.04165527,0.04860349,0.043417282
0.18212962,0.29330853,0.4060921,0.5207577,0.5672454,0.5689117,0.4990897,0.38755447,0.23288944,0.055905968,-0.073607676,-0.169921
-0.15391618,-0.1646724,-0.16960764,-0.19150321,-0.18942794,-0.17506155,-0.15352875,-0.1305704,-0.09909103,-0.061861247,-0.03478876,-0.017634239
-0.20193073,-0.19599445,-0.10477516,0.051927656,0.12807047,0.17215323,0.15458798,0.120740786,0.056433544,-0.04463956,-0.12803406,-0.18041006
0.060084242,0.05943673,0.051187206,0.032099836,0.026312863,0.025020808,0.032261565,0.032507725,0.044541642,0.052049004,0.058925044,0.071028925
-0.9297421,-0.9065584,-0.7823607,-0.7067156,-0.644696,-0.566395,-0.49890816,-0.46423703,-0.42696458,-0.39775842,-0.39154685,-0.40242255
-0.15774009,-0.15055656,-0.0911205,-0.0346784,0.003843516,0.026418775,0.02660267,0.009142742,-0.017863572,-0.061691716,-0.0943081,-0.11472024
-0.13206498,-0.14492622,-0.15634665,-0.14935757,-0.14879932,-0.14167807,-0.13204035,-0.11118265,-0.09063013,-0.05993689,-0.03771884,-0.028684597
-0.002628943,-0.049389444,-0.10940482,-0.101909004,-0.07733323,-0.06683943,-0.085772075,-0.0581422,-0.031180337,-0.009616149,0.005344067,0.01406307
-0.043397944,-0.042970985,-0.055082675,-0.04628627,-0.04266848,-0.036008142,-0.03974144,-0.030924212,-0.026219737,-0.033126503,-0.04135678,-0.044932835
0.033322006,0.022876758,0.012546048,-0.0065627918,-0.018243752,-0.019103274,-0.012331709,-0.007175088,-0.0074535925,-0.012845799,-0.013350394,-0.011876743
-0.7799344,-0.7841721,-0.68118083,-0.6447022,-0.6070808,-0.56212986,-0.48759186,-0.44721532,-0.39172387,-0.33909044,-0.30869138,-0.2921625
0.100990035,0.08590608,0.084708765,0.08429314,0.07298021,0.056967545,0.054997016,0.049328137,0.05100872,0.048803393,0.04343288,0.04531867
0.13903718,0.12649138,0.111885354,0.10402757,0.09427558,0.0826191,0.077062175,0.0731222,0.07105066,0.07498387,0.0817825,0.08774102
-0.3612104,-0.38724375,-0.4074186,-0.3691886,-0.34187356,-0.31651077,-0.31297153,-0.2700353,-0.24318577,-0.20946191,-0.18620601,-0.18129066
0.116840124,0.15270123,0.118333,0.09627506,0.08438979,0.07652528,0.06093923,0.054654676,0.059225272,0.06504079,0.06443675,0.06546108
0.056584984,0.036415584,0.0042083785,0.0155690815,0.033680875,0.03418691,0.015377848,0.025509115,0.046934105,0.07710433,0.10460837,0.1228699
0.26204312,0.19887021,0.12593901,0.056579173,0.022338271,-0.0014403462,0.002967447,0.030610606,0.07368851,0.12833762,0.17207395,0.20416059
0.09171308,0.10432376,0.08942215,0.07628888,0.07619415,0.07099718,0.056042872,0.049161576,0.044902064,0.04710192,0.053159595,0.05359158
-0.34252656,-0.36238968,-0.29023343,-0.21787083,-0.18052623,-0.1570381,-0.14059585,-0.13248284,-0.13057846,-0.14198056,-0.16639099,-0.1897593
0.15072,0.24528468,0.2780639,0.2885054,0.28859642,0.2815366,0.25313422,0.1926105,0.12413182,0.07006812,0.03977554,0.010203875
0.052589335,0.09550586,0.10680925,0.08659688,0.06747567,0.05202534,0.050865024,0.03409806,0.027406026,0.018620722,0.007357436,0.0055363076
-0.80519825,-0.8571425,-0.7395557,-0.6355189,-0.57132393,-0.50155157,-0.43268162,-0.39090437,-0.3619895,-0.34752607,-0.34805885,-0.36561656
-0.14707372,-0.16317418,-0.14601113,-0.14845547,-0.154591,-0.15623869,-0.13086002,-0.11267857,-0.084194936,-0.049827486,-0.026962392,-0.007544659
0.09372656,0.075290255,0.059425563,0.034815118,0.02442617,0.020264529,0.023891337,0.028893147,0.03688789,0.042007446,0.048879944,0.05790091
0.1459531,0.1923089,0.1610083,0.15365642,0.14541128,0.13558507,0.11327947,0.095579475,0.087623835,0.09222676,0.09311148,0.092371464
-0.2888621,-0.37524486,-0.38500875,-0.37650004,-0.36998856,-0.35456154,-0.31544387,-0.25747246,-0.19537097,-0.13258708,-0.085021526,-0.05375936
-0.46451822,-0.49988532,-0.49183106,-0.45034912,-0.42693228,-0.39110595,-0.35521132,-0.30481744,-0.25850987,-0.20447135,-0.16949773,-0.15618953
0.0951854,0.085764535,0.052075513,0.012310103,0.002497308,-0.003681928,-0.0067723542,0.00262402,0.015980285,0.028634904,0.042434182,0.054271165
0.5971505,0.41432285,0.24088591,0.15296096,0.061027884,0.024373889,0.0056583285,0.030624628,0.04544404,0.087839276,0.13624461,0.12856548
-0.024630498,-0.035943203,-0.066201925,-0.09645125,-0.108420946,-0.11012564,-0.09824513,-0.07643553,-0.04115677,0.0032328665,0.03627904,0.061291236
-0.044723585,-0.05604693,-0.09350318,-0.10668592,-0.12041436,-0.1291689,-0.118130244,-0.08966465,-0.04583462,0.002688244,0.032975107,0.064474255
-0.14566669,-0.1791682,-0.17585492,-0.13950728,-0.12181082,-0.111148044,-0.11651888,-0.101593114,-0.103582084,-0.10113173,-0.10116868,-0.118845455
0.38032353,0.40164602,0.44085848,0.4380285,0.42813906,0.40033054,0.37200826,0.31316662,0.24841142,0.18675661,0.14637423,0.12184721
-0.013793071,-0.029665165,-0.0371982,-0.034404118,-0.029985648,-0.026973974,-0.02787926,-0.02045349,-0.01738032,-0.014631972,-0.010319891,-0.008832409
0.32954535,0.37111002,0.3671958,0.3396618,0.3165575,0.28585935,0.25328243,0.20866211,0.17143403,0.1353503,0.10526192,0.07996902
-0.03500671,-0.05545554,-0.071358435,-0.105617054,-0.11956613,-0.12208545,-0.10602232,-0.08643177,-0.05562325,-0.020710137,0.0017979778,0.014169354
0.3450722,0.41889235,0.46399602,0.49044588,0.48917526,0.47102475,0.42543402,0.3446416,0.24618414,0.1484934,0.08321971,0.03149484
-0.43854773,-0.45314366,-0.42605248,-0.36988243,-0.31868806,-0.27133486,-0.2532538,-0.21991867,-0.19454214,-0.18030599,-0.17676252,-0.17842442
-0.2417185,-0.27019307,-0.24890062,-0.20367728,-0.17904401,-0.15498172,-0.14144957,-0.123408765,-0.118442625,-0.10813399,-0.09941646,-0.10508188
0.084095806,0.14975126,0.16218638,0.13569479,0.13596919,0.12928995,0.111471884,0.08362171,0.061920796,0.04738942,0.039278384,0.03557501
-0.50721556,-0.4173268,-0.42540285,-0.37910116,-0.3610978,-0.31801224,-0.29700077,-0.2642815,-0.21854466,-0.1654962,-0.1469775,-0.1373036
0.22468932,0.23784494,0.24574491,0.21265708,0.19569969,0.17535062,0.16931257,0.1429765,0.12884313,0.116042204,0.11159371,0.11002412
0.088462286,0.23340766,0.3929303,0.5042067,0.5470737,0.5570334,0.50687796,0.37869683,0.21180947,0.027082369,-0.10798047,-0.21169056
-0.30221596,-0.2818087,-0.24097931,-0.19062957,-0.1574851,-0.12765819,-0.11770195,-0.11417842,-0.11696945,-0.12684844,-0.1367991,-0.14770457
-0.33103636,-0.32499313,-0.33818144,-0.28782701,-0.24649775,-0.20252356,-0.20082876,-0.16785154,-0.14522752,-0.13482772,-0.13327907,-0.13578126
0.18550855,0.15595073,0.116692394,0.088117614,0.07060379,0.054808095,0.045260727,0.05063176,0.056743555,0.07213783,0.087124735,0.093738236
0.093476355,0.12857169,0.18287563,0.19412512,0.20211512,0.20413977,0.19339612,0.1470317,0.09670286,0.029595226,-0.020606764,-0.05555553
-0.16552375,-0.10561904,0.02200228,0.0550054,0.073994994,0.079496175,0.09198275,0.038531452,-0.0012387186,-0.06535282,-0.12672162,-0.16823955
0.19756328,0.17661063,0.1434634,0.11394751,0.0913968,0.075098336,0.075624995,0.07998714,0.095590584,0.10928688,0.11870639,0.13635041
-1.3013146,-1.316015,-1.2447125,-1.0441121,-0.90943015,-0.7702631,-0.7187697,-0.63181126,-0.5787792,-0.55904806,-0.5586571,-0.5708431
0.23994623,0.23839012,0.19892228,0.1396123,0.10467827,0.077498585,0.068213284,0.06803089,0.0782864,0.092936836,0.100106314,0.104705416
-0.098597065,0.04483886,0.05993861,0.08581668,0.09745097,0.102393664,0.0637185,0.020839766,-0.028649755,-0.06650187,-0.09860676,-0.1331301
0.14226103,0.08966443,0.12055676,0.17770918,0.20510551,0.20885864,0.18983626,0.17392033,0.13861856,0.090719014,0.052637078,0.017920032
0.1260897,0.128197,0.12299378,0.07076387,0.047577955,0.028743975,0.031020999,0.025257811,0.030439273,0.03724867,0.04273938,0.04594686
0.058464102,0.05852598,0.088333204,0.099292025,0.10269692,0.10045005,0.101400495,0.0829056,0.065490544,0.040285908,0.020612039,0.009828545
0.08291851,0.017319806,0.022982806,0.0337784,0.043533437,0.0529387,0.06391649,0.06490869,0.07411903,0.05096873,0.03930098,0.043747574
-0.32838058,-0.14554483,-0.08549994,-0.18217912,-0.1919741,-0.18098164,-0.1630539,-0.19277665,-0.18579929,-0.16320437,-0.14988402,-0.15508841
0.0028825602,-0.01486923,-0.021990588,-0.012713664,-0.0063189454,-0.0032344572,-0.005999297,-0.00077225175,0.0068665557,0.014719509,0.016251806,0.015123218
0.32428488,0.34476218,0.3313828,0.29110906,0.26411337,0.23741789,0.21789382,0.18835777,0.16450873,0.1390062,0.12309927,0.11626384
0.49027866,0.48297587,0.446958,0.3817168,0.34682488,0.31649703,0.30124584,0.27316082,0.26123893,0.24897966,0.24928778,0.2605723
0.041022792,0.060115762,0.06849618,0.12341197,0.15266716,0.1663307,0.14407074,0.12315693,0.09193448,0.05094929,0.022477228,0.00870055
-3.0404582,-3.2643275,-3.074065,-2.3798587,-2.0033638,-1.6768448,-1.606623,-1.4001925,-1.3836329,-1.4323981,-1.5003306,-1.6059337
0.12177056,0.109994754,0.10292819,0.11115831,0.11099416,0.102167204,0.08949359,0.08154197,0.07207492,0.049823184,0.032857664,0.029323053
0.6017662,0.5618717,0.5204007,0.45501438,0.43652472,0.40991756,0.39768803,0.38235718,0.39882475,0.3428439,0.29168993,0.31347772
-0.076273434,-0.08546376,-0.11645001,-0.15443125,-0.16859454,-0.17389217,-0.16257437,-0.1332493,-0.095807105,-0.049864806,-0.018051919,0.002807673
-0.09193863,-0.062094122,-0.021222487,0.01335457,0.0044574477,-0.01366761,-0.008045681,-0.023979988,-0.032798454,-0.029235315,-0.034190897,-0.033177562
0.36327416,0.3707993,0.34271276,0.28420037,0.27191865,0.25962573,0.24541816,0.2227152,0.2099882,0.19620946,0.19773285,0.2045132
0.108757034,0.12094509,0.12143353,0.0937408,0.0832715,0.07252309,0.068051025,0.057245195,0.0507601,0.048259083,0.045186274,0.049962368
-0.30935937,-0.31385383,-0.29228446,-0.26073575,-0.24099016,-0.21957228,-0.19965893,-0.17709501,-0.15964036,-0.14293097,-0.13273302,-0.1282256
0.13806006,0.099147335,0.09537095,0.12399696,0.13005896,0.12984453,0.12936847,0.12279962,0.111909874,0.10813913,0.116688564,0.12276706
0.10345149,0.13041875,0.101093225,0.056081425,0.034756526,0.024711795,0.020082768,0.023453102,0.030693352,0.036975905,0.0432906,0.05589185
0.27007937,0.27557737,0.2595112,0.20574908,0.1784967,0.15398839,0.13950008,0.12348071,0.11902896,0.10348842,0.08408413,0.07342124
0.12186286,0.09561392,0.1065194,0.11189756,0.112178855,0.10665071,0.1053568,0.09240228,0.07763754,0.07699146,0.0838453,0.08723556
0.16094407,0.15019214,0.1395227,0.12105793,0.11078578,0.097165,0.09246775,0.085223585,0.081770465,0.07739559,0.07556636,0.08121777
-0.015731148,-0.03345478,-0.046518013,-0.07107013,-0.08791193,-0.09955308,-0.09171973,-0.07704845,-0.06367341,-0.038700894,-0.019513106,-0.0085282065
0.1483114,0.17209797,0.18997972,0.16606149,0.1422821,0.12908445,0.12889718,0.102549925,0.07696887,0.04701654,0.02509651,0.013255861
-0.70829666,-0.753538,-0.7064055,-0.60732704,-0.53997093,-0.47598612,-0.43316,-0.3737716,-0.32522398,-0.29872513,-0.29021648,-0.28361917
-0.15526873,-0.16310391,-0.160389,-0.16545776,-0.174452,-0.16565508,-0.14055806,-0.12521213,-0.11041527,-0.0894309,-0.068463504,-0.05609813
0.07742456,0.087206,0.116836905,0.086497396,0.073103525,0.060659885,0.07423712,0.05460476,0.054460004,0.05574912,0.060507208,0.067357734
-0.0657502,-0.033387758,-0.012994483,0.0025736243,0.014902234,0.024166122,0.0181593,0.0050272793,-0.00588993,-0.019428499,-0.032433238,-0.044960734
-0.22626801,-0.2801686,-0.3252188,-0.32111168,-0.32267943,-0.30863,-0.28677976,-0.23892291,-0.186438,-0.118632466,-0.06969794,-0.054711595
0.21267582,0.21082692,0.19263399,0.17768076,0.16015036,0.14156677,0.12882532,0.11731277,0.10395202,0.085257456,0.07113914,0.069422044
-0.1620512,-0.12930515,-0.12982644,-0.18835698,-0.20673242,-0.20965213,-0.1973594,-0.17803547,-0.15442204,-0.12648228,-0.1108076,-0.1096915
0.08296783,0.05275304,0.029778808,0.01998905,0.017647125,0.014182758,0.009489924,0.020856246,0.02813669,0.031879276,0.03486065,0.03773323
0.16098207,0.0832205,0.000111177564,-0.045721814,-0.05489418,-0.089849666,-0.11290552,-0.07547243,-0.029369868,0.03918308,0.08860228,0.124205835
-0.13058266,-0.14960414,-0.12957083,-0.08975773,-0.07951178,-0.06967895,-0.05649508,-0.050951425,-0.054762453,-0.051671013,-0.04587387,-0.04295063
-0.22084934,-0.23045513,-0.2141686,-0.19169539,-0.17712498,-0.15925553,-0.14044046,-0.123218715,-0.10520487,-0.09015963,-0.08137837,-0.07522561
0.18928774,0.20994148,0.21214288,0.19516937,0.18383287,0.17097357,0.15286876,0.12541866,0.0941746,0.05440112,0.02659233,0.006440945
-0.06326339,-0.061609726,-0.06634553,-0.07551439,-0.07143895,-0.06422819,-0.056019947,-0.04687167,-0.029317617,-0.018515294,-0.01172447,-0.0017161705
0.41306567,0.43161213,0.41258428,0.3810667,0.34834114,0.30859053,0.28002328,0.2462428,0.22149181,0.18246731,0.14976501,0.13970542
-0.48478028,-0.33859956,-0.38550842,-0.31134433,-0.20186824,-0.1107561,-0.17624182,-0.1690734,-0.17808557,-0.19149768,-0.20713863,-0.24189487
-0.4868496,-0.50350857,-0.5126512,-0.46508446,-0.4265922,-0.38164353,-0.3571012,-0.30432835,-0.2597888,-0.21225375,-0.17586766,-0.15617141
0.09056087,0.09348872,0.101122275,0.09112705,0.083276205,0.08125782,0.083748944,0.0692165,0.055182,0.04796292,0.051676795,0.049462255
0.04660613,0.09227344,0.09193246,0.06858427,0.05131098,0.034908563,0.02267962,0.009092197,-0.014035385,-0.03227878,-0.041001983,-0.046096217
-0.029743314,-0.016441278,-0.0038957447,-0.00885383,-0.0048353598,0.00010123104,0.0029339492,-0.002710715,-0.0020539723,-0.002808731,-0.00565504,-0.008935133
0.20880677,0.17702591,0.1304208,0.07718961,0.0494664,0.03176257,0.028975189,0.04141873,0.059168413,0.08911617,0.11390954,0.12865436
-2.3703208,-2.516982,-2.284,-1.8536026,-1.62167,-1.4051663,-1.2827122,-1.1370567,-1.0982395,-1.0772585,-1.0638852,-1.0907345
0.15432867,0.091560915,0.06290743,0.044909805,0.042508632,0.04581126,0.05750996,0.07247719,0.08374089,0.101766646,0.13142173,0.1618858
-0.23091936,-0.27656227,-0.28325254,-0.24710584,-0.23161823,-0.20889533,-0.18794039,-0.15300374,-0.12861146,-0.10368514,-0.082185306,-0.06755066
0.46447936,0.54610467,0.64627457,0.7219834,0.7506368,0.73958576,0.6859503,0.5665625,0.43820253,0.2590894,0.12540941,0.05662638
0.12905332,0.091594964,0.03875038,-0.010854542,-0.038350552,-0.058908567,-0.051437855,-0.02505301,0.008335575,0.05332449,0.09276551,0.12919188
0.055043083,0.05747044,0.059033994,0.046177447,0.042185657,0.038649723,0.035567105,0.03149306,0.026961863,0.020772545,0.015829206,0.012465753
-0.03211183,0.036275566,0.10760909,0.22894502,0.28839368,0.31462723,0.26317912,0.20060223,0.09658022,-0.034597702,-0.13293222,-0.20510952
-0.18366928,-0.16102506,-0.12809318,-0.10828099,-0.08979067,-0.07309957,-0.06558144,-0.06826806,-0.072592296,-0.08523475,-0.09567262,-0.10347284
-0.3781188,-0.417001,-0.39469892,-0.34419137,-0.30839783,-0.2672171,-0.23800585,-0.204846,-0.17881349,-0.15610702,-0.13824344,-0.13230237
0.17849757,0.13563891,0.06915027,0.03144282,0.0102087855,-0.0042025894,-0.006777525,0.018521175,0.050996155,0.094878554,0.12996842,0.15528703
0.13114198,0.19465888,0.16505228,0.18379664,0.17325078,0.15158159,0.1135076,0.088899456,0.0676435,0.055742517,0.03650961,0.025740588
0.31117773,0.3026073,0.2735021,0.24945717,0.23727344,0.21470678,0.1904701,0.17832837,0.16245164,0.15025654,0.14476974,0.1442897
-1.1753594,-1.232216,-1.1660049,-1.0212189,-0.9276402,-0.822276,-0.74847436,-0.6541538,-0.5822112,-0.52056783,-0.4846455,-0.47619197
0.5185644,0.5228759,0.43561572,0.28529203,0.20062941,0.13939863,0.13340059,0.12994078,0.1601199,0.20607102,0.25109598,0.29485786
-0.19381201,-0.19138287,-0.17879659,-0.1676701,-0.16268907,-0.15850419,-0.14061278,-0.12736401,-0.0994043,-0.05754247,-0.02674812,-0.009157062
-0.5756278,-0.5527618,-0.47692883,-0.41717112,-0.374944,-0.32418847,-0.278463,-0.26245886,-0.24083461,-0.22660124,-0.22134383,-0.22365975
0.18928654,0.13388196,0.075635284,0.025149524,-0.005895376,-0.026089907,-0.022911996,-0.0010828376,0.0173513,0.06957481,0.12517911,0.15022741
-0.16576615,-0.1646097,-0.14870474,-0.14684694,-0.14457569,-0.13872126,-0.118582845,-0.10814247,-0.09144668,-0.069566265,-0.051997058,-0.037256308
-0.15189326,-0.18333597,-0.18556146,-0.16314447,-0.14509754,-0.12209125,-0.11059223,-0.08865605,-0.07400361,-0.070742935,-0.06880765,-0.06784278
-0.017710961,0.06437963,0.109237835,0.10628521,0.09996743,0.09386051,0.08730973,0.04872173,0.009023815,-0.030619938,-0.061339226,-0.08325415
-0.07619393,-0.11578365,-0.13702711,-0.11136597,-0.10323341,-0.091595694,-0.09138465,-0.06768985,-0.05527845,-0.051755346,-0.055025443,-0.058228962
0.545365,0.58031404,0.58765674,0.5583443,0.5262085,0.47631636,0.43637043,0.37063336,0.31251886,0.25001246,0.20618984,0.1842752
0.34815234,0.38448814,0.3816697,0.31859887,0.27999157,0.24943985,0.24106802,0.2037241,0.17879225,0.15500084,0.14432785,0.1445009
0.61429554,0.635339,0.5532676,0.50737756,0.4773981,0.42885396,0.35989505,0.32265255,0.28311002,0.26096204,0.25164863,0.24194594
-0.16482952,-0.19644748,-0.21710044,-0.2224639,-0.22179902,-0.21097894,-0.19210103,-0.15683593,-0.11957809,-0.0780696,-0.04799307,-0.029720698
0.26567596,0.33340237,0.37889272,0.37775478,0.35171226,0.32456088,0.30968145,0.25145805,0.19196694,0.118292555,0.0635031,0.038837038
0.4274684,0.49113756,0.563248,0.6086382,0.6344036,0.6242507,0.56554383,0.4659873,0.3531093,0.2078758,0.09872295,0.030272305
0.010596839,0.009332536,0.017754909,-0.0019106567,-0.015419841,-0.023134675,-0.01527809,-0.01774009,-0.019318216,-0.01312051,-0.0065738624,-0.0052882917
0.3532774,0.39937234,0.4084386,0.34557787,0.31894258,0.29085624,0.27270734,0.22479984,0.19285277,0.14923243,0.12063511,0.10508192
-0.2747801,-0.24494494,-0.19693571,-0.18524012,-0.16641092,-0.14807501,-0.12900859,-0.13070486,-0.11451786,-0.09850772,-0.09442558,-0.0950164
0.09982254,0.0846287,0.055358887,0.018013388,0.0012997091,-0.00903485,-0.0059583783,0.00571499,0.023435894,0.0480967,0.069197,0.0859226
0.11574705,0.121273465,0.09321197,0.07191867,0.06274931,0.054158792,0.04652609,0.046981532,0.051446434,0.057494603,0.06405183,0.07389924
0.11311503,0.08731355,0.06395413,0.035030812,0.02560193,0.019818231,0.024008952,0.033854045,0.04832043,0.06228079,0.07738177,0.094160214
-2.0759192,-1.9803082,-1.8775557,-1.6555381,-1.5129021,-1.3336797,-1.2268431,-1.1036942,-0.994628,-0.8886013,-0.8305085,-0.8211168
-0.38127643,-0.46904138,-0.5317257,-0.54712635,-0.5397552,-0.5161208,-0.47319323,-0.38104302,-0.28335863,-0.16382217,-0.06985766,-0.010324642
-0.94855154,-0.9161887,-0.7918832,-0.7000731,-0.63615537,-0.55696744,-0.48089877,-0.45063895,-0.41355047,-0.38757104,-0.3774562,-0.38279614
-0.61797464,-0.37427652,-0.004709959,-0.040476978,-0.08728582,-0.13188657,-0.022150338,-0.15454054,-0.20099005,-0.21737689,-0.24836832,-0.27226695
0.103361614,0.12143937,0.13848048,0.155744,0.16218923,0.16004083,0.14458695,0.12059513,0.0899172,0.04636701,0.014105558,-0.0030913278
-0.48245654,-0.6569897,-0.6443642,-0.55841225,-0.5113401,-0.4818167,-0.43542868,-0.35323843,-0.2869568,-0.24226914,-0.21339257,-0.20200661
0.8673369,0.92581207,0.75236857,0.6773567,0.70155275,0.6558127,0.49605733,0.4448521,0.40842733,0.38151836,0.35775876,0.3371738
0.21604325,0.2939014,0.31562334,0.283275,0.2732413,0.25981176,0.2473156,0.20494062,0.18151972,0.13731486,0.10011996,0.09198311
0.08555391,0.040449217,0.043113522,0.058405727,0.07056508,0.07911068,0.07842665,0.07946907,0.084744215,0.06462602,0.041353896,0.028352067
0.38054362,0.3770277,0.37534705,0.3766721,0.3818096,0.37490118,0.34520176,0.30452457,0.25677288,0.19976242,0.16852236,0.15301512
-0.111862734,-0.15449435,-0.17061412,-0.16822964,-0.1633125,-0.1477955,-0.12986499,-0.10286644,-0.07789157,-0.044865802,-0.016194262,-0.003592277
0.24462478,0.3014987,0.32264322,0.26661745,0.24605535,0.21959206,0.20480561,0.16265312,0.13211575,0.10956674,0.09730202,0.09026481
-1.7855134,-1.7068896,-1.5134096,-1.4145405,-1.3258756,-1.191076,-1.0463955,-0.96247435,-0.85773873,-0.77257025,-0.7340951,-0.72501606
