0.10349026,0.08982136,0.10951401,0.11183314,0.09602405,0.07613225,0.07314205,0.05988411,0.047743946,0.03542798,0.028488547,0.028068734
-0.13374117,-0.18776259,-0.19894554,-0.20140952,-0.1827551,-0.17254344,-0.15621766,-0.12732284,-0.09832419,-0.07494101,-0.060810808,-0.048302356
-0.25941518,-0.31961483,-0.33047438,-0.3030337,-0.2797871,-0.2543414,-0.2368389,-0.19325155,-0.17200261,-0.15263215,-0.13933674,-0.132408
-0.14639515,-0.14439464,-0.11934781,-0.079373404,-0.05453691,-0.041349456,-0.03604801,-0.03157527,-0.04097509,-0.056127362,-0.068172276,-0.07335551
-0.0028927494,-0.009718443,-0.024279404,-0.020531323,-0.01547489,-0.0109792575,-0.008776813,-0.00209375,0.003932683,0.008858191,0.011901996,0.012794257
-0.11302851,-0.07577685,-0.028083503,-0.034409136,-0.04272248,-0.043828547,-0.011682935,-0.0197049,-0.011109717,0.0041469634,0.015854977,0.028711021
0.009561901,0.010003047,0.009122783,0.005649803,0.004842246,0.0028535891,0.004274481,0.0042069615,0.008878153,0.011817345,0.014849779,0.015578371
0.10046244,0.09259713,0.07013515,0.05428245,0.046051547,0.035297453,0.021619469,0.019596294,0.024483845,0.028332714,0.030588305,0.031450402
0.10336649,0.14695059,0.1687516,0.14017504,0.13243306,0.11931711,0.120786354,0.09537998,0.08380573,0.078594156,0.073585354,0.069573805
0.74618566,0.77651465,0.63083756,0.58954895,0.53050053,0.49615932,0.4479186,0.41210586,0.3801375,0.33154923,0.2996531,0.28424355
-0.18248706,0.08642033,0.17781928,0.07980034,0.056135744,0.07665995,0.09364742,0.030773237,0.02514565,0.03815846,0.047577485,0.043587267
-0.04066115,-0.07065183,-0.07137996,-0.061597556,-0.053144246,-0.05504954,-0.050698772,-0.0448607,-0.050296772,-0.061786387,-0.067711085,-0.072457746
0.07863939,0.090602964,0.07837255,0.062741235,0.05299719,0.05499705,0.049683914,0.047894683,0.046258926,0.05170352,0.05305529,0.05370948
-0.5478946,-0.54412603,-0.49141467,-0.4519715,-0.41001213,-0.36205512,-0.30646008,-0.26246762,-0.22723256,-0.19915196,-0.17833792,-0.16643831
0.14833504,0.093554005,0.03479156,0.012538865,-0.0037497878,-0.014657408,-0.023842558,-0.013702452,-0.006102711,0.003256373,0.01306216,0.014565729
0.13272376,0.13969913,0.123998374,0.1089499,0.09922905,0.090451404,0.07878003,0.06961783,0.063733086,0.060364198,0.057180863,0.054628164
0.17804411,0.17998599,0.17054972,0.14543524,0.12890592,0.11078906,0.10162855,0.08090636,0.07559441,0.07578798,0.07724702,0.080191016
0.13497558,0.1406315,0.12937483,0.10853714,0.093406826,0.07293689,0.046169385,0.037975963,0.041436322,0.043897852,0.041771382,0.043559555
-2.0340588,-2.2958944,-2.2442427,-2.011857,-1.8256143,-1.6302738,-1.4665293,-1.202532,-1.0529752,-0.94249314,-0.8767369,-0.82407093
-1.5207409,-1.6552958,-1.6439469,-1.369201,-1.2722666,-1.0890944,-1.0496587,-0.83163315,-0.759517,-0.68606216,-0.64701086,-0.6251325
-0.29068378,-0.26085368,-0.20854577,-0.18820807,-0.15542637,-0.12851325,-0.11351761,-0.10020228,-0.09211204,-0.08648135,-0.088466994,-0.087867185
-0.13804932,-0.11242614,-0.07721914,-0.079197615,-0.061312094,-0.046489403,-0.03478208,-0.0350687,-0.036660105,-0.0379081,-0.04360066,-0.04617104
0.2221087,0.17980917,0.16480531,0.15023871,0.12044269,0.10186816,0.09228197,0.07687487,0.047213197,0.03871212,0.030459806,0.030606523
0.051587828,0.043180175,0.02768436,0.03737234,0.04038012,0.04145123,0.029170766,0.028195493,0.013986124,-0.0016542561,-0.012712894,-0.022161985
-0.51732653,-0.52509034,-0.47194314,-0.42651895,-0.3875257,-0.34804827,-0.2932123,-0.25572684,-0.22681537,-0.21055618,-0.1968542,-0.18661919
0.026085023,-0.030453503,-0.060306057,-0.041184276,-0.046548195,-0.04506641,-0.065544955,-0.048420146,-0.06163304,-0.06441168,-0.06894772,-0.0720255
0.19309106,0.19452897,0.17395218,0.15587044,0.13593051,0.11678875,0.10672822,0.09263283,0.08801603,0.080370724,0.07976226,0.07512892
0.075065084,-0.010529891,-0.04069729,-0.04095704,-0.059762895,-0.08460577,-0.068140276,-0.060318224,-0.040858015,-0.020759799,0.0018336121,0.019846711
0.0967789,0.09252583,0.09437108,0.08526376,0.07939404,0.06972965,0.06291716,0.049384527,0.036163956,0.019622277,0.009815253,0.0032196715
-0.17489812,-0.14760843,-0.13320759,-0.13366935,-0.10593717,-0.094395086,-0.087084964,-0.08071567,-0.06790205,-0.06791333,-0.069867335,-0.07142537
0.78184295,0.6975488,0.5842259,0.52767444,0.45870945,0.3882051,0.3336577,0.30260795,0.27772275,0.25812113,0.25627506,0.243373
-0.03515446,-0.05394803,-0.057908446,-0.049772575,-0.043306798,-0.038665883,-0.03626959,-0.02751702,-0.027327405,-0.02715293,-0.028112322,-0.027890543
-0.08157033,-0.0730627,-0.0391697,-0.04343377,-0.03688316,-0.035753906,-0.020510107,-0.025266834,-0.02090171,-0.014450587,-0.008827738,-0.005381856
-0.15704325,-0.21786168,-0.24163657,-0.21497278,-0.18403204,-0.16203155,-0.16768023,-0.13139743,-0.11599344,-0.10284044,-0.09799212,-0.09577277
-0.24524266,-0.26661763,-0.2597522,-0.24623667,-0.22930269,-0.21100457,-0.18843582,-0.1602998,-0.13881719,-0.12041232,-0.10627216,-0.0995464
0.14165267,0.1361185,0.113587596,0.09575857,0.08483049,0.074179515,0.07067842,0.06373743,0.06537623,0.069112875,0.07339285,0.07410156
-0.28711525,-0.24373165,-0.1960959,-0.18015152,-0.16067727,-0.13392803,-0.114538476,-0.10395966,-0.09418073,-0.08704399,-0.08337067,-0.082621455
-0.08831805,-0.09995137,-0.111755,-0.10707459,-0.10117126,-0.092766136,-0.08852717,-0.073370196,-0.0584338,-0.04485598,-0.035313018,-0.03052371
0.014674913,0.018047975,-0.007514287,-0.016756872,-0.024534507,-0.021406734,-0.021079,-0.011149598,0.005988391,0.026545111,0.042426445,0.048283197
0.1097594,0.11339651,0.100609094,0.07166418,0.06372807,0.050482795,0.049492307,0.038122866,0.04133687,0.043537308,0.0470277,0.04798828
-0.10908076,-0.115125835,-0.09084961,-0.091811284,-0.07845543,-0.0761022,-0.06327678,-0.0592296,-0.050822936,-0.046903413,-0.045317248,-0.04217595
0.056260135,0.08018042,0.0682658,0.06968711,0.0686819,0.071360566,0.057087727,0.051903456,0.042263493,0.031623624,0.024094429,0.015775412
1.4771295,1.3858382,1.0582223,1.001389,1.2112461,1.1058109,0.7069081,0.6695156,0.66969895,0.65700275,0.54830647,0.5388295
0.24809882,0.27141675,0.23805177,0.21412702,0.20652819,0.1953003,0.17934032,0.15680128,0.15043965,0.14945768,0.1498582,0.14730138
0.07279364,0.10044518,0.10206606,0.089202434,0.085098565,0.080444515,0.080358446,0.06493218,0.0659362,0.06343156,0.06395901,0.06227421
-0.014085226,-0.11354719,-0.1745556,-0.15408713,-0.15294495,-0.1440875,-0.14371796,-0.10697079,-0.09603959,-0.08257923,-0.07183575,-0.06762071
0.342646,0.35830006,0.325662,0.31166843,0.28214964,0.2558927,0.21881764,0.18943034,0.16248238,0.14194636,0.12755972,0.11861861
0.58220506,0.6176259,0.5789176,0.5301757,0.48707634,0.4272579,0.40509093,0.3516736,0.32340127,0.29612383,0.27961338,0.26645678
-0.13368121,-0.09000194,-0.05667129,-0.05968313,-0.054791756,-0.048801802,-0.03040994,-0.032814503,-0.017170206,-0.0039635375,0.0073001757,0.011680707
-0.11384192,-0.14858916,-0.14609703,-0.11601704,-0.09785923,-0.091324,-0.090849064,-0.07445299,-0.07468225,-0.08016419,-0.08590626,-0.087550156
-0.5080554,-0.51212674,-0.4290805,-0.3720346,-0.31813055,-0.27252328,-0.22632283,-0.18993743,-0.18012016,-0.18207704,-0.18927664,-0.19127901
0.22818048,0.16954337,0.07592794,0.05763468,0.030516505,0.035445467,0.014455557,0.037325293,0.04885541,0.07011784,0.0837874,0.08939043
-0.26379567,-0.25379854,-0.21294867,-0.18947859,-0.16482115,-0.14423364,-0.123086125,-0.10811038,-0.09689918,-0.08733359,-0.08410469,-0.078444816
-0.0016849823,-0.006712295,-0.019836973,-0.01712868,-0.018662684,-0.014969703,-0.016945986,-0.008674487,-0.0042878725,-4.3099746e-05,0.0041848295,0.0022081202
0.243832,0.28932345,0.26463422,0.23513007,0.21574554,0.20757723,0.18096039,0.16043945,0.14667916,0.13859075,0.13151744,0.12188319
0.11074586,0.063082114,0.026213706,0.011089385,-0.0099184215,-0.02153612,-0.03053528,-0.019697309,-0.0154746175,-0.01103868,-0.0043017454,-0.002594754
0.098068826,0.064621896,0.03168726,0.024558723,0.010682002,0.006394163,0.0024365634,0.010384195,0.010744095,0.012545362,0.015550859,0.015978657
-0.08972009,-0.08136023,-0.06597282,-0.07144985,-0.0639537,-0.060188476,-0.04812824,-0.04367189,-0.032396287,-0.021080405,-0.013700556,-0.009078398
-0.11430881,-0.11916268,-0.112441406,-0.08838907,-0.071205355,-0.05736307,-0.053327024,-0.04168884,-0.042838275,-0.04764502,-0.05231838,-0.055229656
-0.33098483,-0.32601845,-0.27088898,-0.24777484,-0.21966909,-0.19995266,-0.16400689,-0.14633021,-0.12648433,-0.107650846,-0.096533686,-0.0853847
0.26215568,0.22494254,0.1842265,0.16514316,0.13971941,0.11935505,0.09659919,0.091223955,0.08112986,0.081332274,0.07961275,0.07802129
0.07793874,0.054283738,0.03850252,0.035328463,0.021374747,0.02156318,0.015129641,0.027524374,0.0331356,0.048027113,0.055634562,0.06091628
-0.00050510187,0.002896566,-0.0058747693,-0.0094402665,-0.015904943,-0.013047452,-0.009726486,-0.007285949,-0.0015666354,0.0065390393,0.013177229,0.017820213
-0.011330154,0.004504107,0.02908361,0.030186594,0.029823206,0.023226772,0.028147958,0.019954868,0.021826634,0.022523645,0.021948729,0.026048375
-0.23560129,-0.24809599,-0.2169849,-0.22421426,-0.19878177,-0.18934897,-0.168753,-0.1577174,-0.14426517,-0.13966388,-0.13663787,-0.13356557
-0.08682497,-0.056792367,-0.028619811,-0.02643282,-0.012396365,-0.011472471,-0.0061380714,-0.018417642,-0.024015706,-0.03857433,-0.047618493,-0.052764755
-0.15570812,-0.14832099,-0.13525635,-0.13678586,-0.12245539,-0.11365354,-0.10443205,-0.09764071,-0.08447663,-0.07657832,-0.07144363,-0.067892194
0.25073022,0.2498976,0.20631196,0.17174551,0.13977966,0.12302153,0.10629517,0.09760362,0.09746151,0.102169394,0.10891582,0.10786196
0.2997446,0.29889423,0.28296036,0.25882757,0.25238386,0.22795708,0.21564326,0.17657399,0.14773595,0.11189957,0.09070121,0.077498645
0.06193054,0.039054245,0.024727315,0.02085691,0.017827168,0.01763833,0.01387389,0.017717537,0.016193677,0.014768057,0.012018345,0.011920109
0.088871546,0.09174074,0.094310805,0.08544135,0.08114838,0.071964316,0.0635936,0.053244956,0.04496202,0.039880328,0.034549944,0.03323341
-0.39035773,-0.40062195,-0.37864834,-0.33148658,-0.29069644,-0.24805975,-0.21245974,-0.16787529,-0.14300114,-0.12622161,-0.11751748,-0.11218518
0.16508888,0.17133705,0.14864418,0.1372542,0.12728083,0.11414923,0.10040988,0.08751859,0.07235919,0.061296005,0.053657122,0.046850342
0.17840096,0.15622911,0.11463487,0.10591723,0.08754809,0.075985774,0.060597003,0.059869416,0.05726912,0.056433585,0.058646623,0.055365764
-0.37393373,-0.43119043,-0.419168,-0.42284757,-0.41661626,-0.375925,-0.3150518,-0.27005953,-0.23370427,-0.18274678,-0.1447868,-0.121134706
-0.0738488,-0.06378366,-0.025234371,-0.020262487,-0.0070770234,-0.0073518828,0.0061135963,-0.0054256245,-0.0119219795,-0.02079804,-0.02677412,-0.027763767
0.19064933,0.19454637,0.15465465,0.1251997,0.102599815,0.089856446,0.0849707,0.07941033,0.09032504,0.10512556,0.12020962,0.124840036
0.49266434,0.52023834,0.47383797,0.42206383,0.3892562,0.36686954,0.3151844,0.27117932,0.228541,0.21920599,0.20639609,0.19614354
0.069564156,0.07637052,0.07870624,0.075689755,0.06935274,0.06220475,0.059087604,0.049070004,0.042112917,0.036736134,0.033619218,0.032940377
-0.0076309144,-0.037430737,-0.056096792,-0.03858901,-0.025222324,-0.023333155,-0.034193195,-0.026858957,-0.04078281,-0.056366205,-0.06773169,-0.07647901
0.046351958,0.04477376,0.022877995,0.011196271,0.005044438,0.00796498,-0.0009139143,0.0014366955,0.0020432826,0.0074891336,0.009859921,0.010514682
0.008694854,0.010780882,0.0117952805,0.011694422,0.011486789,0.00846495,0.0073766494,0.006206229,0.0061563854,0.0053951815,0.004732808,0.0038233413
0.56928647,0.5698339,0.49237335,0.45992225,0.41162375,0.3660875,0.33097157,0.29084495,0.26351747,0.2282063,0.21640535,0.20091446
0.06627999,0.07789576,0.08408366,0.0716916,0.07607939,0.068271324,0.06771703,0.051171485,0.038976554,0.025384434,0.017742258,0.010781359
0.52701855,0.4437981,0.38735592,0.36480874,0.33857304,0.29572672,0.25127807,0.23130701,0.20391029,0.18083447,0.16312693,0.1530507
0.20284936,0.22131345,0.19318047,0.18024601,0.16944155,0.16031526,0.14584686,0.13357136,0.122718364,0.116161875,0.11282374,0.1041054
-0.11790905,-0.15129411,-0.16457583,-0.15085587,-0.14368269,-0.14435507,-0.12392942,-0.10535658,-0.08072144,-0.06858684,-0.052262545,-0.04465983
-0.3874039,-0.34925413,-0.2532552,-0.24513265,-0.19865564,-0.18230167,-0.14410475,-0.14612174,-0.13305788,-0.12606747,-0.12687436,-0.12031405
0.12964736,0.1430992,0.1543248,0.12193772,0.114240296,0.09697486,0.0939014,0.07802592,0.077649,0.08562283,0.0883878,0.091132365
0.25843212,0.23812975,0.1885633,0.16866253,0.14590779,0.12866727,0.10658006,0.09871595,0.0953289,0.09569946,0.09824794,0.09724478
-0.2382236,-0.2494071,-0.20338655,-0.16281754,-0.12977794,-0.11281431,-0.09893611,-0.08354769,-0.08980698,-0.100043274,-0.113810614,-0.11869527
0.5977421,0.33274364,0.18565536,0.17242742,0.17558658,0.13656601,0.089874566,0.110226035,0.12317082,0.14232251,0.1575492,0.16276556
-0.39411914,-0.34356314,-0.24316365,-0.22554103,-0.17818695,-0.15637052,-0.113226324,-0.112173915,-0.101020455,-0.0960502,-0.095998935,-0.09452721
0.09917099,0.09468779,0.070344076,0.08074343,0.065650776,0.06537449,0.052778497,0.0529749,0.04481261,0.0406409,0.03919033,0.037488293
0.04656736,0.06818361,0.08776179,0.092227176,0.085403785,0.07861149,0.08249932,0.05656776,0.03281153,0.014347248,0.0005909484,0.003845742
-0.017114908,-0.05515167,-0.081552714,-0.08690673,-0.08184704,-0.07733289,-0.08215231,-0.06672834,-0.059764653,-0.05264674,-0.050067455,-0.04790213
0.07731236,0.06737815,0.07093437,0.076125234,0.07001495,0.05935286,0.054135777,0.043122552,0.029442199,0.012746064,0.003098879,-0.0021416545
-0.20994888,-0.20944948,-0.17929718,-0.14187583,-0.11840302,-0.09706947,-0.08616343,-0.07044256,-0.07059872,-0.074500434,-0.07989257,-0.08202898
0.16539988,0.15301299,0.13925982,0.12491383,0.13599966,0.12155604,0.10820764,0.10346675,0.09266277,0.08987823,0.08052468,0.077882975
-0.4540949,-0.42307574,-0.33040154,-0.32494563,-0.2772709,-0.23678485,-0.18597476,-0.15806192,-0.1489305,-0.13071093,-0.12614009,-0.13265872
0.091370374,0.1107083,0.10183348,0.08927174,0.06488955,0.053518813,0.048626304,0.02651245,0.017827883,0.011272059,0.015886296,0.01370358
0.17206058,0.19832817,0.19783488,0.18570605,0.17194758,0.16199246,0.14134192,0.11857274,0.09877343,0.088392064,0.077920645,0.07308571
0.142894,0.12680557,0.10376197,0.08933381,0.07300675,0.0596482,0.051679693,0.04721032,0.048047166,0.051802665,0.055886373,0.057997778
-0.20929247,-0.21040377,-0.1863665,-0.17363006,-0.15851143,-0.14700228,-0.12129587,-0.10731466,-0.09109901,-0.0792217,-0.0699644,-0.062470227
0.049433056,0.043721363,0.03515002,0.023397274,0.021784425,0.014174378,0.009905973,0.00013878942,-0.0035906928,-0.007042287,-0.009837119,-0.007339826
-0.07109392,-0.086713195,-0.054051712,-0.040589053,-0.025224276,-0.024597466,-0.014215395,-0.012115527,-0.017330885,-0.024619196,-0.032321062,-0.034506656
0.6849742,0.6889304,0.59095836,0.5416993,0.47599295,0.4185694,0.35365832,0.30017275,0.27043724,0.25400603,0.24919061,0.24658866
0.15099317,0.18291876,0.19363955,0.20625532,0.18605205,0.17380595,0.14679436,0.13281135,0.116629824,0.11036517,0.101600975,0.09765175
0.7046157,0.7677732,0.66355467,0.62762153,0.5530033,0.51093566,0.4305163,0.39066786,0.35084224,0.3183324,0.29791123,0.27760112
0.27098933,0.2702986,0.25525963,0.21963325,0.19059786,0.16430134,0.15745226,0.13393384,0.12492928,0.122745454,0.12462689,0.12523033
-0.2871949,-0.294833,-0.2488263,-0.21675433,-0.18549533,-0.16636759,-0.14020681,-0.12096835,-0.11163495,-0.10670175,-0.106824145,-0.1020142
-0.22522195,-0.16080508,-0.09538761,-0.04755473,-0.02958107,-0.0076717436,-0.0026398897,-0.0100527555,-0.033439323,-0.05973775,-0.07847127,-0.09177519
0.06983826,0.06373754,0.04715976,0.036388136,0.035018586,0.024163302,0.01837165,0.007078957,-0.0028571524,-0.016303815,-0.022872642,-0.028654896
-0.22568274,-0.23952062,-0.1909079,-0.15690352,-0.118014395,-0.109891996,-0.10078581,-0.09435923,-0.096124835,-0.10715163,-0.11978979,-0.12099895
0.07257568,0.058749057,0.03903473,0.03799054,0.031160422,0.02968768,0.022884429,0.022809114,0.016300593,0.010458678,0.008159358,0.0043565333
0.012064466,0.01620223,-0.0028334511,-0.007278773,-0.008540208,-0.0044150716,-0.012213783,-0.00887719,-0.0030901334,0.0028908944,0.007222034,0.008158992
0.047893602,0.029916804,0.03306272,0.037538026,0.040312644,0.034771837,0.034496408,0.030339167,0.022668868,0.01600201,0.010650413,0.0084927045
0.07080896,0.060497135,0.05522613,0.043111168,0.037049886,0.02882506,0.027075298,0.023476232,0.024456842,0.02484972,0.025238141,0.026117906
-0.10588266,-0.12978116,-0.12630847,-0.11684842,-0.1141186,-0.105472356,-0.09073791,-0.07814212,-0.06940916,-0.060971387,-0.05382102,-0.04731902
0.18767226,0.19795057,0.18092127,0.16417435,0.15310377,0.14028731,0.1216135,0.10271442,0.088540345,0.075066105,0.06670523,0.059361704
0.6480921,0.9886512,1.0548654,0.9261901,0.87520266,0.8071356,0.7524784,0.61515963,0.55813146,0.510628,0.48425707,0.4341905
-0.10603753,-0.09431368,-0.092775576,-0.11216111,-0.10349107,-0.09162931,-0.07583526,-0.06547548,-0.04630466,-0.03053778,-0.01751836,-0.015163101
0.1315731,0.12304106,0.11179626,0.102549545,0.090756945,0.07884575,0.06931025,0.05975002,0.051748253,0.047859244,0.044740368,0.043850392
-0.24898353,-0.2604601,-0.25178447,-0.22557952,-0.21335016,-0.18610317,-0.17582104,-0.14321819,-0.12705392,-0.10783026,-0.09859175,-0.09135501
0.038286194,0.051464327,0.05435155,0.04131086,0.03742435,0.037142262,0.032991968,0.02819324,0.0282932,0.036163345,0.03885044,0.041345708
-0.3259044,-0.3250776,-0.26778856,-0.25981015,-0.231774,-0.2183963,-0.17221053,-0.16437793,-0.14663498,-0.13350043,-0.12257983,-0.11148256
-0.062002655,-0.049865905,-0.04078459,-0.031616986,-0.019011699,-0.012185648,-0.011467893,-0.0101174265,-0.010562176,-0.014142986,-0.01769289,-0.020569827
0.10796699,0.11907244,0.12679982,0.13237667,0.1269,0.116282515,0.10401218,0.08567483,0.06392287,0.0409155,0.02491599,0.015821308
-0.050682895,-0.031116735,-0.0146586,0.004774034,0.029360384,0.039282985,0.031397156,0.029367924,0.021871835,0.008819364,-0.004365258,-0.0127604995
0.18913485,0.23487803,0.24950475,0.2534543,0.24657679,0.22582811,0.20034295,0.15966308,0.11860499,0.07520266,0.04593311,0.028440915
-0.034990788,-0.029290047,-0.031599686,-0.02507862,-0.022178648,-0.014859412,-0.018572297,-0.014619306,-0.01626765,-0.016538162,-0.018128376,-0.019274162
0.32999337,0.34357005,0.30795228,0.27753237,0.23625425,0.21175177,0.19855715,0.1775117,0.16619855,0.16535456,0.16792949,0.16670826
0.055679806,0.05959737,0.063109584,0.049332537,0.04581414,0.03685199,0.03493241,0.027910039,0.029429993,0.030578334,0.031524315,0.033016972
0.07094036,0.052869335,0.03950503,0.048569173,0.046723496,0.036864452,0.021193817,0.01953601,0.016584862,0.011965189,0.008129019,0.0076629184
-0.07546991,-0.06362909,-0.04125675,-0.037038438,-0.012679905,-0.0068693906,0.0036822185,-0.0013459884,-0.0028403252,-0.011290785,-0.01897945,-0.021756848
0.15645102,0.16253527,0.13467717,0.09867115,0.081958555,0.07653101,0.07845005,0.07088541,0.06833237,0.08213674,0.08921484,0.09490813
0.6700009,0.6002146,0.52023536,0.4805743,0.4427241,0.39155322,0.33300006,0.30878785,0.27629584,0.25460815,0.23441817,0.2150599
0.057621278,0.06465733,0.043264497,0.03664129,0.025198504,0.025175706,0.019379769,0.018336173,0.018633924,0.021262994,0.025862195,0.02517616
-0.04562354,-0.06314262,-0.048039563,-0.054098528,-0.047173012,-0.04652461,-0.03495116,-0.039533243,-0.045542724,-0.050661787,-0.054287493,-0.054579765
0.15978941,0.21647575,0.19524434,0.18837777,0.17941828,0.17505988,0.12624435,0.10292803,0.07317601,0.05164185,0.031505845,0.01655566
0.5836387,0.5252918,0.43749684,0.38366097,0.33485162,0.27936202,0.2264395,0.19549587,0.15931055,0.12529695,0.10341066,0.08742154
0.061002165,0.050885938,0.023986459,0.017710313,0.01069437,0.008592233,0.010509424,0.011632517,0.015964556,0.01479812,0.018607503,0.01794304
-0.8942382,-0.9978821,-0.9807201,-0.8612914,-0.7794771,-0.6706435,-0.593415,-0.46697932,-0.3950056,-0.3299564,-0.28699833,-0.26250124
0.082307674,0.12287995,0.1374194,0.11887342,0.10454474,0.0986948,0.0981915,0.077040926,0.06479023,0.06569135,0.064835936,0.066247694
0.03414883,0.02679465,0.019095484,0.024071036,0.016846025,0.010691879,0.012124561,0.010090629,0.010027643,0.006906069,0.008765169,0.008751769
0.07267168,0.040090464,-0.0012086779,-0.00033364445,-0.015616387,-0.022656567,-0.043536156,-0.034733046,-0.036641825,-0.035931636,-0.034647085,-0.034777053
0.40340844,0.40798745,0.3869619,0.37015945,0.33887503,0.3071479,0.25357252,0.21872476,0.17785059,0.14237241,0.11272045,0.09583278
-0.0088525005,0.0018522888,0.0149797965,0.01978621,0.023729336,0.022629939,0.026642576,0.019971779,0.015642317,0.0064314418,0.0013369336,-0.0016706316
-0.26180333,-0.2859906,-0.267324,-0.26045594,-0.24140242,-0.2148157,-0.19887745,-0.17604418,-0.16550341,-0.15526775,-0.15102649,-0.147085
-0.26523075,-0.21156444,-0.17234662,-0.15767856,-0.14680892,-0.105908066,-0.092747375,-0.056997314,-0.030569151,-0.002920799,0.011907443,0.010857403
-0.071433395,-0.091507904,-0.08677003,-0.06884437,-0.06291712,-0.054378428,-0.041046843,-0.025843333,-0.018552916,-0.011320896,-0.0061743557,-0.003904377
0.00032227358,-0.0033262586,0.003971626,0.024438992,0.035965946,0.03511574,0.036137532,0.030881368,0.020414962,0.0049135955,-0.0057357764,-0.00992911
-0.39110306,-0.39699566,-0.3581482,-0.34572557,-0.3108621,-0.2780921,-0.23215486,-0.20117886,-0.17305139,-0.15053758,-0.13501969,-0.12548807
-0.0010204399,-0.011473849,-0.022390578,-0.020495027,-0.020696934,-0.018426184,-0.014763918,-0.008659904,-0.0025546765,0.0019133985,0.0062839584,0.0077013196
0.09061144,0.16214614,0.14844659,0.15049529,0.12972312,0.1262117,0.09595342,0.07563224,0.06049474,0.044367854,0.036355376,0.02420653
-0.102629066,-0.104997076,-0.08894905,-0.076943606,-0.06920941,-0.063437685,-0.05468083,-0.04786386,-0.043000344,-0.040235676,-0.03882859,-0.037145585
-0.07421771,-0.03098721,-0.008945696,-0.011896625,-0.006793283,0.0011963546,0.00815279,0.00073933974,0.0014211982,-0.00017737225,-0.000428766,-0.0019224212
0.6429687,0.62242585,0.49930012,0.47634828,0.3771649,0.3259833,0.25052977,0.23024748,0.21574265,0.21743417,0.22907867,0.23075917
-0.10837599,-0.13519223,-0.12384395,-0.09868522,-0.083758,-0.07467291,-0.0625876,-0.051384263,-0.04967199,-0.050608538,-0.050756175,-0.049770795
-0.28468767,-0.2805088,-0.24928536,-0.23004308,-0.20819335,-0.18216415,-0.16172141,-0.1378983,-0.11764456,-0.09978042,-0.08887744,-0.08206975
-0.11488822,-0.15600859,-0.14807324,-0.12993121,-0.117455736,-0.11257345,-0.09611174,-0.08248459,-0.077401206,-0.08002997,-0.08012802,-0.07846737
-0.07581622,-0.080595024,-0.06631076,-0.07332384,-0.067721754,-0.05990215,-0.04301713,-0.03269736,-0.02941825,-0.021394625,-0.019345243,-0.0180838
-0.32853168,-0.3542183,-0.32514977,-0.29190445,-0.25837487,-0.22847237,-0.22374192,-0.19205606,-0.19001561,-0.1890315,-0.19730051,-0.1982846
-0.13664149,-0.15622514,-0.1330126,-0.12155938,-0.103044584,-0.09441773,-0.071192056,-0.06105105,-0.05411519,-0.05428098,-0.054272655,-0.051608637
-0.08007605,-0.049805887,-0.0071730465,0.0029080436,0.0136553645,0.007506393,0.008329339,-0.005872719,-0.01400917,-0.028690979,-0.038386963,-0.043409158
0.12396048,0.115516864,0.1021307,0.09357453,0.08107973,0.068304285,0.055247694,0.04647041,0.03441295,0.026066381,0.020477442,0.01542091
-0.09565238,-0.10550794,-0.08869835,-0.08629008,-0.07178135,-0.07103933,-0.050826777,-0.047422275,-0.041010603,-0.038961962,-0.03643761,-0.03313078
0.20403294,0.19489782,0.1526529,0.13951764,0.11801535,0.105089426,0.07961197,0.071547315,0.06058129,0.049580492,0.044249393,0.038084008
0.14548767,0.1395894,0.118944265,0.099350244,0.08417672,0.07142011,0.05907152,0.05206518,0.04770473,0.045386028,0.04444622,0.042413123
-0.11651352,-0.12440148,-0.11480057,-0.11664228,-0.10404075,-0.09670453,-0.084448405,-0.075628296,-0.06618206,-0.059031326,-0.05478018,-0.050913457
0.08733852,0.102665395,0.10465452,0.10192959,0.092720516,0.08101639,0.070275925,0.055958048,0.047008593,0.036376882,0.02977424,0.026779346
0.24415687,0.18218778,0.11704886,0.08575797,0.06939319,0.053578988,0.0419465,0.04731074,0.056658268,0.0682255,0.07846926,0.08211453
-0.107390426,-0.12280849,-0.10540019,-0.11250614,-0.10777461,-0.10174492,-0.08626459,-0.076453924,-0.06609836,-0.05305218,-0.04581666,-0.038311493
0.008543551,0.021420594,0.030555826,0.040799838,0.037009075,0.03232102,0.026066452,0.019198699,0.015737075,0.013238823,0.011244671,0.012408521
-0.096229106,-0.09112875,-0.07057321,-0.05506476,-0.044636533,-0.042067435,-0.034196757,-0.03426769,-0.03453225,-0.041012805,-0.043340415,-0.04513456
0.020673245,0.048108824,0.05176662,0.019756626,0.015087552,0.015275475,0.019255485,0.01162074,0.014642862,0.021427229,0.025743525,0.024346773
-0.09389815,-0.14182645,-0.15680909,-0.14276768,-0.12789324,-0.11838281,-0.107779145,-0.08237568,-0.06493389,-0.051358998,-0.042921953,-0.038361173
-0.18376215,-0.18306744,-0.17623715,-0.15654306,-0.13460991,-0.11439431,-0.09660694,-0.08105583,-0.0731434,-0.06948084,-0.06625105,-0.066696845
0.19342662,0.14400572,0.09787154,0.08052604,0.065048575,0.049646124,0.0412578,0.041027024,0.036630757,0.037483424,0.03898371,0.04058118
0.89720756,0.86639225,0.75934505,0.71403277,0.63797593,0.58697915,0.54460025,0.48436576,0.4403332,0.40232176,0.3844059,0.37823763
-0.05924489,-0.031016689,-0.02927041,-0.030931465,-0.021593459,-0.013398327,-0.014733426,-0.013335679,-0.0057054423,0.0027058087,0.007198248,0.008096222
0.27421695,0.26425076,0.21113835,0.17634988,0.14575037,0.12551135,0.101356074,0.096033394,0.098759115,0.107335076,0.11481428,0.1154038
-0.1470159,-0.14804615,-0.13282213,-0.11244346,-0.09189028,-0.08077347,-0.072535954,-0.06340342,-0.063427776,-0.06824793,-0.07253188,-0.07537286
0.13217567,0.12996382,0.11484879,0.09437808,0.079998426,0.06563133,0.06452518,0.057708383,0.055076696,0.05774697,0.05922708,0.06045738
-0.10553743,-0.11227172,-0.10973829,-0.108337745,-0.099668756,-0.090368,-0.078744195,-0.064813204,-0.05294253,-0.040038645,-0.03128308,-0.026562821
0.08248833,0.08620687,0.08697967,0.07307333,0.061543487,0.0475883,0.04816875,0.034731917,0.035928153,0.03900943,0.04277703,0.047670294
-0.19469981,-0.19852373,-0.17151542,-0.16640538,-0.14635426,-0.13256073,-0.11026591,-0.0952921,-0.07782407,-0.06280504,-0.054241754,-0.047570102
-0.019775301,-0.0098203495,-0.013852626,-0.02427589,-0.025009675,-0.024018947,-0.02571505,-0.027744334,-0.02343446,-0.018662415,-0.015795438,-0.014159717
-0.078711614,-0.079851344,-0.048762538,-0.048430484,-0.03580349,-0.037791204,-0.018272802,-0.021801107,-0.019368064,-0.024274582,-0.025913432,-0.025597256
-0.10580512,-0.12994695,-0.11634213,-0.0909595,-0.072477035,-0.06339824,-0.06230608,-0.05340322,-0.0603985,-0.07111974,-0.08167363,-0.08604298
0.12826422,0.23552015,0.29190847,0.23814586,0.2060003,0.19368082,0.18264747,0.14316992,0.12692001,0.1326817,0.13121423,0.13114998
0.039753616,0.031806838,0.026990484,0.03484254,0.03525063,0.033972677,0.030404769,0.02588274,0.013727583,0.007156156,0.003438156,-0.0007270444
0.29346424,0.2348645,0.15594566,0.13877141,0.11039245,0.081481144,0.05691302,0.04837434,0.03782016,0.023021229,0.020913228,0.016880319
-0.12722796,-0.06570454,-0.061703727,-0.040074542,-0.039014347,-0.010055609,0.002876304,0.015037347,0.024961252,0.038382024,0.047288604,0.049853586
-0.19864613,-0.20037436,-0.17912962,-0.15765916,-0.14374036,-0.12304948,-0.10003818,-0.079739474,-0.06780234,-0.057554666,-0.050708693,-0.04694666
0.29389572,0.34490502,0.35384712,0.31948018,0.30902106,0.2674792,0.22385675,0.17257768,0.14872417,0.12691493,0.104028866,0.099233955
0.15692869,0.19960952,0.22043304,0.19696885,0.18547477,0.16860195,0.15061308,0.12117691,0.10441061,0.09568193,0.08597743,0.08158389
0.0053412057,-0.012496997,-0.046171334,-0.054617643,-0.061091106,-0.060170233,-0.052966744,-0.04341071,-0.026901096,-0.013265014,0.0020053182,0.0068707224
0.083790064,0.09544563,0.08018414,0.06811998,0.05874151,0.051888425,0.048788063,0.039954025,0.04128337,0.04088235,0.04426539,0.044228222
0.07328848,0.09556288,0.097601324,0.079034984,0.084780365,0.07507956,0.07106465,0.052306913,0.04937066,0.04396406,0.040969823,0.038140953
-0.11254951,-0.11350774,-0.110704206,-0.104645275,-0.09840014,-0.0866907,-0.0764983,-0.06380132,-0.052344605,-0.044061393,-0.036335625,-0.034672245
0.06881848,0.066245735,0.07419144,0.069376774,0.058306023,0.04390127,0.046287734,0.038243797,0.042538136,0.04916494,0.053735815,0.062192462
-0.26666632,-0.261843,-0.23996104,-0.20241673,-0.17624317,-0.15207784,-0.13402343,-0.11168545,-0.092445046,-0.07772903,-0.06916494,-0.06212093
0.2522316,0.21781555,0.17690068,0.16931921,0.15493822,0.13651022,0.114533424,0.10649215,0.08964875,0.07869984,0.06869446,0.063044906
0.08372713,0.05687464,0.040653586,0.014819995,0.0058578923,-0.006085418,-0.0020154938,0.0005310476,0.013893243,0.027960474,0.038809244,0.046209868
0.014651263,-0.020205326,-0.013337985,-0.006083451,0.00290386,0.001272779,-0.0031631403,0.0019822288,-0.010419944,-0.01964509,-0.03050714,-0.03494294
-0.052739486,-0.049703516,-0.05780893,-0.06522183,-0.05574167,-0.048112344,-0.04165724,-0.032038003,-0.015850207,0.0014205575,0.011513386,0.018120538
-0.011260709,-0.025631811,-0.026435856,-0.018983917,-0.011556711,-0.0105534205,-0.009862978,-0.008391403,-0.009400548,-0.009416148,-0.008403659,-0.00807285
0.43056786,0.4001633,0.35456648,0.32933775,0.29314977,0.25887674,0.21778819,0.18969332,0.15542217,0.12815978,0.10916925,0.09875758
-0.13118145,-0.11643891,-0.098763525,-0.090328574,-0.06308776,-0.052501082,-0.045802213,-0.045240343,-0.047052983,-0.055568866,-0.06253596,-0.06823239
0.062659025,0.05827531,0.043459162,0.036489405,0.033203896,0.025569454,0.020714208,0.01596196,0.014140891,0.009506194,0.008303776,0.005834868
-0.008737731,-0.011732858,-0.012847997,-0.012056442,-0.011406493,-0.013270293,-0.017049883,-0.018431606,-0.021366794,-0.025106465,-0.028091334,-0.028734418
-0.19537097,-0.1683025,-0.12491603,-0.11707618,-0.124726154,-0.11352034,-0.09429528,-0.09633991,-0.09562936,-0.09486079,-0.08968599,-0.085359305
-0.13184506,-0.14935255,-0.120508336,-0.16936171,-0.15063141,-0.15728298,-0.14157331,-0.14695004,-0.1380202,-0.1344341,-0.13754135,-0.13121286
-0.07632591,-0.08715816,-0.08390163,-0.061537802,-0.0539959,-0.045051366,-0.052555818,-0.045449827,-0.053602464,-0.06483526,-0.07410042,-0.07942805
-0.09497372,-0.08064413,-0.07272284,-0.048621736,-0.03392054,-0.01788149,-0.017819155,-0.011605952,-0.021115582,-0.030647956,-0.036357395,-0.045424804
-0.23392487,-0.21318054,-0.18363532,-0.1872015,-0.17144972,-0.15671068,-0.13327783,-0.12171796,-0.10106362,-0.08303396,-0.07033272,-0.06361964
-0.2069385,-0.23560408,-0.21945514,-0.1880257,-0.15748568,-0.13241792,-0.098242775,-0.0755706,-0.058142804,-0.04386733,-0.034245178,-0.026572652
0.8668333,0.82986796,0.6816403,0.62945604,0.585058,0.52865994,0.45567465,0.386315,0.33274743,0.28823087,0.26553756,0.24705236
0.12549385,0.18602294,0.20347296,0.21775077,0.21576542,0.18896806,0.17730545,0.13335606,0.11282677,0.07787979,0.060245793,0.05106959
-0.06644722,-0.053299952,-0.09049485,-0.044192426,-0.07607812,-0.054058082,-0.04874441,-0.03780239,-0.04775522,-0.048200905,-0.037946366,-0.035597052
-0.29274997,-0.28599837,-0.24661215,-0.22482644,-0.19955203,-0.17839572,-0.14983745,-0.13396765,-0.11761533,-0.10703835,-0.09967075,-0.09322102
0.26745722,0.29759288,0.31007951,0.3355715,0.33142805,0.30676576,0.26604915,0.22057295,0.15900108,0.091817565,0.044334576,0.015447542
0.11021072,0.0937416,0.0743528,0.06714802,0.057905093,0.047986306,0.035435267,0.029609226,0.020645808,0.012089409,0.0073066577,0.0033515915
-0.020920252,-0.040960204,-0.05192948,-0.058637425,-0.05879041,-0.05585272,-0.051749036,-0.044539757,-0.039433822,-0.036306832,-0.033239514,-0.032229498
-0.3462525,-0.30604315,-0.2837624,-0.2732299,-0.24802497,-0.21137376,-0.20723936,-0.18281773,-0.1622634,-0.1389929,-0.12958895,-0.12313578
0.05495628,0.031778574,0.040167473,0.05766521,0.05492225,0.04305737,0.033501934,0.027531058,0.01901529,0.00632577,-0.00017369725,-0.0033951597
0.099124916,0.08835577,0.059265688,0.04852043,0.034520045,0.026554726,0.019170202,0.018425781,0.017814692,0.017771974,0.020380428,0.019687356
0.19653974,0.19363214,0.15825331,0.14078104,0.118420534,0.10412896,0.08544105,0.07728047,0.07433782,0.074829794,0.077336006,0.076409504
0.14480521,0.088959344,0.052494034,0.053696677,0.052852288,0.04274015,0.024342358,0.024844483,0.011260554,-0.0025984421,-0.0129790455,-0.018404469
-0.09551515,-0.15753892,-0.1714665,-0.13854583,-0.11731976,-0.101936735,-0.096326016,-0.070065364,-0.07025895,-0.07654889,-0.0813449,-0.08650924
0.010337542,0.032122165,0.036434174,0.03760661,0.03277377,0.03241946,0.030117664,0.02298152,0.021932334,0.020613497,0.021224724,0.0206213
0.151479,0.14281443,0.1322351,0.1285932,0.11721811,0.101947755,0.0866932,0.073139966,0.056013897,0.038221672,0.026511729,0.020181227
0.0002651289,-0.012181548,-0.01575483,-0.017076366,-0.011565217,-0.011388263,-0.0068707205,-0.004511975,-0.0005554799,0.004779565,0.008052178,0.010581117
-0.015788496,-0.046885937,-0.07282222,-0.05782913,-0.050264325,-0.044845037,-0.044760916,-0.029830603,-0.025685778,-0.027625157,-0.027275726,-0.0292133
-0.06039797,-0.043581624,-0.036065277,-0.029751584,-0.026857194,-0.020828744,-0.018956445,-0.018957943,-0.01789639,-0.019838504,-0.020738922,-0.022910837
0.027829207,0.010361958,-0.010509051,-0.014583383,-0.015887413,-0.012741422,-0.022302799,-0.013848754,-0.0109265465,-0.0044754194,8.3623454e-05,0.0003173342
-0.08732989,-0.06837043,-0.07306236,-0.07294305,-0.066947185,-0.05351074,-0.05848042,-0.049721763,-0.0404407,-0.028976489,-0.022280093,-0.020194665
0.33657742,0.3423506,0.2737293,0.25485137,0.22626929,0.21034023,0.19002034,0.16699639,0.15578713,0.13976142,0.1360093,0.12844506
-0.37877864,-0.40674245,-0.3803409,-0.32797998,-0.29019064,-0.2523764,-0.2196252,-0.17872088,-0.16416183,-0.15199086,-0.14581588,-0.14197893
0.0012505362,-0.022583691,-0.02612738,-0.022993397,-0.021659836,-0.020200996,-0.018315598,-0.013588478,-0.018135522,-0.016819049,-0.019185105,-0.016404327
-0.15128693,-0.13281465,-0.103107885,-0.08590536,-0.06543386,-0.052805454,-0.038050637,-0.033124685,-0.026889943,-0.023779187,-0.02340404,-0.020835198
-0.02697666,-0.023725359,-0.018026274,-0.020393534,-0.026704445,-0.026671277,-0.025192425,-0.026388617,-0.023226744,-0.018284667,-0.013108685,-0.010303797
0.11040607,0.07424241,0.041474074,0.02653744,0.01983811,0.010866202,0.008857571,0.015185103,0.024296641,0.03398095,0.042299315,0.046840664
-0.12941936,-0.1307112,-0.08947232,-0.07071865,-0.05727183,-0.054360867,-0.042951636,-0.040934343,-0.042303212,-0.048877332,-0.055947278,-0.054869916
-0.0896766,-0.06716105,-0.036417156,-0.05894,-0.0652546,-0.061613202,-0.050069362,-0.04699993,-0.030578058,-0.0064262226,0.0077322386,0.019245397
0.010252874,0.03353434,0.052451476,0.06647358,0.07798735,0.06829302,0.059666574,0.04402157,0.025234029,-0.0016119312,-0.019427134,-0.032426145
0.055858605,0.04626535,0.028370693,0.0193149,0.007491529,0.0011858791,-0.0014162213,0.004195284,0.008235253,0.015580693,0.022397442,0.023248063
-0.06753835,-0.07335769,-0.06358099,-0.04712103,-0.03715036,-0.030648462,-0.026973363,-0.024247307,-0.031493083,-0.044690426,-0.05283415,-0.058395196
0.16509587,0.20594752,0.23377341,0.22888097,0.20472999,0.18559808,0.17099133,0.14067863,0.11488774,0.0978005,0.083723396,0.07995074
-0.08609539,-0.1186348,-0.102770686,-0.08644202,-0.07377927,-0.07213634,-0.055391356,-0.04392448,-0.04380927,-0.05087299,-0.055642087,-0.056538768
-0.26648492,-0.30605406,-0.29696658,-0.25709555,-0.2325219,-0.20895123,-0.18963721,-0.15515843,-0.13815638,-0.12682554,-0.119837746,-0.11343641
-0.6123741,-0.6613078,-0.62448204,-0.5819888,-0.52123135,-0.4662552,-0.41253865,-0.35034811,-0.29915887,-0.25439805,-0.22615705,-0.2076124
-0.10913566,-0.15996665,-0.112891,-0.1119497,-0.100736946,-0.1050397,-0.11043042,-0.08867908,-0.076954916,-0.04925455,-0.048641942,-0.027360618
0.127085,0.1453036,0.13445754,0.11086744,0.10245188,0.09295715,0.08457824,0.06810914,0.06004606,0.053191375,0.048461188,0.044635914
-0.013124557,-0.02837364,-0.037041206,-0.027626844,-0.022373259,-0.020600049,-0.026837086,-0.021986363,-0.02576894,-0.032802857,-0.03886744,-0.041411545
0.15220055,0.12977915,0.100335956,0.083764866,0.06937817,0.05805196,0.06133233,0.05508183,0.052788213,0.04894287,0.050544433,0.050660428
0.0322477,0.02128946,0.007010162,0.0037020817,-0.0054865293,-0.005638454,-0.0024875142,0.0046950206,0.011720695,0.021886995,0.028706754,0.03516457
-0.2837538,-0.29269898,-0.26607588,-0.24529532,-0.21726312,-0.19515593,-0.16869669,-0.14227872,-0.11903739,-0.100267544,-0.08912328,-0.0813747
-0.4704351,-0.48569047,-0.41829938,-0.37626314,-0.3066828,-0.27808708,-0.27084196,-0.23514782,-0.20499696,-0.1739008,-0.17288455,-0.14977631
-0.004486583,-0.024990663,-0.05177472,-0.06123196,-0.064463176,-0.060353283,-0.057703707,-0.041801892,-0.026970211,-0.008623574,0.0034907302,0.009864889
-0.25531912,-0.24045545,-0.21476123,-0.18922822,-0.16741346,-0.14596018,-0.13365632,-0.114306636,-0.100307114,-0.09287834,-0.09064989,-0.08723127
-0.34738168,-0.34510252,-0.30359313,-0.29368165,-0.2651477,-0.24210629,-0.19968587,-0.18292034,-0.15891832,-0.14154376,-0.1292416,-0.116440825
-0.062344015,-0.057807814,-0.029946864,-0.020902812,-0.012093104,-0.01319189,-0.0015795454,-0.0039166957,-0.0003662482,-0.0026412774,-0.0043957923,-0.0015827976
-0.13292737,-0.10137416,-0.07375355,-0.047072403,-0.045026228,-0.028310157,-0.023060799,-0.018205673,-0.023454323,-0.024770763,-0.027923502,-0.028544186
-0.4797863,-0.52447116,-0.47849506,-0.42955345,-0.38754365,-0.3513359,-0.3092752,-0.26646927,-0.2441201,-0.22788149,-0.22003445,-0.20704022
0.116303556,0.10318754,0.06831969,0.05733049,0.049543217,0.044733383,0.034030914,0.033650335,0.03301348,0.03127954,0.031374358,0.02951534
0.0323145,-0.037421785,-0.07424039,-0.060326785,-0.08247192,-0.084006846,-0.0963522,-0.07855227,-0.08253149,-0.08559649,-0.085548975,-0.08170001
-0.3071787,-0.29220235,-0.24827212,-0.22320531,-0.19139534,-0.16684414,-0.1444287,-0.12553534,-0.11208482,-0.10398328,-0.101578616,-0.09882557
0.14826351,0.13509959,0.09450486,0.072225496,0.054466143,0.04298664,0.031850226,0.02494634,0.025424667,0.0275013,0.03429211,0.034713645
0.14201836,0.14023972,0.1385184,0.12473078,0.11206261,0.09719919,0.08238835,0.06500075,0.050522715,0.038013816,0.027956503,0.02379221
-0.3690719,-0.36313716,-0.32519147,-0.28308588,-0.24919659,-0.21470189,-0.19100907,-0.16059686,-0.14396468,-0.13098845,-0.12545425,-0.12023936
0.19904773,0.19121976,0.14916325,0.11972019,0.08569457,0.07698473,0.07127033,0.0631295,0.06728259,0.083744645,0.09870538,0.10843842
0.07877411,0.13884744,0.15952058,0.16727945,0.16005191,0.15428805,0.1408915,0.113928616,0.088103265,0.063265085,0.04731266,0.03354789
0.2658324,0.24530669,0.21476284,0.1905393,0.1608351,0.14181922,0.1188001,0.106159925,0.088604316,0.08328159,0.07852906,0.0754239
0.017798416,0.062224537,0.07505573,0.07251078,0.061867557,0.059461102,0.05107139,0.03635358,0.029445881,0.026012355,0.023385521,0.022715151
0.05018861,0.04325849,0.025967807,0.024154171,0.020152148,0.01750698,0.016556025,0.0177622,0.020259019,0.022541974,0.02572243,0.0273977
0.023953456,0.02560556,0.011140306,0.012942461,0.010209607,0.011792293,0.0033056308,0.0033303164,0.0025168173,0.0023553502,0.001531309,0.0017991699
0.36749056,0.3496296,0.30860892,0.29964775,0.27485088,0.2409396,0.21251248,0.18333545,0.14569476,0.107155934,0.08574809,0.06769321
0.23488611,0.23151284,0.19913001,0.19041425,0.16239455,0.14177883,0.12391753,0.10702461,0.09520414,0.085434616,0.083983384,0.08087045
0.27795297,0.267836,0.24984339,0.22719468,0.20439485,0.1797968,0.15673348,0.13303709,0.11065713,0.096075244,0.085046925,0.08058225
0.15255311,0.16755894,0.18782169,0.22143108,0.21825922,0.20169199,0.17464992,0.14621213,0.096060485,0.04597149,0.008441776,-0.010206327
0.10460186,0.10527368,0.095016226,0.08712131,0.07711801,0.0721859,0.07031629,0.06395946,0.05880082,0.055862308,0.054862745,0.05386627
0.055206526,0.05870621,0.049018666,0.03443348,0.026240379,0.018063378,0.010540914,0.0035904236,0.0050513456,0.00715725,0.00896214,0.011231775
0.17600635,0.18524759,0.17791799,0.1728498,0.16587546,0.14916311,0.13672194,0.119032204,0.107750595,0.09542171,0.08728734,0.081378445
0.013772296,0.0062083937,0.0010453723,-0.010618247,-0.017587744,-0.016727429,-0.013187686,-0.010225138,-0.007257292,-0.0011644615,0.0034872135,0.0048763175
0.067445904,0.045147285,0.019408613,-0.003847815,-0.0094958395,-0.018385783,-0.020522982,-0.018381111,-0.011367954,-0.004658144,0.0011204518,0.0041375756
0.013776727,-0.028962731,-0.05927273,-0.061465383,-0.05542735,-0.054537237,-0.04386042,-0.027812697,-0.016123705,-0.0058832355,0.0019696765,0.0071205646
0.0127599295,0.027614448,0.061645944,0.057578273,0.068662286,0.050809775,0.051799327,0.029225847,0.02119888,0.0037186556,-0.0073321313,-0.011409653
0.22838435,0.21972811,0.19983357,0.19493431,0.17208606,0.1461779,0.13827822,0.117580265,0.09980959,0.07802899,0.07068785,0.062769845
-0.14622891,-0.12132666,-0.10343377,-0.093585595,-0.08432382,-0.07349103,-0.06297754,-0.05682245,-0.048041977,-0.040198676,-0.035370782,-0.030999005
0.06626497,0.07264773,0.04972551,0.057705335,0.052820705,0.051817246,0.033814736,0.032091465,0.0224943,0.014380103,0.008061925,0.002497118
0.12310396,0.11562243,0.089594126,0.077335805,0.07120603,0.061853513,0.045930326,0.037342504,0.029170245,0.02268961,0.018619237,0.0150990635
0.083474204,0.06882322,0.0647915,0.05692812,0.052986022,0.04379423,0.039545573,0.035955887,0.03055525,0.02588435,0.021426717,0.018903064
0.014645218,0.02183369,0.02786657,0.027675852,0.026995849,0.021642026,0.019572284,0.014184508,0.014192499,0.011673609,0.009991314,0.010612536
0.14088023,0.11005121,0.055675164,0.04761681,0.027569711,0.018298045,0.011846021,0.016842112,0.023654386,0.032364924,0.042985246,0.047658063
0.15236722,0.12610474,0.13450086,0.13483736,0.12144342,0.105453685,0.09864291,0.08770893,0.07240413,0.05888085,0.04947018,0.045606747
0.014787443,-0.003944587,-0.0039802715,-0.013810534,-0.012393884,-0.020992143,-0.01880156,-0.022136386,-0.022943495,-0.027654905,-0.030213367,-0.030018497
0.0033825464,0.0031851325,0.027595494,0.026889168,0.034180325,0.02949786,0.021409549,0.009584896,-0.00594268,-0.022075094,-0.035817653,-0.041232225
-0.085213505,-0.15032613,-0.13937949,-0.099151745,-0.07494894,-0.08047241,-0.06668715,-0.050280567,-0.044761032,-0.04975093,-0.05429159,-0.050025906
0.21331957,0.21428627,0.21575019,0.19683053,0.18244255,0.15446945,0.14974493,0.11799946,0.101225376,0.078036904,0.06534937,0.05969271
-0.15563488,-0.13944146,-0.13284239,-0.12579876,-0.116682366,-0.09838924,-0.08732053,-0.073301464,-0.06317803,-0.054736033,-0.04739347,-0.048184462
0.10425399,0.090618856,0.069230676,0.06433759,0.058198795,0.056329176,0.050714545,0.05020667,0.043972913,0.04259205,0.040563136,0.039584365
0.0020684784,-0.0025117686,-0.013746314,-0.0002699457,-0.006515867,-0.008747912,-0.016611166,-0.011572126,-0.010525605,-0.012335296,-0.012113904,-0.012953736
-0.2648491,-0.2967988,-0.21394402,-0.2032218,-0.16296244,-0.16976108,-0.14320901,-0.14698917,-0.12778533,-0.11210352,-0.10780685,-0.08650945
0.3674765,0.371573,0.29482943,0.27286935,0.24002385,0.21878919,0.18719134,0.16812553,0.1592588,0.13727877,0.12975846,0.11778352
0.3143161,0.2980619,0.25033394,0.21384089,0.19571427,0.17549083,0.14499982,0.11950416,0.09894149,0.08448199,0.07509154,0.06886253
0.36732224,0.3511495,0.3112076,0.29589334,0.29350698,0.26720577,0.22389325,0.19309726,0.15508656,0.11892453,0.09075079,0.07343065
-0.16748837,-0.21040122,-0.23280442,-0.21084143,-0.20117687,-0.19473015,-0.21628925,-0.19102293,-0.17938565,-0.18742523,-0.192115,-0.19436131
-0.08080742,-0.079907134,-0.06238059,-0.043569982,-0.03099709,-0.025140531,-0.018948026,-0.01760098,-0.022598315,-0.030134307,-0.036135413,-0.0386007
0.15632714,0.1647987,0.19249734,0.19635944,0.18489027,0.19383259,0.15630487,0.14843151,0.10801957,0.09177428,0.06569521,0.051809877
-0.086443946,-0.07730883,-0.08443241,-0.07961705,-0.07707162,-0.061683364,-0.06018748,-0.046636507,-0.0368169,-0.026832646,-0.019748628,-0.019382777
0.023470331,0.008136181,0.018332042,0.0060817525,0.015218125,0.005641921,0.018250126,0.011613754,0.017382137,0.017294519,0.02066252,0.02201581
0.08638452,0.08473593,0.08115752,0.08770621,0.08211175,0.076262504,0.08081199,0.06939091,0.057596862,0.04127329,0.03407696,0.028848171
-0.016416963,-0.011405155,-0.037308674,-0.042551465,-0.049146812,-0.038297884,-0.045805488,-0.0357245,-0.033499096,-0.026138175,-0.021549013,-0.021068273
0.030079115,0.025973909,0.0071394853,-0.0018138178,-0.0019457228,-0.00052264705,-0.0034162626,-0.0024536476,0.0016159229,0.0063172514,0.009602143,0.0109948525
0.13769047,0.108255476,0.07528107,0.068344004,0.06487595,0.056581713,0.045854747,0.044975236,0.04102405,0.037309557,0.03508851,0.032586575
0.65766793,0.69023275,0.59161806,0.53133607,0.5097305,0.48799387,0.44949633,0.39812052,0.37267438,0.34009254,0.32059848,0.30859017
-0.32727405,-0.27745628,-0.2132774,-0.19286007,-0.16925281,-0.1483025,-0.119269565,-0.11239177,-0.097118735,-0.08573711,-0.07869527,-0.07256921
0.1957287,0.19346292,0.17995673,0.167442,0.16224746,0.14086592,0.12117456,0.10265734,0.09426904,0.08104429,0.07081372,0.06814389
0.060775444,0.42730457,0.5946023,0.46052817,0.44628268,0.41342735,0.42334762,0.29335687,0.28952083,0.2874644,0.28738526,0.2777022
-0.23624128,-0.18925756,-0.1387532,-0.13391419,-0.111845896,-0.09690228,-0.07323818,-0.07094517,-0.060922146,-0.054086447,-0.051221535,-0.049442276
0.08141692,0.086878896,0.066937864,0.052906908,0.037638832,0.03284154,0.02794905,0.024825066,0.027907904,0.033523124,0.03933663,0.04195883
-0.07135223,-0.07325984,-0.058252856,-0.06657511,-0.07300979,-0.06650983,-0.053103313,-0.045592472,-0.0350136,-0.016754448,-0.00691678,0.0058852267
0.31804198,0.27055144,0.20015699,0.16687405,0.12626655,0.10380986,0.083213896,0.08534452,0.09103152,0.11086411,0.12765276,0.13657707
0.3203224,0.30009282,0.25405627,0.2259204,0.198321,0.1768507,0.16148183,0.14824009,0.14463687,0.1464574,0.15212545,0.15010494
0.15903535,0.19338211,0.20039319,0.17741579,0.16453594,0.14421628,0.12699176,0.099246144,0.081964366,0.06524731,0.054111775,0.045231916
-1.1531174,-1.2002631,-1.1013539,-0.97255194,-0.86135423,-0.75215745,-0.6745309,-0.5625808,-0.5129519,-0.48257768,-0.4740852,-0.46476895
0.5373794,0.5202272,0.45366883,0.45536745,0.4286955,0.39493516,0.339622,0.3161617,0.26664656,0.23575431,0.20910078,0.18369113
0.08248715,0.10861154,0.09642577,0.0837027,0.07577006,0.076309636,0.06112321,0.059570413,0.0618219,0.071925335,0.075473964,0.07531412
0.19409204,0.21134394,0.1810996,0.16753264,0.15507361,0.14412846,0.11799804,0.103065684,0.08782418,0.0751766,0.066940024,0.056113012
0.027968463,0.023565829,0.033220846,0.03402,0.038422506,0.030160893,0.023502126,0.016759181,0.011846058,0.0024290704,-0.004777226,-0.008881401
-0.05446065,-0.043066576,-0.031132597,-0.040942404,-0.037669934,-0.03831029,-0.031303182,-0.034811098,-0.028989192,-0.027509157,-0.024344869,-0.023502208
0.12885004,0.17428577,0.21043506,0.20650616,0.17042547,0.14394234,0.15264687,0.1160812,0.105645746,0.10756121,0.109763876,0.12491537
0.0031224191,0.0120585915,0.0030982746,0.0025814008,-0.0064646606,-0.00420523,-0.003961231,-0.00026539154,0.0073535265,0.017244011,0.026885767,0.029369596
0.14634463,0.11327456,0.097647786,0.09370759,0.07297566,0.058352567,0.044805586,0.035335153,0.010858357,-0.008343607,-0.021943718,-0.02776441
0.14808705,0.1046395,0.08192158,0.07479237,0.060628027,0.046250485,0.027242556,0.024225637,0.011260942,0.004103571,-0.0024644174,-0.004417807
0.008798838,-0.019534133,-0.039274447,-0.038136832,-0.0324548,-0.03143583,-0.036639713,-0.030345818,-0.029099833,-0.031496935,-0.03332193,-0.03417169
-0.15962896,-0.21597666,-0.23318028,-0.21375261,-0.19054121,-0.16794263,-0.14710222,-0.11823355,-0.110114016,-0.10647808,-0.10216695,-0.10135375
-0.43238217,-0.4806198,-0.41016567,-0.3637444,-0.31304428,-0.29363713,-0.25861987,-0.22382967,-0.20070465,-0.18540928,-0.18044299,-0.16850477
-0.0835804,-0.11498478,-0.11317377,-0.11279258,-0.10464279,-0.099730596,-0.08423789,-0.06923978,-0.055460975,-0.04180056,-0.032635354,-0.024855405
0.1311911,0.15592636,0.17628422,0.18275961,0.18374588,0.16791777,0.14196204,0.108012326,0.06839201,0.025738943,-0.005894117,-0.023150295
-0.06974623,-0.050931018,-0.045584235,-0.028004825,-0.022552576,-0.014224328,-0.012908012,-0.005754728,-0.0016807094,-0.0014681388,0.0006974116,-0.003681533
0.032379042,0.016101655,0.014968712,0.0064479094,0.0053666476,-0.0007556323,0.0012678187,0.0013234168,0.0068772053,0.013742193,0.01812966,0.022325061
-0.022298485,-0.02584694,0.0053972127,0.0046687387,0.013986731,0.0035164207,0.008024402,-0.004934717,-0.017399667,-0.038673002,-0.051808696,-0.059689946
0.062472273,0.04005511,0.005136326,-0.006973617,-0.019150048,-0.023517065,-0.02420123,-0.01631818,-0.006449003,0.0018358603,0.01198034,0.0144094825
-0.48734283,-0.5031008,-0.4404087,-0.4009087,-0.34408462,-0.31251705,-0.27523285,-0.24029537,-0.21612325,-0.20668948,-0.20552136,-0.19873351
-0.18233767,-0.16895756,-0.16036794,-0.15144333,-0.1399427,-0.11508803,-0.10212694,-0.08430819,-0.06681503,-0.043443758,-0.02867435,-0.019078098
0.05822873,0.056753747,0.044374984,0.039829735,0.03479344,0.032222986,0.027913317,0.024086524,0.020192254,0.017370583,0.01608866,0.015191073
0.114095576,0.13022466,0.14737697,0.1353032,0.12623888,0.10910453,0.108103566,0.08602667,0.070805475,0.055340935,0.04573653,0.041184552
-0.07989549,-0.086948454,-0.08553599,-0.08716069,-0.08052051,-0.07435608,-0.06958061,-0.059656315,-0.050570242,-0.04111166,-0.036015317,-0.0322809
0.04434774,0.052697487,0.035572678,0.048152488,0.054171965,0.057668664,0.04038229,0.04133189,0.034359433,0.02586121,0.0178577,0.010292947
-0.2904266,-0.28430253,-0.2923311,-0.29896694,-0.28342468,-0.2510072,-0.24766383,-0.2200045,-0.20093112,-0.18563657,-0.1770375,-0.17358476
-0.09210364,-0.11513184,-0.12513839,-0.10952541,-0.10413967,-0.09167667,-0.08319379,-0.06374117,-0.054568693,-0.047115017,-0.040693182,-0.03751412
-0.108072035,-0.1088312,-0.10442456,-0.09696248,-0.089968525,-0.07818923,-0.07578468,-0.06704944,-0.061001338,-0.05243689,-0.048786372,-0.044127677
-0.13602036,-0.1561385,-0.15534702,-0.14765023,-0.120119914,-0.10345923,-0.10015754,-0.078196235,-0.06627547,-0.05518615,-0.053891104,-0.05140777
-0.23128022,-0.24466372,-0.227559,-0.20616373,-0.1825037,-0.16276881,-0.15140207,-0.13032457,-0.11541761,-0.10369918,-0.09834037,-0.09304954
0.2627644,0.20438138,0.09935236,0.05713734,0.016604275,-0.0109974295,-0.09873816,-0.12623122,-0.16228336,-0.2174943,-0.25273216,-0.271518
-0.08018781,-0.08800697,-0.08279748,-0.06367752,-0.05925224,-0.05142714,-0.045476362,-0.037521254,-0.03698988,-0.03797539,-0.037907325,-0.03797713
0.038499705,0.035146125,-0.019745886,-0.03851936,-0.05700013,-0.05518323,-0.052835293,-0.039634805,-0.016395465,0.0012457222,0.022765085,0.027047468
0.28529644,0.28571177,0.25198844,0.24012914,0.21834655,0.2035533,0.17575395,0.15980989,0.13537198,0.1064016,0.08668242,0.07197295
0.427159,0.46686444,0.43786627,0.38971865,0.37004566,0.34351942,0.31695548,0.2616728,0.22852582,0.20816284,0.19386545,0.18619159
0.074248366,0.11191814,0.12758076,0.12867415,0.123851016,0.11657289,0.10957649,0.09108484,0.08263689,0.07564009,0.07013261,0.067601256
0.21557456,0.16522497,0.12205565,0.09030351,0.06388104,0.04814896,0.034306794,0.035074443,0.035057,0.042243652,0.04957316,0.050471127
0.081569865,0.055082314,0.043117613,0.03170909,0.022613063,0.00933557,0.0072393864,0.0025153495,-0.0022241697,-0.0072261095,-0.009518646,-0.009388881
0.18807942,0.18982193,0.16156471,0.14442189,0.11929715,0.108964585,0.09060293,0.08143433,0.07038676,0.06821161,0.06629056,0.063446805
0.008623173,0.03659405,0.040354583,0.037770506,0.034895618,0.03567905,0.02817399,0.021637466,0.019673023,0.018934952,0.018676365,0.016078517
-0.68469554,-0.6292117,-0.57133967,-0.49137253,-0.4290954,-0.3536448,-0.33683348,-0.28295758,-0.26049912,-0.24277031,-0.23882887,-0.24018973
0.04820215,0.050100382,0.045024104,0.036591187,0.029753655,0.024710719,0.022478674,0.015691858,0.012296569,0.008883228,0.008546827,0.007481206
-0.1723655,-0.21308792,-0.20792773,-0.18091369,-0.15877046,-0.14444298,-0.12606171,-0.102541834,-0.09063418,-0.08351111,-0.07915467,-0.074532345
-0.7366063,-0.7572477,-0.6671001,-0.5959199,-0.52910066,-0.47319335,-0.4315592,-0.36944938,-0.33320546,-0.3032702,-0.29172567,-0.28136548
-0.36635274,-0.3845812,-0.37985435,-0.34431142,-0.31442374,-0.27228004,-0.24609885,-0.20163307,-0.17584857,-0.15137264,-0.13521029,-0.12816072
-0.12154743,-0.1614443,-0.17077637,-0.17661731,-0.17825079,-0.16780785,-0.14734823,-0.1189545,-0.095864154,-0.06712482,-0.04836449,-0.034201827
-0.019367069,0.017478231,0.020478033,0.01139533,0.0032760613,0.006711036,0.005050078,-0.0019870624,-0.006799126,-0.006934261,-0.006789081,-0.006203728
-0.058845975,-0.029078662,0.010560207,-0.0088394135,0.0019219145,0.003990017,0.019822706,0.013905,0.015303947,0.018319435,0.01613377,0.01661446
-0.041027762,-0.026296053,-0.018046573,-0.024883032,-0.0051660314,-0.009382512,-0.014238082,-0.02668257,-0.020576857,-0.021089472,-0.022396348,-0.020333927
0.10051055,0.08311566,0.06281841,0.05728808,0.060219023,0.046026506,0.024360433,0.029858995,0.04472479,0.05861115,0.06255852,0.07177298
0.003225646,0.009791341,0.018528264,0.012797447,0.0140469,0.0128347,0.012218608,0.009754766,0.008946663,0.0094073005,0.007724493,0.00722108
-0.12941419,-0.13928178,-0.13266382,-0.12422754,-0.118374065,-0.11100581,-0.10742022,-0.09812459,-0.094755866,-0.09430283,-0.094122976,-0.09289667
-0.1209337,-0.123202175,-0.08454786,-0.06241341,-0.04346448,-0.040870532,-0.027399316,-0.026635587,-0.028333973,-0.039375223,-0.04850309,-0.048799478
-0.035910826,-0.024403911,-0.01482797,-0.021348335,-0.015151326,-0.012279892,-0.008235753,-0.0075632017,-0.0018677618,0.0057229083,0.008914573,0.0110398345
0.10984777,0.086427554,0.060895562,0.03960313,0.023138836,0.014760345,0.013730526,0.016588748,0.021559007,0.02811813,0.034148008,0.037232112
-0.20241214,-0.25342476,-0.26637492,-0.23800187,-0.22241691,-0.19623207,-0.18046322,-0.1397649,-0.120406955,-0.101621985,-0.08966021,-0.08278767
-0.5721726,-0.53896075,-0.47179994,-0.3903483,-0.32534987,-0.27591795,-0.27668914,-0.24667291,-0.24805611,-0.2617274,-0.28295696,-0.28991964
0.006244179,0.006712271,-0.00053164974,-0.018472165,-0.023855275,-0.025544371,-0.021489598,-0.017791402,-0.0040467996,0.012019982,0.024497053,0.030067695
0.0412715,0.043408617,0.046292093,0.04539323,0.03325337,0.027106151,0.024742972,0.022336954,0.0245155,0.028956678,0.03274193,0.03596279
-0.42827296,-0.47372484,-0.43046218,-0.38866538,-0.31519297,-0.2781548,-0.25300786,-0.20490903,-0.1870616,-0.17482916,-0.18113528,-0.17938033
-0.039109174,-0.032706413,-0.013792232,0.0010532513,0.0016685948,0.0033490881,0.004359886,0.004980011,-0.001577694,-0.007363692,-0.012894471,-0.01480183
-0.52984214,-0.47382882,-0.39821434,-0.3811603,-0.33135432,-0.28830466,-0.23783144,-0.21391253,-0.18348143,-0.15650526,-0.14145236,-0.12996754
-0.25151432,-0.19143207,-0.14815173,-0.1266182,-0.10848874,-0.089644164,-0.07454507,-0.07446611,-0.0678201,-0.06399797,-0.06109824,-0.059812635
-0.016374879,-0.04009272,-0.062493186,-0.07069667,-0.069438264,-0.06337694,-0.06166763,-0.04712347,-0.033339065,-0.01825364,-0.0076363506,-0.0030832493
0.11193637,0.11091637,0.09026984,0.083563015,0.06366892,0.054993566,0.052205823,0.04690218,0.047652856,0.049435213,0.05565245,0.057739362
0.40145427,0.39960453,0.3756093,0.33066872,0.30196047,0.2620692,0.24314803,0.2062645,0.18816619,0.17112154,0.16108012,0.15835452
0.23906738,0.21706042,0.10490887,0.19867903,0.16846254,0.15072659,0.11285849,0.14146289,0.1609056,0.12962724,0.1383267,0.12064816
0.02816236,0.015377499,-0.012422413,-0.026024595,-0.033507377,-0.034359418,-0.027597092,-0.022020455,-0.00928444,0.00092705153,0.012022501,0.016518043
-0.2946821,-0.33092147,-0.33451545,-0.2857715,-0.26287523,-0.23463547,-0.2158816,-0.18352008,-0.16829696,-0.16438878,-0.15423666,-0.15402359
-0.46810356,-0.5123214,-0.49697456,-0.48227414,-0.43787682,-0.40149868,-0.35551947,-0.30372518,-0.26400575,-0.22886035,-0.20442463,-0.19076908
0.24091046,0.21135283,0.17285353,0.14878881,0.11226773,0.093016356,0.07164776,0.06503986,0.054796115,0.055905312,0.058072962,0.05953414
-0.07940157,-0.0810408,-0.061452806,-0.04330215,-0.025629744,-0.022627786,-0.0126845315,-0.014869008,-0.017356336,-0.025998447,-0.031303354,-0.033784695
-0.42858937,-0.42406106,-0.34923527,-0.30137956,-0.268953,-0.23557723,-0.19779909,-0.16917509,-0.1475797,-0.124403834,-0.11335836,-0.100578144
0.22177786,0.23712766,0.24013802,0.20921212,0.19271164,0.16085088,0.15361162,0.1217317,0.10648021,0.08736293,0.07658863,0.06962128
0.062512085,0.053817593,0.01677832,0.012650967,0.0038753226,0.0067467615,0.0016438067,0.0045149587,0.005660344,0.005124349,0.009438444,0.007355746
-1.7872813,-1.9130548,-1.8013874,-1.6039388,-1.4376433,-1.2636484,-1.1364763,-0.9407972,-0.84265745,-0.76831794,-0.73243487,-0.70275235
-0.067919865,-0.056149077,-0.035395093,-0.02490583,-0.016748123,-0.016513497,-0.01980333,-0.02786567,-0.036180552,-0.053489733,-0.06438311,-0.07009046
0.29645973,0.28548753,0.25187385,0.24102622,0.21729973,0.18411747,0.15883204,0.1343762,0.116006166,0.097452514,0.08799669,0.08197351
-0.20756304,-0.22884786,-0.22697262,-0.1940771,-0.1670451,-0.14581522,-0.12514552,-0.0997318,-0.08256034,-0.07392867,-0.06698801,-0.06264621
-0.016256478,-0.043428406,-0.055264343,-0.052081704,-0.059204802,-0.057549223,-0.048841737,-0.03554063,-0.02285897,-0.008807993,0.0033299862,0.0096601015
-0.08898972,-0.06580944,-0.009916186,0.022190243,0.047534287,0.050582826,0.04797054,0.027677521,-0.005782686,-0.048443828,-0.08033693,-0.09669086
0.63999194,0.63650596,0.5123131,0.62865114,0.5598575,0.5262693,0.359851,0.35996076,0.33238462,0.31320778,0.2894643,0.28423995
0.048725013,0.035906214,0.018339857,-0.0020167232,-0.011333697,-0.014978021,-0.01856115,-0.015708677,-0.012349427,-0.003949484,0.0006559584,0.004699366
-0.36302102,-0.3398087,-0.3102178,-0.2740773,-0.21064195,-0.17206553,-0.16226448,-0.13783273,-0.118229195,-0.104388855,-0.10267477,-0.09977083
-0.14627507,-0.14086184,-0.12949295,-0.13804504,-0.12860407,-0.11911473,-0.109069765,-0.098209366,-0.08086501,-0.06281695,-0.052495472,-0.04489465
0.041134685,0.05504179,0.04781451,0.059659187,0.05458069,0.05540038,0.037901722,0.03868733,0.03282945,0.03199307,0.027609102,0.025255114
0.17312574,0.13127401,0.074707985,0.024176717,-0.013364613,-0.032629818,-0.031479582,-0.024862573,-0.0010177568,0.028102081,0.055071417,0.06914376
0.112420805,0.11045872,0.096252084,0.08209048,0.07179087,0.060382918,0.055035755,0.04725447,0.045353524,0.04397802,0.045309078,0.04437207
0.12666166,0.1406635,0.12624446,0.11312925,0.10691137,0.097845465,0.0871077,0.07188325,0.061852247,0.04807084,0.040852364,0.033221
-0.0148695335,0.05431149,0.09917006,0.11940311,0.12122156,0.12052872,0.121206895,0.10102747,0.08023991,0.05976547,0.04453046,0.03528852
0.06402566,0.0803986,0.076773554,0.0680433,0.06182269,0.05333078,0.05015395,0.03909215,0.040110257,0.04444642,0.04810722,0.052117035
-0.15797578,-0.16396827,-0.14667393,-0.13851112,-0.12948805,-0.11644906,-0.09933552,-0.08425289,-0.07422802,-0.06461401,-0.0581149,-0.054852813
-0.03907745,-0.041361336,-0.009766649,0.011734664,0.012090858,0.009272665,0.010667585,0.006813485,-0.01198121,-0.032386445,-0.04607877,-0.05395162
-0.3803065,-0.39435056,-0.37048835,-0.3539675,-0.31046522,-0.2830045,-0.24807274,-0.21266732,-0.17024642,-0.13836701,-0.11822262,-0.10337277
-0.18790978,-0.18872786,-0.18339688,-0.17987649,-0.16738966,-0.15178514,-0.13862593,-0.11920379,-0.10190882,-0.08579189,-0.07532732,-0.070379704
-0.042943165,-0.028671127,-0.018398248,-0.024586564,-0.025825746,-0.022548,-0.016753927,-0.018115386,-0.016609946,-0.012103815,-0.009285694,-0.007310489
-0.14270875,0.05971846,0.1421718,0.08177355,0.07910591,0.09990594,0.09794524,0.066547155,0.07670316,0.104859546,0.11603606,0.11531465
0.16821647,0.18113494,0.16167387,0.13900411,0.13067965,0.11741319,0.10851066,0.092590764,0.089515194,0.084407724,0.08324274,0.07892489
-0.062423714,-0.102357335,-0.11719417,-0.099724606,-0.095675185,-0.085603684,-0.08433147,-0.064410515,-0.06130986,-0.058054723,-0.05760257,-0.056624964
0.09617838,0.056485027,0.008152097,-0.0013376474,-0.009450987,-0.008168712,-0.013316482,0.0039933473,0.016284727,0.029583469,0.038613472,0.04247473
-0.07982686,-0.0854785,-0.07410533,-0.059587013,-0.051517397,-0.044605225,-0.037256937,-0.031899475,-0.031331882,-0.031144783,-0.031503458,-0.02985004
-0.108183466,-0.09964364,-0.08188301,-0.08128063,-0.069581635,-0.0576661,-0.05646372,-0.04824677,-0.040625043,-0.026838254,-0.02289392,-0.016133483
-0.026490856,-0.054435194,-0.06627463,-0.054627705,-0.047061324,-0.04029397,-0.03460846,-0.023375612,-0.01841763,-0.017325733,-0.015744802,-0.014561988
0.052613676,0.08976978,0.098539576,0.11347725,0.115098715,0.110350005,0.09615762,0.074071765,0.047012992,0.015634943,-0.003823312,-0.017545484
0.065049216,0.0517056,0.049332388,0.050610654,0.052576184,0.046881102,0.042728078,0.038533557,0.03220478,0.022228718,0.016483884,0.010720201
-0.031813946,-0.029378645,-0.0057376027,0.008134928,0.0086886585,0.007846016,0.007569827,0.006417148,0.0011442192,0.0007683523,-0.0028174035,-0.00028437376
-0.091148846,-0.08326593,-0.076433286,-0.06735568,-0.056260847,-0.04648958,-0.03935829,-0.037689105,-0.037628703,-0.046264604,-0.05004301,-0.054520044
0.115146026,0.2008309,0.1395355,0.08360746,0.08537127,0.10143376,0.08711176,0.056247186,0.055132784,0.07403227,0.08659795,0.09705647
-0.1208142,-0.14452581,-0.12856981,-0.113834605,-0.09787406,-0.0921413,-0.08124911,-0.06917319,-0.06088698,-0.057884447,-0.05686668,-0.05440081
-0.16402215,-0.19166481,-0.1808702,-0.1474571,-0.117067695,-0.105636835,-0.09514213,-0.07617951,-0.07192698,-0.07626067,-0.081221096,-0.083172366
0.06151779,0.068228625,0.07158333,0.069838375,0.07342404,0.067030475,0.055331353,0.04344248,0.029152388,0.014665765,0.0028282572,-0.0043497067
-0.36734414,-0.35183465,-0.2949973,-0.278482,-0.24288893,-0.21460316,-0.17956997,-0.15698162,-0.13439804,-0.11768826,-0.11020251,-0.103672385
0.2803686,0.22760415,0.1643461,0.1498572,0.11351907,0.092240006,0.076189205,0.07735796,0.06814346,0.06503485,0.06710997,0.065757
0.15005553,0.118607335,0.10963259,0.09538835,0.07784615,0.05693169,0.05311756,0.045966268,0.038510643,0.031498116,0.026859961,0.028417446
0.10232852,0.11207121,0.10230979,0.09207186,0.091419026,0.08457542,0.07297976,0.060394935,0.055183616,0.051425505,0.046173166,0.04688791
-0.3308469,-0.36306238,-0.3266817,-0.2857499,-0.25798607,-0.22774474,-0.19939885,-0.16246912,-0.14840637,-0.13502008,-0.1288186,-0.12450317
0.08069786,0.107070535,0.10368239,0.08827822,0.07938192,0.070331015,0.07016645,0.058017038,0.05657061,0.05369202,0.05299775,0.052190673
-0.06395627,-0.026917137,0.02856873,0.008023359,0.010408163,0.004219435,0.017868735,0.011601936,0.027162235,0.033878785,0.039747305,0.043495405
0.17217448,0.1771354,0.15308349,0.15929955,0.13513705,0.12332535,0.13640985,0.12445711,0.11276045,0.09845376,0.10184124,0.094099686
0.14459683,0.12509313,0.09040102,0.07652404,0.07861121,0.07210203,0.07140606,0.06534855,0.073162615,0.074441075,0.07856238,0.08086296
0.10536391,0.09264098,0.09223081,0.073622525,0.0643475,0.05645121,0.063861415,0.054838426,0.048512496,0.044700623,0.044348694,0.042630006
-0.14946948,-0.09254691,-0.048277676,-0.065228224,-0.059672758,-0.05502975,-0.038569003,-0.047701538,-0.03404312,-0.024396531,-0.015719086,-0.0138574615
0.3656106,0.38094163,0.32810736,0.3121695,0.2798609,0.2553271,0.22876799,0.20269343,0.1861653,0.16798669,0.1620259,0.15192905
0.21344382,0.27284676,0.2658937,0.23804998,0.21775997,0.19988883,0.18403973,0.15225555,0.14056997,0.13209178,0.12873629,0.12263512
0.089127615,0.078394435,0.035212353,0.031328604,0.021919295,0.027516976,0.020901352,0.027549706,0.024591856,0.024706379,0.026280884,0.022042759
0.10767105,0.101661265,0.09893463,0.09258288,0.0870118,0.07923157,0.07389926,0.06699745,0.060351193,0.05486982,0.050188757,0.04837159
0.20734574,0.21589035,0.17917642,0.16837801,0.15536422,0.15127946,0.12721911,0.11636029,0.10182989,0.08978772,0.08063273,0.07223215
-0.37204015,-0.4578947,-0.42244014,-0.39660943,-0.37847847,-0.35164902,-0.29477775,-0.23984885,-0.21338317,-0.18223776,-0.16354188,-0.14948471
-0.0022911124,-0.0057724123,-0.003047675,0.0022518318,0.0044213943,0.0037156125,0.00467463,0.006926883,0.006185979,0.0056821285,0.0045580007,0.0034630958
0.10779513,0.1107806,0.09690118,0.09300168,0.0742991,0.067641884,0.059120454,0.052091792,0.045199208,0.04173373,0.04192286,0.040357806
-0.4598895,-0.43824077,-0.38593322,-0.35558146,-0.3196816,-0.2863682,-0.25257105,-0.22819985,-0.20401391,-0.19121116,-0.182262,-0.17647539
0.8163245,0.7630311,0.6926816,0.64904773,0.607253,0.53552353,0.4890973,0.43742722,0.4098179,0.3864809,0.37285382,0.36587822
-0.21536034,-0.23986304,-0.2477214,-0.22930326,-0.2188704,-0.19657867,-0.18487662,-0.15292364,-0.13606516,-0.121013544,-0.11137141,-0.105822094
0.14514297,0.13216254,0.11691658,0.10536729,0.09819794,0.08615185,0.07443334,0.06513398,0.05681693,0.048121415,0.04213206,0.03780189
-0.03400685,-0.101193376,-0.15323912,-0.17272386,-0.16669673,-0.17970115,-0.1914888,-0.17976274,-0.16173422,-0.1663959,-0.16562581,-0.16274416
0.2081556,0.22861604,0.16877764,0.10324432,0.059536397,0.032017633,-0.01595211,-0.036067754,-0.0351931,-0.03439328,-0.030370645,-0.031018056
-0.024927486,-0.043312117,-0.035499558,-0.044058103,-0.03451736,-0.03303568,-0.03510264,-0.032223146,-0.02829251,-0.024760982,-0.02524185,-0.022097133
0.060565952,0.045592412,0.008848369,-0.0056734085,-0.079456374,-0.056319505,-0.039133295,-0.0063829124,-0.008703724,0.04267037,0.07552382,0.09399469
-0.06681169,-0.06308493,-0.04468084,-0.034505773,-0.018503785,-0.012058347,-0.00027620047,-0.00042850524,0.00047658756,-0.0031561125,-0.005398201,-0.0074861767
-0.025986709,0.02029708,0.03569758,0.031969316,0.017808482,0.023790795,0.018322013,0.012193512,0.011824213,0.02153531,0.028207798,0.030628078
0.39259806,0.34898525,0.28055266,0.25752825,0.22069612,0.18804026,0.1650972,0.15352154,0.14834481,0.1476761,0.14978555,0.15338668
0.29111105,0.24373461,0.19353577,0.19504318,0.17313714,0.14865303,0.12701385,0.118274495,0.09927547,0.07738863,0.06628989,0.05823718
-0.042581603,-0.08075686,-0.10176683,-0.09380306,-0.09507365,-0.08801405,-0.08184317,-0.06290865,-0.05054122,-0.036838077,-0.026790645,-0.020309867
-0.43656665,-0.37361592,-0.31639805,-0.28781182,-0.25483677,-0.21830332,-0.17813689,-0.16643074,-0.14965613,-0.13539794,-0.12644497,-0.11575401
-0.14096402,-0.15462519,-0.16297203,-0.16664526,-0.16282748,-0.15098351,-0.1377969,-0.11403225,-0.08901959,-0.06446231,-0.04745413,-0.03723076
-0.15564111,-0.14984733,-0.14443839,-0.1356558,-0.13060416,-0.11584383,-0.103971414,-0.08918916,-0.07606631,-0.061141197,-0.05107701,-0.043744285
-0.0745192,-0.10821253,-0.14540735,-0.14133018,-0.1533384,-0.13919464,-0.13135332,-0.10625707,-0.099850886,-0.08349638,-0.06993093,-0.063138254
0.118789785,0.12224326,0.11378655,0.10972489,0.10233404,0.09389926,0.08384286,0.072849005,0.062106818,0.05429311,0.049552217,0.045296878
-0.10658095,-0.05362226,0.014262453,0.0034953505,0.024992853,0.021697342,0.034631595,0.013359822,0.009566024,0.0017520413,-0.0064396933,-0.009346768
0.3287652,0.3114495,0.28951332,0.26456106,0.24144529,0.20590903,0.17747249,0.14791365,0.1256071,0.10694709,0.09383774,0.08907634
0.1898582,0.13059,0.030504823,0.025798947,-0.0155928135,-0.019162834,-0.049736947,-0.032468632,-0.020216301,-0.022382453,-0.007256955,-0.013575196
-0.7711923,-0.77785575,-0.7042073,-0.64864194,-0.5841148,-0.51591027,-0.44670898,-0.38068128,-0.33052164,-0.28690195,-0.25934535,-0.2427899
0.21524042,0.21325086,0.18079245,0.15436174,0.13367401,0.11693921,0.097683795,0.08451296,0.078005075,0.073307335,0.071794994,0.06805749
0.19897634,0.20401701,0.18594587,0.16429126,0.14341968,0.11921902,0.10816235,0.08661029,0.07620364,0.06865256,0.06654365,0.06609635
0.3189776,0.3364552,0.2845298,0.2628979,0.24150181,0.22045988,0.19072431,0.16408132,0.15897198,0.14550835,0.1437982,0.13543205
-0.17509244,-0.17217132,-0.15491721,-0.16344231,-0.14789543,-0.13991813,-0.12043601,-0.11576228,-0.10052012,-0.08942921,-0.080409214,-0.07399034
0.03935929,0.041214094,0.016312517,0.03446487,0.02495221,0.025813885,0.026968237,0.030867506,0.028615318,0.020248264,0.019908605,0.016424226
0.425682,0.51835346,0.42111203,0.3708528,0.3005035,0.29655534,0.2895919,0.2445429,0.2213206,0.21725282,0.22473587,0.23014821
0.42296582,0.3672905,0.33516908,0.28990906,0.24508494,0.20523842,0.18583547,0.1558329,0.13613692,0.13199228,0.12985045,0.13666657
0.17186321,0.1317311,0.07576728,0.049436986,0.022428513,0.011261344,-0.003874883,0.0042176098,0.0063497648,0.014721058,0.021386791,0.023447454
-0.05052585,-0.064296216,-0.06975417,-0.06856579,-0.069186136,-0.061831243,-0.05926457,-0.050455153,-0.048870508,-0.04254581,-0.038521234,-0.035314105
0.25526002,0.24460152,0.23199639,0.19427472,0.16872782,0.12971121,0.10271708,0.069631904,0.055443365,0.036781408,0.025893964,0.02485798
0.06085762,0.045346983,0.0138819665,0.0049891546,-0.006255038,-0.005154252,-0.009673595,0.00010316819,0.0087137185,0.021565592,0.03200575,0.035334677
0.22867368,0.24413642,0.22235689,0.21555078,0.19263136,0.17364794,0.14848675,0.12758999,0.10674298,0.08991931,0.0796413,0.07170132
-0.3017779,-0.2528834,-0.1837782,-0.17748739,-0.1479948,-0.12986843,-0.10256776,-0.100241005,-0.08118245,-0.06730819,-0.06182342,-0.05446239
-0.07846678,-0.07916951,-0.07393268,-0.0694692,-0.068324044,-0.059857618,-0.058555476,-0.04585191,-0.039091706,-0.029168203,-0.023853146,-0.022294369
-0.116497934,-0.10530645,-0.1128601,-0.08135276,-0.056206577,-0.031463996,-0.024864562,-0.0030506253,0.014279868,0.017100563,0.018851765,0.016231015
-0.0075965263,-0.036516413,-0.05953066,-0.030387156,-0.03586425,-0.029993203,-0.034826484,-0.018141452,-0.01603764,-0.013322541,-0.009898031,-0.0072923824
0.2556159,0.25368166,0.24496612,0.2474021,0.23865929,0.21753952,0.19539194,0.17073582,0.14183602,0.10976468,0.086824454,0.07257008
0.5018479,0.49973065,0.41155872,0.3653166,0.32037532,0.2878316,0.22417843,0.20780562,0.1966697,0.20265257,0.20339979,0.19903195
-0.25246215,-0.25781742,-0.23653522,-0.22333428,-0.19891936,-0.18228802,-0.15780059,-0.13489297,-0.107820615,-0.08215437,-0.067167945,-0.05421508
-0.10824619,-0.13292722,-0.13519038,-0.13639505,-0.13011596,-0.1251008,-0.110353276,-0.09534514,-0.0780651,-0.06172195,-0.049223095,-0.040885307
-0.17206472,-0.16206461,-0.1477764,-0.14071336,-0.13174704,-0.114719406,-0.103793435,-0.091931604,-0.088319875,-0.08712292,-0.08592771,-0.087512165
