0.39256477,0.42062306,0.4294532,0.43449414,0.40363967,0.443444,0.40252864,0.38311148,0.29044402,0.2543088,0.23008417,0.19672136
-0.44043225,-0.4498446,-0.45304507,-0.4547252,-0.4402421,-0.4374412,-0.41087776,-0.38960004,-0.34993604,-0.31297594,-0.27612162,-0.22749007
0.32878748,0.31925595,0.3099115,0.29999706,0.28702757,0.27269673,0.2528896,0.23770896,0.2240364,0.21081626,0.19329953,0.16909902
0.07452888,0.06806153,0.06241622,0.05620881,0.04767142,0.044608768,0.046519123,0.04832643,0.047221676,0.04367698,0.050111335,0.05548444
0.2164295,0.22032082,0.21978092,0.22163583,0.21030518,0.20676278,0.19337729,0.19013499,0.18234509,0.16225056,0.14131704,0.12293262
0.35679826,0.34155667,0.31711102,0.30761707,0.28569573,0.26929238,0.26187629,0.2589242,0.25803417,0.2640476,0.2662824,0.27208683
0.65174884,0.63055915,0.60008717,0.5802238,0.5490908,0.5160533,0.4933495,0.4782862,0.4745434,0.46396205,0.4482745,0.43041405
-0.15664944,-0.15584809,-0.15298182,-0.15342008,-0.15122223,-0.14967585,-0.14201999,-0.13775267,-0.13070461,-0.124879554,-0.10830057,-0.09625134
-0.3289161,-0.32223743,-0.31254157,-0.30409414,-0.29301223,-0.28993315,-0.2741412,-0.2616905,-0.2413059,-0.22247307,-0.20793279,-0.19202176
-0.48551023,-0.46656013,-0.44673115,-0.4186717,-0.40774903,-0.39218655,-0.36991104,-0.3378833,-0.29700744,-0.28605744,-0.2915537,-0.2538384
0.084960565,0.09986321,0.108474344,0.11037592,0.11483788,0.12040852,0.10193193,0.0896924,0.08707061,0.07726362,0.059521466,0.04479532
0.59513295,0.5718544,0.5363802,0.5174429,0.47244897,0.44972622,0.41933578,0.4068631,0.38975653,0.37085524,0.33505476,0.3131842
0.1388926,0.1479101,0.1569512,0.16245097,0.15757456,0.15695523,0.14664724,0.14045414,0.12488644,0.10637926,0.09294213,0.06770032
-0.23834988,-0.23489082,-0.22716294,-0.2212641,-0.20315881,-0.20156421,-0.1904652,-0.18601765,-0.16823867,-0.14860614,-0.13722685,-0.12603061
-0.8793063,-0.8489477,-0.80004495,-0.7723408,-0.72985727,-0.70631075,-0.67017365,-0.6535618,-0.60863245,-0.5786434,-0.55563825,-0.532457
-0.113286324,-0.11028049,-0.10531526,-0.10597669,-0.10477788,-0.10358472,-0.10040614,-0.09852974,-0.09599441,-0.09683022,-0.09422406,-0.0938925
0.09875428,0.09590894,0.090762615,0.08845916,0.083836615,0.07836056,0.07314261,0.07100831,0.07180088,0.06754918,0.05884533,0.053386196
-0.09567874,-0.073414564,-0.055133037,-0.036933772,-0.035067417,-0.022038355,-0.020923235,-0.021951348,-0.03495091,-0.045356207,-0.057008363,-0.0679107
-0.005184195,-0.009134858,-0.0131764775,-0.023339728,-0.026847742,-0.031260345,-0.035967156,-0.036939226,-0.038059488,-0.04380169,-0.03711503,-0.03789188
0.27038407,0.25012317,0.22688325,0.2098042,0.19977555,0.1891158,0.1802573,0.17656496,0.1682862,0.16474046,0.16211271,0.16484493
-0.16905086,-0.1405379,-0.119769365,-0.10151267,-0.10119113,-0.094888724,-0.09333372,-0.08993206,-0.090567715,-0.095021576,-0.096958324,-0.109836414
0.18917918,0.17762053,0.1615892,0.14911635,0.13709114,0.13588895,0.12945072,0.12404928,0.113204114,0.10957317,0.11662537,0.117786825
0.10973401,0.107341774,0.10315504,0.102908015,0.095190585,0.09199466,0.087736465,0.08531391,0.07629766,0.07341884,0.06654585,0.05387377
0.5233287,0.5037892,0.48315915,0.46592683,0.44191992,0.42350608,0.40131053,0.38954437,0.36264747,0.3363531,0.31772286,0.2953532
0.22452538,0.21895665,0.21265797,0.20983969,0.19598079,0.18777692,0.17980972,0.17604092,0.17097642,0.16257733,0.14488934,0.13555184
-0.12865369,-0.1215341,-0.11775837,-0.115596145,-0.10228365,-0.09453761,-0.09223671,-0.09059062,-0.09664536,-0.09552233,-0.08622403,-0.08356227
0.20521851,0.18999162,0.17617506,0.16667783,0.15967934,0.15365061,0.14973292,0.14499342,0.1439171,0.14392117,0.13826793,0.14073619
-0.04972609,-0.054940443,-0.05870901,-0.060339212,-0.062632464,-0.06891948,-0.063998364,-0.05987946,-0.04855633,-0.04061174,-0.036335897,-0.027869605
0.6583688,0.648491,0.6236727,0.60963374,0.5799591,0.5605859,0.52468085,0.5061139,0.47855428,0.4482397,0.41012174,0.37439096
0.14688347,0.14193058,0.13645615,0.13269074,0.12685814,0.119726434,0.11259675,0.10923408,0.10151082,0.09344954,0.08983988,0.082000226
0.22645502,0.21784978,0.20313904,0.18927386,0.1704692,0.16534755,0.14888684,0.1460261,0.13653795,0.12621719,0.11843201,0.11902083
-0.09907237,-0.07769263,-0.061946962,-0.044619028,-0.030222852,-0.023342956,-0.03534074,-0.04126493,-0.04959881,-0.0528998,-0.07567235,-0.09532019
-0.19107464,-0.16546205,-0.13447802,-0.113205396,-0.092350796,-0.0807629,-0.07757813,-0.07815468,-0.08150487,-0.09590175,-0.10342702,-0.122212976
-0.35522848,-0.33399123,-0.31126872,-0.2963238,-0.27411798,-0.26386714,-0.25348637,-0.24652863,-0.24242401,-0.23582068,-0.22515023,-0.22260915
0.014149941,0.023038004,0.029922023,0.037071392,0.033672377,0.03859687,0.0352492,0.033236574,0.03406465,0.028521035,0.01705036,0.012611466
-0.08592431,-0.08246006,-0.07865755,-0.07407178,-0.06701718,-0.06573031,-0.0606441,-0.058539882,-0.047540113,-0.039060194,-0.034454383,-0.030799562
0.3480058,0.3340827,0.3270014,0.31678802,0.29619583,0.27030152,0.25977197,0.25016263,0.25922114,0.2293299,0.20443569,0.17352945
0.038647935,0.039893966,0.038325164,0.04126186,0.05286919,0.04412862,0.040180348,0.040576223,0.04018262,0.039346244,0.028498482,0.020069137
-0.014536971,-0.022026058,-0.028290017,-0.029768843,-0.032212846,-0.036702927,-0.028247334,-0.024526354,-0.009662936,0.0030404758,0.012474643,0.028903857
-0.17355785,-0.16525847,-0.15769765,-0.15687983,-0.15369141,-0.1462516,-0.14496665,-0.14398472,-0.14256902,-0.14218155,-0.1332675,-0.13152069
-0.1819203,-0.17513482,-0.17298438,-0.16803905,-0.16053644,-0.15561199,-0.14844748,-0.14149685,-0.14219654,-0.12947829,-0.11477426,-0.10382038
-0.511417,-0.5138241,-0.506131,-0.50155705,-0.4781229,-0.47579685,-0.44658908,-0.42548287,-0.39929888,-0.37278354,-0.3385158,-0.30558476
0.0640167,0.063842356,0.061272115,0.058919553,0.05654636,0.055255607,0.052615475,0.05097393,0.044085853,0.039529044,0.041165497,0.038556892
0.14116924,0.1323375,0.12115903,0.110407025,0.10174935,0.10355938,0.099033654,0.09554668,0.0896231,0.08532928,0.084693775,0.08914738
-0.33296835,-0.3425721,-0.3464381,-0.35238355,-0.34109885,-0.3439002,-0.32572404,-0.31312305,-0.28368488,-0.2524451,-0.22391577,-0.19113925
0.14695564,0.13727422,0.12647814,0.11939892,0.10387042,0.1003904,0.099106714,0.09630834,0.095195375,0.09344628,0.09457745,0.09668265
0.24980211,0.26361102,0.2725609,0.28251338,0.27529314,0.27990708,0.26678663,0.25709265,0.23014548,0.20100984,0.1715253,0.13859025
-0.07749927,-0.072987676,-0.06484715,-0.06137067,-0.05066584,-0.051660594,-0.05117023,-0.047110446,-0.04810231,-0.05423541,-0.055891275,-0.06497144
-0.08643349,-0.087039635,-0.08892065,-0.08919544,-0.08976933,-0.088244796,-0.0830542,-0.07816931,-0.07052133,-0.06546889,-0.059116755,-0.047285587
-0.19917515,-0.18497539,-0.16903208,-0.15196674,-0.13772339,-0.13313162,-0.122969076,-0.11978169,-0.11152573,-0.10744001,-0.1085079,-0.11418631
0.083435334,0.081674896,0.07829053,0.076199576,0.07533286,0.07367303,0.07064228,0.068929784,0.061752837,0.06055775,0.063015595,0.060222983
0.14062741,0.1289753,0.11397553,0.10174573,0.09419011,0.090383075,0.08693958,0.08237909,0.07387051,0.077812344,0.0854921,0.08838082
-0.22897378,-0.20996076,-0.18944049,-0.17819953,-0.16540177,-0.15119638,-0.14865516,-0.1507941,-0.16104423,-0.1601496,-0.15477669,-0.16297002
0.28915256,0.27668202,0.25777534,0.24731068,0.23117134,0.22603516,0.21686018,0.21876943,0.21722613,0.20816873,0.20232716,0.21040665
0.14240171,0.14420892,0.14189914,0.14413813,0.12790212,0.12483799,0.12287552,0.13164435,0.12686211,0.10705303,0.0896894,0.085430145
0.5842509,0.55888885,0.5251113,0.5104695,0.47935063,0.4622297,0.44355887,0.43670183,0.4106823,0.40108788,0.390926,0.37773815
0.07200444,0.05912309,0.038581457,0.028497096,0.0048299413,0.016058698,0.02249659,0.024593119,0.003898343,0.010118929,0.038685307,0.06237727
0.11430956,0.09955713,0.08311233,0.07145702,0.0659331,0.061307263,0.05823194,0.055046994,0.051051617,0.05731823,0.05837973,0.06433301
-0.3677323,-0.3438609,-0.32015198,-0.30050278,-0.26276043,-0.24178958,-0.22565535,-0.20904505,-0.22638515,-0.244151,-0.24714842,-0.256099
0.38393304,0.371041,0.34512743,0.35330677,0.34228215,0.32720265,0.32475212,0.32150155,0.31156397,0.31414872,0.2976866,0.2945948
0.07986924,0.09329164,0.10027893,0.10973357,0.11181174,0.11676091,0.107393235,0.101262935,0.076776564,0.06648476,0.056473054,0.034318224
0.15162328,0.1366246,0.12523864,0.11123417,0.09961004,0.09516539,0.093942404,0.091324575,0.0904044,0.08491753,0.0955718,0.10086456
-0.3599287,-0.36595348,-0.3430022,-0.34787467,-0.31704026,-0.31194243,-0.26939484,-0.255022,-0.21503781,-0.196221,-0.15629855,-0.12749062
-0.06520976,-0.056741536,-0.05185429,-0.04576832,-0.04157661,-0.0347227,-0.03474977,-0.03445561,-0.039944127,-0.039585445,-0.04136731,-0.04099772
0.31769472,0.28444,0.24937549,0.22092742,0.19809598,0.17695406,0.16901511,0.1633499,0.16916482,0.17986114,0.19151978,0.2010593
0.014882352,-0.00059987605,-0.013670465,-0.029548766,-0.038902555,-0.041474625,-0.040929098,-0.045412034,-0.034708034,-0.024476716,-0.01160103,0.00032102084
-0.08215782,-0.07904241,-0.07571258,-0.07150421,-0.06878069,-0.070013024,-0.07030395,-0.07153706,-0.06455133,-0.05508941,-0.054841567,-0.055608142
0.45427182,0.4377588,0.4227925,0.4093814,0.39479762,0.37953863,0.36739117,0.3565298,0.35426232,0.33586562,0.32030922,0.3002593
0.22282425,0.22352491,0.22609812,0.22578752,0.2184743,0.2154238,0.20636924,0.19512255,0.1811342,0.16112003,0.14420196,0.1171959
0.0053912085,-0.004254181,-0.012794917,-0.016449302,-0.0168423,-0.020549612,-0.013956394,-0.008571895,-0.00048115477,0.0075865323,0.016393092,0.02642963
0.1356261,0.14016129,0.13907285,0.14090689,0.139922,0.14153263,0.13328473,0.12629025,0.1130452,0.10459529,0.09354288,0.08630881
-0.0639131,-0.06511701,-0.06434171,-0.063532874,-0.062430568,-0.060811907,-0.054344695,-0.053553957,-0.048055954,-0.04167398,-0.03175187,-0.02647652
0.11695089,0.11146148,0.09627267,0.093389645,0.082741186,0.07922633,0.07260157,0.071490675,0.0826249,0.09104332,0.08582081,0.09463098
0.092967086,0.07290152,0.059589863,0.04060009,0.026899919,0.022818089,0.028632775,0.027040187,0.037919533,0.041237894,0.06084393,0.07701443
-0.06450787,-0.06931324,-0.07056048,-0.07086322,-0.067362666,-0.067179054,-0.06160649,-0.061513275,-0.05203519,-0.040982254,-0.033503044,-0.024891675
-0.21089955,-0.20600998,-0.19797567,-0.19226024,-0.18278289,-0.17858455,-0.16756374,-0.15981144,-0.14948456,-0.13849592,-0.12469845,-0.11116327
-0.068205886,-0.056203276,-0.043108903,-0.03556224,-0.028735131,-0.02016915,-0.022823654,-0.025236439,-0.032880522,-0.042675707,-0.047754504,-0.061921515
-0.36817953,-0.34207362,-0.3030324,-0.28443483,-0.25051892,-0.2367293,-0.22246486,-0.21191806,-0.20684767,-0.21792704,-0.22123238,-0.22834615
0.11758427,0.107019626,0.096230924,0.08943552,0.08505164,0.07674232,0.071101405,0.06447516,0.063572064,0.06456045,0.060596086,0.056722995
0.31312808,0.2852512,0.25396448,0.23612624,0.2171597,0.20219421,0.20050828,0.19702446,0.20419817,0.2175628,0.2207917,0.23202938
-0.48306844,-0.45553586,-0.42565176,-0.40729445,-0.38592836,-0.37075743,-0.35927323,-0.35006428,-0.3409799,-0.33587378,-0.32586205,-0.320957
0.09892396,0.09068359,0.087233454,0.08233483,0.08048876,0.07185777,0.07192466,0.068269745,0.07243126,0.068597145,0.07078787,0.06876073
-0.5325384,-0.5066586,-0.4872484,-0.46421358,-0.45017892,-0.42484063,-0.41277727,-0.39928773,-0.3786802,-0.35983256,-0.35086778,-0.3330748
-0.103488296,-0.103711836,-0.0994681,-0.09516277,-0.09075128,-0.09026872,-0.080161296,-0.07167812,-0.06612477,-0.06118528,-0.05908833,-0.05113554
0.21820201,0.20767412,0.19425236,0.19072965,0.17345744,0.1640796,0.15358996,0.1438183,0.1395759,0.13366155,0.110266864,0.09654764
-0.18126789,-0.1991862,-0.21674895,-0.23015371,-0.23385276,-0.23831187,-0.22277144,-0.21061812,-0.18464726,-0.15697818,-0.12230012,-0.080740675
-0.41158763,-0.38517463,-0.35580322,-0.3371057,-0.3136428,-0.29949877,-0.29318103,-0.2894249,-0.28429025,-0.28099188,-0.27663597,-0.28187737
-0.018548105,-0.017498894,-0.013900951,-0.012479044,-0.008990993,-0.0054432554,-0.00618664,-0.0073063076,-0.0073677152,-0.0053743245,-0.005047551,-0.0036462087
-0.04949283,-0.0334716,-0.02276312,-0.015216386,-0.013915477,-0.0060039796,-0.0038579125,-0.0092766695,-0.013163013,-0.008477822,-0.010853684,-0.013424008
0.19636288,0.18789575,0.17999935,0.17223679,0.17713912,0.18216251,0.18239708,0.17324805,0.16118032,0.1512983,0.15952256,0.1557821
0.09138456,0.10080059,0.110486664,0.11149089,0.110183194,0.11572337,0.106093794,0.0995847,0.07110764,0.049767874,0.043589253,0.022084536
0.46279505,0.4368235,0.4005128,0.3694578,0.33592325,0.32072273,0.29603842,0.28723288,0.2699329,0.25855988,0.25057322,0.24987489
0.12213799,0.12699646,0.12906037,0.13225037,0.13121128,0.13612841,0.13166538,0.1271331,0.11769639,0.10519671,0.08895401,0.07435883
-0.09324817,-0.09899148,-0.100750804,-0.10931811,-0.10328379,-0.10727926,-0.10087929,-0.100064576,-0.093865186,-0.08130896,-0.05756148,-0.044072527
0.09891755,0.087997474,0.077077545,0.06900626,0.061574414,0.055674475,0.056862243,0.061394874,0.063129134,0.05993507,0.06237885,0.07235294
-0.047686785,-0.04947877,-0.048577458,-0.049498558,-0.04825167,-0.046270523,-0.04203088,-0.042764977,-0.036402196,-0.031714566,-0.025051756,-0.02120995
0.06282085,0.05717057,0.047158137,0.04925667,0.036627717,0.033901893,0.03371083,0.035911202,0.047083333,0.0553709,0.04592106,0.04803505
-0.03945222,0.009111308,0.02979073,0.03357029,0.025368497,0.050367124,0.010635987,-0.007997468,-0.039676063,-0.06302588,-0.075737864,-0.10078926
0.012235459,0.008374532,0.008740347,0.009612655,0.01422055,0.009139949,0.013194022,0.019669427,0.021234978,0.01849951,0.019730158,0.02221853
-0.47943157,-0.4758266,-0.46605265,-0.46028927,-0.43317875,-0.42317972,-0.40002376,-0.38035756,-0.34955987,-0.3217857,-0.28669307,-0.24840257
-0.5952786,-0.5802352,-0.5566377,-0.54511493,-0.51746666,-0.4980855,-0.4700344,-0.45714158,-0.43601874,-0.41638008,-0.3846884,-0.36008188
-0.76609385,-0.73827255,-0.6888065,-0.6666437,-0.620999,-0.59444195,-0.57493836,-0.5623702,-0.5271279,-0.5103565,-0.49176216,-0.4738019
0.29199713,0.27478802,0.2462971,0.22866045,0.2015517,0.19653185,0.1821089,0.17644392,0.16992027,0.17372973,0.16792679,0.17501052
0.24099576,0.23475611,0.22880629,0.22608168,0.21882167,0.21167196,0.20028171,0.19629973,0.18880402,0.17716229,0.15913716,0.14641835
0.24925469,0.23011923,0.20968984,0.19580334,0.174626,0.17365798,0.17005812,0.16446735,0.15881138,0.16370417,0.15951072,0.17025417
0.20429178,0.19659524,0.18754907,0.18460321,0.17366302,0.1728558,0.16802031,0.1585276,0.14750768,0.14424807,0.13367291,0.1253797
-0.303625,-0.29971945,-0.29131812,-0.27663675,-0.24880409,-0.24682888,-0.23432124,-0.22401854,-0.211591,-0.190675,-0.17745164,-0.16289875
-0.35182095,-0.32930484,-0.3058082,-0.28428045,-0.2646632,-0.25225562,-0.23898098,-0.23081452,-0.22521394,-0.22181304,-0.22213651,-0.2214881
-0.13896485,-0.12520117,-0.1095947,-0.09722249,-0.08220589,-0.07523845,-0.07331115,-0.07151266,-0.08079795,-0.083472416,-0.08499931,-0.093662076
0.02286027,0.011762109,0.0025113933,-0.0024236739,-0.0061804745,-0.008281447,-0.0013768002,0.0015470069,0.008628452,0.018259495,0.02768106,0.042273764
0.23039728,0.19739193,0.16067258,0.13863772,0.11499219,0.10624375,0.1078863,0.1101958,0.115333185,0.13253795,0.14324072,0.17603219
-0.041559495,-0.040539835,-0.029174544,-0.023182042,-0.019399758,-0.019688254,-0.015914384,-0.013614856,-0.008561492,-0.0076360614,-0.011165408,-0.012192242
0.052224517,0.037162453,0.022090226,0.010737721,0.0040555187,-0.0031170584,-0.0018170029,-0.0023083612,0.010211989,0.023785459,0.03300907,0.050876893
-0.07042762,-0.0640323,-0.053966656,-0.04679916,-0.04907008,-0.047742806,-0.04272665,-0.04315117,-0.04509822,-0.05065433,-0.046813108,-0.058012318
0.40037978,0.43432593,0.45985496,0.47702402,0.46667218,0.4826035,0.44684803,0.41685253,0.35667217,0.30325836,0.24936952,0.17882985
0.073010296,0.07269698,0.08350165,0.09385056,0.10436769,0.11874604,0.13815129,0.13864696,0.111634105,0.084160104,0.07824251,0.0642937
0.07772792,0.07678356,0.07878046,0.08269222,0.09084358,0.084915884,0.08248106,0.07853659,0.07235012,0.06810299,0.054804422,0.042498346
-0.38702834,-0.37530267,-0.35601014,-0.34206393,-0.31940755,-0.30963612,-0.29042503,-0.28281447,-0.27000964,-0.25456852,-0.24613506,-0.23637934
-1.1087865,-1.0729111,-1.0276575,-0.99570614,-0.9436365,-0.9154117,-0.86559016,-0.8348882,-0.7918683,-0.7467306,-0.6952383,-0.6532116
0.055316024,0.035059053,0.018087953,0.00378678,-0.0002745539,-0.010127276,-0.0046789646,-0.0010780469,0.014356248,0.026947923,0.03559466,0.05318886
0.38901034,0.40738583,0.41733176,0.42094582,0.41343525,0.41523436,0.37543392,0.35169482,0.2968585,0.24820715,0.20307331,0.14326331
0.0084911175,-0.0014752187,-0.0095099695,-0.016147127,-0.0144816395,-0.025984213,-0.026303029,-0.023942268,-0.012575019,-3.0275434e-05,0.007485894,0.009731551
-0.48910168,-0.44490033,-0.3941795,-0.36263686,-0.33506092,-0.31856543,-0.31359303,-0.31415743,-0.31083518,-0.32136935,-0.33051336,-0.35712773
0.38338193,0.37201497,0.35809422,0.34060296,0.32172987,0.31308153,0.28853106,0.2751493,0.25372773,0.23008692,0.21098588,0.19152027
0.19556254,0.18948881,0.17668279,0.17463842,0.1621599,0.16367604,0.159347,0.1552643,0.15520905,0.15305668,0.14147206,0.14383735
0.2342115,0.24026784,0.24607643,0.2466585,0.23640335,0.23435107,0.2143132,0.20273091,0.17590906,0.1454629,0.12066809,0.0884114
0.40891144,0.39595774,0.3808707,0.36631575,0.34085816,0.34161374,0.32632115,0.32159778,0.28796488,0.2521191,0.24857734,0.2386558
-0.03947179,-0.040889807,-0.038366094,-0.041390017,-0.041911602,-0.04291921,-0.039593052,-0.03791063,-0.037955474,-0.03644233,-0.027440691,-0.025529563
0.17655775,0.1595084,0.14033026,0.12331793,0.10848701,0.09981352,0.09293896,0.090539895,0.08965927,0.088589504,0.09457761,0.10003872
0.6065368,0.59191746,0.5512258,0.53471637,0.5203502,0.49790353,0.47665012,0.4644519,0.45465094,0.46446452,0.46226904,0.46146742
0.005289718,0.0070328247,0.0094279945,0.012071106,0.016589485,0.02054665,0.021391938,0.022257382,0.017206404,0.0114792865,0.0073583694,0.005858667
-0.000450762,-0.024713129,-0.05123944,-0.06820229,-0.08049155,-0.08609582,-0.07642345,-0.06997887,-0.046638682,-0.026482694,-0.0044528395,0.029305086
0.01039416,-0.019271325,-0.045011505,-0.060257263,-0.06979579,-0.08740109,-0.07627691,-0.0628954,-0.03283801,-0.008508071,0.003530912,0.043818705
-0.062440794,-0.042702686,-0.025487732,-0.011655912,-0.003011033,0.0032778159,-0.0016926378,-0.0007638931,-0.014513325,-0.03305637,-0.050938383,-0.0703461
0.8529679,0.8163295,0.77348757,0.74481124,0.6972359,0.67346233,0.6390085,0.6311923,0.5980884,0.5601225,0.521043,0.516277
0.38039917,0.36643693,0.34480253,0.3275539,0.29923475,0.2876291,0.26527292,0.25507832,0.24299383,0.23358232,0.22020312,0.20815367
0.064343564,0.047124013,0.024263114,0.007424198,-0.0076718405,-0.015655402,-0.020377211,-0.015438415,-0.0059537925,0.003248198,0.006683794,0.02554498
-0.023263015,-0.017953109,-0.013240589,-0.0051850826,0.003369862,0.0035651806,0.006047866,0.005568872,0.008536966,0.01333782,0.012399375,0.009669513
-0.24182469,-0.23686069,-0.2327778,-0.22258374,-0.2098143,-0.2108821,-0.197242,-0.1858803,-0.17398332,-0.1584396,-0.15394725,-0.1473206
-0.21652816,-0.20391917,-0.19386944,-0.1873095,-0.18315528,-0.17462063,-0.1719458,-0.16848299,-0.16750339,-0.16644832,-0.16238376,-0.15684593
-0.6432421,-0.6253934,-0.6078954,-0.5911318,-0.56642354,-0.54563326,-0.51601255,-0.4972771,-0.464784,-0.4298766,-0.395368,-0.35558534
-0.20369297,-0.19004112,-0.17309493,-0.1649311,-0.15113549,-0.1443131,-0.13881817,-0.13657139,-0.13466862,-0.13740766,-0.13272688,-0.13778284
0.07803054,0.078780405,0.08059769,0.0774513,0.07243123,0.072323225,0.06555242,0.06392155,0.05544482,0.04133687,0.03623865,0.027358793
0.08876622,0.07902324,0.07253664,0.065934874,0.06212005,0.05569335,0.05632873,0.054548673,0.061214115,0.06624593,0.07275192,0.075313754
0.028638113,0.03128784,0.037417352,0.038775705,0.041642427,0.044743486,0.04393918,0.040372364,0.03508284,0.024278574,0.016002132,0.0063006105
0.08632881,0.066267826,0.04417848,0.033076614,0.023249261,0.016492601,0.024477664,0.030910604,0.033222806,0.046119798,0.0615072,0.08245394
0.059301477,0.05998959,0.057283133,0.05549758,0.05409321,0.057107944,0.05350591,0.049900267,0.04247696,0.040184267,0.038165554,0.035684958
-0.21624039,-0.23112369,-0.23963514,-0.24799144,-0.23924303,-0.24633145,-0.22866575,-0.20982027,-0.17874867,-0.15595186,-0.13014075,-0.09768325
-0.059219707,-0.06148439,-0.063761204,-0.065529,-0.067862675,-0.070146464,-0.06445757,-0.06161029,-0.05264927,-0.044609077,-0.040424857,-0.03402444
0.34808952,0.34726995,0.33118019,0.3247144,0.30760872,0.30140418,0.27505225,0.26676014,0.2420418,0.22433737,0.19338909,0.17194372
0.06961817,0.06660991,0.06279797,0.060231227,0.05494882,0.052320123,0.05131965,0.048031278,0.04568888,0.045038808,0.043237943,0.038899895
0.112607144,0.111668065,0.10539364,0.105287924,0.09960792,0.096888535,0.089886755,0.08717824,0.08376936,0.08327294,0.07416058,0.07157686
0.29002944,0.26457793,0.24623062,0.23037201,0.22331321,0.19444601,0.1874329,0.18356211,0.18913716,0.18761846,0.19422844,0.19499323
0.34993184,0.33370858,0.3093569,0.29074067,0.27047694,0.25500986,0.23679447,0.22750945,0.21454737,0.20412667,0.19172344,0.18438455
0.33709738,0.32764766,0.31798184,0.30781618,0.29467306,0.2918793,0.27818355,0.26805985,0.2290766,0.2004514,0.19127575,0.16387929
-0.17816725,-0.17922252,-0.1789292,-0.17929548,-0.17176405,-0.17626761,-0.1720067,-0.16246589,-0.14485522,-0.13199878,-0.12315644,-0.110698886
0.23056133,0.22155337,0.2091365,0.19806594,0.18757257,0.17878745,0.16724972,0.16055024,0.14640713,0.13263667,0.12557347,0.11329532
-0.0126534905,-0.008399761,-0.0025446462,-0.001005847,-6.269477e-05,0.0034290813,0.0049557015,0.0054892246,0.0024659103,-0.0076925447,-0.00882507,-0.010947116
0.2354258,0.21644028,0.19871362,0.18718085,0.17426269,0.16512308,0.16113493,0.15569466,0.1541358,0.16548696,0.16710724,0.17369287
-0.07562499,-0.06690952,-0.057735696,-0.04765796,-0.047463972,-0.040897686,-0.032455068,-0.026749823,-0.027345255,-0.023463082,-0.02295777,-0.018723128
0.45808756,0.445966,0.4409459,0.4366089,0.42662328,0.4251405,0.40537328,0.3926073,0.3768377,0.34366918,0.3012687,0.26395828
-0.86679643,-0.8379415,-0.7904703,-0.76215243,-0.71600175,-0.69180053,-0.64365906,-0.6242043,-0.5895905,-0.5623526,-0.5274222,-0.501828
-0.004684529,-0.0009875549,-0.0004662741,0.0036220849,0.0018619429,0.005808387,0.006302406,0.0051794257,0.002459675,0.0012978506,-0.0036307308,-0.0048555396
-0.39050537,-0.3615063,-0.3313327,-0.31576815,-0.2983276,-0.28062475,-0.27697724,-0.27890962,-0.28229338,-0.28022626,-0.2714519,-0.28075504
-0.28342378,-0.274707,-0.26425385,-0.2579482,-0.24409582,-0.24009499,-0.22938341,-0.22003661,-0.20684518,-0.19464256,-0.18164122,-0.17018856
-0.04894721,-0.045461588,-0.03852961,-0.0339718,-0.02611616,-0.027764278,-0.025331534,-0.02200079,-0.01202347,-0.0076400726,-0.01183864,-0.009715521
-0.121066,-0.11634665,-0.11099398,-0.10407446,-0.097516716,-0.09576935,-0.090638936,-0.088177875,-0.09398624,-0.09166956,-0.09188187,-0.09458352
-0.08134301,-0.0770581,-0.070470124,-0.07121189,-0.06786802,-0.06682428,-0.072162464,-0.07765983,-0.08172466,-0.0838373,-0.08633465,-0.09722248
-0.21219082,-0.21347183,-0.21280093,-0.210431,-0.20246817,-0.19733773,-0.18681285,-0.17725392,-0.16442497,-0.15084313,-0.13590948,-0.11658323
-0.10225955,-0.09885332,-0.09312758,-0.08447753,-0.07382547,-0.07344564,-0.064143576,-0.0563057,-0.05272466,-0.04949917,-0.039491717,-0.029543068
-0.44987664,-0.43290743,-0.41591358,-0.40307325,-0.38869685,-0.3741059,-0.35548335,-0.34412262,-0.3296314,-0.31626537,-0.2947116,-0.2755609
0.2599191,0.2413076,0.22277135,0.21011625,0.19510743,0.1805875,0.17414197,0.17754844,0.17584749,0.16862915,0.15976883,0.16065219
-0.10159446,-0.09412146,-0.08252656,-0.0767058,-0.06774457,-0.062120475,-0.057787236,-0.054914284,-0.053486094,-0.05676305,-0.056858197,-0.057038195
-0.005315654,0.009747567,0.0223025,0.03223028,0.037141874,0.047843754,0.041238952,0.036742806,0.023597918,0.011371674,0.0003250679,-0.016182795
0.20186684,0.18962403,0.17987491,0.17026055,0.1590321,0.14968434,0.13989337,0.14330383,0.14359292,0.13542907,0.12693392,0.12968554
-0.1158914,-0.09800386,-0.08376798,-0.077909514,-0.075386494,-0.07083951,-0.08238382,-0.09313735,-0.10286577,-0.10775085,-0.1204136,-0.13920403
0.16013029,0.16259336,0.14312856,0.13682155,0.12153389,0.1279636,0.112921804,0.10931799,0.07418489,0.08108972,0.07760741,0.08280218
-0.2827472,-0.27822557,-0.2715359,-0.26263723,-0.25838238,-0.2500883,-0.22951615,-0.22661874,-0.20582314,-0.17955044,-0.16334608,-0.14802358
-0.08871422,-0.09069079,-0.10014011,-0.10594906,-0.10186109,-0.10164803,-0.09858769,-0.097022034,-0.097636424,-0.084578164,-0.06768562,-0.056643274
0.4439136,0.4388044,0.42483896,0.41958967,0.39235398,0.39774007,0.3781942,0.36509317,0.33093888,0.3150099,0.2899289,0.28023437
-0.0137843285,-0.03165379,-0.051167384,-0.061116893,-0.065832615,-0.07455937,-0.06701452,-0.061840903,-0.040289853,-0.015483469,0.0031488882,0.029790925
0.5266749,0.50134903,0.47025907,0.4455558,0.41802835,0.39109218,0.3664881,0.357241,0.34605864,0.32511398,0.30859542,0.2955327
0.09443163,0.09615817,0.095250405,0.095803015,0.09199852,0.08991207,0.08180488,0.07765532,0.07045653,0.061879966,0.050354972,0.03907324
-0.25157776,-0.23208913,-0.21473567,-0.19748484,-0.18513545,-0.17535344,-0.17348221,-0.16947868,-0.16691029,-0.16668275,-0.17029984,-0.17440614
0.21288575,0.21651697,0.22142375,0.22155212,0.20797731,0.21381347,0.21383424,0.21756935,0.19050974,0.1513353,0.15656699,0.1469111
0.32198226,0.29224697,0.2562432,0.23498614,0.2106992,0.19309929,0.18782783,0.19039807,0.19600494,0.2076962,0.20836838,0.22735229
-0.3913683,-0.35138798,-0.3101083,-0.288481,-0.26378626,-0.25345492,-0.26347676,-0.27505603,-0.2855999,-0.29050133,-0.30668664,-0.34134367
0.5113733,0.49402347,0.46515924,0.44803753,0.4174239,0.40175813,0.38157573,0.37059802,0.361749,0.35329986,0.34069213,0.33190554
0.08258325,0.0848728,0.09039615,0.095663175,0.09311387,0.08874892,0.08557592,0.08101712,0.07955143,0.073374,0.05998156,0.045717128
-0.089364424,-0.08942557,-0.08897725,-0.08958793,-0.084894165,-0.0836054,-0.076444775,-0.07239249,-0.06387757,-0.057005633,-0.048943363,-0.03969346
0.05223193,0.035950653,0.016686376,0.00035142526,-0.006167505,-0.016313981,-0.021404397,-0.024385886,-0.020701036,-0.006497944,0.003628252,0.01317532
0.18699388,0.19006184,0.18705744,0.18731324,0.18157437,0.18394926,0.16915812,0.15941912,0.14403224,0.13424742,0.115699686,0.10054049
-0.017104894,0.0043470524,0.01994801,0.029578853,0.033207014,0.039267644,0.024848595,0.015646674,-0.0044213273,-0.02034524,-0.038056433,-0.06617032
-0.01717464,-0.010829618,-0.0065683294,-0.0026362333,0.0014206404,-7.706508e-05,-0.0033240542,-0.004453647,-0.007583894,-0.009381542,-0.01734772,-0.023335107
-0.7863777,-0.75151306,-0.7099796,-0.68410873,-0.6343529,-0.615551,-0.5907477,-0.5638379,-0.53112024,-0.5134729,-0.4930761,-0.4714163
0.2195153,0.20840946,0.19399461,0.18273795,0.17118011,0.16482303,0.154103,0.14709184,0.1439429,0.14319469,0.13673282,0.13572459
0.07319717,0.065237775,0.061450586,0.056669317,0.05618169,0.05608095,0.062015515,0.06432872,0.06366632,0.058844574,0.06483819,0.07006481
0.015368737,0.020520383,0.027745463,0.032117903,0.032731507,0.033560637,0.034918915,0.035797976,0.027457956,0.01823968,0.016094789,0.007731601
-0.081412904,-0.08622155,-0.09318658,-0.10117611,-0.10460327,-0.101552494,-0.09715414,-0.09113806,-0.08593677,-0.080542095,-0.06777958,-0.04859874
-0.07619539,-0.062931985,-0.055713896,-0.04545084,-0.03319588,-0.032381423,-0.035167355,-0.032504577,-0.033601936,-0.028844113,-0.03599265,-0.037871026
0.206484,0.19882871,0.18601282,0.18178326,0.16845362,0.16393206,0.15843517,0.1566959,0.15475936,0.15204635,0.14384967,0.14433153
-0.08060908,-0.0728394,-0.0725449,-0.06907089,-0.071537666,-0.06387642,-0.06541769,-0.06408585,-0.061986905,-0.054044683,-0.047859047,-0.04463342
-0.31816742,-0.30896956,-0.2971778,-0.28696868,-0.27962115,-0.27603105,-0.25816348,-0.2508989,-0.22389895,-0.20087954,-0.1789271,-0.15999004
-0.11054572,-0.09477138,-0.082941435,-0.06860039,-0.059666876,-0.057255328,-0.06062138,-0.059186436,-0.06114932,-0.06272473,-0.065813705,-0.074997745
0.44248757,0.41701314,0.3825639,0.36361775,0.34325394,0.32734445,0.31427556,0.30678228,0.3024637,0.29996967,0.29577407,0.30019608
-1.3270459,-1.2732724,-1.1992834,-1.1543498,-1.0763998,-1.0275785,-0.9807305,-0.94811946,-0.8946385,-0.86533844,-0.8279568,-0.79128003
-0.08463796,-0.08034489,-0.07541264,-0.07311343,-0.06944884,-0.06707443,-0.06683923,-0.06830204,-0.06959349,-0.068358056,-0.067265585,-0.070652924
-0.036663353,-0.0429333,-0.048934728,-0.053709704,-0.059508212,-0.0668911,-0.061584257,-0.057298638,-0.04558632,-0.038566664,-0.032408997,-0.027762633
0.2618804,0.24698956,0.23277442,0.2196129,0.20174024,0.19849035,0.18955779,0.1851575,0.167853,0.15228042,0.15460359,0.1504254
0.0029431526,1.1807308e-05,-0.005534392,-0.0042234324,-0.0011381265,-0.0006285012,0.0016948897,0.0056734243,0.0077252714,0.015507206,0.021010429,0.030893814
0.14219019,0.12316627,0.1046235,0.09017047,0.08411725,0.0749172,0.073516086,0.07357415,0.0781396,0.083995886,0.090723455,0.10336699
0.35474458,0.33856115,0.31401175,0.3047519,0.29244947,0.27470234,0.26178494,0.25854203,0.25648373,0.25917834,0.24452935,0.24368876
-0.10742724,-0.098065704,-0.08987464,-0.08607684,-0.081437826,-0.07853027,-0.07959193,-0.07534939,-0.07414187,-0.07957811,-0.0779799,-0.07832588
0.3112779,0.29486734,0.27497518,0.25986987,0.24723595,0.22691952,0.2113131,0.19837551,0.19979459,0.20034021,0.19346464,0.19068065
0.18284628,0.2114344,0.23679918,0.25386423,0.24919629,0.26097605,0.24020743,0.23190509,0.19418414,0.14063108,0.10474412,0.057715632
-0.51774174,-0.46926853,-0.4158163,-0.3834523,-0.35506064,-0.3325198,-0.32647583,-0.3281985,-0.32790625,-0.34085536,-0.3515242,-0.37716523
-0.01926918,-0.011612399,-0.0069282968,-0.0032927375,-0.005001845,-0.00028915517,-0.005882513,-0.009342898,-0.013297897,-0.014902722,-0.024556447,-0.029701272
-0.31563625,-0.30876553,-0.2978496,-0.2924144,-0.2763381,-0.27419984,-0.2581304,-0.2444526,-0.2222191,-0.20875809,-0.19430378,-0.17688304
0.055060312,0.042095266,0.030723631,0.021536639,0.013503358,0.010738149,0.013585694,0.0136771165,0.017231239,0.02588709,0.037320517,0.046753787
0.064196505,0.06284832,0.064453304,0.060508836,0.055916328,0.052568484,0.051692683,0.055758283,0.06538836,0.05692331,0.04708998,0.048668656
0.1881338,0.17231482,0.15803209,0.14646602,0.13668202,0.12929967,0.1207783,0.11377731,0.1131898,0.117717996,0.11157858,0.11111012
0.7465831,0.72164583,0.68798745,0.66070235,0.6257232,0.6064848,0.5763266,0.56133723,0.5313963,0.4973385,0.47465506,0.45083007
0.20689352,0.19272214,0.17958759,0.16833761,0.16266412,0.15646447,0.15104033,0.1445888,0.1485094,0.15403454,0.15574202,0.16324756
0.33827633,0.31773663,0.2954356,0.28025183,0.25395554,0.24068554,0.23169829,0.22838962,0.22538878,0.21820174,0.20856987,0.20760278
-0.7567586,-0.7377294,-0.7164029,-0.6989198,-0.66771114,-0.6517969,-0.6169347,-0.59413904,-0.5610543,-0.51880485,-0.47396454,-0.43563157
-0.34408072,-0.3385509,-0.3274429,-0.32019827,-0.30465674,-0.29963103,-0.27869183,-0.2665936,-0.24401528,-0.22031936,-0.19899948,-0.17618367
-0.30050755,-0.28923592,-0.27296075,-0.26383448,-0.2485941,-0.24202292,-0.23024091,-0.22186658,-0.20526806,-0.19372305,-0.18123361,-0.1713063
0.26047415,0.24534428,0.22633275,0.2084154,0.18993336,0.18484838,0.17433327,0.16872387,0.14785337,0.12602232,0.12365467,0.12163007
0.19641106,0.21539325,0.22725213,0.23554492,0.23415563,0.23283276,0.2100679,0.19370331,0.16347836,0.13614774,0.10662983,0.058202703
-0.17574002,-0.16646545,-0.15515432,-0.14240097,-0.13244382,-0.12655018,-0.11185012,-0.1000744,-0.09105397,-0.0955597,-0.09625929,-0.08967779
0.22786717,0.21922325,0.20429762,0.19560152,0.18892577,0.1825793,0.1689992,0.16266067,0.15053429,0.1442872,0.13310103,0.12597176
-0.29763532,-0.29464096,-0.28588718,-0.27974334,-0.26289278,-0.26258677,-0.24715169,-0.23419222,-0.21692555,-0.20026383,-0.18208742,-0.16618448
0.8097877,0.7839905,0.72002584,0.6826483,0.6237257,0.6185737,0.5597904,0.5323183,0.45787925,0.46891662,0.4377843,0.43050268
-0.36434734,-0.35350814,-0.32800585,-0.32085827,-0.2910087,-0.27952948,-0.2677914,-0.26577368,-0.25005674,-0.22869751,-0.20581724,-0.20034505
0.0031656362,-0.0077178665,-0.018253144,-0.025073048,-0.028269086,-0.03200084,-0.02975177,-0.031690273,-0.027625695,-0.018552762,-0.0124833435,-0.0060813725
0.61964154,0.5872683,0.55562633,0.53160393,0.4938364,0.47541478,0.45036092,0.43436724,0.42304504,0.39714167,0.36704683,0.3511591
0.24431026,0.22758615,0.20797044,0.19487984,0.1789467,0.166998,0.15951724,0.15673785,0.14947657,0.14370939,0.13681164,0.1325023
0.18340294,0.16915709,0.15441245,0.14457588,0.13113613,0.12606694,0.12430807,0.12421734,0.11922172,0.11343392,0.11906918,0.12305823
-1.0992234,-1.0674049,-1.0255337,-1.0013696,-0.95664686,-0.9364072,-0.88769037,-0.8642239,-0.8160996,-0.7660406,-0.7123837,-0.66766435
0.015153588,0.012918713,0.009496051,0.0033516735,-0.0012279227,-0.0050403727,-0.013389742,-0.013037981,-0.018449537,-0.022871269,-0.025193604,-0.03017991
0.15156673,0.17576616,0.19269353,0.21221712,0.21173757,0.21591027,0.19622578,0.18218568,0.15222345,0.13008244,0.09380882,0.048217908
-0.49172035,-0.49024063,-0.47071153,-0.46117792,-0.4270118,-0.4270062,-0.3969425,-0.3709009,-0.33568186,-0.31196007,-0.28572422,-0.25579208
-0.24748449,-0.24260488,-0.23777112,-0.23254634,-0.22634842,-0.21951756,-0.21263105,-0.20964307,-0.19598795,-0.17345573,-0.16229133,-0.1481786
-0.18493989,-0.17352833,-0.16176453,-0.14976257,-0.14270411,-0.13736421,-0.12882078,-0.12391836,-0.11914897,-0.11668041,-0.11634668,-0.116372846
0.7154535,0.6846264,0.62889653,0.6012913,0.56322926,0.54628,0.51679134,0.5063224,0.4830376,0.48273277,0.46275547,0.47163895
1.0998259,1.0587137,1.0055851,0.97923493,0.92852324,0.89638513,0.8636221,0.85202426,0.81373763,0.78098744,0.7381401,0.7376593
-0.05397981,-0.053045716,-0.050089546,-0.049879,-0.048129488,-0.048390333,-0.046616033,-0.046121117,-0.044309,-0.04325194,-0.040339455,-0.040501162
-0.21782117,-0.21353762,-0.21372427,-0.21501623,-0.21324927,-0.21210971,-0.20805107,-0.19958073,-0.19440159,-0.18082125,-0.16653638,-0.15220562
-0.2184191,-0.20022656,-0.18559003,-0.16835319,-0.15378568,-0.13876115,-0.12662327,-0.12353073,-0.12397409,-0.118910044,-0.11380332,-0.112992406
-0.3828113,-0.37331042,-0.36008874,-0.35297352,-0.33711225,-0.33241916,-0.31987202,-0.3126102,-0.29233286,-0.27348366,-0.2583596,-0.24368641
-0.019472651,-0.020742562,-0.02015518,-0.020515095,-0.01962429,-0.022623431,-0.019729115,-0.016180817,-0.0077693923,-0.005224795,-0.0058457535,-0.0019877278
-0.262839,-0.24933745,-0.23505278,-0.22589144,-0.21249942,-0.20270173,-0.19838588,-0.1983674,-0.1950439,-0.18651564,-0.1800063,-0.1801127
-0.10290487,-0.088624686,-0.076699935,-0.06770517,-0.06199256,-0.055584006,-0.055815414,-0.05279281,-0.059477046,-0.067287676,-0.073538594,-0.079870015
-0.640127,-0.6059305,-0.5655197,-0.5433797,-0.5096367,-0.49088883,-0.47200292,-0.46127558,-0.44809046,-0.43485323,-0.41218746,-0.40352288
0.3268808,0.3029811,0.27671796,0.2538362,0.23053949,0.22018097,0.20555606,0.193414,0.18221062,0.18035981,0.18226078,0.1779078
0.4749721,0.45288023,0.42771608,0.4072262,0.38205448,0.368803,0.34816742,0.33790055,0.3187452,0.31886527,0.31102008,0.32065862
-0.6031681,-0.57599366,-0.5453532,-0.52334183,-0.5000021,-0.47923666,-0.456335,-0.44850296,-0.42204788,-0.4016649,-0.3866644,-0.3740523
-0.2788833,-0.26529267,-0.25013688,-0.24037163,-0.22655496,-0.2214017,-0.21545145,-0.20917292,-0.19519863,-0.18614762,-0.18023156,-0.17444554
-0.11132708,-0.10946243,-0.10807523,-0.103016526,-0.093517885,-0.08299195,-0.07334017,-0.07088661,-0.06993131,-0.06072808,-0.050773278,-0.04097703
-0.05016855,-0.046769153,-0.049220778,-0.04521013,-0.042982884,-0.035962444,-0.032034695,-0.021474792,-0.015019488,-0.0034719347,-0.003033096,0.013743234
-0.059572935,-0.039563097,-0.022628255,-0.008601606,-0.0016953871,0.005798921,-0.00079440325,-0.004944723,-0.020545684,-0.03258941,-0.049428247,-0.071250305
-1.1053759,-1.0698916,-1.0237561,-0.9953117,-0.9493662,-0.9253084,-0.87985766,-0.85145533,-0.8035782,-0.7607655,-0.709307,-0.667669
-0.15741423,-0.16518626,-0.17004608,-0.168401,-0.15583172,-0.15987873,-0.13908336,-0.12237013,-0.09677033,-0.07050548,-0.048810728,-0.017066842
0.043732435,0.034735356,0.026322851,0.020191817,0.020259745,0.014889929,0.018847706,0.02292852,0.028219603,0.033521708,0.03654662,0.048250005
-0.033698164,-0.041690588,-0.049271144,-0.05315587,-0.051007655,-0.053407937,-0.046339735,-0.04235641,-0.03294483,-0.021578765,-0.012316344,0.0024792352
-0.3133281,-0.29797015,-0.2806637,-0.2667317,-0.24555255,-0.23550282,-0.21922888,-0.2102999,-0.2031138,-0.19467972,-0.1799581,-0.17248547
0.008667489,-0.0005978849,-0.006330829,-0.008359602,-0.009370552,-0.003413435,0.003093589,0.00046504475,0.009574903,0.012708912,0.01326596,0.028263425
-0.5703231,-0.5505487,-0.5228525,-0.5036903,-0.4747064,-0.45873258,-0.431235,-0.41377184,-0.38754228,-0.3684885,-0.34672418,-0.32333514
-0.039956897,-0.04572866,-0.051000305,-0.05204051,-0.048446476,-0.04525013,-0.0352846,-0.034292795,-0.025608687,-0.012338002,-0.0038268268,0.012258861
-0.32521093,-0.30980644,-0.29101816,-0.2804163,-0.26518226,-0.2575865,-0.25116533,-0.24482894,-0.23160468,-0.22699103,-0.22488526,-0.22341385
-0.12647739,-0.120346166,-0.11433167,-0.11429725,-0.11170991,-0.102350205,-0.10208938,-0.10083856,-0.10409595,-0.10432092,-0.09740857,-0.09015579
0.044130646,0.049215987,0.05006814,0.051548086,0.04998877,0.046070322,0.041354287,0.038747635,0.035274882,0.034189653,0.028801592,0.018669363
-0.29056278,-0.2839805,-0.27853626,-0.2682197,-0.25369173,-0.24461167,-0.22743988,-0.21849279,-0.20808487,-0.18953581,-0.17469886,-0.15726084
-0.40475243,-0.37712917,-0.35148448,-0.3306927,-0.31397587,-0.2971834,-0.28931588,-0.28245217,-0.272732,-0.2614455,-0.25668496,-0.2509508
0.0014395819,0.0011526034,5.3485855e-05,1.33994035e-05,-0.0019899043,-0.0033374275,-0.0041355914,-0.002320812,-0.005729043,-0.0070460765,-0.005590131,-0.0070636785
0.7254822,0.6830931,0.6311052,0.58778304,0.542192,0.5248197,0.48700538,0.46098456,0.4307692,0.4223954,0.41472298,0.40247956
-0.250093,-0.23380898,-0.21598189,-0.20042574,-0.18961722,-0.17495108,-0.16784477,-0.16525519,-0.15616877,-0.15061572,-0.14543422,-0.14456533
0.16377436,0.15742253,0.15132886,0.14590627,0.14398286,0.13327342,0.123586245,0.11533658,0.11284576,0.11300965,0.10041442,0.09111513
-0.020198636,-0.015024864,-0.010969968,-0.004850614,-0.0036189333,0.0036277715,0.007811863,0.011736175,0.0066845985,0.0070703877,0.008715463,0.01378702
0.51334894,0.48115993,0.44978955,0.43186194,0.40345973,0.3738675,0.36572397,0.35612214,0.35926515,0.36226037,0.354414,0.33667716
0.33036208,0.31212398,0.29438254,0.28171635,0.26474363,0.2577247,0.2545262,0.2473278,0.24343768,0.2381646,0.23963937,0.23780529
-0.30992,-0.2893104,-0.27044392,-0.26254556,-0.24855863,-0.23801161,-0.236843,-0.23508109,-0.23489857,-0.2354395,-0.22879079,-0.23123656
0.82315356,0.7916596,0.7549524,0.7285455,0.67542255,0.66156995,0.6300075,0.60932684,0.5641295,0.52256703,0.49845567,0.46163478
-0.08645184,-0.09231632,-0.09796271,-0.09643933,-0.093206674,-0.094299555,-0.085344955,-0.07438826,-0.062320948,-0.05078763,-0.040008813,-0.021822603
-0.2240604,-0.23213743,-0.22570616,-0.24011052,-0.23620082,-0.22603112,-0.20923,-0.20863065,-0.19502054,-0.19012472,-0.16358152,-0.14521235
-0.055974573,-0.044917457,-0.034181837,-0.0240785,-0.014911555,-0.008678783,-0.009958111,-0.011565991,-0.020066516,-0.024938876,-0.0367154,-0.050252873
0.13154982,0.13735141,0.1418755,0.14630626,0.14624436,0.14799456,0.14105074,0.13330802,0.12570238,0.11238117,0.093320705,0.072400205
0.3621466,0.35683626,0.33943212,0.3322213,0.30691037,0.30295956,0.28808606,0.2851799,0.26605412,0.25193268,0.23791273,0.23264822
0.02315595,-0.013787828,-0.03402684,-0.05469062,-0.050274074,-0.07312299,-0.056017913,-0.044379763,-0.01595898,0.007632941,0.026251273,0.05719614
-0.7086711,-0.69557416,-0.6750569,-0.65454173,-0.6208537,-0.6044952,-0.5648733,-0.5423236,-0.5038202,-0.47144306,-0.43709272,-0.40006545
-0.27031615,-0.25645804,-0.24752598,-0.23478392,-0.22147097,-0.2113491,-0.1950021,-0.18599057,-0.18128054,-0.16864465,-0.15841006,-0.14482571
-0.10883253,-0.09808384,-0.09398749,-0.090619706,-0.08970501,-0.078181446,-0.08298175,-0.08100491,-0.09963502,-0.09794685,-0.09290597,-0.09602666
-0.6915881,-0.6604887,-0.6175135,-0.5918589,-0.5598849,-0.54436034,-0.51702935,-0.5048906,-0.47944486,-0.46240693,-0.44320896,-0.43369266
-0.7285506,-0.7121763,-0.66686755,-0.65193486,-0.6085027,-0.6046702,-0.56301486,-0.53119653,-0.4811776,-0.4701429,-0.4377527,-0.40714765
0.08664766,0.0944625,0.101765394,0.105474435,0.10715093,0.1093445,0.10144311,0.09493382,0.08544811,0.07286063,0.057115793,0.04221618
-0.48112383,-0.44596937,-0.40333676,-0.37902126,-0.35233894,-0.3320238,-0.3214252,-0.3158737,-0.31683657,-0.32564932,-0.32989356,-0.34068182
0.29415208,0.29950136,0.299853,0.30057082,0.29239368,0.29209,0.2726745,0.26123402,0.23857124,0.21394493,0.1890119,0.16160755
-0.21605301,-0.20304063,-0.18508324,-0.1738956,-0.15834326,-0.14948049,-0.14188787,-0.14196888,-0.13800132,-0.13663937,-0.13372377,-0.13859507
-0.18084086,-0.188969,-0.1987011,-0.2036849,-0.19967386,-0.2024337,-0.19458397,-0.18644279,-0.1666911,-0.14185369,-0.12438061,-0.09763735
-0.12573886,-0.12349559,-0.1204888,-0.118797235,-0.114186525,-0.11111535,-0.10675507,-0.10503806,-0.096990034,-0.08876812,-0.08026609,-0.073153354
-0.17001519,-0.15256394,-0.1309474,-0.11385508,-0.09585659,-0.083532214,-0.07748834,-0.07601142,-0.0774829,-0.08401465,-0.09257665,-0.10387982
0.013928068,0.017622603,0.018792111,0.02395966,0.02083678,0.021908466,0.01950269,0.020683391,0.014983581,0.01460843,0.008779654,0.003571795
0.08417414,0.09858422,0.1059719,0.11550321,0.11305701,0.108578704,0.100814775,0.10156894,0.09419514,0.07642877,0.05825922,0.036213294
-0.010273212,-0.021059353,-0.033776674,-0.04411774,-0.046813253,-0.04663286,-0.04253127,-0.04471943,-0.04421681,-0.03387649,-0.019056693,-0.009013929
0.16468695,0.136283,0.1085393,0.08875372,0.07660519,0.069303535,0.07209155,0.072109595,0.07911851,0.095878504,0.11068768,0.1329335
0.23586369,0.23281854,0.21707766,0.21398394,0.19633918,0.19564179,0.18136993,0.17207722,0.15820675,0.15928753,0.14029215,0.13227773
-0.089300305,-0.07832933,-0.06694215,-0.05934322,-0.05600503,-0.04507524,-0.044067036,-0.0453109,-0.054428086,-0.06148637,-0.06358925,-0.06876068
-0.22592436,-0.22298612,-0.22005081,-0.20718324,-0.19917105,-0.18294841,-0.16222113,-0.15794161,-0.14524291,-0.122003056,-0.110956535,-0.086347416
-0.07575757,-0.08467528,-0.09371297,-0.09728359,-0.100867346,-0.09874657,-0.08640355,-0.080258325,-0.06883487,-0.054000013,-0.039150134,-0.019006267
0.55518216,0.5478704,0.5243101,0.5101025,0.47956878,0.470249,0.43373883,0.41342247,0.3693369,0.3465179,0.31325284,0.28123677
0.22643754,0.22189865,0.21231157,0.20680276,0.19189781,0.18794605,0.1734678,0.16872711,0.15353248,0.1419913,0.12690793,0.1135417
-0.43626022,-0.4139369,-0.38808295,-0.37567633,-0.35833052,-0.34466672,-0.3343377,-0.32628247,-0.31889537,-0.31346643,-0.29924637,-0.29242578
0.3210626,0.31220818,0.30129278,0.2956139,0.2839116,0.27830052,0.2634317,0.25226906,0.23411235,0.22161584,0.2000784,0.18221122
-0.068812214,-0.070201114,-0.07084696,-0.07219704,-0.070279025,-0.06752834,-0.06091559,-0.059757255,-0.054049343,-0.04416272,-0.03319777,-0.02307062
0.08244033,0.067848995,0.057607085,0.046663936,0.03990629,0.03068186,0.033567272,0.035222817,0.04839749,0.054058664,0.0650786,0.07745614
0.11005652,0.12266171,0.12530509,0.13574152,0.13812801,0.1430535,0.13230236,0.12726659,0.109353006,0.100238055,0.07966981,0.06114221
0.053627253,0.04937185,0.044015978,0.037367817,0.033775073,0.02742652,0.022365566,0.01855972,0.016408132,0.014009789,0.012760944,0.009513465
0.44363564,0.41020566,0.37718475,0.36125717,0.3514248,0.35316876,0.3540877,0.3457709,0.32608137,0.3301572,0.3425464,0.3604155
0.20424652,0.19687802,0.18980545,0.18662035,0.17818114,0.16897216,0.15998878,0.15166038,0.14640267,0.14376028,0.13835627,0.12791339
0.34063295,0.33740872,0.32911178,0.3278533,0.3181164,0.3174249,0.30347073,0.29214686,0.27385008,0.25867397,0.23633316,0.21589811
0.015474256,0.02788031,0.037344027,0.044065185,0.046608686,0.050928794,0.044806615,0.03946092,0.023013104,0.0092601655,0.002747117,-0.015453655
-0.13184494,-0.13159706,-0.13064319,-0.12906694,-0.12735902,-0.12580068,-0.114498794,-0.10939746,-0.101539046,-0.0950523,-0.08520442,-0.076003425
-0.3023637,-0.3027336,-0.29363775,-0.29346788,-0.27330962,-0.275287,-0.26035303,-0.24533024,-0.22778355,-0.21705657,-0.19654857,-0.18032321
0.38890955,0.3671734,0.34444466,0.31898135,0.3014006,0.28449795,0.26451015,0.24882394,0.23753135,0.2286761,0.2181297,0.20070526
-0.08933229,-0.08362177,-0.07960226,-0.07508865,-0.07337538,-0.0701507,-0.06878351,-0.06899615,-0.06923735,-0.06587109,-0.06839475,-0.070062935
-0.45010012,-0.42353356,-0.40409425,-0.38188624,-0.36977535,-0.35839984,-0.34279317,-0.33222857,-0.3063898,-0.28319252,-0.2663809,-0.24699631
-0.12596439,-0.12280106,-0.11585856,-0.10751419,-0.09176526,-0.08642509,-0.07811844,-0.06991082,-0.05030787,-0.039691955,-0.042950265,-0.031069562
0.15846063,0.17444266,0.17317165,0.17453142,0.16081864,0.15996459,0.13333774,0.11863932,0.09445836,0.08415154,0.05938572,0.031408228
-0.009884038,-0.005663596,-0.0031924695,0.0010224264,0.0022807783,-0.0011794884,0.0014891345,0.0025387798,-0.0038068462,-0.009181747,-0.0067949872,-0.015149715
-0.100152604,-0.08365397,-0.06614363,-0.052361485,-0.04309448,-0.03587923,-0.033507075,-0.032510646,-0.03541112,-0.040857706,-0.05005758,-0.06110773
0.09932916,0.08771267,0.07182231,0.06764968,0.061806686,0.054225877,0.055190433,0.05374365,0.061197974,0.07648469,0.07947666,0.08655628
0.12703933,0.11946282,0.11525256,0.10620397,0.10478377,0.09404399,0.08196613,0.07525214,0.06887021,0.06338203,0.057020977,0.046751626
-0.42395443,-0.3908282,-0.3598648,-0.33629417,-0.31009007,-0.2905636,-0.2905644,-0.2866342,-0.28047115,-0.27897772,-0.27957284,-0.2867463
-0.6183817,-0.5994396,-0.5742934,-0.5537783,-0.51146173,-0.5035187,-0.47318065,-0.45162794,-0.42606837,-0.395161,-0.37348667,-0.3489892
-0.0125123225,-0.027475484,-0.042521857,-0.052613355,-0.057020273,-0.061348896,-0.054013517,-0.052881338,-0.041509677,-0.026371002,-0.01501528,-0.001060266
0.011012927,0.019177739,0.025566917,0.027015083,0.03117129,0.035197765,0.027710138,0.02229964,0.016786909,0.01158557,0.0027429399,-0.01134391
0.09702568,0.080556065,0.06414514,0.048948187,0.037263844,0.031454798,0.03008379,0.02908326,0.036402553,0.04292237,0.053270537,0.06618205
-0.039784744,-0.031237336,-0.02194209,-0.012683427,-0.0074708927,-0.0023285914,0.00024734437,-0.002228573,-0.010062326,-0.011086704,-0.015868593,-0.025931247
0.22495782,0.22824763,0.22850344,0.22668731,0.21595883,0.21745609,0.20543285,0.19556767,0.17551696,0.15943496,0.14590985,0.12649316
0.14642237,0.12937468,0.10620259,0.09804258,0.082497306,0.08244798,0.08539198,0.08788328,0.09401499,0.10939588,0.1145341,0.13550337
-1.7389977,-1.6706597,-1.5717281,-1.5227733,-1.4594443,-1.3997215,-1.3299278,-1.3095245,-1.2360954,-1.1968956,-1.1462312,-1.09072
0.24742047,0.24088594,0.23560408,0.24155155,0.241477,0.23704886,0.23383138,0.22518542,0.2170467,0.21296497,0.18934213,0.17986242
0.14158763,0.1322297,0.118800744,0.10872599,0.09449121,0.08166783,0.072307505,0.06780505,0.067199074,0.0651549,0.061795596,0.05665964
-0.30890346,-0.31823647,-0.31786507,-0.32391912,-0.32041687,-0.32307974,-0.29259157,-0.27764168,-0.2505436,-0.234402,-0.19755787,-0.1633441
-0.3661533,-0.34119287,-0.3140068,-0.29849592,-0.27855542,-0.26338035,-0.25699097,-0.2504614,-0.24804278,-0.24904467,-0.2427906,-0.24416421
0.28588963,0.27940175,0.26523435,0.2595428,0.2477451,0.24635307,0.23356116,0.22494029,0.20944187,0.20127346,0.18489146,0.17746447
0.077418506,0.06615625,0.05604789,0.042044982,0.03815262,0.028639086,0.01871606,0.016384795,0.016057044,0.014601567,0.014253439,0.013746055
0.5180353,0.49108905,0.45958683,0.44757295,0.42031506,0.40808645,0.40072858,0.39716083,0.3914283,0.37990543,0.36363828,0.3647038
-0.42298457,-0.41719583,-0.41616923,-0.40688413,-0.3900257,-0.3852839,-0.36632088,-0.34716672,-0.31256098,-0.28532872,-0.27348766,-0.23915648
0.12503879,0.10945365,0.09881507,0.091893725,0.08123203,0.077563174,0.08302374,0.08349716,0.0863556,0.08876958,0.093305476,0.10216761
-0.2251355,-0.22921677,-0.22671117,-0.22512561,-0.21520145,-0.21146381,-0.19374079,-0.18302202,-0.1645969,-0.14986975,-0.13246186,-0.10801971
0.5913865,0.57161146,0.5430814,0.528549,0.49126562,0.47685474,0.45973492,0.44924557,0.4420408,0.42536435,0.4003216,0.39398327
0.6217119,0.6019715,0.58479804,0.56717426,0.54589796,0.53338146,0.5079912,0.4921747,0.46628216,0.44053504,0.41386095,0.39015284
0.19624227,0.20039622,0.20128483,0.20521316,0.19751805,0.19692183,0.18519197,0.17922288,0.16205105,0.14930184,0.13353173,0.11202185
-0.31439233,-0.29573253,-0.27465388,-0.26436046,-0.25122023,-0.24298725,-0.24062309,-0.23120426,-0.23260465,-0.24282265,-0.23754627,-0.23956366
0.38339484,0.3708438,0.3502949,0.33915344,0.3206409,0.31389,0.2998425,0.292836,0.2758791,0.25508943,0.2426813,0.23813462
0.24151473,0.2289148,0.2088283,0.2001259,0.18820557,0.17848478,0.17309906,0.17270696,0.16983274,0.1764232,0.17978111,0.18754838
0.318951,0.31447995,0.31015474,0.30849043,0.2984281,0.2936703,0.2824741,0.27144086,0.2593148,0.24417888,0.22704484,0.20573117
0.0040655285,0.012404069,0.021096919,0.024528068,0.01833279,0.023848895,0.018418722,0.01695486,0.005339429,-0.010399701,-0.019083586,-0.030738624
-0.37374496,-0.35762903,-0.33816975,-0.32535052,-0.3043918,-0.30000114,-0.28418663,-0.2691959,-0.24949506,-0.24408557,-0.23396741,-0.22368683
0.15843542,0.137405,0.11708318,0.10537441,0.096179634,0.08752602,0.08917693,0.089575835,0.09014635,0.09616425,0.09824163,0.11089704
0.08968388,0.07865439,0.062712096,0.054314096,0.045987174,0.036741704,0.03446605,0.034808636,0.050949004,0.0729785,0.07994021,0.09165787
-0.017293468,-0.009345574,-0.0040744394,0.0028606672,0.008116082,0.01012749,0.008649282,0.0073287543,0.001955703,-0.0016800398,-0.008991216,-0.016755542
0.07550277,0.07419274,0.074595444,0.0735846,0.07092975,0.067205556,0.062398836,0.05930426,0.056228705,0.047485415,0.04018725,0.031856332
0.061197646,0.049574487,0.04057152,0.03952761,0.038631734,0.040902812,0.05290164,0.053878553,0.057492472,0.06411071,0.06736306,0.08176866
-0.09399159,-0.09819018,-0.09456476,-0.09640302,-0.08686801,-0.094956815,-0.0751038,-0.059817355,-0.040466346,-0.039858107,-0.03366674,-0.023075413
-0.052709997,-0.040262252,-0.026933655,-0.02045305,-0.014676325,-0.011772588,-0.014898762,-0.016942251,-0.023401296,-0.034199547,-0.040808536,-0.05597504
0.631752,0.61990535,0.5971275,0.59275794,0.5772969,0.5524725,0.5279008,0.5140581,0.47956786,0.45546246,0.4346352,0.39795473
0.44519585,0.42987776,0.4118959,0.39532444,0.38055292,0.37388983,0.35431206,0.3386898,0.31863642,0.2959164,0.28089103,0.26396883
0.1495215,0.12837172,0.101855025,0.08901603,0.07450896,0.06695969,0.06610213,0.0635452,0.077603534,0.095834345,0.09399069,0.11522276
0.098234184,0.09889723,0.09716859,0.10716139,0.10652527,0.102029026,0.10290135,0.09614759,0.09348878,0.100613296,0.09043183,0.08495642
0.41816804,0.3883431,0.35744825,0.33734247,0.31920084,0.30139422,0.2966535,0.2911066,0.2921709,0.294057,0.29934117,0.3052224
0.11334744,0.13552406,0.15522696,0.17264184,0.17397471,0.18060559,0.16746923,0.15525147,0.12806869,0.102251574,0.07448084,0.032652058
-0.19924454,-0.2017628,-0.19690454,-0.19939548,-0.190657,-0.18689619,-0.17628811,-0.17519994,-0.16126268,-0.14797512,-0.13282181,-0.120822504
-0.16763678,-0.1455025,-0.12921675,-0.114714116,-0.10443881,-0.09024972,-0.0827884,-0.08022739,-0.08228689,-0.08652004,-0.08288076,-0.083288245
-0.2913728,-0.27890295,-0.26247332,-0.26169634,-0.25059208,-0.25010255,-0.25250873,-0.2541398,-0.24294585,-0.23962392,-0.23113959,-0.24435009
0.29260948,0.2835154,0.2697332,0.2613909,0.2511494,0.23873682,0.22039296,0.21184765,0.19762982,0.19170292,0.17578205,0.15583275
0.1422424,0.12526047,0.106864735,0.09365933,0.08048099,0.07334584,0.07448099,0.07758155,0.08000849,0.08356962,0.091203175,0.10413958
-0.024008796,-0.007256523,-0.0046312553,0.010784,0.02814907,0.027330106,0.030645436,0.043220133,0.037371337,0.021798715,0.035268303,0.042772926
-0.2815679,-0.24998286,-0.21215071,-0.18127055,-0.15843904,-0.13311034,-0.11979911,-0.120683424,-0.13999471,-0.15342659,-0.16434526,-0.18276885
-0.05861497,-0.056857795,-0.053000852,-0.05016805,-0.03869514,-0.037714936,-0.031238614,-0.030204061,-0.028465558,-0.025638591,-0.023161238,-0.018594444
0.073673025,0.06146836,0.052654155,0.04222704,0.039926365,0.02999394,0.028352931,0.016949348,0.026573654,0.037134267,0.047213823,0.04689196
-0.15821564,-0.15120873,-0.1552457,-0.15033446,-0.14448002,-0.1378706,-0.13531926,-0.12676862,-0.110378504,-0.0914041,-0.07915658,-0.057711788
-0.19409278,-0.17088494,-0.14929892,-0.13043116,-0.115308896,-0.10606445,-0.1034522,-0.09783885,-0.10578802,-0.11489661,-0.11898185,-0.13240862
0.30635822,0.28086844,0.25181496,0.22829124,0.2082684,0.19045183,0.17713931,0.16762818,0.16411832,0.1666396,0.16316643,0.16008413
-0.043749515,-0.038025856,-0.030152565,-0.026871335,-0.019911807,-0.020541627,-0.020333704,-0.01574614,-0.015934981,-0.021793187,-0.028798562,-0.029775765
0.20010538,0.21027057,0.22172555,0.23117541,0.22881576,0.23227443,0.21833831,0.20815429,0.18517764,0.15723759,0.12998056,0.09870626
0.09464183,0.07463245,0.052698676,0.035484616,0.024655238,0.017487109,0.018521927,0.019333333,0.028013151,0.042392768,0.056170635,0.078028485
0.2628452,0.26284236,0.26197594,0.2566753,0.24562937,0.24882758,0.23306346,0.22065948,0.18945453,0.1658131,0.15264317,0.12883034
0.21835804,0.20959365,0.19789666,0.18925625,0.177578,0.16865553,0.15873238,0.15299933,0.14648305,0.13788205,0.12781872,0.11861085
0.13827614,0.13378543,0.12784258,0.12350696,0.11599948,0.11727725,0.11398746,0.11074655,0.10237209,0.09650385,0.08916083,0.08816544
0.21190685,0.20802568,0.20141332,0.19952191,0.19289908,0.18792295,0.17830844,0.17030661,0.15668298,0.15043187,0.1372332,0.12188629
0.16438727,0.15971184,0.1489005,0.14311892,0.13021024,0.1303842,0.12042131,0.11126247,0.10117133,0.09787893,0.09389214,0.08828931
0.24900998,0.24253888,0.23645723,0.23030269,0.2253751,0.23056722,0.21714468,0.20503336,0.19148308,0.18034619,0.16730933,0.15979786
0.06345452,0.05091597,0.042223632,0.035155527,0.031040289,0.02993989,0.036244344,0.037040465,0.045073666,0.047909334,0.051033687,0.060218267
0.38424855,0.37606347,0.35862485,0.3444957,0.32088712,0.30678052,0.2823255,0.26868904,0.25589463,0.23755196,0.21218497,0.19159064
0.6935932,0.67352486,0.63750064,0.61811507,0.572109,0.5418743,0.5046575,0.48927814,0.4648358,0.45755392,0.43106702,0.39167973
0.05692223,0.054036792,0.052411154,0.055658553,0.05274891,0.049388368,0.05478163,0.057330824,0.057321988,0.057256043,0.058295496,0.058786504
-0.035515428,-0.044128705,-0.044531647,-0.05331653,-0.05177876,-0.047381002,-0.03708425,-0.03925409,-0.037721924,-0.03849162,-0.035667676,-0.026615504
-0.8293077,-0.79756474,-0.75791717,-0.73560715,-0.6998862,-0.6799745,-0.65283805,-0.634306,-0.6035339,-0.5797295,-0.54444426,-0.52416146
-0.2613639,-0.24810462,-0.22804424,-0.21907185,-0.2092995,-0.200406,-0.19490911,-0.19879901,-0.19655325,-0.19107766,-0.18538144,-0.19112794
0.17245188,0.15792052,0.1444396,0.13295987,0.12136857,0.1155967,0.11371312,0.1117402,0.11392736,0.11150851,0.11176103,0.117805086
-0.036938988,-0.045703724,-0.056999475,-0.06600868,-0.06744186,-0.072544515,-0.071896456,-0.06898941,-0.060557686,-0.050913952,-0.042850163,-0.029366892
-0.31363907,-0.3066713,-0.2893694,-0.28084886,-0.25417835,-0.2392115,-0.22886628,-0.221367,-0.19492403,-0.18638095,-0.17757209,-0.16399013
-0.011029066,-0.021760514,-0.03090857,-0.0394921,-0.038413644,-0.04704512,-0.047658987,-0.049642853,-0.040378354,-0.029025871,-0.022635713,-0.016416373
-0.05614778,-0.059908584,-0.054419518,-0.050249353,-0.0438658,-0.04744558,-0.037387338,-0.03667498,-0.035807446,-0.029639788,-0.028588511,-0.033013962
-0.62643695,-0.6003713,-0.57192725,-0.54684484,-0.5192475,-0.5038598,-0.4768728,-0.45601484,-0.42972672,-0.40982172,-0.389306,-0.36987638
0.030235527,0.034860577,0.04070529,0.04264243,0.05049681,0.044716462,0.036975835,0.03512589,0.027760029,0.01845584,0.007919857,-0.008938897
-0.0353367,-0.03605901,-0.036887333,-0.041206967,-0.040463634,-0.0432239,-0.04259012,-0.04023119,-0.040037956,-0.040566523,-0.03403986,-0.03133358
-0.1130029,-0.10760166,-0.098747246,-0.095530935,-0.08970653,-0.08502859,-0.07913619,-0.080117375,-0.08025481,-0.075647146,-0.06839127,-0.074644774
0.034015846,0.030070625,0.02866589,0.025158033,0.02686217,0.022981549,0.017966677,0.014619319,0.01272524,0.013210207,0.011193122,0.006099538
0.13867185,0.12611797,0.112298466,0.10583119,0.101547666,0.098226696,0.0972697,0.0978276,0.09990481,0.10398325,0.10427972,0.113112785
-0.04509823,-0.068551496,-0.08409005,-0.105469115,-0.11303712,-0.1098406,-0.09285064,-0.09389376,-0.06317554,-0.044323534,-0.019850109,0.0132179335
0.3740937,0.34397197,0.3045133,0.28268942,0.28593132,0.25719982,0.23529355,0.23741594,0.22107273,0.20979184,0.19803198,0.18313104
0.13728645,0.13260643,0.12746333,0.12201998,0.117063254,0.114151,0.11074023,0.10629104,0.10318723,0.10151512,0.0967907,0.09779567
0.6183615,0.58884907,0.55481905,0.534313,0.5059107,0.48748863,0.48168486,0.47662258,0.4648779,0.4476506,0.45675233,0.45523757
0.19473302,0.18411165,0.17088038,0.16334964,0.14867714,0.14149605,0.13675821,0.1349552,0.13805757,0.13332832,0.12394799,0.124998234
0.26880285,0.24344915,0.21643242,0.19903582,0.17925996,0.17102367,0.16695213,0.1656697,0.16394624,0.16803242,0.17044844,0.18484433
-3.4944766,-3.31795,-3.116642,-2.983835,-2.8393786,-2.72953,-2.6049497,-2.5552335,-2.4833677,-2.400781,-2.2907598,-2.2488084
0.21487801,0.20492868,0.1975736,0.19870445,0.19321696,0.1806578,0.17764641,0.17711726,0.17952715,0.17636089,0.17516135,0.17854153
-0.09931553,-0.100896426,-0.10511944,-0.1004736,-0.09307447,-0.09302352,-0.08723272,-0.08260233,-0.072708204,-0.056322485,-0.04958448,-0.040162098
-0.2295601,-0.21601325,-0.20206906,-0.1893841,-0.17923257,-0.16640541,-0.1563109,-0.15490499,-0.15842216,-0.15198225,-0.14436604,-0.14475782
-0.06562986,-0.0679056,-0.07186339,-0.07143784,-0.0674927,-0.072054744,-0.06722924,-0.06217081,-0.05216353,-0.04415754,-0.037174657,-0.031394545
-0.082920365,-0.07884743,-0.07225148,-0.06943128,-0.06838729,-0.058998056,-0.054112248,-0.053699125,-0.05442327,-0.056450844,-0.055068504,-0.05549895
-0.10564516,-0.11105953,-0.11369276,-0.11246376,-0.11341399,-0.11095262,-0.097720094,-0.09040613,-0.07647442,-0.06614301,-0.056812793,-0.042559665
-0.17154126,-0.15494044,-0.1324629,-0.12036749,-0.11108526,-0.10709575,-0.10220408,-0.099770874,-0.10397265,-0.11364566,-0.1166813,-0.12929225
0.031752095,0.03419267,0.039306022,0.043100722,0.051327378,0.047662772,0.040026363,0.033977345,0.038108934,0.037901912,0.031608395,0.017281346
0.1405379,0.14138359,0.14165886,0.13976802,0.13805835,0.13817059,0.12894411,0.1208338,0.109264836,0.09724765,0.08598805,0.06921186
-0.5851492,-0.55782735,-0.51444566,-0.49143246,-0.45591462,-0.44135228,-0.4152842,-0.39792874,-0.36920682,-0.3682837,-0.34884134,-0.34017444
0.006075673,0.024269586,0.048817363,0.06453526,0.08641035,0.10031304,0.1030301,0.09874001,0.067328855,0.04449799,0.030433537,0.006976513
-0.21553633,-0.20538528,-0.19857807,-0.18826653,-0.17799766,-0.17168978,-0.16214576,-0.15094207,-0.14759497,-0.14132428,-0.13510567,-0.12714504
0.0017564893,0.023369413,0.038628787,0.04945827,0.030321412,0.049058773,0.049580824,0.055221453,0.04606969,0.027041655,0.019765787,0.026667349
-0.48042932,-0.45541996,-0.42447037,-0.40461248,-0.37729862,-0.36525005,-0.34796628,-0.340232,-0.32966363,-0.31862757,-0.30361745,-0.30120382
-0.48954165,-0.47782663,-0.46009484,-0.44695258,-0.4235796,-0.41086295,-0.3880071,-0.3759205,-0.3553129,-0.3332417,-0.31019968,-0.2876162
-0.067224294,-0.07407132,-0.082829,-0.08196673,-0.08743177,-0.08282511,-0.071398005,-0.064018376,-0.05012885,-0.03430878,-0.024803108,-0.0035400465
0.069008306,0.0848964,0.10086466,0.10937449,0.112794906,0.11504215,0.103926755,0.09843525,0.08235231,0.057573497,0.03615111,0.008033231
0.21168342,0.20390475,0.1949926,0.18974303,0.17742655,0.17491688,0.16914394,0.16708104,0.15778835,0.14831063,0.137009,0.13254379
-0.03827911,-0.033686474,-0.022827575,-0.017888302,-0.012027966,-0.0101659205,-0.006480834,-0.006148532,-5.351333e-05,-0.0021590302,-0.0048636645,-0.0068595624
-0.03884131,-0.03908774,-0.038508497,-0.04342139,-0.042786606,-0.042180173,-0.044749618,-0.046496227,-0.04828065,-0.048700556,-0.048518546,-0.047458205
-0.11194482,-0.11986348,-0.12809771,-0.13221924,-0.12744983,-0.12850769,-0.12040648,-0.11412527,-0.10206453,-0.08367285,-0.06958519,-0.050510693
-0.1888704,-0.1609539,-0.1313945,-0.10842333,-0.093097694,-0.07874844,-0.07988657,-0.08204593,-0.094196364,-0.10780585,-0.12276175,-0.14673105
0.02059289,0.027751585,0.032004956,0.039268307,0.046649836,0.04843672,0.0528561,0.05249312,0.042697705,0.038704254,0.043366823,0.036409907
-0.18017074,-0.17163333,-0.16124828,-0.1496716,-0.13892378,-0.13276917,-0.12247882,-0.12200753,-0.123387076,-0.11470642,-0.10986214,-0.10993742
0.14903681,0.14427677,0.14486764,0.14525513,0.14736141,0.15373966,0.15347557,0.14580393,0.15229416,0.14280643,0.12799221,0.12573801
0.5347716,0.49298966,0.45615223,0.42671967,0.39552447,0.38301805,0.3780295,0.3700034,0.37382126,0.37007552,0.37204456,0.38667423
0.08825164,0.08849306,0.083365194,0.0826708,0.07569754,0.07352702,0.065381825,0.06165625,0.055651475,0.05133802,0.03920962,0.033345446
-0.2904184,-0.27522406,-0.25230592,-0.24011077,-0.22435996,-0.20902589,-0.19917108,-0.19963439,-0.19135362,-0.18745258,-0.18179676,-0.18212003
0.07480418,0.074212156,0.06970453,0.065904066,0.060883135,0.06040109,0.053552266,0.049230292,0.046889212,0.042820282,0.036327776,0.03233343
-0.3926966,-0.3814736,-0.36484116,-0.3546908,-0.33732677,-0.33225098,-0.31084847,-0.29624444,-0.26854247,-0.25017735,-0.23216346,-0.21059583
-0.057092518,-0.05148213,-0.040912174,-0.030934572,-0.023419634,-0.020037957,-0.014389956,-0.01307631,-0.0037760995,-0.0027211532,-0.010110745,-0.011856498
0.08119432,0.08285296,0.08910996,0.095194176,0.09426083,0.09705034,0.10194887,0.10178563,0.09494762,0.08269103,0.07174868,0.06523286
0.33284545,0.29876837,0.2706276,0.24683163,0.23453352,0.2123148,0.20546177,0.19716483,0.20957771,0.21447816,0.21885912,0.23053348
0.033580437,0.045623027,0.059301686,0.06738791,0.07121831,0.075335175,0.06707335,0.065788396,0.052578274,0.031318672,0.014957805,-0.003681519
0.33459964,0.31507474,0.29033855,0.28227478,0.27091447,0.2591867,0.2552523,0.25480908,0.24746832,0.24792437,0.23045143,0.24035172
0.19198926,0.18506281,0.1713614,0.16516647,0.1582939,0.14546072,0.14624566,0.1494802,0.15484983,0.15289019,0.15955181,0.1675852
-0.59213,-0.58894986,-0.5788062,-0.5750096,-0.5537025,-0.5459406,-0.5144249,-0.4932844,-0.45844263,-0.4210975,-0.38020545,-0.33660984
0.23060231,0.22873898,0.23399904,0.23457117,0.23652259,0.24677753,0.2489048,0.25289872,0.23490694,0.20407,0.19229257,0.19470026
0.35121393,0.33686632,0.3208064,0.30756816,0.28778657,0.27803192,0.25736126,0.24410737,0.22920023,0.21957283,0.20395523,0.19066253
-0.07830993,-0.06823924,-0.05950477,-0.05166347,-0.046665363,-0.038953096,-0.036715075,-0.03636828,-0.036742892,-0.03894752,-0.04036442,-0.03837269
0.11379978,0.11114951,0.10921536,0.10743826,0.101784,0.09918579,0.09555056,0.09009087,0.089528814,0.083355784,0.076717354,0.06942708
-0.1784201,-0.16824721,-0.15488175,-0.14450134,-0.13747418,-0.12958676,-0.12252726,-0.121560216,-0.11617607,-0.11042324,-0.105079,-0.10547792
0.12960194,0.12690827,0.12395631,0.119342685,0.115247875,0.10729952,0.09699011,0.09535667,0.08711503,0.07491993,0.060352083,0.048451036
0.007618392,5.6645833e-05,-1.8663704e-06,-0.0022056047,0.003018911,-0.003785979,-0.0023432635,-0.0023139734,-0.0043261023,0.0035287421,0.006801059,0.0107507715
-0.09193013,-0.09572367,-0.097049594,-0.0986401,-0.09668198,-0.09633355,-0.08798159,-0.08408061,-0.07606602,-0.06897082,-0.05907633,-0.04882783
1.0515088,0.9996555,0.9319172,0.89828604,0.8465629,0.8124806,0.77294195,0.73821104,0.7214951,0.71404934,0.6797224,0.6664172
-0.1431042,-0.12627718,-0.107622564,-0.09356584,-0.0793947,-0.07192554,-0.07200208,-0.07363943,-0.08291328,-0.08422655,-0.08999934,-0.10322714
0.26641378,0.2574387,0.24771427,0.24162471,0.22736277,0.23046607,0.22075471,0.21459562,0.19829571,0.18121172,0.1703285,0.16467693
0.17288339,0.17470929,0.17411226,0.17389195,0.16707376,0.16714445,0.15730745,0.15383984,0.1424097,0.12796777,0.114260726,0.100347236
-0.097417146,-0.0894759,-0.07866468,-0.076071836,-0.0694104,-0.06576336,-0.06627779,-0.06862275,-0.07249374,-0.07585721,-0.075826675,-0.08436744
-0.3747146,-0.35378635,-0.33089453,-0.31229758,-0.29838395,-0.28228676,-0.26376992,-0.2534439,-0.24727297,-0.23886861,-0.22802219,-0.21601668
-0.1317362,-0.12987044,-0.12655723,-0.11407761,-0.100345194,-0.100595,-0.079927936,-0.0687447,-0.06767956,-0.05976191,-0.05398515,-0.048641875
-0.019352654,-0.012717303,-0.0116902925,-0.012308916,-0.014242018,-0.008875113,-0.015795102,-0.019808836,-0.02650147,-0.033113636,-0.03819281,-0.040235087
0.036488406,0.022596272,0.0043862443,-0.01633784,-0.022503141,-0.03282606,-0.042709723,-0.04430387,-0.048058435,-0.04218635,-0.03280874,-0.027417146
0.25945288,0.24773073,0.22819287,0.22025616,0.20505956,0.19612879,0.18468921,0.18485,0.17312333,0.17433952,0.16796893,0.16723287
0.31043687,0.30569333,0.29181275,0.27844507,0.26005659,0.25144038,0.22515,0.20888376,0.18689786,0.17437594,0.16126633,0.13826759
0.34009826,0.31119913,0.2773779,0.25897253,0.23638621,0.22454917,0.22125828,0.21775216,0.21206242,0.21820737,0.21812093,0.22859012
-0.2402427,-0.2333008,-0.22405744,-0.2193338,-0.20887488,-0.20420484,-0.194321,-0.18781766,-0.17688762,-0.16937764,-0.15406387,-0.14204057
0.17790183,0.16984898,0.15902153,0.15573521,0.1468281,0.14184222,0.13693863,0.13365866,0.12914716,0.12350068,0.11758154,0.11409223
0.17648768,0.18014151,0.17360032,0.17313594,0.16491665,0.16764294,0.15496245,0.15282512,0.1325899,0.11909573,0.108548135,0.09931552
-0.11323391,-0.101825744,-0.095084764,-0.088229634,-0.08192964,-0.076377705,-0.08048402,-0.077040926,-0.0837837,-0.08434389,-0.087707356,-0.09045724
-0.83946896,-0.8004042,-0.74390316,-0.7094705,-0.6654036,-0.64135146,-0.6008307,-0.58166826,-0.54700935,-0.5243643,-0.50111526,-0.4852151
0.0042344546,0.0033700354,-0.00022340799,0.0004021637,0.004051495,-0.0032723178,0.0007533212,0.008605698,0.0059548803,0.002696043,0.008279163,0.009893079
-0.025356948,0.00283321,0.033834964,0.05610295,0.073767826,0.09940956,0.10011287,0.0856084,0.06797916,0.05548585,0.034209996,0.00783941
-0.044528503,-0.028597362,-0.012787998,-0.005737625,0.0011091791,0.0014448017,-0.0073926672,-0.010008875,-0.022300009,-0.037451588,-0.047353305,-0.06986372
1.0070615,0.96945715,0.9260546,0.8888538,0.8502329,0.80508983,0.7704551,0.74635214,0.70260423,0.6593363,0.66017514,0.6108289
0.029076343,0.026858734,0.023355542,0.02339702,0.021272728,0.0186898,0.019381216,0.019078271,0.017689228,0.020253481,0.021264141,0.022941357
0.5367305,0.5169113,0.48725164,0.46193653,0.43228388,0.42316365,0.38318348,0.35627827,0.3158072,0.28851637,0.25496274,0.21787451
-0.3211221,-0.2968923,-0.26604804,-0.25100508,-0.23448656,-0.22615546,-0.22298704,-0.22191972,-0.2149506,-0.22246689,-0.2290057,-0.24352878
-0.057505876,-0.06845001,-0.079100475,-0.087283015,-0.09014746,-0.09701974,-0.0940212,-0.087046236,-0.07201199,-0.06117858,-0.047387116,-0.029173264
0.1303903,0.11518291,0.097788274,0.08411926,0.076115966,0.06852637,0.058525898,0.05105423,0.048307195,0.050487,0.054555997,0.054989345
0.13801895,0.12554905,0.116122305,0.11069077,0.10479823,0.10226886,0.10113646,0.10008116,0.1006161,0.09894973,0.09559145,0.10013491
-0.35600603,-0.34668636,-0.33502695,-0.32832292,-0.3164467,-0.30878636,-0.29295018,-0.28241155,-0.26419184,-0.24797556,-0.22875503,-0.20965074
0.2561434,0.23438221,0.22108509,0.20664516,0.20177346,0.1893926,0.19245148,0.18341626,0.1892508,0.19338676,0.20569962,0.20184223
-0.7618089,-0.7072153,-0.6434973,-0.6055971,-0.55685365,-0.52563876,-0.51098883,-0.49801242,-0.49865448,-0.50178343,-0.4929018,-0.5064432
-0.04011163,-0.028386556,-0.01839723,-0.011283284,-0.004022293,-0.0022365153,-0.0011292789,0.0006991457,-0.0042990893,-0.010059147,-0.014879224,-0.020702405
0.15699667,0.15959187,0.15854247,0.15789151,0.15221581,0.14875202,0.13793238,0.13307035,0.12385252,0.108281285,0.09170279,0.07567381
0.05847644,0.04140994,0.023924522,0.010479089,0.00411791,0.004901994,0.010291062,0.012036916,0.017331693,0.02811477,0.04467828,0.06384543
0.19205163,0.18218783,0.16785087,0.1625808,0.14732084,0.1436771,0.13522917,0.13092095,0.12621675,0.12576763,0.11513132,0.11299757
-0.08209293,-0.08613175,-0.088851616,-0.08993004,-0.08864465,-0.08490491,-0.07752974,-0.07759124,-0.06657192,-0.04972095,-0.03813743,-0.023425175
0.0149766905,0.025514932,0.03918348,0.043777347,0.042595994,0.049417708,0.046159413,0.0385888,0.024699613,0.006838591,-0.00428368,-0.021235708
