0.070971265,0.08115542,0.091420956,0.07607186,0.073837966,0.059841506,0.052523352,0.040957905,0.036768015,0.031735256,0.02983546,0.029040407
-0.21871023,-0.16840453,-0.14717881,-0.12960485,-0.10638628,-0.07820557,-0.053924277,-0.05283813,-0.046330094,-0.035594173,-0.0354709,-0.03840071
0.16212426,0.14364105,0.12667087,0.10070709,0.08930667,0.077441536,0.07125427,0.06366396,0.06352699,0.06539428,0.06820816,0.070205376
-0.00756412,0.0003754571,0.0025919937,-0.006656687,-0.011541601,-0.011739069,-0.010441134,-0.010141472,-0.0060952655,-0.0019301919,0.00016353885,-0.0015393607
-0.4684177,-0.43728483,-0.36152592,-0.3184466,-0.27970713,-0.24397276,-0.19351146,-0.17451642,-0.16193616,-0.16318363,-0.16227403,-0.16059992
-0.2929483,-0.31089228,-0.3088227,-0.2828061,-0.2529485,-0.22226161,-0.20049292,-0.16983166,-0.14790788,-0.12917562,-0.119505204,-0.1142737
0.18234819,0.16111618,0.14387612,0.13443244,0.11994611,0.1041801,0.09247501,0.08165613,0.0677934,0.05725474,0.050258704,0.04627619
0.07788625,0.08267148,0.074785754,0.07366221,0.06446576,0.058162224,0.049644575,0.043043062,0.040195365,0.037028506,0.03617895,0.035763633
0.08472165,0.07480352,0.0616327,0.053050637,0.0458598,0.03980608,0.036609527,0.03387106,0.032421384,0.035316676,0.037083987,0.03853101
0.009508694,0.00023224577,-0.0004823152,0.025817834,0.033341393,0.037423037,0.023507332,0.020482304,-0.0033234153,-0.025388658,-0.043631516,-0.05311989
0.012551472,0.011243799,0.0032488015,-0.008515198,-0.011531949,-0.010061563,-0.007051127,-0.0052108234,0.0012099218,0.006773866,0.014046047,0.019894147
0.0073503666,-0.0060933707,0.008271569,0.02420846,0.036604486,0.032793235,0.028440457,0.022577982,0.0035929158,-0.013238199,-0.027966153,-0.03812035
-0.114703864,-0.08762592,0.10253027,0.047364175,0.098356515,0.040881664,0.13534433,0.06324391,0.06754759,0.024692088,0.025932774,0.03764735
-0.3650723,-0.38782448,-0.37206155,-0.35022283,-0.3288789,-0.30104017,-0.26318493,-0.22670232,-0.19449805,-0.16923574,-0.15112236,-0.14212015
-0.089506626,-0.06785176,-0.028398857,-0.014875814,0.0038799644,0.009187274,0.016185977,3.0875206e-05,-0.022709258,-0.0534262,-0.073137455,-0.08069412
0.0942216,0.11953387,0.10082559,0.07790813,0.06758349,0.06534973,0.059806943,0.05167928,0.05992259,0.06905093,0.07630844,0.079922765
0.17014863,0.10886185,0.035686612,-0.015208885,-0.042001814,-0.061348826,-0.075353175,-0.06436201,-0.033001453,0.00194408,0.029897798,0.04767642
0.058095984,0.04977956,0.04092113,0.029451016,0.023730556,0.017861284,0.013305966,0.009851726,0.008641321,0.0048658047,0.005786093,0.007421544
0.65120804,0.5624256,0.50491494,0.45155022,0.3995229,0.34282938,0.3031612,0.2716049,0.24136074,0.21851833,0.20551953,0.20023495
-0.04793786,-0.039708614,-0.039500497,-0.031213434,-0.029277049,-0.022498844,-0.02052939,-0.017842868,-0.017189054,-0.019838072,-0.020102823,-0.02012004
-0.078515366,-0.11352417,-0.10299353,-0.07731713,-0.06092447,-0.05301725,-0.04520273,-0.036476433,-0.04388128,-0.051904105,-0.060658693,-0.066835195
0.028624274,0.01621358,0.014779478,0.010489618,0.017090822,0.018259028,0.025327273,0.025525816,0.02877541,0.03194257,0.03328695,0.03305193
0.19034609,0.19429484,0.18996178,0.1911693,0.15930918,0.13138773,0.10110228,0.08408182,0.055969097,0.034120135,0.019994643,0.012138046
-0.22794029,-0.15675633,-0.09592795,-0.07008885,-0.0451577,-0.03239073,-0.0074272156,-0.016118541,-0.013385668,-0.0247024,-0.03034854,-0.034837708
-0.2266513,-0.20772585,-0.19744997,-0.16339085,-0.1495871,-0.123191126,-0.11215866,-0.09354183,-0.08567849,-0.079601355,-0.07778628,-0.0780227
0.05093628,0.061192773,0.05065962,0.039670475,0.034398153,0.029480843,0.023165919,0.021597367,0.02970384,0.03817463,0.044761524,0.048710197
-0.041036226,-0.059502706,-0.07004845,-0.055708967,-0.05583614,-0.05014211,-0.04568176,-0.03530082,-0.030968845,-0.02639573,-0.024218816,-0.024166971
-0.01447916,-0.03496775,-0.052877076,-0.051601656,-0.05709993,-0.05524425,-0.05488624,-0.047181472,-0.04306312,-0.03929806,-0.033758827,-0.0295045
1.270876,1.3215103,1.098175,1.0495532,1.2632508,1.1835239,0.88671654,0.7705632,0.68911266,0.6854062,0.64555657,0.6227431
0.65491146,0.69959253,0.655738,0.55652946,0.52176434,0.46348226,0.42202145,0.3606709,0.34354964,0.3384366,0.33565673,0.33428103
0.029477868,0.009536449,0.014166068,0.022098057,0.032024708,0.028805312,0.021099813,0.020520246,-0.0033397973,-0.022258025,-0.035633788,-0.045474462
0.10887419,0.11083895,0.10956346,0.107983425,0.105043896,0.0916258,0.081567585,0.07001807,0.059187517,0.05219023,0.046145044,0.04204557
0.107942246,0.127421,0.12735538,0.122941315,0.10558197,0.0928914,0.08087973,0.0699963,0.06398249,0.05959741,0.05662646,0.05306256
0.040964935,0.058866866,0.045912836,0.056719616,0.0357369,0.035736524,0.022646029,0.023332523,0.022560764,0.022907605,0.024439083,0.02523755
-0.062388506,-0.08736617,-0.1045704,-0.10981247,-0.106154956,-0.09812483,-0.09055587,-0.07415405,-0.056728583,-0.036118373,-0.023759704,-0.01733319
-0.017235722,-0.01836526,-0.01384496,-0.011058465,-0.010754962,-0.011601739,-0.009452984,-0.0056146495,-0.0028077625,0.0018085635,0.0026901492,0.0015193262
-0.18324931,-0.17813101,-0.15515146,-0.12513395,-0.09934056,-0.08572621,-0.07740362,-0.06641389,-0.06616251,-0.065815076,-0.06878166,-0.07148173
0.30821097,0.29664075,0.268135,0.237923,0.21490629,0.18515232,0.1675336,0.14866334,0.13632207,0.13315064,0.12857124,0.12113682
-0.21836996,-0.25447825,-0.2573985,-0.23655932,-0.22784528,-0.21498261,-0.19327739,-0.1626251,-0.134737,-0.111527905,-0.09583496,-0.08823221
-0.40110555,-0.43311504,-0.43284062,-0.3927827,-0.35673493,-0.31435844,-0.28452796,-0.23645312,-0.20072477,-0.16835001,-0.15174745,-0.14471157
0.10706367,0.121708944,0.082928665,0.080527835,0.06413998,0.05482952,0.030107588,0.02438129,0.026764914,0.029113863,0.033788912,0.036832504
0.44597885,0.43779325,0.39269888,0.32783514,0.26673725,0.21521187,0.17967087,0.14474475,0.12897828,0.11432695,0.11257273,0.11421347
-0.1925453,-0.2016206,-0.2200783,-0.19118364,-0.18839103,-0.16517538,-0.15147176,-0.12568,-0.10117111,-0.08249923,-0.06951481,-0.063113324
0.29379398,0.2546152,0.2591233,0.22734258,0.22694781,0.20645021,0.20533706,0.18393365,0.16617212,0.14973147,0.13534674,0.12530628
0.03300766,0.0027256254,-0.0030901153,-0.019097224,-0.01336153,-0.018789269,-0.018995829,-0.01270115,-0.0033131056,0.009719224,0.01851533,0.025081497
-0.23802204,-0.36913326,-0.3940261,-0.34371644,-0.3309418,-0.3023671,-0.2576668,-0.21073824,-0.17804247,-0.15054113,-0.13696821,-0.1354937
0.20135708,0.2019035,0.19168262,0.16094185,0.14361817,0.12088869,0.09956238,0.0733458,0.047602855,0.021967027,0.011665113,0.010003272
0.06666933,0.050050467,0.018952437,0.015437342,0.00056916475,-0.0006287843,-0.0036953092,0.002184391,0.014320083,0.027602434,0.03407971,0.034906104
-0.16068417,-0.15247327,-0.1226978,-0.09568408,-0.07179117,-0.05865629,-0.04929374,-0.04532463,-0.05432079,-0.06376232,-0.07070732,-0.07377797
-0.021671249,-0.031635486,-0.03268762,-0.02999561,-0.028286196,-0.026060987,-0.025658999,-0.020463409,-0.020601448,-0.01835763,-0.018365294,-0.018705554
0.500514,0.6389446,0.61944914,0.6010913,0.565262,0.5139116,0.43612608,0.36506638,0.3359867,0.31289545,0.30072868,0.29481232
-0.3715461,-0.44858754,-0.39769566,-0.3097406,-0.25236088,-0.24205646,-0.20359728,-0.15956742,-0.12644628,-0.09866373,-0.08900825,-0.090665326
0.2739645,0.29369885,0.27012658,0.23563853,0.16916813,0.13826498,0.11248428,0.10547775,0.10356784,0.10516201,0.10760531,0.10270337
0.22517735,0.16683446,0.14424652,0.13389774,0.1296033,0.11749766,0.10541175,0.09642799,0.07766561,0.060419455,0.049153008,0.04622066
-0.08691161,-0.11611119,-0.13014092,-0.09688402,-0.09868267,-0.0868121,-0.07718113,-0.061662063,-0.05773743,-0.055356078,-0.05451549,-0.05570309
0.07839003,0.09969152,0.07307259,0.091045104,0.07884856,0.08046492,0.061010323,0.05172629,0.040827937,0.031166758,0.026969217,0.02496421
-0.35064664,-0.3780531,-0.3538701,-0.2944748,-0.25330615,-0.2165142,-0.19016975,-0.16202715,-0.15716484,-0.15640907,-0.16387896,-0.16934337
0.18729764,0.18023461,0.15460381,0.1387191,0.10774099,0.090189464,0.074557886,0.060979687,0.052393537,0.0448049,0.043863453,0.047063492
0.29798043,0.27293557,0.24510334,0.20148104,0.17613955,0.15172674,0.13619973,0.11877919,0.111848034,0.10862532,0.11044565,0.11271331
-0.06840432,-0.04666727,-0.020106122,-0.007441491,0.0036115497,0.011807919,0.018298127,0.014216714,0.0041832738,-0.005994063,-0.0148209715,-0.019743737
0.38111117,0.38852894,0.3981075,0.3430634,0.32513803,0.27766097,0.25404754,0.2139209,0.19550207,0.18482174,0.17832752,0.17420244
-0.046646927,-0.06697691,-0.072815165,-0.07588245,-0.07387517,-0.065031126,-0.054310393,-0.049057227,-0.043668967,-0.040760554,-0.035873722,-0.029473294
-0.07618977,-0.030201882,0.011300445,0.0010032356,0.011885934,0.018052556,0.03642568,0.023802198,0.02665558,0.024462797,0.025717277,0.027787074
0.032394,0.030649258,0.02338561,0.015778922,0.0081364885,0.0066183433,0.0031451993,0.005727509,0.008505201,0.0143445,0.017452536,0.018698737
-0.19494271,-0.22135404,-0.20087394,-0.1755925,-0.14488345,-0.12266897,-0.094599396,-0.07142086,-0.06669861,-0.05943741,-0.06116207,-0.065756075
0.14487706,0.15232652,0.15079448,0.1300587,0.113620594,0.09802727,0.090022534,0.07672356,0.07281484,0.07013139,0.06987971,0.06906831
-0.109495014,-0.08788292,-0.07585357,-0.067080066,-0.056848705,-0.043639686,-0.03308557,-0.029718641,-0.023431744,-0.01963136,-0.018476248,-0.018634407
0.08236421,0.069113515,0.059483327,0.04389548,0.03415221,0.02459912,0.024898686,0.022756651,0.026299618,0.031051187,0.03564903,0.038037684
-0.5161929,-0.44378948,-0.37529108,-0.17821482,-0.18520391,-0.15810719,-0.15666354,-0.1183117,-0.121046826,-0.13113756,-0.14819455,-0.16868779
0.1608449,0.16972998,0.16682777,0.14913025,0.13456532,0.11373536,0.100172706,0.085360736,0.08254412,0.08086675,0.08093465,0.08008533
0.2441738,0.27672505,0.2633483,0.22085384,0.19110246,0.16562581,0.14312273,0.118753485,0.10906717,0.09820323,0.09829314,0.100273184
-0.10073435,-0.087685816,-0.07772095,-0.057308726,-0.049261153,-0.042132765,-0.0361885,-0.029788595,-0.026962005,-0.02280676,-0.02282052,-0.023726784
0.13746649,0.10361149,0.046668038,0.042662352,0.02723895,0.021913782,-0.0022971928,-0.0005117953,-0.0046525598,-0.0056680515,-0.006755285,-0.007817101
0.11216159,0.06454964,0.034779876,0.018505633,0.0031937659,-0.012786783,-0.023891017,-0.022545956,-0.021726787,-0.020878132,-0.01691994,-0.012930393
-0.08569887,-0.07981041,-0.06807415,-0.0511633,-0.03870225,-0.030769393,-0.030279554,-0.027630024,-0.03310911,-0.03738822,-0.04183134,-0.04408308
-0.060009558,-0.07120741,-0.07831813,-0.09548086,-0.09451635,-0.08806288,-0.075082324,-0.06512778,-0.046695273,-0.0295769,-0.015523922,-0.0051194727
-0.35935748,-0.34685183,-0.3148434,-0.274805,-0.24231277,-0.20845714,-0.18045567,-0.1542212,-0.13939726,-0.1288822,-0.12606257,-0.12659533
-0.26341206,-0.23565397,-0.23141426,-0.17874563,-0.15843691,-0.12689671,-0.11892852,-0.098114446,-0.08493323,-0.0773996,-0.075291336,-0.07666026
0.22667027,0.23831877,0.24188745,0.22156346,0.20631693,0.18503875,0.16304803,0.13402058,0.10195485,0.074262574,0.056875773,0.0484616
0.19408166,0.19047856,0.17000073,0.14725477,0.1236151,0.107831985,0.0961554,0.08512353,0.07820283,0.07406291,0.072292,0.0717196
-0.027848978,-0.023324102,-0.023301968,-0.022783581,-0.025451196,-0.018700492,-0.016790628,-0.011365597,-0.0067343684,-0.0010873005,0.001570873,0.003122759
1.2461121,1.2698282,1.1091928,0.8996179,0.7909565,0.73742324,0.62697554,0.54456604,0.5082345,0.4656078,0.44971308,0.448228
0.112148985,0.11450398,0.10466425,0.10114177,0.08863028,0.086728334,0.08012803,0.0736984,0.063445285,0.054392677,0.04712201,0.042598106
-0.14656173,-0.10471207,-0.08299509,-0.038512364,-0.017685652,0.006054193,0.0024784654,0.0051406026,-0.013856769,-0.032280684,-0.049596462,-0.06126833
-0.0976512,-0.118450105,-0.12801105,-0.12737834,-0.12355016,-0.11314824,-0.09979307,-0.08372667,-0.06837467,-0.05306241,-0.043171264,-0.038486376
0.0017185714,0.002111354,0.019535316,0.022115305,0.025947675,0.02324421,0.02983169,0.0255495,0.02228729,0.018882684,0.015027024,0.01180903
0.34454304,0.31570667,0.24919507,0.2057155,0.17546558,0.15427026,0.13767475,0.12366888,0.13250707,0.14653262,0.15522991,0.15701956
-0.058771886,-0.042429462,-0.012790136,-0.00693845,-0.0007411167,-0.0036416426,0.005058974,0.0023684353,0.0014806613,0.0015710723,0.00033053383,-0.0015256722
0.30890855,0.19684115,0.10845652,0.24073544,0.14083403,0.085458755,0.057483584,0.06465393,0.07401994,0.06583628,0.060923055,0.047188804
-0.48742798,-0.43529278,-0.36020774,-0.30336598,-0.2526728,-0.21827763,-0.18892282,-0.17240098,-0.17594686,-0.18705381,-0.19725662,-0.2040969
0.057026483,0.049583454,0.055884644,0.06005972,0.0654787,0.05799818,0.051291756,0.044540998,0.033482116,0.024574205,0.017684072,0.014306545
0.4369683,0.39300865,0.2909342,0.18255776,0.08573875,0.004199043,-0.055624515,-0.09358789,-0.12317008,-0.17699498,-0.17064634,-0.16137502
0.011320896,-0.009608924,-0.021202184,-0.02859424,-0.029392455,-0.029546961,-0.017977685,-0.011598375,-0.0033417568,0.0020011961,0.005009208,0.004617844
-0.14771408,-0.12452589,-0.10253522,-0.087005414,-0.07610446,-0.069162674,-0.06266324,-0.053448454,-0.042151123,-0.032772355,-0.026849814,-0.02487357
0.068522006,0.038897626,0.016622514,-0.0094460845,-0.01960285,-0.024918616,-0.023154646,-0.012072735,-0.012907006,-0.00728561,-0.0043468624,-0.0076441094
-0.05967155,0.049023956,0.055890083,0.06284584,0.05458188,0.06888933,0.04800357,0.044129424,0.04395909,0.050306045,0.052393526,0.05167754
-0.061142363,-0.08291723,-0.09897934,-0.0658813,-0.06781238,-0.059221447,-0.06612647,-0.052186556,-0.05472725,-0.056737803,-0.060508974,-0.062521495
0.060729794,0.08506866,0.103859164,0.09355075,0.0887672,0.07459225,0.06923218,0.054156866,0.04724585,0.040661827,0.036915943,0.035274863
0.10253609,0.068000905,0.045856886,0.049629554,0.040339753,0.03465137,0.011033848,0.0110634975,-0.0047283024,-0.015578758,-0.024048127,-0.025383435
0.063213184,0.07444261,0.06741093,0.04271005,0.032195672,0.028708642,0.029461091,0.022042744,0.024719378,0.027167771,0.03345717,0.03911598
0.34787446,0.28593123,0.22623792,0.20537403,0.15853694,0.12820593,0.10097128,0.09116925,0.078347,0.071434855,0.07110849,0.07410786
-0.24587563,-0.21601379,-0.17541759,-0.16114172,-0.14295492,-0.12733835,-0.103331625,-0.09456712,-0.08605304,-0.084266976,-0.082746536,-0.08233009
-0.1888268,-0.18825898,-0.18509391,-0.16046023,-0.1520583,-0.1278879,-0.11184867,-0.09403917,-0.0798816,-0.07068732,-0.066449836,-0.06603009
0.17281917,0.17629273,0.17670414,0.1283892,0.10046984,0.075825065,0.0731836,0.06279369,0.06692642,0.07721858,0.08705245,0.09243687
-0.09173951,-0.14728418,-0.17283413,-0.16310683,-0.15529999,-0.1413966,-0.12685493,-0.10569214,-0.09318505,-0.08928424,-0.08347711,-0.08115485
0.011137044,0.046646252,0.039480574,0.023231298,0.02582439,0.02654107,0.021612734,0.019093364,0.028728168,0.04298668,0.051862326,0.05678159
0.017404407,0.07100615,0.091043174,0.06603704,0.06970373,0.069430426,0.0656659,0.051287387,0.048215445,0.044792153,0.04335737,0.04254829
0.017201558,-0.0036242679,-0.014029317,-0.02357164,-0.028281365,-0.027927041,-0.024765685,-0.013505794,0.0006647594,0.0150650535,0.023300836,0.025996536
0.098167144,0.097745836,0.106273934,0.08996496,0.07576075,0.057949886,0.057780653,0.044627592,0.038093902,0.030007685,0.02758196,0.026330948
0.015050825,-0.0055877175,-0.01121299,-0.009080047,-0.0052055437,-0.00840912,-0.012244778,-0.011999026,-0.01746721,-0.021083685,-0.024140012,-0.024943855
-0.092151225,-0.10871698,-0.11736862,-0.124987766,-0.12384748,-0.113847725,-0.09770711,-0.08147223,-0.060547814,-0.03748425,-0.022306142,-0.014201285
0.35988194,0.33228168,0.30203843,0.20880449,0.15239194,0.10842273,0.10023728,0.09507924,0.122547284,0.15782356,0.18607531,0.20160535
0.10131766,0.2260033,0.27480084,0.2626484,0.2490336,0.23733327,0.21867982,0.17799997,0.15194811,0.12816095,0.10877772,0.099584386
-0.039595522,-0.05406617,-0.056040242,-0.05847923,-0.055446222,-0.046222556,-0.03517087,-0.028015427,-0.022234388,-0.018153103,-0.016535858,-0.015736204
0.052836016,0.075472884,0.060166053,0.06334193,0.057129487,0.06475071,0.050102167,0.044647306,0.030554987,0.017321516,0.011641484,0.01080575
-0.3991541,-0.40183783,-0.36058345,-0.31308573,-0.2704783,-0.23473816,-0.20339057,-0.17774285,-0.16667996,-0.16230543,-0.16207135,-0.16075638
0.15239936,0.14971022,0.13447836,0.12495808,0.10320293,0.08751849,0.0743933,0.06466604,0.05729014,0.050744206,0.048067614,0.045475703
0.66444695,0.5578908,0.45355546,0.37582904,0.33464658,0.2982844,0.25935537,0.22986382,0.21229416,0.20726748,0.20641111,0.21410227
0.0048928494,0.022803813,0.0283628,0.03309897,0.030684745,0.029105041,0.023874521,0.01722036,0.007938371,-0.0009363815,-0.006325243,-0.008539091
0.06609954,0.0634709,0.052334696,0.038843464,0.029668268,0.023601796,0.020144,0.019299097,0.0244342,0.029927727,0.034398124,0.035647236
-0.14012669,-0.1612792,-0.17434265,-0.13799351,-0.16942057,-0.16201007,-0.15553313,-0.1171103,-0.08453436,-0.053703953,-0.03633382,-0.031376883
0.13985935,0.19175154,0.20140812,0.18417516,0.17376114,0.15708488,0.13956125,0.113467306,0.10047138,0.08848001,0.080966786,0.07654618
0.49034652,0.48376322,0.48065832,0.41985744,0.37112445,0.33775428,0.3040632,0.27240127,0.24450698,0.21914661,0.20289388,0.19539937
0.13146508,0.13141277,0.12333902,0.10862468,0.100702986,0.09331601,0.08285597,0.070574425,0.06073743,0.05347424,0.047990385,0.04664612
0.093777224,0.081767954,0.06694325,0.052604325,0.04151289,0.033495713,0.026604287,0.02170571,0.019781154,0.02051016,0.022126138,0.022773396
0.13385382,0.13178414,0.11184195,0.08897846,0.08399963,0.07741404,0.06339435,0.052233677,0.044677198,0.037719477,0.03558196,0.036651857
-0.88410723,-0.7461895,-0.5505593,-0.5313779,-0.43331403,-0.37741822,-0.27223575,-0.25680193,-0.22180408,-0.20468694,-0.1932883,-0.18658698
0.03938539,0.018927284,-0.0013761222,-0.014138997,-0.024145529,-0.027033657,-0.03123435,-0.025819026,-0.018879097,-0.0109447725,-0.004855858,-0.0011628419
0.05134826,0.08231788,0.122088,0.1389639,0.1510196,0.14164661,0.12411151,0.097945735,0.05391773,0.014697473,-0.012249769,-0.024074435
-0.050862245,-0.06868954,-0.07349898,-0.064200535,-0.057485774,-0.052110538,-0.052741144,-0.045888666,-0.04437121,-0.045248475,-0.046511456,-0.04792196
0.20148027,0.21071358,0.20365098,0.16714875,0.14277607,0.12264664,0.11293015,0.092947364,0.0831137,0.07150595,0.069103226,0.06785472
0.29858482,0.28236836,0.23314112,0.1946564,0.16154346,0.14379461,0.12549132,0.11354615,0.11489142,0.12056455,0.12730852,0.1315776
0.29283342,0.28594658,0.26695016,0.2618284,0.25882977,0.22936517,0.18966386,0.16123164,0.13158152,0.096142046,0.07570671,0.0637186
-0.3120925,-0.32974118,-0.31011894,-0.26672328,-0.2439375,-0.2182732,-0.19024676,-0.16036262,-0.14105365,-0.1271011,-0.11945096,-0.116600856
-0.1619967,-0.19303255,-0.19269077,-0.17730185,-0.1624314,-0.14605415,-0.12960435,-0.10510044,-0.08951594,-0.075844824,-0.06977131,-0.06824939
0.30787826,0.30037004,0.25512806,0.22418012,0.1975563,0.17843513,0.15906484,0.14131954,0.13565162,0.13239004,0.13296942,0.13396485
0.2876018,0.2711258,0.24510193,0.19413824,0.15892784,0.12547351,0.109946236,0.09355307,0.09281036,0.092368774,0.09725798,0.09963546
0.0118345115,0.022416689,0.018989049,0.011435226,0.010200144,0.009875389,0.012099978,0.0057089757,0.0068653664,0.003924844,0.0054991785,0.0072889538
0.0027332585,0.0015803613,-0.004953429,0.0031454964,0.00027018506,0.0020184992,9.037368e-05,0.0013798755,0.0037757931,0.0046160645,0.0036828332,0.0029497957
0.0121950265,0.016016236,0.005707642,0.013828237,0.0075865705,0.010558199,0.0024779607,0.008461777,0.011079157,0.020724952,0.023107598,0.022421412
-0.13062899,-0.12855609,-0.12084302,-0.11053358,-0.09976275,-0.08850726,-0.07755907,-0.066635564,-0.057160757,-0.049359344,-0.045285393,-0.04362338
0.04081025,0.07122054,0.074560426,0.05822719,0.055765346,0.049878452,0.047045775,0.032528438,0.025702115,0.01766531,0.013793065,0.014935264
-0.14749658,-0.1367248,-0.11848821,-0.0948888,-0.0648578,-0.048745982,-0.036342204,-0.03500747,-0.035884798,-0.042455286,-0.05103508,-0.057746492
-0.25954047,-0.2724833,-0.2597406,-0.23567899,-0.22033748,-0.1936423,-0.16921666,-0.13908707,-0.12224467,-0.10685161,-0.09974997,-0.09860392
0.18861665,0.22556609,0.17810471,0.15706223,0.13005061,0.12203319,0.089270145,0.08313763,0.08989624,0.10284221,0.11432503,0.1198849
-0.018696353,-0.0045420136,-0.00047744066,0.020127345,0.027194005,0.027764894,0.020869233,0.021040697,0.018162487,0.015169134,0.010320362,0.005709924
-0.22773597,-0.2436538,-0.21261565,-0.18566322,-0.16084935,-0.14888668,-0.12522599,-0.10925561,-0.09947011,-0.0933279,-0.090314135,-0.08874253
-0.05266206,-0.039296575,-0.022042364,-0.022037074,-0.009260654,-0.0052853785,-0.00047326833,0.0002219677,0.0011946782,0.0038202163,0.0033260435,0.0025666654
0.4046644,0.42696542,0.4229045,0.4024529,0.37979805,0.3375286,0.29880622,0.2529434,0.20726967,0.17009616,0.14090228,0.12338703
-0.68809587,-0.68311435,-0.61063254,-0.5448985,-0.47784442,-0.4294701,-0.35998636,-0.31718263,-0.27914447,-0.2612026,-0.24855141,-0.2431704
0.08182358,0.11005681,0.10754513,0.10557915,0.096773855,0.091039345,0.074992135,0.06179301,0.049588237,0.03750642,0.030164115,0.026746621
0.40581295,0.37275207,0.31339622,0.22471976,0.18068561,0.1446406,0.14229149,0.12645172,0.15747732,0.18822093,0.21826185,0.2333792
0.2201513,0.1979771,0.19831926,0.1742635,0.15980782,0.13462412,0.12940104,0.109521,0.09950158,0.086555295,0.079058535,0.074002266
0.18321125,0.19333905,0.1849719,0.15995151,0.14002752,0.120686024,0.10855695,0.095218666,0.09448673,0.09599226,0.09726469,0.09591162
0.04423927,0.076197326,0.11120265,0.09465498,0.09518469,0.08239427,0.079174384,0.04742101,0.014270408,-0.024808714,-0.042262092,-0.04743944
-0.026027068,-0.086860985,-0.14622906,-0.1389443,-0.13936342,-0.12290383,-0.119649895,-0.09612133,-0.0789,-0.06189691,-0.04960244,-0.042327188
-0.32445145,-0.2998141,-0.33051443,-0.3060182,-0.2949767,-0.23454863,-0.21626706,-0.16907522,-0.13694538,-0.101336464,-0.08180584,-0.07185666
-0.06616332,-0.06614848,-0.070961796,-0.041145176,-0.03342242,-0.023843165,-0.033164732,-0.024379462,-0.030179568,-0.03420771,-0.041633576,-0.04767416
0.09301465,0.12864394,0.15322912,0.1377363,0.11764812,0.09249018,0.097368404,0.07794581,0.0747986,0.07481128,0.076995656,0.07559979
0.4144647,0.4036031,0.34555206,0.295116,0.25270653,0.22158548,0.18557525,0.15772742,0.14144637,0.12861109,0.12605804,0.12687661
-0.041741714,-0.020224493,-0.0018162802,0.010671288,0.015658386,0.016869769,0.01122877,0.0075505264,-0.0027766898,-0.011760283,-0.018780325,-0.022533273
-0.44023344,-0.42539138,-0.30132848,-0.28381115,-0.2287859,-0.2247884,-0.16640934,-0.15905675,-0.14752385,-0.14546111,-0.14091772,-0.13651596
-0.02055034,-0.015534753,-0.020875573,-0.022250906,-0.016693622,-0.009518845,-0.009557632,-0.0058527114,-0.0014730135,0.0038502757,0.0054679094,0.005904177
0.14649425,0.1522715,0.15711127,0.1563007,0.14381057,0.13745658,0.1299793,0.11613674,0.09221229,0.07118643,0.055692524,0.046309516
0.097063854,0.08225322,0.06944139,0.052860953,0.04007701,0.029154472,0.020376153,0.017859831,0.017876253,0.02060146,0.022819573,0.024942722
0.060890548,0.05018633,0.04513825,0.048800092,0.04107428,0.03837114,0.031110678,0.032741677,0.03058087,0.03247659,0.033160053,0.034163304
0.098167226,0.09710388,0.08211287,0.052289143,0.033577323,0.023496151,0.020686239,0.020037077,0.02964526,0.039518844,0.047989838,0.05147793
-0.225767,-0.22516085,-0.20577756,-0.1620642,-0.13434562,-0.10994384,-0.10263321,-0.09032493,-0.09986572,-0.114320174,-0.12680279,-0.13406733
-0.22104949,-0.16693711,-0.14220536,-0.13025871,-0.11727846,-0.09621831,-0.076860815,-0.067022726,-0.048918433,-0.03612528,-0.02695436,-0.023075514
0.3355271,0.29547626,0.27218115,0.20303363,0.16190767,0.12118864,0.107071534,0.09217663,0.09497881,0.10282971,0.112965375,0.11997284
-0.045367915,-0.056376077,-0.072491795,-0.06875554,-0.064772554,-0.05444853,-0.055587064,-0.042795345,-0.033665266,-0.025417596,-0.021158062,-0.019555042
0.30417684,0.23502553,0.18767315,0.16981035,0.14697234,0.12309727,0.10388824,0.090424374,0.08028154,0.07213102,0.07063613,0.070766844
-0.22465926,-0.23058537,-0.19728133,-0.1815913,-0.15880163,-0.14998604,-0.122849375,-0.11094023,-0.09816541,-0.0890995,-0.081647635,-0.07806485
0.018703768,0.017310064,0.0216118,0.015000727,0.0133398175,0.009984775,0.010123614,0.006856706,0.0043094717,0.00016627554,-0.0014040284,-0.0018123416
-0.12337306,-0.14740945,-0.14293116,-0.119065925,-0.10549664,-0.100743584,-0.09659664,-0.08064262,-0.074097306,-0.06718742,-0.06355117,-0.063672684
0.30021673,0.2881492,0.26682183,0.22242987,0.1977727,0.16693619,0.14760984,0.12493163,0.11229252,0.10342802,0.10066507,0.100693464
-0.4332781,-0.4306965,-0.4038843,-0.36458024,-0.32098675,-0.27573854,-0.22973299,-0.19690768,-0.16924602,-0.14940676,-0.1380823,-0.13278843
0.26793343,0.28114694,0.26859716,0.22828333,0.1985089,0.17452548,0.16019998,0.14186716,0.13162866,0.12527525,0.1198543,0.11315894
-0.3318731,-0.24523994,-0.24834186,-0.1354149,-0.110740244,-0.054518282,-0.06717396,-0.04836169,-0.05647838,-0.06607057,-0.07826045,-0.08765353
0.13189739,0.1571592,0.1477731,0.1335334,0.118677,0.109412,0.09656181,0.08262515,0.079253145,0.077815145,0.07887388,0.08076058
0.3036725,0.2604007,0.21109986,0.1942395,0.17257328,0.15467316,0.11812769,0.10965058,0.0871868,0.07520925,0.0648774,0.060475923
0.21928364,0.18747905,0.12269467,0.104519576,0.0897913,0.080369145,0.06313443,0.05098874,0.043809414,0.030322433,0.02772224,0.03010127
0.30025446,0.31228313,0.2444787,0.19104308,0.14779264,0.12443045,0.092577994,0.08113511,0.09149349,0.108313456,0.12352973,0.13257465
-0.19473326,-0.115045235,-0.15572867,-0.060950056,-0.06664756,-0.023109645,-0.064783856,-0.035058804,-0.02617719,-0.010241203,-0.010786042,-0.017628431
-0.29192567,-0.23956648,-0.12331399,-0.08817607,-0.045904517,-0.046696067,-0.0104478,-0.020910308,-0.027382612,-0.04046856,-0.050303876,-0.05533751
-0.14570595,-0.13602799,-0.12029037,-0.116645664,-0.10288955,-0.08831178,-0.07176061,-0.062044732,-0.052467123,-0.043804847,-0.039066784,-0.03656354
0.04613006,-0.0031057373,-0.033053964,-0.04571429,-0.05305831,-0.05566237,-0.051488295,-0.038297262,-0.025135167,-0.011080131,-0.00082944334,0.004490562
0.10085311,0.08401415,0.07639393,0.08417131,0.0823043,0.07447068,0.06067434,0.05024838,0.032107715,0.014484573,0.0005714074,-0.00744994
0.5401429,0.6982368,0.5975229,0.35527468,0.25366402,0.2428082,0.20064685,0.15201971,0.1604678,0.15993734,0.173361,0.18491895
-0.1357033,-0.09991161,-0.07899904,-0.07141861,-0.060903326,-0.04762856,-0.037426494,-0.03689667,-0.03352093,-0.03222779,-0.03180013,-0.031802133
-0.22513072,-0.24673131,-0.2420658,-0.21447425,-0.20258844,-0.18550792,-0.16851494,-0.14199919,-0.12647457,-0.11580782,-0.10883483,-0.106267236
0.027471935,0.022526436,0.0047079027,0.00885281,0.0007636696,0.0076293238,0.0020072907,0.0093313195,0.009129528,0.011379637,0.011110768,0.009976525
-0.82943916,-0.91043246,-0.8854864,-0.7856638,-0.7195688,-0.6324655,-0.5622789,-0.47030294,-0.42643297,-0.3901377,-0.37285712,-0.36261833
0.07638344,0.12123729,0.12866354,0.12224297,0.116011396,0.1108266,0.09482704,0.07954918,0.06685411,0.058073424,0.049570132,0.044800397
0.08186969,0.2135656,0.2884003,0.24363944,0.29592633,0.27104208,0.2514597,0.18199262,0.14378834,0.10344179,0.08477569,0.08331246
-0.15796354,-0.13760081,-0.10727365,-0.07292129,-0.03945595,-0.018805474,-0.009337202,-0.0071374625,-0.019844353,-0.034003712,-0.047829904,-0.0563274
0.074225515,0.027133116,0.039097637,0.09303945,0.10987806,0.10307788,0.10559438,0.093554944,0.07542829,0.05216496,0.035973847,0.030300442
0.1848772,0.16931912,0.13086289,0.11366472,0.09254067,0.080125555,0.061520055,0.054116197,0.05066721,0.048614025,0.049512032,0.050808668
-0.08687791,-0.08747931,-0.072053164,-0.049719933,-0.04255953,-0.03852005,-0.031142358,-0.024573158,-0.022211704,-0.02164805,-0.022990717,-0.025733456
0.09068629,0.083410144,0.057601854,0.048031546,0.03283284,0.025477432,0.015772395,0.015775166,0.019365832,0.025584046,0.031346444,0.0350607
0.0008541122,-0.03606358,-0.047841735,-0.03796752,-0.03905133,-0.03729836,-0.030854102,-0.0184652,-0.008723211,0.00011542626,0.0048341565,0.005063165
-0.33153242,-0.29479787,-0.28333807,-0.24039805,-0.21128127,-0.16798893,-0.15164386,-0.13429165,-0.13058086,-0.13486087,-0.13689624,-0.13691834
0.050279032,0.036556944,0.025916858,0.041705463,0.039305486,0.03520255,0.024098124,0.025244094,0.019325903,0.016132751,0.011467475,0.0074342676
0.047037788,0.010594878,-0.007399656,-0.020243213,-0.027582884,-0.035821818,-0.031598885,-0.02864439,-0.01767135,-0.010028403,-0.0014528837,0.005106613
-0.1470628,-0.18589605,-0.20847805,-0.1771972,-0.1596876,-0.14038512,-0.13576688,-0.10790376,-0.092738606,-0.075304106,-0.06768772,-0.06501477
0.15015207,0.1810588,0.14516625,0.13778117,0.11895868,0.117571615,0.08649137,0.07981662,0.07307067,0.07172026,0.068634085,0.06643732
-0.25772643,-0.250059,-0.23499854,-0.2194636,-0.19045945,-0.1588062,-0.13267705,-0.113988616,-0.10034819,-0.09044343,-0.08450205,-0.08039591
-0.10941116,-0.039645582,0.0062780976,0.015666783,0.029020712,0.0373279,0.025364503,0.019109145,0.0064720586,-0.0004946664,-0.009322606,-0.014777534
0.10932641,0.10453598,0.09955852,0.08943932,0.0799377,0.06826713,0.062081166,0.0556316,0.053085383,0.05276736,0.05285633,0.05187396
-0.5846919,-0.59609854,-0.5540819,-0.4815917,-0.4297357,-0.37748313,-0.33032516,-0.2786553,-0.25090736,-0.23008066,-0.22086936,-0.21909426
0.3196666,0.33208692,0.3145234,0.28086013,0.246486,0.21541795,0.18877546,0.16135728,0.14424752,0.13228543,0.12676139,0.12431056
0.026776716,0.019714184,-0.0026703253,-0.01048876,-0.024150152,-0.027149085,-0.029390384,-0.026165534,-0.016672375,-0.008851221,-0.0019127838,0.0034122784
0.15661226,0.15714645,0.1460141,0.12401704,0.10810364,0.09344576,0.084970176,0.07310499,0.06810631,0.066518106,0.06645684,0.065796
0.23557971,0.23583183,0.22030336,0.19645256,0.17164613,0.144493,0.12660846,0.108425945,0.09920718,0.092046596,0.09092462,0.090387814
-0.09697157,-0.10573873,-0.0948302,-0.08817966,-0.078115284,-0.06800756,-0.05338957,-0.042805497,-0.037213415,-0.035956547,-0.03464925,-0.034924418
0.021689566,0.009946972,0.00044699758,-0.0039153136,-0.009321962,-0.0069173723,-0.0062422715,-0.004020022,-0.0021140706,-0.00026127882,0.0018465612,0.0024765413
0.08595256,0.10965662,0.11207068,0.106812894,0.10849564,0.10422386,0.09188667,0.075623155,0.058133177,0.044226598,0.034006383,0.02962428
-0.10515644,-0.066323906,-0.029847115,-0.041906312,-0.019011334,-0.024909213,-0.010395944,-0.02211085,-0.007929221,-0.002002515,0.003623411,0.008057095
0.2119295,0.21398515,0.22417915,0.24371128,0.24272674,0.21650958,0.18052927,0.15184955,0.10483867,0.065527156,0.03095445,0.010313123
-0.022285352,-0.016343683,-0.018934565,-0.009498457,-0.008095326,-0.004628007,-0.006144776,-0.0022234712,-0.0014926945,0.0010772538,0.000688222,-0.001359994
0.1275755,0.13017689,0.14580366,0.101779856,0.10339272,0.08238711,0.09819591,0.08634648,0.09207963,0.10329267,0.11041402,0.111228466
0.24034175,0.19834734,0.15461966,0.12963797,0.120692536,0.10875216,0.09415288,0.08635343,0.08040978,0.07592334,0.07251845,0.0702602
-0.060954634,-0.094562784,-0.10075259,-0.09274672,-0.0886274,-0.081115425,-0.06999996,-0.060049117,-0.053236954,-0.049269184,-0.046566106,-0.04422742
0.0420616,0.057763625,0.039959196,0.023460535,0.023074318,0.030358925,0.029461525,0.022519544,0.024926579,0.025344897,0.028000563,0.029848188
0.05611264,0.08064103,0.084896654,0.08064854,0.072340325,0.06488512,0.061285496,0.051237732,0.04654437,0.04525226,0.045841515,0.045985587
0.062151033,0.085071534,0.08138835,0.061529834,0.0361032,0.023048699,0.017814457,0.019349642,0.029954782,0.045472246,0.05624474,0.06073693
-0.10393778,-0.12503257,-0.12773368,-0.12818503,-0.12328583,-0.11290028,-0.093532935,-0.07875484,-0.059173644,-0.044772502,-0.032554884,-0.02623585
0.35600564,0.35258156,0.32181773,0.2785395,0.24859029,0.21080408,0.17992416,0.14541078,0.12392804,0.10501776,0.09733495,0.095068574
-0.5845262,-0.5619895,-0.5168302,-0.47360653,-0.42236778,-0.368361,-0.31561854,-0.2712288,-0.2282506,-0.19768524,-0.17946371,-0.16973072
-0.18290223,-0.20132399,-0.19946352,-0.18485677,-0.16447884,-0.1485872,-0.12575284,-0.10676099,-0.081745215,-0.06274253,-0.049630135,-0.04278746
-0.22653008,-0.24324512,-0.24578424,-0.18746191,-0.16642542,-0.14223512,-0.13837624,-0.112137586,-0.10735697,-0.10228723,-0.10408819,-0.10771781
-1.0078471,-1.0689112,-0.9688752,-0.8682389,-0.77357775,-0.6967043,-0.598497,-0.51519513,-0.4700005,-0.4419849,-0.43011665,-0.42737603
0.038583163,0.040400486,0.033580113,0.033415977,0.026634146,0.022360604,0.017868299,0.014567823,0.013077872,0.011467968,0.011602055,0.012099933
-0.023128556,-0.01981121,-0.019697823,-0.013271808,-0.010774035,-0.0044362918,-0.0055238623,-0.0017595431,-0.0018197424,-0.0017235705,-0.0026923465,-0.0035382514
0.10168846,0.09505729,0.08509974,0.07091482,0.05771926,0.048025154,0.039980777,0.033345066,0.031060591,0.029242737,0.02922966,0.029402953
-0.121412724,-0.10583966,-0.09011777,-0.075694956,-0.06938184,-0.06043892,-0.049919855,-0.043518078,-0.037718374,-0.03463474,-0.033651456,-0.03440192
0.0798337,0.09105473,0.08986243,0.071376115,0.06251524,0.05080772,0.04968185,0.03878151,0.03853186,0.034367964,0.036520153,0.038269497
0.094161294,0.09571926,0.09905052,0.09108842,0.08269895,0.072142944,0.06576612,0.05470995,0.043552376,0.034681343,0.03010488,0.029002944
0.11176575,0.12315921,0.11037292,0.0981263,0.08112401,0.07060135,0.057557784,0.0493327,0.045732245,0.044463247,0.04476135,0.04466188
0.08723442,0.08947174,0.076321736,0.057312764,0.045010544,0.03345263,0.02296951,0.019443028,0.025627173,0.033239126,0.040216208,0.044678867
0.0954195,0.057552457,0.056269012,0.02094245,0.016346417,-0.00886438,-0.008472759,-0.015640453,-0.013676964,-0.012905713,-0.0060415296,-0.0021658838
-0.25708356,-0.24011792,-0.20395415,-0.19869693,-0.17297868,-0.15008466,-0.12101789,-0.10686953,-0.09266703,-0.082645684,-0.07499084,-0.07024637
0.001713587,0.031772837,0.03595493,0.035166636,0.033672653,0.03223599,0.03160552,0.025797773,0.030944139,0.03504177,0.038188063,0.03991619
0.1298645,0.112831034,0.08981058,0.056012124,0.03778258,0.02822698,0.02844657,0.027059846,0.03827931,0.050061956,0.059748754,0.06567572
0.15008977,0.11733314,0.09850082,0.0921307,0.08219865,0.06846084,0.062162608,0.058117047,0.05180952,0.049288135,0.04624656,0.041888736
0.096658505,0.07976149,0.08763575,0.07750017,0.07727024,0.060096968,0.05633158,0.04842584,0.04649143,0.04641277,0.045608424,0.044749685
-0.026790205,-0.02151813,-0.019400809,-0.015446812,-0.015135703,-0.011869563,-0.011191135,-0.009335112,-0.011161869,-0.013567069,-0.015216231,-0.016063137
0.17596546,0.17971231,0.15806738,0.14083582,0.116699636,0.09998568,0.088927746,0.08139979,0.08461487,0.09120534,0.0975081,0.09974257
-0.11674987,-0.10902397,-0.091294564,-0.081777535,-0.07305483,-0.06558716,-0.055748112,-0.049610365,-0.044362836,-0.04089185,-0.039052483,-0.039062183
-0.57027966,-0.28153074,-0.08578181,-0.09828478,-0.03273672,0.01147157,0.078511894,0.02956903,0.017608732,-0.011030287,-0.025480926,-0.030968785
-0.11079359,-0.107946515,-0.080769785,-0.08402529,-0.06758629,-0.06748999,-0.04880485,-0.047946367,-0.038988773,-0.03577967,-0.031978488,-0.029747106
-0.020238273,-0.01666156,0.008328371,0.0017468957,-0.0066316724,-0.018042386,-0.006002836,-0.007138421,-0.0002783658,0.0041019144,0.007694767,0.007177525
0.15338618,0.120506875,0.077611625,0.030510604,-0.0024431646,-0.018577248,-0.020532116,-0.016204402,0.0075428262,0.032374125,0.054229386,0.06541493
0.2957235,0.25532752,0.24394414,0.22083712,0.2189818,0.19387084,0.17843758,0.14917085,0.12027824,0.09326364,0.078129984,0.07126594
0.14797471,0.17176995,0.16375275,0.15950568,0.15219316,0.14096573,0.1136669,0.095303796,0.071461916,0.051006123,0.038807396,0.03182076
0.14953722,0.15733957,0.15541108,0.13722831,0.13322893,0.1185164,0.106134415,0.091658846,0.08428256,0.080189615,0.076617815,0.07549535
0.047503605,0.045554943,0.05374919,0.052717127,0.04922401,0.03706618,0.033684157,0.029601743,0.030099351,0.031340312,0.030785874,0.02953787
-0.27296954,-0.26122594,-0.23357219,-0.21559396,-0.18808523,-0.17067946,-0.15067315,-0.1339674,-0.11665419,-0.10359937,-0.09513011,-0.089717604
-0.35386187,-0.32992962,-0.29347894,-0.2784986,-0.252428,-0.227029,-0.18777561,-0.16842327,-0.13705388,-0.11876573,-0.10239831,-0.09224454
0.3680138,0.39744288,0.3825885,0.35263306,0.3342467,0.31183058,0.30300075,0.26352814,0.24362707,0.23015746,0.2238327,0.2222336
-0.02631618,0.08067918,0.07994813,0.08836806,0.08277157,0.09608812,0.061275274,0.052141294,0.035319872,0.025642507,0.017535321,0.015818425
0.27105668,0.23455358,0.19903654,0.16708386,0.13174625,0.09880264,0.075557336,0.06687695,0.06905245,0.07326563,0.08016482,0.08320749
0.09620501,0.1415176,0.15284216,0.14763644,0.124183446,0.112958655,0.09867393,0.087546825,0.07874816,0.07783979,0.0758363,0.07417338
0.016735679,0.046100177,0.041643813,0.03544213,0.024147991,0.021532193,0.014798553,0.008951588,0.010579284,0.011442462,0.013709047,0.016294006
-0.24068701,-0.2257505,-0.17302169,-0.11646329,-0.09896514,-0.07472518,-0.05394894,-0.041398108,-0.045729667,-0.055009425,-0.06702048,-0.07378875
-0.088912636,-0.10289553,-0.0825614,-0.061227553,-0.047416225,-0.04151813,-0.03667875,-0.03401672,-0.045399155,-0.05747374,-0.06661543,-0.06985787
0.05158393,0.0015106052,-0.04482627,-0.07781707,-0.10370092,-0.11249983,-0.1131565,-0.10006874,-0.08049804,-0.06384429,-0.045501016,-0.033307537
0.30917144,0.25611666,0.33352864,0.3274274,0.3100017,0.22823387,0.20337471,0.18120503,0.14739053,0.12969227,0.10871539,0.088349015
-0.36953408,-0.52269983,-0.5032901,-0.4904015,-0.43534693,-0.3949403,-0.34422606,-0.26519215,-0.22344658,-0.16932899,-0.15659678,-0.16359621
-0.026685417,-0.016458746,0.01763741,0.021887317,0.032217436,0.022413254,0.026031323,0.016649574,0.008675434,-0.00084482133,-0.0054140277,-0.006928105
-0.04315686,-0.051038574,-0.04995215,-0.051389635,-0.04763274,-0.045731552,-0.037419498,-0.034192104,-0.0269352,-0.022878915,-0.018673012,-0.015650785
0.054683235,0.029968735,0.015008472,-0.001886338,-0.015304536,-0.020831123,-0.023265108,-0.017577939,-0.0120535195,-0.0054607783,6.623939e-05,0.0043240264
-0.041249275,-0.09563595,-0.110246375,-0.0951481,-0.09271976,-0.08747351,-0.08379047,-0.069553256,-0.07107341,-0.07050173,-0.06971668,-0.069033526
0.20728394,0.19852479,0.16257541,0.12978333,0.095131874,0.075801894,0.057302922,0.05120545,0.054714747,0.061245218,0.06994236,0.076343745
-0.2060069,-0.14524892,-0.13106698,-0.11031401,-0.08979681,-0.05910492,-0.05277349,-0.05087118,-0.052777417,-0.058385484,-0.06269068,-0.06334866
-0.46607885,-0.48027375,-0.44863698,-0.41793978,-0.39396444,-0.34071106,-0.29487723,-0.24336317,-0.21599269,-0.19067132,-0.17824344,-0.17409876
-0.18590052,-0.14316577,-0.11498165,-0.110644475,-0.10448873,-0.09067879,-0.075009234,-0.06491926,-0.04971029,-0.037395433,-0.029597163,-0.026639134
1.5435405,2.0075817,1.640832,1.5718639,1.5007092,1.5096942,1.1274748,1.0079134,0.8693718,0.8273067,0.77128905,0.7351396
0.2256386,0.23124763,0.19723743,0.16241007,0.13177185,0.11450084,0.09644057,0.084166616,0.08379456,0.08632493,0.090956554,0.09296186
-0.3067559,-0.32788116,-0.3011294,-0.28700194,-0.2705356,-0.25371176,-0.22045466,-0.19429798,-0.17417201,-0.16280413,-0.15171999,-0.14544119
0.2150215,0.22164069,0.20605403,0.19928019,0.19326958,0.17947045,0.15642382,0.13474268,0.10994488,0.093180776,0.07770723,0.067437485
-0.12997139,-0.12660077,-0.13169798,-0.1254902,-0.11815814,-0.1079106,-0.10177284,-0.0807582,-0.05249151,-0.023503147,-0.005032979,0.0037149414
-0.020660788,-0.0039510056,0.03376068,0.03777858,0.04296434,0.036171794,0.036514517,0.0351308,0.020710606,0.010702513,0.0002162829,-0.009190157
-0.370446,-0.29769403,-0.2447623,-0.22698015,-0.1979275,-0.1655818,-0.13148373,-0.12415841,-0.10696182,-0.10139844,-0.09563963,-0.09050581
-0.23151563,-0.18458983,-0.11519773,-0.08870067,-0.059276775,-0.04534036,-0.026490107,-0.03415288,-0.05261825,-0.076969124,-0.09386585,-0.10105812
-0.091151685,-0.095222384,-0.09275958,-0.07365458,-0.072676,-0.059990145,-0.05509701,-0.03832604,-0.031194553,-0.023015209,-0.018434027,-0.01650874
0.028894216,0.0063267425,0.004288487,0.003788218,0.0014094934,-0.0037710294,0.0018511154,0.003041746,0.0022153798,0.0014075302,0.0012933612,0.0018556733
-0.3060568,-0.32104033,-0.30504727,-0.2766723,-0.2509216,-0.22236574,-0.19300205,-0.16567874,-0.14710273,-0.13258015,-0.12333448,-0.1178633
0.05066677,0.038808644,0.019535244,0.00564003,-0.006797977,-0.01085113,-0.010149464,-0.007537432,0.0026001446,0.01382046,0.023303181,0.029010795
0.033850167,0.06195833,0.038882386,0.02288442,0.008001521,0.011713758,0.008446142,0.008262875,0.024845622,0.03710151,0.048068948,0.05276923
-0.027534824,-0.03503669,-0.02176895,-0.003769368,0.003415078,0.0070873126,0.006538214,0.0066863606,-0.0050457185,-0.01655582,-0.026984744,-0.033445727
0.038322862,0.032479167,0.011138801,0.041235175,0.051913932,0.05568649,0.037206694,0.03640539,0.026493438,0.020926721,0.011089003,0.0036237687
-0.19565809,-0.16948535,-0.1260293,-0.104339615,-0.07820615,-0.06494047,-0.054047897,-0.045615137,-0.043719307,-0.04248421,-0.045085736,-0.04793649
-0.060423058,-0.040873617,-0.032766625,-0.045745768,-0.04434044,-0.038906977,-0.03212829,-0.027776057,-0.019326877,-0.009714652,-0.003706906,-0.00087985024
0.06995892,0.03077475,-0.0085315555,-0.021218494,-0.035517976,-0.035967216,-0.033769026,-0.021660112,-0.0067800283,0.0060663186,0.017715566,0.024163166
0.1962262,0.19779895,0.18980911,0.16599727,0.14967184,0.13120615,0.11262408,0.09448782,0.079541534,0.0688702,0.06309219,0.061383802
0.023648798,0.0013672598,-0.0185524,-0.017112777,-0.011947483,-0.0011824518,-0.0073772892,0.0007892698,-0.0043276027,-0.0077723786,-0.012311481,-0.015708476
0.17544544,0.14544937,0.11471455,0.07087001,0.04623632,0.02968748,0.024116948,0.02340167,0.032777995,0.04453056,0.056398235,0.06360852
0.2159265,0.18901742,0.16591913,0.17456138,0.16823873,0.14783153,0.12112406,0.10469049,0.08516582,0.06426401,0.054089453,0.05047095
-0.004743729,0.047339693,0.0315793,0.0034258813,-0.00097441673,0.0019025803,-0.0073382035,-0.013538599,-0.00638121,0.0019092709,0.01121825,0.018794332
-0.112014666,-0.05815547,-0.024050519,-0.014549702,-0.0021587163,0.005320579,0.0061691552,-0.0066855103,-0.02302038,-0.042277493,-0.05548148,-0.06123559
0.07653656,0.09557284,0.0857662,0.08641705,0.0778205,0.073828995,0.06669377,0.05771555,0.05143922,0.046701416,0.04176566,0.03805895
-0.2771518,-0.31217965,-0.3002698,-0.2824918,-0.25723606,-0.2371444,-0.20535661,-0.17936893,-0.15703148,-0.14268838,-0.13205823,-0.12514916
-0.107182935,-0.13824889,-0.1442824,-0.13615529,-0.12891395,-0.11537461,-0.09833952,-0.07864827,-0.061854094,-0.044631094,-0.0335252,-0.027884597
0.088553235,0.083639055,0.07219045,0.057232447,0.048527688,0.04111853,0.03368449,0.029823005,0.028401742,0.030017346,0.031368442,0.033216067
-0.4117283,-0.43175846,-0.3848974,-0.3136745,-0.27606001,-0.24628446,-0.21782555,-0.18247974,-0.17427477,-0.16754636,-0.16829039,-0.17231695
0.09111575,0.06989228,0.06528729,0.05597983,0.04260111,0.033416726,0.026969925,0.01921703,0.00786753,-0.0053545423,-0.011247285,-0.011190273
0.07667205,0.07360245,0.04768511,0.029698893,0.015281588,0.016803432,0.0051206574,0.006133806,0.0031917952,0.0032841936,0.0055089854,0.008826248
0.5198622,0.56197506,0.5218538,0.40772116,0.3514446,0.3213339,0.28012732,0.24627024,0.23540643,0.23433536,0.23647402,0.23652588
-0.03237568,-0.06325758,-0.066213116,-0.065364085,-0.06177646,-0.06245462,-0.05017151,-0.0404484,-0.026814576,-0.013210747,-0.0035484969,0.0014183605
-0.08332986,-0.077908695,-0.070266664,-0.056442384,-0.0519686,-0.044492118,-0.040863093,-0.035305228,-0.036550574,-0.038846895,-0.040823266,-0.042414427
-0.14332016,-0.13210398,-0.13494155,-0.13861635,-0.1291671,-0.11070739,-0.100759074,-0.09077157,-0.07986644,-0.06933312,-0.059782103,-0.051971205
0.35909295,0.3370132,0.29031014,0.2506535,0.21718511,0.18806243,0.1675455,0.15213865,0.15343812,0.15804376,0.16275153,0.16392007
-0.03416774,-0.05889135,-0.08662711,-0.085730866,-0.089953125,-0.08215682,-0.08274611,-0.06582129,-0.050557755,-0.033550143,-0.022972446,-0.018117273
0.13133413,0.13526753,0.12587126,0.09445129,0.08031154,0.065923005,0.057728127,0.044665437,0.0403004,0.037313737,0.03963356,0.043194048
0.08012596,0.08928555,0.076539256,0.07035105,0.058277868,0.05529607,0.047696233,0.043123182,0.04532625,0.048567623,0.050995134,0.052039087
-0.01478591,-0.014979469,-0.013281634,-0.014887167,-0.010551304,-0.007728718,-0.0071636895,-0.009347115,-0.013137104,-0.019121546,-0.022362541,-0.023791092
0.107733786,0.073783174,0.049515516,0.025363036,0.012166232,0.002183266,0.003965363,0.0041650906,0.011457816,0.020354763,0.027636465,0.031355225
0.17680317,0.16205102,0.16589627,0.1116062,0.10288806,0.087006,0.08726324,0.073744126,0.06860131,0.069905,0.07184547,0.073761165
-0.061487257,-0.07536191,-0.056965247,-0.060989372,-0.057444356,-0.05978938,-0.0483463,-0.043497607,-0.038803186,-0.03739699,-0.036308434,-0.035284713
0.077289835,0.093801185,0.086402826,0.070777506,0.06662598,0.05979692,0.047172636,0.039110024,0.037725426,0.038997166,0.04148206,0.044113845
0.92096895,0.88883114,0.7655104,0.66713434,0.57151914,0.49574625,0.39575127,0.32981125,0.26281106,0.19630773,0.17230296,0.16630687
-0.06624857,-0.06476616,-0.0487992,-0.0282907,-0.042539246,-0.045168404,-0.046756335,-0.032783866,-0.02663027,-0.019939017,-0.01766225,-0.017943963
0.3116185,0.25956446,0.2097457,0.18465051,0.16624226,0.1414902,0.12308766,0.111575305,0.10469877,0.10310953,0.10382828,0.10411744
-0.3055172,-0.30843562,-0.31596193,-0.29384154,-0.27930546,-0.24711081,-0.2197823,-0.18409963,-0.14923987,-0.12145831,-0.10067464,-0.08993658
-0.091094196,-0.091011226,-0.08279913,-0.085448876,-0.07394226,-0.0645786,-0.055188604,-0.05086502,-0.045649745,-0.042534158,-0.040104873,-0.03655595
0.70065457,0.64097965,0.6032467,0.53135955,0.50407094,0.4098078,0.33479837,0.27078116,0.2191994,0.17444578,0.15473115,0.14816499
0.24664225,0.2357038,0.20748879,0.14204556,0.10581042,0.06922293,0.050566733,0.034698665,0.036378212,0.04100916,0.05320058,0.062141027
-0.124154314,-0.08669528,-0.072416544,-0.058052376,-0.05303821,-0.04214268,-0.038097173,-0.029474996,-0.018013276,-0.007400289,-0.0019206256,-0.00016361475
-0.2982269,-0.3477097,-0.30742294,-0.26679006,-0.22457916,-0.20082411,-0.16628435,-0.13440539,-0.123386815,-0.10997972,-0.104905784,-0.10488194
0.15015909,0.17606413,0.17613745,0.13639402,0.13118649,0.110997185,0.11558811,0.088757284,0.07657457,0.061707646,0.055175282,0.05020528
-0.0021758825,-0.04080097,-0.052885853,-0.06436599,-0.068633266,-0.06940545,-0.05972632,-0.04763614,-0.03564846,-0.021858744,-0.011662357,-0.0061903577
0.23037955,0.23212777,0.23099044,0.21725374,0.20031689,0.17986658,0.16113254,0.13881616,0.113963835,0.092869684,0.078073315,0.06925629
0.034343813,0.054846898,0.06810184,0.059173122,0.06505519,0.07260512,0.07053514,0.06595247,0.05809977,0.055427328,0.049234882,0.044642314
0.068175554,0.052880652,0.074617796,0.069397606,0.07873461,0.06489316,0.06646336,0.054440156,0.03978937,0.026283268,0.015597152,0.010735037
-0.5343288,-0.48771277,-0.43836233,-0.36151344,-0.32991928,-0.27826867,-0.25295535,-0.21165854,-0.19918752,-0.18811584,-0.18637,-0.18799046
0.02758983,0.009913372,0.010780364,0.004240064,0.0057020206,0.0014116075,0.0028647464,0.0036812108,0.0047449917,0.0064826254,0.007501794,0.0077549433
-0.15973978,-0.19138141,-0.18411928,-0.1849761,-0.17602004,-0.16682905,-0.14976135,-0.12448014,-0.103054695,-0.08077264,-0.06605746,-0.05977864
-0.6180451,-0.7037227,-0.70577794,-0.62996566,-0.57549006,-0.51709855,-0.4692093,-0.39071196,-0.3400696,-0.29402012,-0.27009022,-0.25731355
-0.38528013,-0.4438488,-0.3829111,-0.34610182,-0.2841379,-0.27085757,-0.22609855,-0.19802682,-0.17692477,-0.16689049,-0.16505104,-0.16483201
-0.27219707,-0.24331218,-0.22492117,-0.18700844,-0.1634965,-0.13457486,-0.1216031,-0.103268415,-0.09636994,-0.0905657,-0.09055924,-0.09194115
0.19892381,0.20705195,0.19182093,0.17745093,0.15845352,0.14455657,0.1287333,0.11086988,0.09759852,0.086531416,0.0792498,0.07501007
0.0045156395,-0.008869819,-0.009937848,-0.017838847,-0.019230746,-0.023768473,-0.021949932,-0.017922144,-0.011755326,-0.004942163,0.00020925142,0.0030871201
-0.123459086,-0.19727078,-0.1997542,-0.1724037,-0.14080888,-0.12661287,-0.10168496,-0.086502746,-0.079750635,-0.08305813,-0.08759305,-0.092739195
-0.027988039,-0.04835773,-0.04762003,-0.03558705,-0.027477002,-0.028471973,-0.027903587,-0.022559902,-0.021057017,-0.01914117,-0.019375749,-0.020089898
-0.37785128,-0.3805797,-0.32364005,-0.2886516,-0.24980639,-0.22221272,-0.18329932,-0.154188,-0.14142066,-0.13040641,-0.12759306,-0.12883954
-0.27476376,-0.22867109,-0.19075392,-0.19202645,-0.16533151,-0.14288005,-0.11023304,-0.100115135,-0.07859847,-0.06358507,-0.052006163,-0.045005277
0.08107623,0.08380588,0.08783222,0.0810692,0.08120322,0.07192697,0.06427383,0.051486,0.036991045,0.023585303,0.0136331245,0.008055609
-0.30006754,-0.29040992,-0.2702858,-0.22349451,-0.19999427,-0.16864103,-0.15550373,-0.13134807,-0.12674108,-0.1261797,-0.12870793,-0.13088444
-0.046701517,-0.05320009,-0.048261337,-0.03694976,-0.026156593,-0.014582336,-0.009529273,0.001249563,0.005646834,0.012964184,0.012938119,0.010901595
-0.109600216,-0.10994947,-0.10088362,-0.08011402,-0.07410636,-0.06284346,-0.05993866,-0.049562853,-0.04904796,-0.04794917,-0.04899964,-0.049961217
-0.6532468,-0.66789794,-0.60426563,-0.5050043,-0.41861984,-0.36369625,-0.3020099,-0.25366485,-0.21731225,-0.18946117,-0.17941229,-0.17744145
-0.0029036999,-0.0021715704,-0.016420467,0.0037695356,0.009827375,0.011789467,-0.0011744164,0.005123161,0.0030851327,0.009213808,0.008422557,0.0048192004
0.06622052,0.05069737,0.0538233,0.044593826,0.023782834,0.005657967,0.005280338,0.008357361,0.010019362,0.012792764,0.01687305,0.018564679
-0.044702873,-0.024372656,-0.013067327,-0.0073661357,0.0015039891,0.0061514266,0.004156485,0.0020344108,-0.0005494021,-0.0012605935,-0.0027137771,-0.0033668391
-0.07060982,-0.06390825,-0.05699957,-0.053821117,-0.03549966,-0.025297713,-0.019475684,-0.015953146,-0.011881642,-0.008158861,-0.007102143,-0.006845787
-0.027265504,-0.015366983,-0.012895469,0.0020902827,0.0061210804,0.011061419,0.009993672,0.009429069,0.007443361,0.0061164796,0.0038978346,0.0013718046
0.23594424,0.21011993,0.18394394,0.17391923,0.1654299,0.14712694,0.12548923,0.11257003,0.09968284,0.09242117,0.08587233,0.08274268
0.015303445,0.058039587,0.07904833,0.07389004,0.06537492,0.06149387,0.05885683,0.042543843,0.0324471,0.01927657,0.012142358,0.010511536
0.41731247,0.49424785,0.5266121,0.46468514,0.43162918,0.37775958,0.3357853,0.2700029,0.2175157,0.16500205,0.13511579,0.12040378
0.115191355,0.0944466,0.085868806,0.07301329,0.063714266,0.05399537,0.051326074,0.044408526,0.038885966,0.031394888,0.030047268,0.030538738
0.05722641,0.041074317,0.0068324357,0.0072001815,-0.001054354,0.004183039,-0.0012728423,0.0043418705,0.0081980005,0.016021457,0.020081613,0.021368295
-0.028961964,-0.014426023,0.00092124566,0.012359217,0.02181358,0.023879658,0.026331102,0.017332494,0.004667666,-0.009804843,-0.020228496,-0.026188342
-0.07671641,-0.054931257,-0.052530803,-0.043890603,-0.034181245,-0.02723112,-0.030718736,-0.037865385,-0.04971801,-0.06341167,-0.06883223,-0.068486504
0.1996708,0.22324422,0.22394535,0.19202253,0.17747033,0.15534602,0.13474919,0.11206653,0.09614502,0.08421862,0.07894746,0.0771935
-0.08202056,-0.04876238,0.0052627027,0.028551579,0.043369308,0.035882674,0.04375963,0.038222544,0.036013074,0.035254814,0.030353062,0.024369188
0.06389567,0.09470521,0.1299066,0.10671811,0.10359668,0.0906925,0.096433684,0.06788873,0.050386034,0.030134898,0.021603229,0.019482536
-0.40740415,-0.42585438,-0.3967607,-0.31638426,-0.28232542,-0.24613112,-0.22008573,-0.18348736,-0.1736748,-0.17021716,-0.17328542,-0.17786705
-0.00087169185,-0.025777336,-0.02584973,-0.029636158,-0.031437278,-0.03642755,-0.02962473,-0.022124067,-0.0147524625,-0.004724037,0.0007713204,0.0023731655
-0.00069918507,-0.0124852955,-0.018879138,-0.027289238,-0.035954393,-0.041626085,-0.038967505,-0.03158772,-0.018237313,-0.0043782014,0.0058166226,0.010966178
0.27003056,0.2525589,0.22502112,0.20646058,0.17410523,0.15184247,0.13354123,0.11181505,0.09469924,0.07789221,0.06864001,0.06516191
-0.061485585,-0.06427473,-0.06240198,-0.06908302,-0.07011005,-0.065581426,-0.052958272,-0.04548325,-0.031782664,-0.019197376,-0.008877346,-0.0016063638
0.14251646,0.13834634,0.11836533,0.093540184,0.08079648,0.069205426,0.061918072,0.05543214,0.057989445,0.0638151,0.068757996,0.07165559
-0.16239136,-0.19563396,-0.19251893,-0.16661602,-0.14602809,-0.13244338,-0.118756264,-0.09752238,-0.08496052,-0.07160857,-0.06569425,-0.06374565
-0.046219338,-0.018711597,0.023459524,0.011827417,0.015799567,0.005314365,0.01716967,-0.002360642,-0.007096708,-0.021305677,-0.025344491,-0.024420358
0.06369166,0.021631017,0.0032000542,-0.005361721,-0.0129087195,-0.021944925,-0.029695805,-0.025714707,-0.02778107,-0.027913451,-0.026825942,-0.024416193
0.0762439,0.13513365,0.15577865,0.19420645,0.21133807,0.20650077,0.17254868,0.14172971,0.09885742,0.055614267,0.024164308,0.006685391
0.08512594,0.07030537,0.04998687,0.03589067,0.022807434,0.015102901,0.0071174875,0.0071857274,0.008663483,0.012419604,0.015649825,0.01821221
0.22561303,0.20963031,0.19841886,0.17611092,0.16936614,0.15493727,0.14143758,0.122672215,0.108558804,0.09720847,0.08772683,0.08442604
0.30403137,0.35866007,0.32150897,0.2970923,0.26430118,0.243478,0.20847936,0.17684588,0.16762784,0.15618241,0.15062886,0.14835984
0.37040484,0.27295145,0.16940361,0.113853484,0.053423494,0.02907908,0.009554833,0.028235406,0.066308945,0.10618,0.13806641,0.15630788
0.18180196,0.16436034,0.1645895,0.14798515,0.13531604,0.11358786,0.10911963,0.09577222,0.09078309,0.08803296,0.08533223,0.08328161
0.08557774,0.077982046,0.07089648,0.072431415,0.06409271,0.05762271,0.046896197,0.04045103,0.02696103,0.015291037,0.008195043,0.003987957
-0.30482987,-0.27672407,-0.2416512,-0.21479212,-0.1845174,-0.15613203,-0.13206868,-0.118463725,-0.1103355,-0.10703312,-0.10558702,-0.103664085
-0.2311036,-0.21150215,-0.20158249,-0.17428432,-0.15160413,-0.11679046,-0.102536425,-0.08538234,-0.07732187,-0.073291585,-0.072586715,-0.071855865
0.02860304,0.030884631,0.024672925,0.017725812,0.01465711,0.02020244,0.013403898,0.009699438,-0.002327837,-0.008906489,-0.014460296,-0.012193209
-0.02552361,0.016491808,-0.044637732,0.024339423,-0.0074055195,0.017159466,-0.007936139,0.015161008,0.0341498,0.05317232,0.06267753,0.062386774
-0.03607857,-0.028899465,-0.017053012,-0.016262531,-0.009246133,-0.008796968,-0.0050915703,-0.006398814,-0.0050113834,-0.006673688,-0.007390164,-0.0077694478
-0.10389833,-0.08683111,-0.066282675,-0.06489004,-0.054399945,-0.052712575,-0.04212974,-0.04273145,-0.039243735,-0.039319564,-0.03762984,-0.037113983
-0.21541288,-0.25834784,-0.23735654,-0.22763824,-0.20715973,-0.19828226,-0.17224595,-0.14848901,-0.13261862,-0.121845014,-0.11274013,-0.107577235
0.13471588,0.14463773,0.13246733,0.1172938,0.10753533,0.09752731,0.08348436,0.06917418,0.05840779,0.049572505,0.04464775,0.043530956
0.7307971,0.69767404,0.64322567,0.5483402,0.48460656,0.43011877,0.3928448,0.33605373,0.31690362,0.29537845,0.28972024,0.2920276
0.061085902,0.042661846,0.036254123,0.020909287,0.029418852,0.026465658,0.02890647,0.020040235,0.014330659,0.008246923,0.0054800157,0.00728184
-0.02757895,-0.027337195,-0.02229958,-0.023024332,-0.018583322,-0.022161169,-0.018149212,-0.017309051,-0.010871094,-0.0069554877,-0.003293788,-0.0017392784
1.2413816,1.3017381,1.3465612,1.0622438,0.9127233,0.7602259,0.7037951,0.55589634,0.51731664,0.4968987,0.48992258,0.4859246
-0.1572092,-0.19490363,-0.19440728,-0.19025965,-0.16850221,-0.15261544,-0.129574,-0.10884723,-0.09098825,-0.07316159,-0.061757676,-0.054787196
0.297857,0.2999362,0.3154611,0.28732663,0.2743157,0.24360129,0.22389409,0.17523015,0.13089034,0.08502649,0.060383298,0.049535915
0.16493735,0.1831195,0.17530483,0.17144476,0.15739082,0.14283966,0.11761153,0.0989297,0.076747485,0.058719337,0.046713844,0.04143428
-0.062664665,-0.060810383,-0.058670674,-0.06703795,-0.061195113,-0.052031934,-0.039580777,-0.03871978,-0.03819577,-0.040049344,-0.036598068,-0.033266008
0.34686607,0.2740328,0.19063216,0.199889,0.1519549,0.09885524,0.041601866,0.026172936,0.008642286,-0.012120903,-0.017319798,-0.02129291
0.37335342,0.3109792,0.28232867,0.24496883,0.21610768,0.17976664,0.1554938,0.13818642,0.119599104,0.111888535,0.106907144,0.10674429
0.21355532,0.20804656,0.17959261,0.15289912,0.13565536,0.12735993,0.10868486,0.09289679,0.08173443,0.070734516,0.063335784,0.058903724
-0.13079363,-0.108590215,-0.06170048,-0.04994286,-0.034694612,-0.03504449,-0.023486331,-0.02631031,-0.029990524,-0.03584963,-0.041005194,-0.043970108
-0.079750985,-0.08072039,-0.08107685,-0.07502187,-0.068698555,-0.059895627,-0.052446924,-0.044676315,-0.039404675,-0.03607521,-0.03458767,-0.034971014
-0.34138742,-0.32319736,-0.29276064,-0.25312334,-0.21212015,-0.17501864,-0.14397964,-0.12026572,-0.10000007,-0.08142863,-0.07615425,-0.07585453
-0.17396614,-0.19155501,-0.20203418,-0.16190836,-0.14794879,-0.1200123,-0.119913384,-0.09438741,-0.090756856,-0.081695154,-0.08025689,-0.078802675
0.0066782096,0.015245235,0.005923966,0.017259382,0.017734215,0.025148066,0.016935509,0.016972391,0.006829426,-0.00077413395,-0.0066325637,-0.009438533
0.61431396,0.6371026,0.5787344,0.51993227,0.46723652,0.41941482,0.3564636,0.31371853,0.28687865,0.27676433,0.26236254,0.2504471
0.018955957,0.045121737,0.051992983,0.03791473,0.034130078,0.03238014,0.02389883,0.020323064,0.0171939,0.01583289,0.014068639,0.012243616
-0.270115,-0.2734502,-0.27632958,-0.2088985,-0.1858728,-0.16069356,-0.16473302,-0.13677217,-0.13083576,-0.12740493,-0.1295785,-0.13361116
-0.07502642,-0.084308326,-0.09717263,-0.091930196,-0.10519825,-0.09797016,-0.09739336,-0.08482793,-0.08192957,-0.08043982,-0.075438485,-0.07075642
0.15926692,0.14350915,0.12459396,0.10632306,0.09318976,0.0798655,0.06881286,0.059175164,0.051696323,0.044488743,0.040861376,0.038719133
0.061733395,0.0598393,0.06512772,0.058228217,0.058973916,0.05525279,0.05816569,0.04927601,0.045038767,0.041562743,0.03839229,0.0375544
-1.3595725,-1.3278072,-1.3218052,-1.1495321,-1.0419757,-0.88114506,-0.80837405,-0.6781678,-0.6062777,-0.53888226,-0.50872713,-0.49490294
-0.030726854,-0.0013313368,0.022504367,0.024399552,0.025342308,0.025503574,0.02917302,0.023281155,0.015605591,0.00850299,0.003682401,0.0001961505
0.09175338,0.08695242,0.05640538,0.04078044,0.024714619,0.01712428,0.012692057,0.011151403,0.022869322,0.036359064,0.0461206,0.051083494
-0.111358956,-0.103710674,-0.111721694,-0.10433084,-0.09913489,-0.081811465,-0.07662218,-0.059978254,-0.045655612,-0.03051306,-0.023369448,-0.02265574
0.19374742,0.21577737,0.21410045,0.18338695,0.1616118,0.14012808,0.13871804,0.11999474,0.11818986,0.12003942,0.12224853,0.12060925
0.13085479,0.11929242,0.11927601,0.09560778,0.08805021,0.07188767,0.07063295,0.056319,0.05035682,0.044541188,0.042304922,0.041429922
-0.085434265,-0.109995246,-0.12939414,-0.12692326,-0.12575123,-0.11726722,-0.110388465,-0.09100072,-0.072072804,-0.05349233,-0.042755038,-0.03842816
0.12210069,-0.02597344,-0.13725094,-0.1350097,-0.15608162,-0.15571238,-0.16733459,-0.118420556,-0.07523799,-0.024477288,0.008282967,0.02228932
-0.06651093,-0.07923417,-0.061071303,-0.062036693,-0.050215665,-0.048023142,-0.033254504,-0.027736083,-0.023413826,-0.019511253,-0.01657958,-0.01580355
0.10421595,0.13391308,0.14548403,0.11641957,0.10064159,0.08631739,0.07606593,0.06197212,0.053987335,0.04593868,0.042610765,0.0403027
0.054795578,0.040108897,0.0061730295,-0.0051068217,-0.011855163,-0.014777675,-0.022659458,-0.016877629,-0.009351242,-0.0014116298,0.005488842,0.009444013
0.11631558,0.12937449,0.12779504,0.12046118,0.108674645,0.098904796,0.08553782,0.077202246,0.06928033,0.06644042,0.06194519,0.05823349
-0.012312084,-0.0148004275,-0.013824575,-0.0036964095,-0.0050958088,-0.0040762103,-0.0057125594,-0.0039949603,-0.0049562696,-0.0073300134,-0.009596511,-0.012535028
-0.21855769,-0.25106063,-0.25082594,-0.22939031,-0.20629737,-0.18935192,-0.17176779,-0.1486401,-0.13268942,-0.12155399,-0.11199573,-0.10644621
0.12501338,0.11775692,0.114999056,0.11209495,0.116195455,0.11130968,0.10031821,0.08863093,0.0712627,0.06088373,0.04952861,0.041821595
0.30889672,0.28018862,0.24595222,0.20587297,0.18159708,0.15072179,0.12805378,0.10803197,0.09077108,0.07608466,0.06879111,0.06596434
0.14898305,0.14899287,0.17949553,0.17011407,0.178325,0.15852869,0.15842831,0.12668931,0.09482241,0.063136555,0.04112102,0.029656865
-0.1781124,-0.15257268,-0.11823599,-0.07901868,-0.06011024,-0.046791717,-0.040413648,-0.035827562,-0.045911036,-0.057941902,-0.0695833,-0.076719955
0.10196795,0.03835866,-0.02067253,-0.004415542,-0.010865852,-0.0064454526,-0.015196025,0.0012758225,0.004811585,0.022584148,0.029289357,0.032867387
0.004818063,-0.040781476,-0.061213218,-0.050051205,-0.048102316,-0.042116437,-0.041036326,-0.02658913,-0.026696704,-0.027832996,-0.027379045,-0.02725233
0.19987772,0.22980487,0.20519051,0.18149613,0.14717202,0.13487914,0.11286838,0.09786859,0.09168677,0.085061066,0.081741944,0.07854621
0.11172462,0.1205604,0.115048125,0.09060587,0.08058397,0.07050304,0.06921923,0.058961444,0.061213426,0.06492185,0.06986547,0.073426194
0.030436087,0.018602971,0.006708972,-0.0065165237,-0.009202987,-0.01020357,-0.0062074102,-0.0006165914,0.010838259,0.024913527,0.032202814,0.033963293
-0.124374576,-0.13991432,-0.13865755,-0.13036932,-0.12245323,-0.10814935,-0.09278208,-0.075464204,-0.06018175,-0.04611939,-0.0375045,-0.033156194
0.124251425,0.15287034,0.12821658,0.091304764,0.07001136,0.060870126,0.04733773,0.04276061,0.054316428,0.07012889,0.08309397,0.09023261
0.14143601,0.11150172,0.075665444,0.043856308,0.021671012,0.0063649863,-0.002753973,-0.0022121295,0.008688636,0.021418177,0.033405095,0.04089086
-0.12260042,-0.12439725,-0.09055573,-0.091361746,-0.07416485,-0.06752993,-0.047421843,-0.04385171,-0.040367085,-0.039098073,-0.039806493,-0.04013574
-0.2195344,-0.24038716,-0.24855953,-0.2113761,-0.19870397,-0.17262137,-0.15819015,-0.12984511,-0.11195132,-0.09797324,-0.09235445,-0.09209731
0.5418468,0.54910564,0.51315105,0.47368455,0.42712602,0.37758514,0.32860672,0.28091514,0.24808209,0.21935874,0.2027395,0.19419321
0.12707666,0.122076206,0.08996661,0.07663278,0.06528793,0.066210486,0.053803854,0.052403443,0.052916948,0.05554242,0.056078713,0.055821005
0.19641155,0.15855908,0.101029605,0.08641361,0.07089324,0.06241212,0.032116354,0.029497288,0.027288869,0.027818345,0.031712145,0.03626514
-0.47767454,-0.46282768,-0.4208045,-0.36890277,-0.3333947,-0.2924015,-0.25246346,-0.22065422,-0.20000201,-0.18924975,-0.18260647,-0.1792437
-0.19027965,-0.11927286,-0.08037622,-0.06105031,-0.043111086,-0.026556998,-0.01565133,-0.020148307,-0.021158159,-0.026934862,-0.032195106,-0.03472975
0.4674908,0.47014397,0.4418134,0.35047072,0.3077808,0.27160946,0.25382167,0.21780014,0.21591401,0.21390018,0.21824099,0.224172
-0.348515,-0.34565234,-0.30228987,-0.3044104,-0.25997746,-0.23875481,-0.18790826,-0.16683082,-0.12646464,-0.09630835,-0.0721394,-0.05820827
0.21243936,0.16581053,0.11191076,0.075864136,0.036008507,0.0070189536,-0.0065680146,-0.0056169033,0.011240818,0.03128791,0.050467003,0.06288301
-0.22110248,-0.2833549,-0.28900984,-0.2805091,-0.26226506,-0.24623708,-0.22307567,-0.19548513,-0.18066329,-0.16912915,-0.15872456,-0.15007252
0.0757889,0.03056851,0.0047495514,0.00038870424,-0.0033160374,-0.009823114,-0.016086176,-0.015804693,-0.017380994,-0.0182527,-0.016918324,-0.015702255
0.5884688,0.5664765,0.5408448,0.4650885,0.43719995,0.40060484,0.36770073,0.30721042,0.27092606,0.2519193,0.23411216,0.2291854
0.030966828,0.034055334,0.03856382,0.062125765,0.061060518,0.058522448,0.04156334,0.037581876,0.018192247,0.0005380865,-0.015903367,-0.025708204
0.16401312,0.16384941,0.16615862,0.15250349,0.14082271,0.12691608,0.115967765,0.09458737,0.06845394,0.047484122,0.034845717,0.031841837
-0.060335204,-0.07750259,-0.10646623,-0.09553063,-0.09295281,-0.08304466,-0.085674405,-0.069409296,-0.053359117,-0.038383834,-0.029241169,-0.02483931
-0.019982692,-0.039744005,-0.030485503,-0.029952845,-0.03312528,-0.031799816,-0.024059603,-0.020443698,-0.0218381,-0.020613357,-0.019372432,-0.017139945
-2.232939e-05,0.18355379,0.28032196,0.2092064,0.23463714,0.2181885,0.20752436,0.1457835,0.11887671,0.103316866,0.09271928,0.09556351
0.96296656,0.9385825,0.8804149,0.7653091,0.68497777,0.58978343,0.51550543,0.43502524,0.391734,0.3495989,0.32290995,0.3149918
0.31631476,0.24846718,0.21728608,0.17493999,0.14805385,0.11080313,0.11247629,0.100931585,0.10515194,0.11449554,0.12327972,0.12524484
-0.048470818,-0.033963464,-0.021250904,0.0030021518,0.00882763,0.013339698,0.008101527,0.009976093,0.0012788512,-0.0034499113,-0.0103758015,-0.015596243
0.0319231,0.04453966,0.032659784,0.03568521,0.027571043,0.024599444,0.01106308,0.0128811095,0.014902048,0.018763263,0.020043988,0.019501453
0.05057512,0.05018383,0.034760974,0.008125745,-0.0042912215,-0.011903159,-0.015032981,-0.01759512,-0.013621679,-0.010714262,-0.003540866,0.0014354968
0.34308818,0.2812814,0.26226145,0.23178513,0.17044193,0.13555193,0.11347562,0.09584008,0.07529724,0.052448526,0.044922188,0.040959954
0.071214676,0.05140485,0.0374597,0.026306339,0.012807496,0.0013601296,-0.0019504726,-8.682534e-05,0.0031523146,0.00922884,0.016903657,0.022574838
0.1320977,0.07554699,0.045309037,0.01863055,0.004850775,-0.015571155,-0.024723917,-0.02530805,-0.026925765,-0.028299555,-0.023238424,-0.018496826
0.045921847,0.05362968,0.051818922,0.044219214,0.037511162,0.032653365,0.02468973,0.019609375,0.015043292,0.013071966,0.010997953,0.010034323
-0.23709925,-0.2520432,-0.2601105,-0.21941924,-0.19899052,-0.16937244,-0.16243577,-0.1310334,-0.11681333,-0.10414599,-0.09827796,-0.09617128
-0.12652563,-0.12834579,-0.10057682,-0.07287298,-0.052801654,-0.047800586,-0.03854072,-0.03490881,-0.04027025,-0.045684405,-0.05301241,-0.05885111
-0.013459058,0.01719129,0.038959764,0.038243648,0.04527152,0.044011846,0.03980686,0.025906704,0.010139935,-0.006463321,-0.016858421,-0.020302454
-0.3143623,-0.31867445,-0.249458,-0.2154729,-0.1891161,-0.17953701,-0.14743748,-0.13185123,-0.1278971,-0.13425389,-0.13784865,-0.13996914
-0.33227795,-0.363699,-0.35518265,-0.32028538,-0.2916913,-0.258727,-0.22756955,-0.19122884,-0.16765368,-0.15016836,-0.1407762,-0.13655758
0.2469976,0.250591,0.21895221,0.17970625,0.15515539,0.13568635,0.11900727,0.0964031,0.09128184,0.08409455,0.0856479,0.09067922
-0.19442478,-0.07037395,-0.120335996,-0.12420575,-0.12678224,-0.086509004,-0.12450075,-0.12139888,-0.1244984,-0.12019916,-0.11428496,-0.10514903
0.47094136,0.48309553,0.43746158,0.42285997,0.36105874,0.31883726,0.2675448,0.2356964,0.2031815,0.17475809,0.15564586,0.14124301
-0.06432339,-0.048077628,-0.043394573,-0.04940003,-0.04377013,-0.033695847,-0.024332978,-0.022172999,-0.016879393,-0.012568563,-0.009336349,-0.007741865
0.14100087,0.13469663,0.11486511,0.09736201,0.07916429,0.06375543,0.047570586,0.031740107,0.018249258,0.00169269,-0.0069064014,-0.008460037
0.16114305,0.11480547,0.093883276,0.074900985,0.05270475,0.028589971,0.0161345,0.013285212,0.01350376,0.015701633,0.020687604,0.024898572
0.078036524,0.038385518,0.036361083,0.026959255,0.012691699,-0.011019498,-0.020001292,-0.017888218,-0.018914022,-0.016943198,-0.01579961,-0.01522732
-0.018021667,-0.019743493,-0.0045798514,-0.0077058896,-0.0065051448,-0.008769732,-0.0043943115,-0.009279951,-0.018342895,-0.030259892,-0.03520878,-0.036339484
-0.30821306,-0.29900908,-0.24088147,-0.2126427,-0.19438186,-0.18178712,-0.14245337,-0.12111058,-0.09524704,-0.0721621,-0.058821604,-0.055198282
-0.13379441,-0.15216777,-0.15562789,-0.13536301,-0.11919898,-0.102837764,-0.092844054,-0.08049743,-0.07591953,-0.076179005,-0.07666412,-0.07461297
-0.2898816,-0.29900932,-0.27481282,-0.25735134,-0.2434255,-0.22591442,-0.19115688,-0.16622348,-0.13898203,-0.11931028,-0.10278197,-0.09199139
-0.7752597,-0.76743895,-0.68730414,-0.60466033,-0.5458591,-0.48483574,-0.41780084,-0.365163,-0.34153962,-0.32899433,-0.32397062,-0.3208083
-0.25089598,-0.2783054,-0.29200858,-0.26012,-0.23829809,-0.20845339,-0.18846722,-0.15836553,-0.13836302,-0.12296972,-0.11364651,-0.10963403
0.2339701,0.1934062,0.15642512,0.1265402,0.110193685,0.094631374,0.08208686,0.07640447,0.07530295,0.07738395,0.07981245,0.08098364
-0.31394655,-0.36933887,-0.39703333,-0.36843374,-0.35211062,-0.3158472,-0.29257253,-0.24780884,-0.22434495,-0.20769207,-0.19598138,-0.18862507
-0.06577103,-0.07039683,-0.07227722,-0.06953332,-0.069225855,-0.06472333,-0.05788424,-0.04696212,-0.034825638,-0.022847097,-0.014211388,-0.01088218
0.0415171,0.04225848,0.031262945,0.020891264,0.003953699,-0.0031134859,-0.0047872923,-0.002193451,0.0075449664,0.014553454,0.020723127,0.023068674
0.19749588,0.21851164,0.211054,0.18431553,0.16087876,0.14218794,0.12056395,0.1081354,0.10018601,0.09695989,0.094749905,0.09064977
0.10117457,0.110547975,0.11073071,0.090137154,0.078973025,0.06326237,0.05269873,0.040376928,0.03524978,0.031513013,0.030511392,0.031281907
-0.035048343,-0.013686143,0.00044389814,-5.8084726e-05,0.0068232566,0.008224346,0.005913075,0.00037594512,-0.006394841,-0.012241518,-0.015930275,-0.016581465
0.041502938,0.034495465,0.010612771,0.019682169,0.009777974,0.009088317,-0.00204828,-0.0045469105,-0.013401985,-0.022564935,-0.027595166,-0.02833848
0.33869326,0.32974136,0.2986437,0.2519769,0.21635833,0.18279894,0.15874502,0.13607429,0.12629898,0.12422363,0.12462439,0.12418768
0.05677205,0.10097554,0.12705761,0.12609771,0.12529682,0.11253914,0.09890829,0.08032669,0.06083757,0.04382433,0.03252763,0.025717553
-0.1591152,-0.13022351,-0.11279826,-0.09840198,-0.080392495,-0.06048476,-0.050961643,-0.047295056,-0.046978317,-0.04902916,-0.05085623,-0.050317243
0.13370144,0.15109766,0.14223424,0.11984268,0.102127,0.08872605,0.073031485,0.0585237,0.046279617,0.037160825,0.032533996,0.03105634
0.0943325,0.077189915,0.044494838,0.02481354,0.0065464377,0.007853121,-4.4614077e-05,0.0034528226,0.008833662,0.0164688,0.02096577,0.02389419
-0.06508389,-0.07872851,-0.082025275,-0.076299444,-0.070640534,-0.06580266,-0.056659676,-0.05090321,-0.04638579,-0.043531448,-0.040797852,-0.03892095
-0.22606455,-0.3012671,-0.2924654,-0.2716471,-0.24398805,-0.21939245,-0.18485469,-0.15636964,-0.14509392,-0.13592684,-0.12921554,-0.12237364
-0.101288766,-0.08615026,-0.08389065,-0.07319056,-0.06868191,-0.057531916,-0.050012626,-0.042966507,-0.035146426,-0.032288317,-0.028765203,-0.027453065
