0.39185828,0.4043771,0.38992274,0.40259212,0.38335824,0.40889657,0.3523664,0.34304076,0.22884585,0.23758012,0.18663128,0.1579644
-0.43525165,-0.44283792,-0.43907404,-0.44373783,-0.43822646,-0.42761296,-0.3934547,-0.36011183,-0.31092557,-0.27988097,-0.23333651,-0.18590404
0.31998545,0.30478883,0.29463,0.2821625,0.27036434,0.25383162,0.2258994,0.20041963,0.18132517,0.16069292,0.14006487,0.121254474
0.07741134,0.06942487,0.06536234,0.06095622,0.05105415,0.052234683,0.04771581,0.05087591,0.04718665,0.046318922,0.048192877,0.056254126
0.2217097,0.22950669,0.22486132,0.22992153,0.22511593,0.22013223,0.20251855,0.194103,0.18217018,0.16691528,0.14053631,0.12474287
0.3712796,0.361041,0.3503797,0.34202743,0.32810605,0.31712347,0.3010541,0.29523173,0.28451213,0.2855628,0.2822668,0.29798186
0.6623223,0.645015,0.631538,0.6132453,0.590674,0.56497216,0.52096736,0.49648163,0.47872868,0.45339775,0.42693242,0.4239447
-0.15826999,-0.16049086,-0.15961732,-0.16019726,-0.16391052,-0.16098791,-0.15159312,-0.14472385,-0.13644801,-0.13059431,-0.10984869,-0.09841267
-0.32417637,-0.3133987,-0.30464226,-0.2975385,-0.290029,-0.2856903,-0.26404175,-0.24346027,-0.21681602,-0.19725928,-0.17753048,-0.16180634
-0.45857206,-0.42219537,-0.40652433,-0.36749652,-0.3611477,-0.33446002,-0.304511,-0.25540856,-0.20333213,-0.18029906,-0.17931536,-0.14861174
0.08573535,0.10436948,0.11387892,0.11642508,0.12555811,0.12582248,0.10993543,0.09506428,0.08909616,0.07472275,0.056829,0.041248545
0.58291686,0.55142725,0.5092076,0.48497686,0.44600627,0.42129388,0.37617424,0.34131548,0.31562206,0.29259393,0.24556112,0.23227504
0.14181992,0.15295406,0.15559244,0.16375121,0.16365738,0.15938473,0.14672482,0.13705131,0.11726485,0.10496877,0.0873898,0.065088265
-0.23556796,-0.22807963,-0.2149301,-0.21079397,-0.19481188,-0.19284801,-0.17422469,-0.1628562,-0.14035176,-0.12828499,-0.1070677,-0.09800934
-0.87035775,-0.8297434,-0.7864631,-0.76006466,-0.7267855,-0.70522875,-0.6486356,-0.60788614,-0.5484106,-0.51200724,-0.4707909,-0.45641938
-0.119495586,-0.120181724,-0.1205236,-0.12340031,-0.12579593,-0.12660563,-0.12279401,-0.120240554,-0.11526047,-0.11300889,-0.110664375,-0.111052945
0.09761311,0.095414594,0.09123635,0.08839908,0.08529637,0.07987534,0.072457395,0.06611725,0.06684866,0.06020459,0.04911656,0.044737104
-0.090469025,-0.06407817,-0.053175256,-0.02864147,-0.026416019,-0.015207373,-0.0122048855,-0.01056017,-0.024155293,-0.024099886,-0.03673172,-0.052721184
-0.018088568,-0.030329758,-0.04004347,-0.05444821,-0.062623724,-0.0699265,-0.0746306,-0.08267116,-0.082462214,-0.089994155,-0.0850293,-0.08436666
0.26162755,0.23375554,0.21591625,0.19653763,0.18643348,0.17773299,0.1621893,0.15186635,0.14106943,0.13067357,0.1248465,0.12903886
-0.15788597,-0.120267734,-0.10708497,-0.08517186,-0.08101091,-0.07876913,-0.07454501,-0.06808984,-0.069667116,-0.063914105,-0.069254085,-0.07969728
0.18464938,0.16723157,0.15288611,0.13939263,0.12930234,0.12811777,0.11605671,0.1067813,0.0908327,0.08698926,0.08992214,0.09297133
0.10780525,0.105078265,0.09697529,0.095333874,0.09162175,0.08611605,0.07930487,0.07268655,0.06158659,0.059575602,0.05046159,0.04021565
0.5146141,0.4869536,0.4657613,0.44834638,0.4261148,0.4089418,0.37435532,0.34600437,0.31204098,0.28304648,0.2525362,0.23703107
0.22701572,0.22239111,0.21533652,0.21382728,0.20240328,0.196322,0.18179098,0.17402698,0.16411431,0.15362805,0.13436991,0.1275832
-0.1343043,-0.13022262,-0.12603727,-0.122824386,-0.11224225,-0.106260374,-0.10133733,-0.09697654,-0.09944551,-0.09792375,-0.08835919,-0.09004325
0.2049306,0.18850851,0.18164821,0.17173697,0.16619797,0.16379154,0.1549979,0.147809,0.14399211,0.13816498,0.13146657,0.13457097
-0.049457394,-0.05488346,-0.05765944,-0.06031575,-0.065943345,-0.06919412,-0.065503865,-0.060707062,-0.0480764,-0.04455705,-0.036965515,-0.027288511
0.6530086,0.63885826,0.6143236,0.6001916,0.58162296,0.55741274,0.50718284,0.47310594,0.43312934,0.39975464,0.35191914,0.32291546
0.14448404,0.13755727,0.13201493,0.127602,0.12278346,0.114693895,0.106425084,0.09638521,0.08717815,0.07867936,0.071906574,0.066873305
0.22093399,0.20269491,0.18324356,0.16929896,0.1492689,0.14419074,0.11661947,0.11366575,0.096938334,0.088376984,0.078108676,0.082543045
-0.10438548,-0.07941215,-0.06851271,-0.051999483,-0.03590098,-0.03736247,-0.039038748,-0.051084764,-0.05314572,-0.057123527,-0.0800198,-0.10356829
-0.1831829,-0.14858104,-0.12141089,-0.09433149,-0.07192678,-0.063896276,-0.052129906,-0.04914151,-0.047936797,-0.053242065,-0.060881823,-0.08399147
-0.35442132,-0.33063692,-0.3113682,-0.2954461,-0.27720776,-0.27057695,-0.25034648,-0.23602478,-0.22541413,-0.21441501,-0.19938186,-0.20062707
0.021026064,0.034754746,0.03936593,0.049432665,0.048889324,0.05335336,0.05063171,0.049865484,0.048255906,0.046265192,0.035573352,0.029951446
-0.07834516,-0.06875812,-0.06004169,-0.054905407,-0.045335244,-0.04322205,-0.035723172,-0.028823905,-0.01668728,-0.009829541,-0.0029820339,0.0010748897
0.34540862,0.33375445,0.324428,0.3107293,0.295493,0.26807132,0.25133622,0.22490104,0.23188981,0.20141529,0.16959627,0.1453661
0.03518507,0.036167923,0.03789256,0.04072268,0.05350827,0.04188299,0.040061638,0.04107549,0.042384926,0.03440225,0.031672426,0.020609882
-0.0055461703,-0.008521859,-0.006301027,-0.0065169483,-0.009998407,-0.007826094,-0.0006533377,0.0062163826,0.020380203,0.027378835,0.039636362,0.057434775
-0.18037346,-0.17597207,-0.17618015,-0.17746668,-0.17764546,-0.17423633,-0.16917655,-0.16811809,-0.16483802,-0.16140413,-0.15096344,-0.15076657
-0.1822361,-0.17595524,-0.17374444,-0.16970502,-0.16383469,-0.16047893,-0.1482577,-0.13799125,-0.13567354,-0.12089394,-0.10545378,-0.09512107
-0.5154831,-0.52008027,-0.5123136,-0.5125679,-0.49933454,-0.49582815,-0.45309916,-0.42366675,-0.38396877,-0.35631874,-0.3127203,-0.283456
0.063045874,0.06151851,0.059990644,0.05821253,0.05618322,0.054742143,0.050267894,0.04664407,0.038635504,0.03534673,0.033031836,0.031477585
0.13711692,0.12281099,0.11160777,0.10160507,0.09276393,0.09617288,0.08559545,0.08255173,0.07142087,0.06484132,0.06582553,0.068316475
-0.33664024,-0.349025,-0.3479811,-0.3601464,-0.3576467,-0.35671675,-0.33380666,-0.31379777,-0.27650174,-0.25335753,-0.21767566,-0.18416487
0.14918824,0.1389914,0.12987474,0.122434705,0.10887614,0.10802109,0.100955054,0.09524696,0.09024176,0.09033334,0.08598643,0.09136857
0.2537365,0.2721609,0.27473304,0.29086483,0.29216123,0.2927137,0.27698213,0.2609457,0.22811659,0.20745951,0.17208841,0.13674875
-0.080871634,-0.0760079,-0.07185027,-0.06951911,-0.058511816,-0.0630396,-0.057747185,-0.055446327,-0.05168091,-0.055468462,-0.057628892,-0.06689456
-0.085745834,-0.086545296,-0.088213705,-0.088158175,-0.09136676,-0.08769512,-0.081990704,-0.07539402,-0.066168435,-0.06103121,-0.053517874,-0.042918146
-0.19193551,-0.17018065,-0.15481557,-0.13437845,-0.1191337,-0.11542776,-0.0999705,-0.090184174,-0.07878379,-0.07367296,-0.06644239,-0.076438345
0.08501239,0.08348605,0.0833523,0.08166721,0.08287051,0.08136134,0.07677226,0.074003994,0.06540785,0.06454787,0.0627486,0.062396694
0.13455747,0.11701832,0.10626062,0.09132532,0.084114075,0.08075043,0.07193019,0.064969175,0.053348117,0.05377792,0.05744395,0.062728964
-0.23248565,-0.21400154,-0.19998282,-0.19008988,-0.17817469,-0.17089558,-0.16072711,-0.15999573,-0.16670382,-0.15628639,-0.15412968,-0.16398843
0.2979187,0.28727305,0.27382573,0.26700297,0.25624275,0.2560743,0.24000365,0.23976271,0.23174821,0.2228386,0.21256019,0.22352155
0.15059301,0.15515473,0.14593863,0.15482013,0.14071938,0.14196748,0.13103858,0.14029339,0.13222247,0.12248892,0.09948825,0.09586175
0.5875169,0.5615839,0.53288984,0.5174966,0.4978084,0.4826513,0.45418602,0.4306822,0.39491567,0.38308534,0.3598428,0.3572632
0.07042604,0.045837134,0.021824522,0.0143617885,-0.0121166,0.0031307768,0.00018463284,0.0070575196,-0.022632407,-0.0050835027,0.020667464,0.044082474
0.10453771,0.08201964,0.06814122,0.053890906,0.045592736,0.042713076,0.03415831,0.029234337,0.023789875,0.021901412,0.025220614,0.030262869
-0.37744653,-0.35861847,-0.3469316,-0.31666145,-0.28534096,-0.26681855,-0.24930382,-0.21549726,-0.2224757,-0.22821724,-0.2212841,-0.24913208
0.3993107,0.3966822,0.39051133,0.40610197,0.40406305,0.39708245,0.3882765,0.37923208,0.36659345,0.36325043,0.34263164,0.33951926
0.079263195,0.09359113,0.09690039,0.10845965,0.11565193,0.11478903,0.106200926,0.09708127,0.070890486,0.06685142,0.051232893,0.02926962
0.15096332,0.13264868,0.12427735,0.10786204,0.09750202,0.09445536,0.09057827,0.08324827,0.079302706,0.07690799,0.08054851,0.090272196
-0.3373794,-0.33123827,-0.29090583,-0.29271013,-0.26421645,-0.24681808,-0.20316353,-0.160712,-0.118882254,-0.10182963,-0.05306536,-0.02523721
-0.06534919,-0.05586564,-0.0519396,-0.044653736,-0.040564734,-0.035097394,-0.031872846,-0.031674884,-0.03553291,-0.03266187,-0.03596001,-0.03819842
0.30993402,0.26873612,0.24233238,0.20632637,0.18364109,0.16673455,0.14772084,0.13299221,0.13319366,0.12937032,0.13719006,0.15646175
0.006186381,-0.015944425,-0.027836338,-0.049864575,-0.062364798,-0.06401302,-0.06645512,-0.07341618,-0.06405495,-0.06041602,-0.04660022,-0.032688912
-0.082020015,-0.0769447,-0.07348924,-0.071748085,-0.06934478,-0.072088584,-0.06925818,-0.07098006,-0.0619872,-0.05577445,-0.053616915,-0.052664585
0.4622152,0.4492918,0.44237825,0.43166354,0.42708302,0.4149066,0.38977674,0.37679008,0.3638591,0.3396764,0.32296437,0.30786994
0.22177687,0.22379127,0.22389866,0.22433123,0.22285296,0.21667904,0.20391878,0.1857628,0.16788524,0.15128836,0.12858698,0.102748595
0.009480127,0.0015107822,-0.0020396374,-0.006235644,-0.0050486885,-0.005843846,7.323362e-05,0.00787363,0.016464714,0.02302099,0.03288992,0.044239815
0.13507636,0.13946338,0.14073685,0.14536923,0.14603354,0.1466454,0.13795571,0.12781139,0.11147819,0.10162181,0.09000474,0.07992212
-0.06023615,-0.059510127,-0.055734187,-0.05437687,-0.05398348,-0.049840264,-0.044296343,-0.040545627,-0.034397997,-0.02779352,-0.018790798,-0.012704873
0.12362607,0.123023175,0.11447112,0.11076086,0.105715945,0.103543416,0.09593976,0.09242016,0.10114707,0.104735084,0.09890791,0.10993484
0.094742365,0.07047752,0.06274064,0.040958762,0.026466794,0.027086914,0.025657613,0.027394805,0.033246282,0.038126547,0.05435223,0.075327724
-0.062443763,-0.0661338,-0.062952764,-0.064057,-0.062014848,-0.059409037,-0.05299218,-0.049632367,-0.039042585,-0.031937733,-0.020893084,-0.012467577
-0.2054775,-0.19693507,-0.18663034,-0.18095571,-0.17387317,-0.16810754,-0.1510527,-0.13883024,-0.124028854,-0.11059159,-0.096663654,-0.08298702
-0.06965936,-0.057310782,-0.05138255,-0.04201545,-0.033859354,-0.029602095,-0.030256368,-0.030957347,-0.03824176,-0.042505093,-0.04649787,-0.063267455
-0.3625475,-0.33005095,-0.2969608,-0.27338332,-0.24213287,-0.23125003,-0.206359,-0.18233876,-0.16964093,-0.17043045,-0.1676624,-0.18245581
0.10894206,0.094412394,0.08616497,0.075994834,0.07012408,0.061622247,0.054606467,0.03994313,0.03982739,0.0327924,0.02867042,0.025359305
0.31730452,0.28934187,0.2710301,0.250923,0.23683481,0.22866124,0.21621868,0.21130213,0.21116967,0.21222523,0.21610582,0.23262689
-0.48481447,-0.45447853,-0.43426028,-0.41619745,-0.40160206,-0.39125937,-0.3658503,-0.35277894,-0.3334555,-0.3203361,-0.30871624,-0.3082977
0.100248635,0.093561254,0.09619024,0.09066896,0.08854145,0.08252963,0.08202698,0.07293941,0.077567965,0.07019983,0.06879017,0.06949598
-0.52712256,-0.49480155,-0.48716137,-0.4650218,-0.44982502,-0.43187392,-0.40307567,-0.37932637,-0.3509083,-0.31963006,-0.3009924,-0.2903184
-0.09936535,-0.09806856,-0.0947991,-0.08916243,-0.08634729,-0.08357663,-0.072075546,-0.05750306,-0.05041681,-0.043236993,-0.03632942,-0.030023305
0.20832947,0.19361646,0.17622237,0.16889474,0.15334503,0.14126757,0.12714386,0.10654885,0.1005786,0.09110466,0.06853841,0.054168176
-0.1816917,-0.20430337,-0.21498962,-0.23263362,-0.24390611,-0.24163896,-0.22620839,-0.20864072,-0.18036522,-0.15904501,-0.11938158,-0.07555268
-0.4149155,-0.38648754,-0.36699414,-0.34855908,-0.32959312,-0.3223623,-0.30325392,-0.2948572,-0.28177065,-0.2737504,-0.2628644,-0.27324283
-0.016157461,-0.014195749,-0.009626873,-0.00837805,-0.0039066086,-0.0011821915,0.0005280863,0.0018431514,0.001404102,0.0048621423,0.0061152764,0.007636618
-0.04284302,-0.021595225,-0.008329565,0.0006669946,0.0051984154,0.011098908,0.014907058,0.0140737705,0.0058654323,0.01193719,0.009771408,0.0057278993
0.19992787,0.19195317,0.19704984,0.19533731,0.2035395,0.21375683,0.20564567,0.20016374,0.18431157,0.17294233,0.17568783,0.16873336
0.08423833,0.08870369,0.08985703,0.09138743,0.09117986,0.09062636,0.08115327,0.06860472,0.038502753,0.028052181,0.011793111,-0.008844359
0.44555333,0.40308574,0.36376,0.3264389,0.29334226,0.27659175,0.23785888,0.21621089,0.18925591,0.17307727,0.15713546,0.16341203
0.12398146,0.13190162,0.13219915,0.14000106,0.14331295,0.14858955,0.13969402,0.1351516,0.122476816,0.109362796,0.09365233,0.074786186
-0.09621946,-0.104813024,-0.0996543,-0.11201553,-0.111060165,-0.11315791,-0.10462142,-0.10408923,-0.09572437,-0.0887355,-0.06743558,-0.0501889
0.099136114,0.08661307,0.07801145,0.07068242,0.06163428,0.060150027,0.058605686,0.059687532,0.060888104,0.056073826,0.056320947,0.06704043
-0.04597766,-0.046551436,-0.04387345,-0.045275353,-0.04417011,-0.0410756,-0.036500305,-0.035338722,-0.02890988,-0.02530613,-0.017473599,-0.013650166
0.07024021,0.070706345,0.061467394,0.061898816,0.056157425,0.054020293,0.052246533,0.053865317,0.064207934,0.07389854,0.06315955,0.06797454
-0.053178385,-0.0097287,-0.008289881,-0.009644531,-0.011878207,-0.009495005,-0.03788741,-0.0713035,-0.1088467,-0.11795955,-0.14786005,-0.1701664
0.01633541,0.0140200425,0.016341854,0.018973805,0.02343582,0.020534096,0.025764678,0.03372052,0.036576662,0.034690823,0.037545897,0.040522866
-0.47081065,-0.46207267,-0.44485325,-0.4380077,-0.4185722,-0.4021685,-0.3694117,-0.33539698,-0.29380423,-0.2686097,-0.22708698,-0.191326
-0.5957001,-0.5798258,-0.55821174,-0.5474757,-0.5286237,-0.5095492,-0.4698106,-0.4420187,-0.40994477,-0.38301992,-0.34483808,-0.32774293
-0.76192844,-0.7264176,-0.6856838,-0.664812,-0.62907696,-0.60598856,-0.5615409,-0.5347352,-0.48407087,-0.4638887,-0.43078813,-0.42019236
0.28558925,0.2621312,0.23355481,0.21181743,0.1878293,0.18352422,0.16094744,0.14627495,0.13251409,0.13017862,0.119795,0.13081297
0.24284397,0.2380257,0.23267485,0.23160273,0.22800428,0.2221146,0.20614505,0.19693054,0.18661357,0.17248856,0.15156141,0.14119788
0.24945788,0.2259853,0.20997712,0.1965361,0.1753552,0.18138403,0.16529906,0.16047941,0.14744307,0.14854711,0.1410351,0.15311503
0.20293291,0.19453946,0.18800834,0.18545142,0.17752324,0.177932,0.16769777,0.15387863,0.13897784,0.13413909,0.12019914,0.111377515
-0.30037218,-0.29039153,-0.2734977,-0.25955844,-0.23551242,-0.23231606,-0.20523047,-0.1933165,-0.16737919,-0.15018134,-0.13428363,-0.12210531
-0.34861183,-0.32045698,-0.30223534,-0.27730742,-0.26069254,-0.25046873,-0.22726111,-0.2124818,-0.19928074,-0.18961634,-0.18399407,-0.19094348
-0.13905849,-0.12391025,-0.111696154,-0.098130584,-0.08289255,-0.08049008,-0.071316704,-0.06697266,-0.07248497,-0.06889443,-0.06963621,-0.08083758
0.027101198,0.017120408,0.014194686,0.009069297,0.005018562,0.0077636205,0.013477016,0.017752811,0.02430022,0.031251587,0.0408476,0.0563074
0.22816698,0.18648152,0.15813655,0.13444865,0.1073038,0.108282335,0.09883936,0.101799816,0.10022424,0.107439175,0.1220347,0.15612431
-0.03345065,-0.02620794,-0.014783236,-0.00890494,-0.0042250147,-0.0031889621,0.006173265,0.007968254,0.014829786,0.018058663,0.013489441,0.015194943
0.051416162,0.03344104,0.025621705,0.011860341,0.0020095706,-0.00042809173,-0.0026645958,-0.002394203,0.008210711,0.012135841,0.025273722,0.044990294
-0.067590326,-0.05905936,-0.05426816,-0.047227092,-0.047751956,-0.04912536,-0.04309903,-0.04355459,-0.044837736,-0.0400391,-0.040366076,-0.049111597
0.39691365,0.43235588,0.44167653,0.46461242,0.46830428,0.46830326,0.43075126,0.3881516,0.31737253,0.28428566,0.21452512,0.14185631
0.07637012,0.07822183,0.08891505,0.110170394,0.123251095,0.14163971,0.16005737,0.16416809,0.13766137,0.12506424,0.117814705,0.08982364
0.07494573,0.07524916,0.08105432,0.085167766,0.09375115,0.08725731,0.086588696,0.07875005,0.07541545,0.06664767,0.053711887,0.039537303
-0.38767645,-0.3732521,-0.35514426,-0.34206852,-0.32463536,-0.31596854,-0.28617695,-0.26975638,-0.24848907,-0.23204114,-0.21452309,-0.21178706
-1.0999486,-1.053423,-1.0111004,-0.98038614,-0.93969333,-0.91288984,-0.83632404,-0.7813271,-0.7173508,-0.66336435,-0.59792,-0.56538564
0.053417645,0.030049775,0.020115443,0.0020134002,-0.0035674796,-0.009209804,-0.006905623,-0.001269456,0.013445199,0.01720245,0.031053063,0.049993373
0.36788744,0.3757856,0.36722893,0.37200207,0.36861974,0.35542262,0.31359196,0.27016473,0.20967913,0.16766322,0.11361914,0.051948953
0.008248604,-0.0018404722,-0.005168982,-0.015788585,-0.01392065,-0.02430637,-0.027308486,-0.023555117,-0.0109104775,-0.00631403,0.0023086513,0.010754971
-0.48978245,-0.43908036,-0.40463978,-0.37161636,-0.34762755,-0.34208143,-0.3224673,-0.31814224,-0.30547193,-0.30309078,-0.30850664,-0.34035116
0.36932078,0.34642193,0.32629782,0.3071273,0.28826234,0.2768759,0.2416371,0.21754552,0.1885518,0.16202588,0.1378717,0.12144427
0.20256093,0.20026043,0.19260119,0.19362459,0.1871713,0.1917465,0.18203078,0.17808798,0.17282726,0.17010835,0.15777464,0.15832226
0.22425453,0.22480614,0.21806887,0.21779197,0.2104997,0.19977441,0.18021885,0.1555193,0.12520681,0.103138894,0.07210949,0.04099603
0.40477073,0.3830992,0.3598941,0.3479332,0.3272407,0.32607695,0.30588073,0.28768706,0.24520576,0.22473332,0.20822398,0.20071888
-0.039432134,-0.042889994,-0.04145195,-0.045677036,-0.04774636,-0.048610702,-0.04671963,-0.042173363,-0.042825796,-0.038205512,-0.03104315,-0.02611247
0.1691679,0.1450302,0.12649427,0.105422154,0.09001657,0.08204055,0.07003172,0.060698014,0.056733005,0.05180839,0.05432286,0.064030156
0.62308884,0.61920494,0.61269456,0.5985989,0.5998902,0.58411646,0.54964197,0.5296649,0.5089914,0.4986201,0.48037994,0.49123865
0.005216285,0.006609845,0.008107606,0.013424964,0.01803845,0.022084398,0.023532301,0.026363384,0.021313574,0.017263299,0.015904661,0.010383956
-0.0012719892,-0.028616536,-0.047135044,-0.06795111,-0.082934305,-0.08158925,-0.07500383,-0.06868378,-0.045425102,-0.033691928,-0.008498413,0.026149184
0.01325142,-0.019347336,-0.03378053,-0.052087136,-0.069118775,-0.07509379,-0.068958506,-0.05135689,-0.019130416,-0.006092701,0.012028631,0.05559019
-0.06504836,-0.04489533,-0.037921697,-0.019685037,-0.011197053,-0.009867057,-0.012176096,-0.011180203,-0.022968981,-0.03409801,-0.050737083,-0.075285055
0.8482748,0.7990763,0.7575934,0.73536855,0.68599796,0.67435384,0.61420584,0.5888777,0.5426938,0.50107914,0.4465884,0.44828808
0.3746678,0.35387757,0.32950366,0.3086169,0.28473073,0.27153584,0.23629901,0.2177426,0.19671008,0.18577883,0.16351643,0.16040893
0.0544762,0.028285602,0.0035589542,-0.017744359,-0.037701204,-0.04279616,-0.054137688,-0.05201387,-0.043186467,-0.041682795,-0.036758807,-0.015805623
-0.0148255285,-0.0014968152,0.0107947225,0.02038666,0.032728136,0.03364694,0.039677456,0.040118527,0.045358714,0.049164005,0.045776352,0.04365904
-0.24160953,-0.2352783,-0.23265867,-0.2218209,-0.21207058,-0.21241656,-0.19710445,-0.17642097,-0.15942922,-0.14720775,-0.13132468,-0.1286833
-0.22205222,-0.21217662,-0.20992817,-0.204093,-0.20505232,-0.19975753,-0.1911059,-0.18793234,-0.18307318,-0.17729858,-0.17201568,-0.16988346
-0.63304377,-0.6084535,-0.588722,-0.5698744,-0.5523931,-0.5279737,-0.4872756,-0.44863147,-0.40690535,-0.36966947,-0.32349807,-0.29093173
-0.20447603,-0.18985115,-0.17718807,-0.16807151,-0.15635762,-0.15254779,-0.14254855,-0.1355886,-0.13019556,-0.12862168,-0.12158107,-0.12929806
0.07467078,0.07242726,0.06841376,0.065570846,0.060574315,0.05865244,0.050026108,0.044672098,0.034859948,0.025558142,0.016136458,0.0086049065
0.09395582,0.08645767,0.08658542,0.07818512,0.07737659,0.07287341,0.07140311,0.070179515,0.074589364,0.077227734,0.08175365,0.089323506
0.026329285,0.027946554,0.031058257,0.034245998,0.03722237,0.039196935,0.037454084,0.03489443,0.028574035,0.019547418,0.013696602,0.0003078985
0.0868312,0.0633318,0.048416216,0.03613393,0.025321554,0.02447714,0.027831707,0.034676533,0.03576548,0.045683388,0.060142748,0.08289983
0.057405245,0.056352213,0.05415981,0.053157456,0.05281881,0.055119272,0.049247183,0.0460224,0.036444005,0.034053087,0.031216873,0.027390664
-0.21183747,-0.22558299,-0.2277717,-0.23821434,-0.23493853,-0.23417151,-0.21573967,-0.18846309,-0.1515327,-0.13679585,-0.10431276,-0.06960514
-0.058942597,-0.061538413,-0.063771255,-0.06691302,-0.070328265,-0.07151718,-0.06768866,-0.061194316,-0.0527016,-0.046589397,-0.03884149,-0.032133896
0.33638087,0.32842597,0.30497304,0.29938874,0.2853058,0.27553424,0.23903,0.22046563,0.18985383,0.16706088,0.13291007,0.1114254
0.06815501,0.06455572,0.061032772,0.05782254,0.05343734,0.051043406,0.04709628,0.041698173,0.037608985,0.03517978,0.03230564,0.028767433
0.11370335,0.1142589,0.11020695,0.10998048,0.10705614,0.104072034,0.096240915,0.08952369,0.0849449,0.082675494,0.07064625,0.06926462
0.28997564,0.26193467,0.25642765,0.23911473,0.2277488,0.2064401,0.19303599,0.17926547,0.18357785,0.16701834,0.17134573,0.18185848
0.33536586,0.30824152,0.2836577,0.26211825,0.23995844,0.22460943,0.19574654,0.1742142,0.15581137,0.13556877,0.11988663,0.1152721
0.3218086,0.299593,0.27965397,0.2700136,0.25889087,0.25099128,0.22967014,0.20944387,0.16366315,0.14110585,0.12762159,0.09960723
-0.17909583,-0.17978783,-0.1796237,-0.18362492,-0.17920521,-0.18388954,-0.17471096,-0.16344391,-0.14023398,-0.1311786,-0.11874518,-0.10404466
0.21906911,0.2022223,0.18685733,0.17362754,0.16351815,0.15189622,0.13585848,0.11940811,0.10201485,0.08560245,0.076129824,0.06488625
-0.01147095,-0.007746079,-0.0039402638,0.001317,0.00028862245,0.005400654,0.004133325,0.0074670315,0.003907159,-0.0018223175,-0.0040361946,-0.008359577
0.23936762,0.2191715,0.21077092,0.19734654,0.1867928,0.18232341,0.17072089,0.16593067,0.15803401,0.16241355,0.16274157,0.17534281
-0.06265526,-0.047150493,-0.03770203,-0.02464799,-0.020592423,-0.01321109,-0.0027071685,0.010660474,0.00833799,0.021780003,0.021158064,0.025860893
0.45829558,0.44986817,0.4390923,0.43336958,0.44104186,0.4312423,0.41314292,0.38960925,0.36756724,0.34109142,0.29789475,0.2592106
-0.8556885,-0.8158214,-0.76828444,-0.73827195,-0.70102626,-0.67607677,-0.6080165,-0.56393844,-0.5143224,-0.47676197,-0.42806563,-0.41370186
-0.0046163457,-0.0005992679,-0.0018831687,0.0041696383,0.0026189405,0.0065759467,0.0063264407,0.00602221,0.0022939695,0.001755306,-0.00064622425,-0.0052240845
-0.39681643,-0.36865455,-0.34993413,-0.3354568,-0.32322183,-0.31328556,-0.30085218,-0.2988817,-0.29660997,-0.28702575,-0.2782713,-0.29055306
-0.2823113,-0.27132538,-0.26160178,-0.2565454,-0.24633157,-0.24280752,-0.22517478,-0.21074094,-0.19142736,-0.1790946,-0.16287939,-0.15242332
-0.041079234,-0.03138289,-0.020701073,-0.014976336,-0.006008151,-0.0058731255,-0.0007979868,0.006549683,0.017567527,0.018671617,0.01780006,0.020508919
-0.12850563,-0.12713407,-0.12756309,-0.12181274,-0.11842017,-0.119990915,-0.10957276,-0.108447924,-0.11089508,-0.10791051,-0.10241215,-0.10933157
-0.09490474,-0.09648893,-0.09748083,-0.10341406,-0.10362825,-0.108573794,-0.11048855,-0.12191719,-0.122385636,-0.12524147,-0.1288831,-0.13978693
-0.2110168,-0.211924,-0.21098624,-0.20945585,-0.20482093,-0.19809875,-0.18162544,-0.16783197,-0.1502233,-0.13660035,-0.11682865,-0.099635795
-0.09253966,-0.08380087,-0.07186984,-0.057289753,-0.05014069,-0.04331509,-0.032104082,-0.020442799,-0.013155121,-0.010216788,-8.992874e-05,0.008862813
-0.4488124,-0.4295795,-0.41724136,-0.4034048,-0.39622685,-0.38137856,-0.35328516,-0.33555102,-0.3131456,-0.29466808,-0.26931882,-0.2556157
0.25888127,0.23700033,0.21935527,0.20732854,0.1920624,0.18311836,0.16664478,0.165495,0.16088623,0.1488706,0.13728146,0.14225793
-0.09779479,-0.08757573,-0.076835155,-0.06875847,-0.060402043,-0.05462836,-0.047403798,-0.040159304,-0.036842417,-0.036014844,-0.03560927,-0.037802283
-0.004092101,0.01281723,0.018920416,0.032258667,0.041015424,0.046749927,0.042309098,0.039254375,0.024238288,0.01842448,0.008345978,-0.011532493
0.20506339,0.19064258,0.17968042,0.17025162,0.1602939,0.15313472,0.13875651,0.14129056,0.13731666,0.12958574,0.120802686,0.12869461
-0.13336657,-0.12148243,-0.11990367,-0.11973937,-0.12128793,-0.12733884,-0.13149104,-0.15247306,-0.15949997,-0.16607307,-0.17783526,-0.19896232
0.14865781,0.13853166,0.1167408,0.11043063,0.0939122,0.09802504,0.072657816,0.069744706,0.02837078,0.03718101,0.025690949,0.030977966
-0.27425912,-0.26362783,-0.25298136,-0.24530394,-0.24103248,-0.23071064,-0.20800774,-0.19286293,-0.17075211,-0.143614,-0.12077835,-0.107419536
-0.09760297,-0.104787305,-0.11086274,-0.12090586,-0.118834734,-0.121054396,-0.115504615,-0.115268,-0.11334124,-0.1043017,-0.08791048,-0.07757644
0.4456536,0.4382801,0.4225089,0.42060655,0.4004094,0.40601587,0.3794422,0.35710257,0.31078547,0.29935554,0.26540372,0.25600818
-0.009930966,-0.026862904,-0.035176624,-0.048759855,-0.054506242,-0.057506118,-0.05055648,-0.04389159,-0.02197938,-0.007873554,0.014706769,0.044841647
0.51560974,0.47913903,0.44916162,0.42443487,0.39468238,0.37229252,0.3287436,0.30623776,0.28666982,0.25288847,0.23230788,0.22628336
0.09081296,0.09068494,0.08615472,0.087299556,0.084286526,0.080165595,0.06983946,0.06246546,0.05361155,0.044451743,0.033522874,0.021703508
-0.25163206,-0.22867356,-0.21898231,-0.20065269,-0.18961579,-0.18469048,-0.17292961,-0.16850586,-0.15977208,-0.15426117,-0.15447332,-0.16273797
0.22287154,0.22944252,0.22823834,0.23836315,0.22807321,0.23770529,0.23569079,0.22932255,0.1973181,0.17671402,0.16571629,0.15711206
0.32284254,0.29035944,0.26437417,0.2394684,0.21742189,0.20709696,0.1920111,0.18826595,0.18892191,0.19010118,0.18610638,0.21216333
-0.41235623,-0.37743863,-0.35484532,-0.34000307,-0.3221192,-0.3296893,-0.3246382,-0.34054804,-0.34214932,-0.34404662,-0.3562116,-0.39483014
0.5170985,0.50030804,0.4797659,0.46310395,0.44151077,0.42935023,0.39351696,0.3746092,0.35382152,0.3398046,0.3168341,0.31754988
0.086374834,0.0928911,0.09772986,0.103285015,0.10398493,0.09848252,0.09568059,0.088217095,0.08563004,0.08028237,0.066229664,0.0536576
-0.0866662,-0.08513105,-0.08123816,-0.08181502,-0.07773527,-0.07475253,-0.06700322,-0.058267705,-0.04850936,-0.042398512,-0.03292701,-0.024461199
0.037586924,0.011110026,-0.0061561875,-0.030072596,-0.041344028,-0.052087,-0.060339615,-0.06858054,-0.064679354,-0.06253653,-0.050534856,-0.037759595
0.18398452,0.18589139,0.18114032,0.1822295,0.18080458,0.17973661,0.1622915,0.1484426,0.12906122,0.11899417,0.098259374,0.08211533
-0.027375871,-0.008801144,-0.004897788,0.0039642677,0.008412756,0.004363224,-0.0065261796,-0.022263102,-0.04177557,-0.052752826,-0.073618405,-0.10346121
-0.02034264,-0.014080489,-0.011137903,-0.008237583,-0.0043047033,-0.00898554,-0.008806096,-0.012397649,-0.013976637,-0.016623193,-0.023758212,-0.0308091
-0.77865666,-0.7338394,-0.6973807,-0.670287,-0.6269045,-0.6122845,-0.5643824,-0.5190411,-0.4690625,-0.4448574,-0.41190782,-0.3979986
0.21671924,0.20267858,0.19193876,0.1783308,0.16922086,0.16307744,0.1473777,0.13598314,0.1281955,0.12207085,0.11343086,0.11540347
0.07777528,0.07046473,0.070592694,0.06848971,0.069218054,0.07280926,0.07648862,0.081532,0.07858319,0.075474046,0.08185041,0.085942194
0.018805766,0.024930578,0.029999014,0.03724047,0.038666554,0.039404634,0.038836144,0.042059902,0.032777723,0.030663831,0.02527361,0.017561654
-0.08574183,-0.09560769,-0.10360338,-0.1134317,-0.12089124,-0.11659968,-0.11177212,-0.10473806,-0.09862492,-0.09191944,-0.07961643,-0.061453845
-0.072693154,-0.054719042,-0.044447176,-0.03247637,-0.019346224,-0.020137044,-0.018095069,-0.0136794,-0.011938739,-0.01032008,-0.015938394,-0.019061087
0.21234128,0.20712231,0.19847675,0.19594108,0.18729548,0.18573919,0.17437492,0.17061257,0.16422983,0.16100885,0.14902471,0.15176985
-0.07643163,-0.06698807,-0.069374256,-0.06557121,-0.06489977,-0.05937224,-0.061548777,-0.054884214,-0.05522021,-0.044434607,-0.037032433,-0.03259967
-0.30461735,-0.28609225,-0.26961285,-0.25904918,-0.25398374,-0.24664868,-0.22300613,-0.20706035,-0.17743623,-0.15604429,-0.12852587,-0.107916445
-0.106661536,-0.08511705,-0.075174674,-0.05986805,-0.048922986,-0.050665587,-0.046022438,-0.047939725,-0.045310598,-0.042857077,-0.048947897,-0.057082884
0.44329575,0.41549546,0.3944492,0.3750401,0.36022422,0.34890416,0.32589024,0.31004995,0.29851437,0.2867349,0.2775842,0.28638914
-1.3126848,-1.2448072,-1.1824766,-1.1312991,-1.0657468,-1.0205956,-0.9407494,-0.8684864,-0.7924834,-0.7498032,-0.68195283,-0.6653321
-0.09020354,-0.088444665,-0.087629706,-0.086822025,-0.08541535,-0.085732274,-0.08322969,-0.085282266,-0.08509463,-0.08440199,-0.08058402,-0.085488066
-0.038210664,-0.045277927,-0.0526441,-0.06051699,-0.06711951,-0.0737257,-0.07048288,-0.066442885,-0.054460898,-0.05045377,-0.041929696,-0.03475932
0.2563313,0.23500022,0.21718712,0.2024135,0.1867678,0.18266764,0.17116569,0.15492484,0.13320756,0.122999296,0.11650011,0.11601451
0.008913845,0.008623342,0.00906395,0.012449434,0.016695175,0.020221725,0.022880763,0.030053064,0.032278597,0.038004834,0.044721823,0.054511927
0.13903493,0.11545062,0.10376683,0.08655474,0.07975225,0.073503345,0.069174886,0.067300275,0.0698372,0.068373114,0.07702918,0.09153281
0.35865358,0.344856,0.33228737,0.3224587,0.31598353,0.30182815,0.2824656,0.27230802,0.2662988,0.25782877,0.23962897,0.24409348
-0.1083389,-0.099406764,-0.096750356,-0.091309816,-0.089491874,-0.087708786,-0.0865686,-0.08194867,-0.078944005,-0.08244264,-0.079564765,-0.08082946
0.30578265,0.2849623,0.27545592,0.25695553,0.24292456,0.22472878,0.2025657,0.17990443,0.1765278,0.16135529,0.15413657,0.15691146
0.18321039,0.21449697,0.22021455,0.24569386,0.24800095,0.25027758,0.23192334,0.21213248,0.17121786,0.1392822,0.092224985,0.041923188
-0.5199683,-0.46491912,-0.42840743,-0.39388624,-0.36951974,-0.35813877,-0.33660474,-0.33414856,-0.32390308,-0.32228702,-0.33162934,-0.36532414
-0.022198979,-0.01471141,-0.014329901,-0.01123392,-0.013195105,-0.010876462,-0.01531551,-0.021182256,-0.02491479,-0.026021905,-0.037033986,-0.043309495
-0.31096596,-0.30079123,-0.28939968,-0.28275758,-0.27213955,-0.26677138,-0.24676068,-0.22213976,-0.19473702,-0.18434344,-0.16051616,-0.14572003
0.05507061,0.039874837,0.031249944,0.01960193,0.011920862,0.01151026,0.011280943,0.011513632,0.012649503,0.01899542,0.030072954,0.04257319
0.070928566,0.07286453,0.074136846,0.072536536,0.068963364,0.069176905,0.06356238,0.07126266,0.07850237,0.07070947,0.06065317,0.06344685
0.18321995,0.16346158,0.15258303,0.13641796,0.12809448,0.12085999,0.10829751,0.09731659,0.09403946,0.09245382,0.08503112,0.08816783
0.74041706,0.70960706,0.67796886,0.6507028,0.6252652,0.6067195,0.5621824,0.52468055,0.48131832,0.44119173,0.40457416,0.3881973
0.21265805,0.20007706,0.19948623,0.18889338,0.18462665,0.18465358,0.17286368,0.16672443,0.16599625,0.16184206,0.1614615,0.1727123
0.3385004,0.31412646,0.2926532,0.27671942,0.25307623,0.24389115,0.2224436,0.21430416,0.20382297,0.195243,0.18120627,0.18592978
-0.7501916,-0.7246531,-0.7010979,-0.68613654,-0.66336644,-0.6463232,-0.59580016,-0.55614436,-0.50859964,-0.4632515,-0.41185445,-0.37656185
-0.3349403,-0.32349738,-0.307396,-0.3005234,-0.2884877,-0.27994356,-0.25265822,-0.2281971,-0.20057347,-0.1776136,-0.15000498,-0.12798317
-0.2941129,-0.27714592,-0.2613831,-0.25232184,-0.23928419,-0.23264547,-0.21299218,-0.19736534,-0.1757301,-0.1630044,-0.14616711,-0.13682622
0.24232821,0.21224205,0.18732001,0.17049807,0.14463174,0.14224087,0.1212125,0.103151746,0.07906092,0.05534125,0.047234602,0.042680115
0.18679577,0.2047973,0.20690328,0.21520329,0.21996075,0.20752841,0.18320715,0.15521243,0.1229184,0.09971897,0.061579958,0.0143917855
-0.16586837,-0.14883828,-0.13677177,-0.11858067,-0.10855674,-0.09947829,-0.08081649,-0.06313196,-0.04828663,-0.043422777,-0.045125443,-0.04365673
0.2193728,0.20590153,0.19319446,0.18356475,0.17756537,0.1710204,0.1524663,0.13787746,0.12446232,0.11151526,0.09613062,0.08945607
-0.2940581,-0.28807446,-0.27752745,-0.27283472,-0.25991625,-0.25843787,-0.23495561,-0.21518117,-0.19075702,-0.17492796,-0.15105435,-0.13520221
0.77687484,0.7131559,0.64212024,0.59601974,0.53977585,0.52580845,0.4309058,0.40415612,0.30351406,0.31092566,0.26965702,0.27254096
-0.35731065,-0.33978915,-0.3093054,-0.30574906,-0.2764294,-0.26709896,-0.24442542,-0.23004156,-0.20820512,-0.18753631,-0.1625197,-0.15398309
-0.004583775,-0.020076776,-0.028837368,-0.03953508,-0.045351088,-0.04852888,-0.047110945,-0.052013308,-0.046585225,-0.043232203,-0.035310283,-0.029340036
0.611462,0.57036644,0.5378881,0.51135904,0.47818393,0.46160096,0.4211349,0.3897881,0.36856306,0.3406596,0.3030259,0.29242665
0.23596069,0.21164995,0.19071847,0.17524554,0.15988594,0.14822127,0.13221711,0.124051444,0.11269289,0.10366254,0.09629991,0.09415096
0.18486676,0.16774121,0.15560842,0.14694385,0.13453011,0.13334253,0.124341175,0.12200351,0.11350927,0.11048374,0.11029385,0.11752121
-1.0989189,-1.0620077,-1.0214325,-1.0019802,-0.97589844,-0.95532435,-0.8843563,-0.84034294,-0.77193004,-0.7210138,-0.6539178,-0.6169741
0.0032918034,-0.006322611,-0.018245865,-0.028867478,-0.035991408,-0.044155765,-0.05207608,-0.05841634,-0.06247421,-0.0670051,-0.07103514,-0.07372499
0.15042542,0.1785408,0.18530321,0.20771134,0.21549106,0.20932657,0.19101648,0.16989553,0.13719216,0.12259233,0.082139336,0.035686105
-0.47994432,-0.47047687,-0.44583973,-0.43740302,-0.40868247,-0.4047041,-0.35941213,-0.31744838,-0.26998127,-0.2459402,-0.2075077,-0.17860009
-0.24688397,-0.24160713,-0.23747791,-0.23524258,-0.23187397,-0.22599593,-0.2146903,-0.20422924,-0.1881835,-0.1679609,-0.14982332,-0.13616353
-0.1819825,-0.16701831,-0.15920925,-0.14552702,-0.13938992,-0.13520724,-0.121935084,-0.11344398,-0.10561399,-0.09913864,-0.09453169,-0.09800119
0.71253395,0.67403275,0.6326948,0.6064084,0.57488817,0.5652365,0.5149513,0.49359524,0.455957,0.4395257,0.41112164,0.4248836
1.1108317,1.0672216,1.0336803,1.0185492,0.97260684,0.9587414,0.9000262,0.86846966,0.8114771,0.7670344,0.70771337,0.7145039
-0.05585651,-0.055809736,-0.054368038,-0.055206414,-0.05511145,-0.05593571,-0.053156886,-0.052792106,-0.04974679,-0.048591003,-0.04537166,-0.04517419
-0.22456744,-0.22615205,-0.23080774,-0.23481849,-0.24043591,-0.23942181,-0.23615994,-0.22372408,-0.21461198,-0.2010164,-0.18724379,-0.17130211
-0.21015865,-0.1846841,-0.16869086,-0.14606585,-0.12947623,-0.11485064,-0.09794907,-0.08591221,-0.08402698,-0.07345553,-0.064964026,-0.07106422
-0.3859275,-0.3761083,-0.36481097,-0.36074293,-0.35272032,-0.34855935,-0.32802862,-0.31517833,-0.28696132,-0.27172166,-0.24951558,-0.23707308
-0.015685527,-0.014981512,-0.013268992,-0.013480487,-0.012236328,-0.013932593,-0.011322429,-0.0043432536,0.0036252718,0.0048679756,0.007639126,0.012081364
-0.2674096,-0.25458288,-0.2448363,-0.23718439,-0.22742748,-0.22162299,-0.21095812,-0.20715491,-0.19914038,-0.18983535,-0.17925356,-0.1825299
-0.10407875,-0.089369565,-0.0843044,-0.072670504,-0.06836794,-0.06437737,-0.062031243,-0.058203485,-0.06295742,-0.06572531,-0.071835056,-0.08145266
-0.6382788,-0.5993917,-0.56519604,-0.5441001,-0.51761484,-0.50505805,-0.46806407,-0.4463348,-0.4214011,-0.3979538,-0.37243438,-0.36751458
0.31433257,0.2789511,0.25315857,0.22359575,0.20191054,0.19000928,0.16532813,0.14417367,0.1260288,0.120013416,0.115785174,0.11810508
0.4778823,0.44772717,0.43384737,0.4143667,0.38758466,0.3821221,0.3454506,0.33447075,0.30303442,0.29733923,0.28048915,0.29992077
-0.59849536,-0.56319916,-0.5371363,-0.5161257,-0.49665257,-0.47942686,-0.44271612,-0.4222456,-0.38582122,-0.35841346,-0.3361495,-0.33070225
-0.2763911,-0.25887915,-0.24587333,-0.23676808,-0.22596975,-0.22237414,-0.20906702,-0.19814385,-0.17832798,-0.16874444,-0.1596426,-0.15454997
-0.10749226,-0.10304946,-0.09776136,-0.09048408,-0.079739764,-0.0680786,-0.054661825,-0.04618872,-0.0442498,-0.034670606,-0.020001784,-0.01552682
-0.037514575,-0.027077232,-0.025901575,-0.018287128,-0.012107266,-0.001256074,0.0034110672,0.022193462,0.027321301,0.038363814,0.041369043,0.057203695
-0.063177004,-0.04229254,-0.033995308,-0.018085841,-0.010155283,-0.009031065,-0.012308955,-0.018181361,-0.03190096,-0.037434623,-0.056239262,-0.081224926
-1.0987217,-1.0551751,-1.0147088,-0.98921627,-0.9574827,-0.9353142,-0.86486304,-0.8137162,-0.7458713,-0.69418764,-0.62948495,-0.5942239
-0.13895182,-0.13634169,-0.124715164,-0.12075147,-0.10753133,-0.101925336,-0.07852583,-0.04938647,-0.020354796,0.00023857132,0.026192352,0.05958466
0.045151748,0.03517521,0.032455582,0.026802113,0.02538495,0.024072498,0.025449067,0.032729372,0.037101932,0.037416466,0.043828014,0.055003583
-0.03196366,-0.03983509,-0.041034978,-0.045119934,-0.04479539,-0.043169204,-0.036793686,-0.029374149,-0.01912238,-0.013058783,-0.00030404842,0.01366323
-0.30690086,-0.28537792,-0.2659172,-0.24882932,-0.22965229,-0.21897124,-0.19510226,-0.17773151,-0.16407007,-0.1518515,-0.13476236,-0.13159327
0.011197842,0.0026336778,0.003481606,0.0034592692,0.00091795065,0.011865053,0.018334612,0.018460227,0.02776714,0.029883124,0.033804778,0.042751007
-0.55984133,-0.53110385,-0.50307643,-0.48192587,-0.45828158,-0.44080403,-0.39934117,-0.36654395,-0.32929137,-0.30330247,-0.27445507,-0.25703537
-0.035078183,-0.03852168,-0.035051167,-0.035278082,-0.0314278,-0.024408387,-0.013481982,-0.00658118,0.0013254005,0.010395421,0.024407111,0.03689803
-0.32777658,-0.31081805,-0.29941815,-0.29002708,-0.27924737,-0.27497423,-0.26086143,-0.25010678,-0.22959766,-0.22268517,-0.2157748,-0.21741147
-0.13101098,-0.12875709,-0.12734698,-0.12810439,-0.12937248,-0.12188188,-0.118173786,-0.11631696,-0.117789455,-0.11297536,-0.108307175,-0.10268594
0.043504782,0.04992277,0.04991602,0.050691757,0.051274344,0.04513383,0.039436713,0.034171816,0.029364191,0.025558949,0.019280363,0.011143195
-0.28758925,-0.2785335,-0.27023453,-0.2579115,-0.24712776,-0.23558325,-0.21385026,-0.19508807,-0.17944577,-0.16163193,-0.13915072,-0.1278716
-0.39901218,-0.36328188,-0.34337878,-0.32247296,-0.3069139,-0.29465866,-0.27246916,-0.26170105,-0.24458177,-0.2266763,-0.22094688,-0.21815376
-0.00022473931,-0.0021744752,-0.0059860772,-0.0059027816,-0.008906692,-0.010310369,-0.012307577,-0.011634487,-0.014787759,-0.015140824,-0.014651677,-0.015056293
0.7021575,0.6378016,0.587416,0.5326559,0.49276313,0.4710199,0.41290808,0.36952403,0.32415056,0.3088274,0.28693,0.28716698
-0.24152589,-0.21804574,-0.20461021,-0.18686569,-0.17374848,-0.16189544,-0.14634424,-0.13689733,-0.12595472,-0.11439265,-0.10288005,-0.10534317
0.15813495,0.15081795,0.14906804,0.14060357,0.1385852,0.12762381,0.116770566,0.10043445,0.09752928,0.08642815,0.073156305,0.06599998
-0.0108209895,-0.000711062,0.0058879107,0.016612353,0.01926557,0.030138807,0.033700824,0.041523866,0.03627763,0.04198466,0.03860343,0.043261237
0.5205652,0.4920993,0.4719695,0.45136192,0.4330253,0.41014656,0.3829224,0.36644554,0.3596891,0.34922042,0.3360207,0.33193943
0.33850956,0.3212277,0.3118795,0.30283615,0.2909211,0.29086998,0.27433378,0.26825315,0.25437286,0.24505468,0.24465042,0.24646573
-0.32025504,-0.30329794,-0.2946821,-0.28916126,-0.28101212,-0.27769175,-0.2675331,-0.26608628,-0.2599138,-0.256912,-0.24841078,-0.25456053
0.8110263,0.76716435,0.71852994,0.6892702,0.6492063,0.6301201,0.58312404,0.5361337,0.47312984,0.43921563,0.40120384,0.3725956
-0.07902857,-0.08106866,-0.081737764,-0.07865903,-0.07635106,-0.07213302,-0.061561972,-0.047178015,-0.031693596,-0.02144432,-0.009471265,0.009198521
-0.23336454,-0.24890827,-0.24574155,-0.26497546,-0.2688899,-0.25742382,-0.23884024,-0.23349427,-0.21857843,-0.21225666,-0.18313965,-0.16807485
-0.057784814,-0.044965584,-0.038102455,-0.02701426,-0.015726838,-0.0136823505,-0.011506859,-0.012259651,-0.018314267,-0.019577902,-0.030774105,-0.048019975
0.13371962,0.14289337,0.14651948,0.15358277,0.15973447,0.1588273,0.14852075,0.14155579,0.13084278,0.119608626,0.100407496,0.07733487
0.36758047,0.36171752,0.34414896,0.34158015,0.32177085,0.3211602,0.29386646,0.28622288,0.2576102,0.2468135,0.2228781,0.22183587
0.022812314,-0.01850617,-0.024562322,-0.05120915,-0.052901857,-0.06632448,-0.051534418,-0.033013612,-0.002505526,0.0058336407,0.036189318,0.070808634
-0.6998838,-0.6794595,-0.6555264,-0.6321905,-0.60784006,-0.5862346,-0.53427196,-0.49048388,-0.43752345,-0.4022522,-0.35291007,-0.32632226
-0.26532626,-0.24627407,-0.23353252,-0.21804637,-0.20658702,-0.19487256,-0.17328806,-0.1571252,-0.14652458,-0.12997079,-0.12024131,-0.11220109
-0.116978355,-0.11381796,-0.12115725,-0.119651064,-0.11875262,-0.1149386,-0.11781049,-0.112464696,-0.13202316,-0.1209239,-0.11620511,-0.1197552
-0.6866306,-0.6473656,-0.6105467,-0.5863474,-0.56219727,-0.55054194,-0.50496626,-0.48082095,-0.44208488,-0.41564324,-0.39017785,-0.38523403
-0.7099125,-0.681084,-0.6337563,-0.61627984,-0.5843705,-0.5735124,-0.5163015,-0.4615744,-0.39536387,-0.37457788,-0.3347909,-0.30509323
0.08636421,0.095095314,0.10052658,0.10647529,0.11019729,0.1099972,0.10137555,0.09398896,0.08234348,0.07099269,0.054948863,0.03803803
-0.48555467,-0.44803667,-0.42058715,-0.39403558,-0.37451807,-0.3608358,-0.33691436,-0.32624036,-0.31660804,-0.3128337,-0.31509042,-0.33456478
0.29338092,0.29950187,0.29659578,0.2999191,0.29879913,0.29417372,0.27145544,0.25152045,0.22369052,0.20286056,0.17048241,0.14390007
-0.21514104,-0.20006159,-0.185057,-0.17250071,-0.15828969,-0.15231858,-0.13946871,-0.1321077,-0.1254448,-0.12096356,-0.11100644,-0.1204948
-0.18336661,-0.19385418,-0.19849919,-0.20806938,-0.20916837,-0.2095798,-0.19845319,-0.18671583,-0.16238816,-0.14492276,-0.122376494,-0.094873525
-0.12529935,-0.12210304,-0.11848817,-0.11788542,-0.11493928,-0.11181457,-0.104244106,-0.10079008,-0.090636365,-0.08386575,-0.07328172,-0.066559374
-0.1648327,-0.14096734,-0.12316435,-0.101390585,-0.08136062,-0.071649045,-0.05915758,-0.05111239,-0.049445137,-0.050394177,-0.053210355,-0.07150163
0.01589807,0.020969965,0.01879314,0.024202965,0.023644064,0.022921951,0.02096467,0.021631628,0.015546481,0.01920097,0.011723742,0.007762445
0.08880486,0.10972599,0.11254491,0.12526044,0.12840976,0.12069693,0.11281697,0.10756613,0.10017954,0.087172404,0.06300859,0.042627532
-0.018965287,-0.036540285,-0.04606386,-0.059315786,-0.06529185,-0.063642755,-0.06380771,-0.06538783,-0.064879104,-0.05940539,-0.04444542,-0.035398133
0.16283897,0.12961756,0.1120528,0.088152274,0.07610126,0.07475238,0.071544595,0.071107276,0.07476627,0.082463585,0.097509526,0.122867264
0.23158054,0.22648501,0.21031235,0.2058631,0.1931562,0.19056113,0.16989398,0.15445346,0.13535202,0.13324493,0.110168986,0.10266101
-0.090590015,-0.079952106,-0.07448159,-0.064866096,-0.062406518,-0.053862184,-0.0500044,-0.050714336,-0.05871989,-0.05800423,-0.06210207,-0.0708009
-0.21376634,-0.203333,-0.19197021,-0.17472629,-0.1669626,-0.14466861,-0.12005308,-0.103113994,-0.08863871,-0.06432583,-0.04551936,-0.029330008
-0.07189252,-0.080352604,-0.085482836,-0.089350834,-0.093657956,-0.08715235,-0.07604752,-0.064419724,-0.053472083,-0.03970306,-0.021201553,-0.0022100853
0.53555477,0.51472056,0.48211667,0.46565703,0.43877745,0.42309475,0.37371126,0.3338991,0.27862322,0.25007007,0.20834045,0.1795868
0.22114854,0.21254422,0.19710557,0.19018762,0.17902696,0.17195249,0.15255666,0.14039539,0.12129577,0.112367705,0.09156525,0.08130553
-0.43926752,-0.41793618,-0.40185085,-0.38969105,-0.3805275,-0.37037343,-0.3513568,-0.336071,-0.32146034,-0.30850044,-0.29175183,-0.28790027
0.31611684,0.304082,0.29335794,0.28785202,0.28008205,0.27361283,0.25186086,0.23347978,0.2104437,0.19532134,0.17003809,0.15286644
-0.065901145,-0.065842874,-0.06228973,-0.064231016,-0.06274641,-0.058096875,-0.05059127,-0.046303786,-0.040593386,-0.032166302,-0.020927368,-0.01063896
0.08807926,0.075252056,0.073264495,0.060567606,0.05386154,0.04991388,0.050010506,0.050664768,0.06274496,0.06463037,0.07189563,0.09008978
0.11100689,0.12770948,0.12944317,0.14350656,0.15182006,0.15333524,0.14297104,0.1340316,0.11555852,0.10725198,0.08319926,0.06163372
0.0442513,0.034002356,0.027125372,0.018196438,0.010849878,0.003723355,-0.0042477027,-0.01250787,-0.01482662,-0.02239934,-0.023104843,-0.025856184
0.4536941,0.42206842,0.41383433,0.4032235,0.39965576,0.4141007,0.40704665,0.3949044,0.36931527,0.3684676,0.3687387,0.38644242
0.20559844,0.19968545,0.19657438,0.19111148,0.18698546,0.17648782,0.16754358,0.15069292,0.14257233,0.1370984,0.12770051,0.12261156
0.34400123,0.34395185,0.33889824,0.34049052,0.34046668,0.3386285,0.31925184,0.30247298,0.27777243,0.2630073,0.23524782,0.21473512
0.0111498805,0.022530783,0.02578045,0.03411033,0.03767661,0.03694254,0.032996707,0.022828914,0.0060078856,-0.0032983702,-0.012191244,-0.032244224
-0.13130763,-0.13057072,-0.12915345,-0.12768328,-0.1283145,-0.12499413,-0.11297589,-0.10488474,-0.09459167,-0.08649447,-0.07557483,-0.06817351
-0.30379844,-0.30505508,-0.29576272,-0.29786602,-0.28439146,-0.28525156,-0.26307115,-0.24140193,-0.21529123,-0.20549068,-0.17975421,-0.16358614
0.37181467,0.33604607,0.3125695,0.28257176,0.2640043,0.24633467,0.20898202,0.18857896,0.16772893,0.14481233,0.1366326,0.123810016
-0.09299169,-0.08800497,-0.08760637,-0.08456875,-0.08372092,-0.08315931,-0.079156466,-0.07967007,-0.07812426,-0.073847175,-0.07477687,-0.07839903
-0.43473402,-0.3949873,-0.3739774,-0.34944278,-0.33909926,-0.32687122,-0.2996457,-0.2816994,-0.24991474,-0.224914,-0.20407519,-0.18590394
-0.11168332,-0.099439695,-0.08657445,-0.074441284,-0.054882467,-0.04690048,-0.034193084,-0.011534279,0.008397513,0.016081233,0.026543284,0.033943526
0.14410499,0.1540704,0.14254297,0.1388973,0.12891194,0.11593635,0.087856896,0.060769945,0.033065543,0.024268394,-0.009026528,-0.033873886
-0.01067259,-0.0064834524,-0.0048908656,0.0017345333,0.001420252,-0.0012285803,-0.0014449526,-0.0016546063,-0.006609509,-0.01047184,-0.011021179,-0.019124422
-0.09393129,-0.071016975,-0.05703789,-0.040344328,-0.027952265,-0.023703672,-0.01635617,-0.011969317,-0.013900332,-0.013576534,-0.021346897,-0.03498824
0.10298176,0.09362884,0.08680035,0.081364654,0.078274146,0.07418944,0.07117544,0.07014899,0.075641945,0.08184773,0.08708092,0.096479684
0.11494573,0.10040952,0.09423157,0.0799688,0.075964086,0.06160825,0.05046632,0.034232117,0.028152883,0.015865613,0.009103136,0.002199323
-0.4238688,-0.38449225,-0.36355045,-0.33865783,-0.3139261,-0.3023899,-0.28693256,-0.28015393,-0.26443726,-0.2577611,-0.25428382,-0.26700732
-0.61258936,-0.5868859,-0.55681086,-0.53532207,-0.5010246,-0.49162304,-0.44701117,-0.40606183,-0.36680204,-0.33894372,-0.30240044,-0.2853936
-0.017942678,-0.036288857,-0.047189385,-0.061087575,-0.06773598,-0.068958044,-0.06442254,-0.06351268,-0.05158187,-0.04524536,-0.029882079,-0.016585525
0.00828436,0.016819712,0.020661686,0.020990077,0.028563762,0.027738187,0.020160398,0.015322237,0.009385975,0.0056076623,-0.0055322777,-0.019527063
0.09367415,0.0727197,0.059449226,0.04014912,0.02775142,0.023988053,0.019362032,0.015379474,0.020041892,0.02196408,0.03146781,0.04791765
-0.037547197,-0.02579317,-0.0171404,-0.0061726905,0.0008616261,0.0046878997,0.008477753,0.007526517,0.0005789101,0.0030501243,-0.0034631668,-0.015158895
0.22515737,0.22742397,0.22456983,0.2246317,0.21899147,0.21788737,0.19969253,0.18697847,0.15998441,0.14894715,0.12897451,0.111490235
0.15480207,0.14030498,0.12591642,0.11738628,0.10732658,0.112657405,0.11131213,0.1156947,0.117252454,0.13063557,0.13458279,0.15709315
-1.7327752,-1.6544149,-1.5704805,-1.5208607,-1.4884458,-1.4290371,-1.3252854,-1.2664621,-1.165189,-1.101166,-1.0329309,-0.99990237
0.25391874,0.2518738,0.25570008,0.26641175,0.27098396,0.2696373,0.2642294,0.25613597,0.24385644,0.2340483,0.21740338,0.20288177
0.13202511,0.11634558,0.10057636,0.08680429,0.06992432,0.05682556,0.041114382,0.028003447,0.025876878,0.017408691,0.0117712375,0.010991307
-0.30670273,-0.31835002,-0.31429082,-0.31855655,-0.32851374,-0.3194086,-0.2927598,-0.26771426,-0.23665184,-0.2240918,-0.18080415,-0.14867465
-0.36625728,-0.33885732,-0.32040328,-0.3037078,-0.28738546,-0.27722573,-0.26052463,-0.24844849,-0.23900372,-0.2309863,-0.2239337,-0.22900149
0.28367177,0.274376,0.26236334,0.25891212,0.25089484,0.25006518,0.22990526,0.21796381,0.19587097,0.18411042,0.16718888,0.15802157
0.062937774,0.042197432,0.02912255,0.009045742,0.00080773793,-0.011037212,-0.022381358,-0.032097634,-0.03117965,-0.039442316,-0.04041376,-0.037851825
0.5307339,0.50880367,0.4899686,0.4839785,0.4652083,0.46419922,0.4413904,0.4319557,0.41832852,0.40463114,0.3784375,0.38278747
-0.42072022,-0.41163662,-0.40897995,-0.39929307,-0.38921887,-0.38097477,-0.35401446,-0.3232836,-0.27977997,-0.26023307,-0.23119378,-0.20535935
0.1300434,0.11493165,0.10846175,0.1024878,0.092425495,0.094729595,0.0955379,0.09611919,0.095538735,0.09680433,0.10131401,0.111555114
-0.2199289,-0.22217143,-0.2152305,-0.21285576,-0.20767257,-0.1987396,-0.17704898,-0.15742877,-0.13476178,-0.12041305,-0.096483245,-0.075185046
0.60225797,0.58713615,0.5669418,0.55723006,0.52836597,0.5229293,0.48911297,0.46739566,0.4472636,0.42435998,0.38958707,0.3887517
0.62366164,0.60137814,0.5883532,0.57154167,0.5601916,0.5478239,0.5113886,0.48662823,0.44761533,0.42032653,0.38591307,0.3690631
0.19912106,0.20582762,0.20251022,0.20775878,0.20760973,0.2030871,0.18994983,0.1787625,0.15695003,0.1484814,0.12856,0.1097941
-0.32369044,-0.30928084,-0.30436653,-0.2946304,-0.2888765,-0.2871582,-0.27322865,-0.2668214,-0.26040828,-0.26190236,-0.25394315,-0.259588
0.38113862,0.36421713,0.34709764,0.33982906,0.3236652,0.31981915,0.2970746,0.2806236,0.2573711,0.23651922,0.21759273,0.21248257
0.24941619,0.23882516,0.2298248,0.22202668,0.21476251,0.20973174,0.19753233,0.19604868,0.1877826,0.18941955,0.18769588,0.20147654
0.32558694,0.32575172,0.32508993,0.3261446,0.32467318,0.3202339,0.30299598,0.28728414,0.26845884,0.25353387,0.23113814,0.21282053
-0.00021112151,0.0049682744,0.0013686158,0.0057114996,-0.0010747537,0.00044747815,-0.0043451674,-0.009490896,-0.022639327,-0.029723378,-0.04005575,-0.05280529
-0.3683454,-0.3477195,-0.33121616,-0.31519294,-0.29951677,-0.2942374,-0.27215177,-0.24549972,-0.218909,-0.21123685,-0.19165793,-0.18577889
0.1544491,0.1282854,0.11395267,0.10131593,0.08949827,0.0864839,0.08244991,0.08059956,0.07966062,0.078298435,0.0823573,0.09460862
0.09858178,0.09237912,0.086855866,0.074773915,0.07177405,0.06550129,0.058953933,0.062431864,0.07464133,0.08682862,0.0939736,0.11382471
-0.01783549,-0.008126973,-0.0035534268,0.005072033,0.010958691,0.011375433,0.0117953895,0.009345093,0.005431298,0.001873618,-0.00514686,-0.015512667
0.072841115,0.07082828,0.069488674,0.068109944,0.0653823,0.06083026,0.05585517,0.047442563,0.04471213,0.036029413,0.026418673,0.018794373
0.06827861,0.057639383,0.05692304,0.06037548,0.060103383,0.06887636,0.07694204,0.087243974,0.086655915,0.091120034,0.10415274,0.11227296
-0.08355978,-0.08179872,-0.071583174,-0.0708966,-0.06100277,-0.06306252,-0.046034448,-0.018957397,0.0027600573,0.005327503,0.014126677,0.024173599
-0.054903887,-0.041723527,-0.034337245,-0.02772054,-0.020987406,-0.023098458,-0.022812027,-0.026495991,-0.03164129,-0.0373032,-0.04559136,-0.061365105
0.6354208,0.6254773,0.6136152,0.61468494,0.6089584,0.58597064,0.5483259,0.5187353,0.47624865,0.44524685,0.41209358,0.38382506
0.438699,0.4169635,0.40299037,0.3876188,0.3771602,0.37062132,0.3400065,0.316297,0.28818792,0.26273882,0.24106246,0.22520223
0.14832965,0.12560838,0.10953052,0.09291874,0.07870554,0.07634466,0.07094407,0.06626904,0.07813432,0.084756374,0.08549146,0.106795505
0.1057118,0.11319188,0.120469205,0.13340409,0.13502514,0.1338167,0.13443345,0.12566951,0.12188121,0.122373514,0.11409271,0.10756932
0.42569318,0.39677727,0.3829484,0.36317572,0.35073805,0.3414934,0.3239468,0.31499135,0.30833045,0.3009795,0.29999208,0.31347346
0.11388513,0.13964081,0.14926432,0.17137626,0.17937714,0.17799053,0.16502991,0.1488183,0.11851173,0.10253134,0.07141599,0.027421232
-0.20261899,-0.20631832,-0.19965762,-0.20609371,-0.20157948,-0.1975127,-0.18232627,-0.17787594,-0.15999004,-0.14947113,-0.13099496,-0.120182626
-0.15724893,-0.12837626,-0.11139847,-0.08904302,-0.077709146,-0.06271238,-0.054822475,-0.04230181,-0.04468198,-0.041148312,-0.03756927,-0.043325376
-0.30592257,-0.29852223,-0.29431552,-0.30175206,-0.2953234,-0.30431253,-0.3013196,-0.30446264,-0.28680527,-0.2842555,-0.2740217,-0.28412488
0.28505892,0.27261052,0.25849906,0.24688847,0.24077544,0.22572339,0.20118725,0.18230318,0.16510922,0.15154728,0.13039742,0.11621033
0.14246552,0.12241752,0.10802529,0.09354997,0.08057105,0.077837974,0.073062345,0.074535884,0.07391921,0.075265735,0.08017552,0.09629052
-0.0042149676,0.023887962,0.043356545,0.07340735,0.091370456,0.098243184,0.10191859,0.1172799,0.11819043,0.112219654,0.11051756,0.11729224
-0.27645317,-0.24028945,-0.21213044,-0.17154898,-0.14966923,-0.12818933,-0.10803644,-0.09603436,-0.11276348,-0.10912525,-0.113233425,-0.14502098
-0.05756619,-0.053143892,-0.04272852,-0.038849954,-0.028769147,-0.026084423,-0.0152536845,-0.013941245,-0.008752282,-0.009114113,-0.0061321016,-0.004984377
0.0688184,0.0539814,0.05334085,0.03843543,0.0340659,0.025403488,0.020710975,0.006254304,0.013773121,0.010999503,0.024590772,0.027577057
-0.14776097,-0.13418816,-0.1323249,-0.12599182,-0.11740541,-0.109574564,-0.10250749,-0.08690293,-0.06960079,-0.053865694,-0.037082616,-0.015921643
-0.19032429,-0.16258821,-0.14864925,-0.12529634,-0.10913568,-0.104537226,-0.09560512,-0.086030036,-0.08989863,-0.08901728,-0.09249899,-0.10922091
0.29071063,0.25374776,0.22709782,0.1955193,0.17520073,0.15656635,0.13298532,0.11381388,0.10595131,0.097508684,0.091348425,0.09404129
-0.0428836,-0.03682156,-0.030598085,-0.025344525,-0.020452887,-0.02083157,-0.01970771,-0.012014505,-0.010562617,-0.014831832,-0.020395909,-0.022827975
0.20117626,0.21396814,0.21906042,0.23277837,0.23597598,0.23498644,0.2213152,0.2040383,0.17862038,0.15934265,0.1262303,0.093485214
0.09148299,0.06607142,0.051627364,0.030555338,0.017328098,0.014746286,0.010897111,0.011215866,0.017283838,0.0233651,0.037555993,0.062388547
0.25393388,0.2469312,0.23783343,0.23230998,0.22517008,0.2221095,0.20364773,0.1822913,0.14459929,0.12812293,0.10845945,0.08499291
0.2125675,0.19922493,0.18593219,0.17687024,0.16581711,0.15693143,0.14009884,0.12893094,0.11770709,0.10350625,0.09489244,0.08679344
0.13776597,0.13104308,0.1253829,0.1227314,0.116416596,0.11905765,0.11073328,0.10805093,0.09555374,0.09072213,0.082541555,0.079975635
0.20967302,0.20515756,0.19997153,0.197673,0.19524945,0.1887111,0.17504376,0.16180767,0.14520676,0.13732305,0.12002392,0.106474236
0.15952164,0.15099798,0.13954575,0.13188408,0.12179114,0.11939815,0.1061366,0.09120663,0.07692455,0.07412736,0.06624347,0.061876357
0.24845685,0.24077034,0.23805353,0.23272133,0.2329219,0.23682496,0.22213717,0.20639196,0.18775432,0.1769598,0.16091591,0.15194246
0.066133395,0.05404953,0.0499171,0.043546386,0.039992888,0.04366436,0.046040863,0.049694806,0.055790596,0.05558519,0.061563224,0.069140166
0.3727792,0.35651803,0.33506477,0.31849635,0.29703617,0.27970335,0.2432409,0.21876913,0.19822155,0.17468621,0.14524513,0.12838946
0.68859506,0.66611665,0.6248323,0.6006681,0.56597847,0.53513134,0.47593585,0.43771553,0.3985201,0.373473,0.33520254,0.31509367
0.065375626,0.0672565,0.069500394,0.075952105,0.074899994,0.07573491,0.079019286,0.08222303,0.081093416,0.08183621,0.08152278,0.08321908
-0.043886688,-0.06122163,-0.06275642,-0.071381636,-0.07598443,-0.06931417,-0.063896306,-0.05703623,-0.058407955,-0.0604563,-0.047286507,-0.046152107
-0.8290427,-0.7925022,-0.76346326,-0.7450507,-0.7186041,-0.7052523,-0.6552415,-0.62518173,-0.57896495,-0.5467969,-0.50199544,-0.4860926
-0.26703566,-0.25475785,-0.24161379,-0.23635714,-0.23069808,-0.22712347,-0.21398444,-0.21698202,-0.21028076,-0.20065291,-0.19391346,-0.20079267
0.1729055,0.15617079,0.1464548,0.13470043,0.123721525,0.121669576,0.113984525,0.11034219,0.10855177,0.103527404,0.10272265,0.11037263
-0.045165464,-0.059641667,-0.06986659,-0.08245334,-0.088621736,-0.09272963,-0.09250874,-0.09139262,-0.08120188,-0.07937248,-0.06755534,-0.05437447
-0.303684,-0.28783837,-0.26653498,-0.2579867,-0.22864336,-0.21513689,-0.19156738,-0.17220071,-0.1381079,-0.12522666,-0.109702215,-0.10061159
-0.019471953,-0.035156585,-0.040878013,-0.054498218,-0.057535253,-0.06585041,-0.06696006,-0.07115449,-0.059901375,-0.058770675,-0.04847253,-0.040717974
-0.056269728,-0.05897207,-0.05242324,-0.04837551,-0.04442736,-0.045440577,-0.03591362,-0.032931343,-0.029684426,-0.026709074,-0.022259923,-0.027252492
-0.61636204,-0.58058244,-0.5568834,-0.52960676,-0.50644505,-0.4919288,-0.44983557,-0.41469574,-0.37667653,-0.34872127,-0.31874,-0.30530855
0.023752008,0.0269847,0.029979177,0.030682564,0.038186707,0.028510686,0.02253915,0.01579304,0.011540749,0.00030931784,-0.011887868,-0.027807862
-0.039780103,-0.043705612,-0.0455178,-0.05126491,-0.053581256,-0.056446847,-0.056267895,-0.055345617,-0.05365104,-0.054724615,-0.0504178,-0.046402782
-0.11330133,-0.10650416,-0.09987327,-0.09818087,-0.09123554,-0.088822946,-0.081533335,-0.07961938,-0.078945,-0.07268384,-0.06550276,-0.07121304
0.02779865,0.020943217,0.018609077,0.012325974,0.012675468,0.007226358,0.0031266124,-0.0043673697,-0.005283438,-0.009829924,-0.010941196,-0.01475681
0.14240715,0.13036962,0.12343962,0.11854294,0.11598617,0.117358014,0.11225753,0.11399913,0.11346525,0.112045154,0.11419494,0.1229914
-0.04377769,-0.06944127,-0.07524386,-0.09885493,-0.1102589,-0.09741582,-0.0878031,-0.07945254,-0.053250402,-0.0455999,-0.012198755,0.017762545
0.3454458,0.30009037,0.26237375,0.23432589,0.23727041,0.20443949,0.17902045,0.16114949,0.15077561,0.11955877,0.10999417,0.095385626
0.13891907,0.1334734,0.13282025,0.12842032,0.12405762,0.12332736,0.11559698,0.1122144,0.104574926,0.09951146,0.095343225,0.09657994
0.63678896,0.6112062,0.594155,0.5831039,0.56410867,0.5591145,0.53219247,0.5239908,0.49629855,0.47410628,0.47515014,0.48199493
0.19648132,0.18622112,0.17492564,0.16647436,0.15560795,0.1496249,0.14111784,0.13509026,0.13437289,0.12897556,0.11813103,0.12082882
0.268053,0.23693007,0.21600978,0.198182,0.17805736,0.17673948,0.16166416,0.15893924,0.15146676,0.15058988,0.15077089,0.16829747
-3.495368,-3.2953403,-3.1423998,-3.0134208,-2.911308,-2.8292835,-2.6185305,-2.5186012,-2.3849466,-2.2486165,-2.114156,-2.1065443
0.23016742,0.22662915,0.23087363,0.23863575,0.23338851,0.23024198,0.22236174,0.22062935,0.21967568,0.21126051,0.20920423,0.21735089
-0.09551622,-0.09363459,-0.09250814,-0.088223726,-0.07969691,-0.078460276,-0.06986557,-0.061077103,-0.04825052,-0.036508672,-0.024704833,-0.016138703
-0.22911254,-0.2145862,-0.20481403,-0.1909251,-0.18173693,-0.1718657,-0.15678036,-0.14876652,-0.14999151,-0.13686557,-0.12562166,-0.13062993
-0.06410428,-0.064162,-0.06436384,-0.06421001,-0.061033376,-0.06340957,-0.058601808,-0.052843366,-0.0395829,-0.035934445,-0.028147858,-0.021505706
-0.082815185,-0.078938,-0.07740037,-0.073533714,-0.072159894,-0.063751645,-0.058364555,-0.05387184,-0.055316944,-0.052252684,-0.048436776,-0.052208163
-0.09957622,-0.10138936,-0.10218977,-0.10023482,-0.10130702,-0.094449446,-0.08108628,-0.06906406,-0.053632587,-0.042673655,-0.030317418,-0.017502509
-0.17134532,-0.15275113,-0.13817663,-0.12527585,-0.11790556,-0.11786596,-0.10730605,-0.10416101,-0.10450758,-0.10449988,-0.10975893,-0.12300555
0.033917304,0.040591046,0.048035417,0.05117752,0.06272848,0.05670062,0.051293485,0.04391334,0.048706505,0.042353515,0.039054684,0.027021427
0.13640799,0.13563372,0.13385512,0.13163519,0.13362229,0.12985131,0.119055636,0.1073632,0.09319098,0.08219438,0.06907546,0.05188237
-0.5691183,-0.5299006,-0.4897712,-0.46050975,-0.43064836,-0.41428903,-0.37615627,-0.34004897,-0.3007591,-0.28809702,-0.26145718,-0.257177
0.007990315,0.02960336,0.05386613,0.07584071,0.10166381,0.1108282,0.121078655,0.11883844,0.08936286,0.07969324,0.060888156,0.029292688
-0.21306214,-0.20031956,-0.19611236,-0.18348305,-0.17490715,-0.16839582,-0.15448594,-0.13840675,-0.12997876,-0.12011632,-0.11155814,-0.10707505
0.022497796,0.053623635,0.06136322,0.081083804,0.06654394,0.08807433,0.08789754,0.09618408,0.0804976,0.08540248,0.06324256,0.07110136
-0.47844568,-0.44758424,-0.42006877,-0.40071714,-0.37819713,-0.37010315,-0.3384174,-0.32430765,-0.30342373,-0.2868462,-0.26904854,-0.2702344
-0.48711976,-0.47269934,-0.454706,-0.44130597,-0.42581242,-0.41145313,-0.37872794,-0.35419953,-0.32404432,-0.3002995,-0.2686957,-0.25199205
-0.057271317,-0.059730075,-0.063805744,-0.061209187,-0.06517182,-0.05477329,-0.045229547,-0.030453067,-0.017289504,-0.0006627068,0.011619028,0.031811193
0.06711181,0.08406995,0.091629,0.10320716,0.1090968,0.10587011,0.09510008,0.08597067,0.069389045,0.05173755,0.026419401,-0.0029192083
0.21296442,0.20395388,0.19427672,0.19117554,0.18146081,0.18129481,0.16850045,0.16471604,0.15066071,0.14258038,0.12849183,0.12463979
-0.029547257,-0.018518455,-0.0046931203,0.001902625,0.009679577,0.012829821,0.018847313,0.022629783,0.02939845,0.030183217,0.025983123,0.024771651
-0.047832415,-0.054495875,-0.057286367,-0.064874284,-0.068352744,-0.06980587,-0.07307656,-0.0746917,-0.075710125,-0.07659167,-0.075960144,-0.075680435
-0.112945646,-0.121863455,-0.12473428,-0.13095027,-0.12937635,-0.12706639,-0.11802928,-0.108229324,-0.09304707,-0.08150026,-0.06367868,-0.045019884
-0.18798582,-0.15484631,-0.13642485,-0.110265695,-0.09289315,-0.08642292,-0.077817716,-0.079777144,-0.08769874,-0.09007719,-0.10471173,-0.13390188
0.027488727,0.039242487,0.049028642,0.06278024,0.07151744,0.07651138,0.07793671,0.08053688,0.06986611,0.06555586,0.06843992,0.059773248
-0.18027064,-0.17020506,-0.15978543,-0.14723018,-0.13900018,-0.13339302,-0.11877976,-0.11443546,-0.11228754,-0.10258076,-0.09384497,-0.09806639
0.15929668,0.16130166,0.1698438,0.17601189,0.18350413,0.19426389,0.19110449,0.1891968,0.19143666,0.18022303,0.17063825,0.16208088
0.5435045,0.49936807,0.47539872,0.4459042,0.4224912,0.41903308,0.40040007,0.39103782,0.3797101,0.3700098,0.3732514,0.39279732
0.08236608,0.07971547,0.07118315,0.069659345,0.06261771,0.058434606,0.04892193,0.039881434,0.032861963,0.026610479,0.0146634,0.0077021946
-0.28806838,-0.26876852,-0.24995348,-0.23773786,-0.22311105,-0.21113089,-0.19186863,-0.18599209,-0.17374101,-0.16426767,-0.1538223,-0.15890542
0.07058521,0.06750223,0.061680533,0.057100546,0.052720353,0.05068816,0.04118589,0.03474654,0.03062978,0.02512166,0.018158378,0.013663851
-0.38190192,-0.36313966,-0.34403613,-0.33312657,-0.31948876,-0.31167147,-0.28239828,-0.25460076,-0.2212756,-0.20183519,-0.17556213,-0.15587956
-0.045954365,-0.032499947,-0.019652886,-0.0052747796,0.0043178517,0.010431166,0.016948305,0.026047628,0.03483781,0.035456162,0.035054818,0.030551955
0.088878274,0.0946105,0.101355955,0.11402525,0.11424699,0.12143716,0.12243246,0.12557325,0.116412416,0.10877304,0.09779939,0.08757644
0.33037335,0.2928039,0.2807961,0.2523832,0.23870078,0.22357135,0.21131802,0.19327933,0.20278782,0.19080065,0.19437425,0.21219878
0.03303025,0.045971103,0.051317003,0.06298172,0.067809775,0.06851429,0.062341165,0.057795785,0.045242388,0.031171234,0.012236027,-0.008209451
0.33744425,0.31684804,0.3046342,0.29916242,0.28991413,0.2850044,0.27355012,0.27181697,0.26053408,0.25483376,0.237061,0.24508256
0.20530903,0.20500357,0.20587456,0.20259392,0.20097005,0.19341187,0.19001378,0.19235028,0.19435158,0.19131486,0.19052427,0.20395325
-0.5903628,-0.58656025,-0.5739083,-0.57401234,-0.5638665,-0.55195713,-0.5098607,-0.47420174,-0.42864406,-0.39335072,-0.3427072,-0.3016385
0.24616635,0.2519607,0.2641613,0.27605528,0.28264523,0.30089957,0.30289042,0.30630895,0.2865081,0.26908642,0.24427414,0.24180126
0.3432507,0.32211164,0.3052328,0.28831413,0.27073538,0.25925666,0.2312861,0.20713028,0.18631902,0.17345566,0.15093282,0.14356358
-0.07338561,-0.06052529,-0.051748473,-0.039830316,-0.035557106,-0.02706252,-0.023313908,-0.018443115,-0.018985972,-0.01805539,-0.017499115,-0.0191147
0.11536322,0.11477796,0.11471734,0.11394122,0.10981237,0.10897055,0.10184623,0.09267447,0.090553164,0.08254588,0.07241263,0.06613273
-0.17293392,-0.15758245,-0.1455032,-0.13475111,-0.12716712,-0.120390706,-0.108191736,-0.10374091,-0.095630266,-0.08508245,-0.080036245,-0.0807607
0.121463165,0.11381723,0.105917476,0.09975244,0.094834924,0.084312096,0.0714567,0.06419513,0.055790093,0.042836275,0.026682304,0.015997611
0.004920883,-0.0047475547,-0.0012798263,-0.008105779,-0.0044629127,-0.012750674,-0.0044474667,-0.0075383876,-0.007641158,-0.0023962297,0.0022732252,0.008895377
-0.091976404,-0.09615831,-0.09580143,-0.09819931,-0.098682575,-0.096199706,-0.0871376,-0.08093728,-0.070904516,-0.0644352,-0.05312459,-0.043651477
1.0476872,0.9915762,0.9505883,0.91052616,0.87373114,0.8431515,0.7849861,0.7233472,0.6918771,0.6674624,0.6160756,0.61376697
-0.14361562,-0.12420249,-0.10927129,-0.094816536,-0.08033852,-0.077937245,-0.07109013,-0.07150232,-0.07681458,-0.073192276,-0.079998426,-0.094939716
0.26665306,0.25509185,0.24381182,0.24048747,0.23012456,0.23408026,0.21967609,0.20845063,0.18664044,0.17556053,0.15924662,0.152784
0.17537653,0.17856355,0.17531872,0.17677283,0.17566395,0.17354558,0.16092439,0.15473591,0.13967375,0.13059248,0.11169936,0.09943772
-0.10362566,-0.09761171,-0.09216819,-0.09169723,-0.08666966,-0.08742497,-0.083824694,-0.08799061,-0.08968033,-0.09145035,-0.09152736,-0.10097926
-0.3661431,-0.33778983,-0.3172509,-0.29505622,-0.2848364,-0.2672168,-0.23999254,-0.22244036,-0.20927542,-0.1907015,-0.1822132,-0.17464232
-0.12454006,-0.1168925,-0.107798845,-0.09075748,-0.07666412,-0.07290962,-0.04982785,-0.03137903,-0.025689345,-0.016153382,-0.005404288,-0.005755993
-0.02891684,-0.02785891,-0.033192363,-0.034047652,-0.039277457,-0.037244745,-0.043098412,-0.051074006,-0.058150116,-0.06533553,-0.06849805,-0.0747533
0.012573283,-0.018694121,-0.04160957,-0.07084446,-0.0852452,-0.09890646,-0.11441101,-0.12147643,-0.12440861,-0.12791254,-0.118030064,-0.10965313
0.25968945,0.24556994,0.22727971,0.218494,0.20761068,0.19944373,0.18211734,0.17728987,0.16041507,0.15842333,0.14878203,0.15338446
0.29382744,0.27863643,0.25802344,0.23928663,0.22265574,0.2068055,0.17426787,0.14312044,0.11454399,0.09611692,0.07759587,0.0598956
0.33647293,0.30204213,0.27618238,0.25472945,0.23546068,0.22794297,0.2159304,0.20588079,0.19409394,0.19362617,0.19124919,0.20418078
-0.23852634,-0.2306283,-0.22109528,-0.21591048,-0.21030869,-0.2045549,-0.19024098,-0.17864613,-0.16308846,-0.1536298,-0.13664162,-0.12581086
0.17876297,0.17035133,0.16191103,0.16030172,0.15353595,0.15053362,0.14110078,0.1341335,0.12680562,0.119480774,0.112574376,0.10943206
0.1748721,0.17686185,0.16733168,0.16989988,0.16505753,0.1663181,0.14981435,0.14210552,0.119121104,0.109814905,0.09129195,0.08219117
-0.11777663,-0.108492255,-0.108641624,-0.10142989,-0.0970999,-0.09524431,-0.09592547,-0.09223039,-0.09622998,-0.09461721,-0.096778534,-0.1013696
-0.8210055,-0.765512,-0.71273977,-0.6754801,-0.6364291,-0.613712,-0.5520722,-0.5082031,-0.46117303,-0.42646667,-0.38974527,-0.38155344
0.0051966007,0.0040030126,0.0027594352,0.007208477,0.007808641,0.0046416773,0.0046521104,0.013083217,0.0126028815,0.007533239,0.0117875,0.013678698
-0.011439346,0.029888906,0.06385783,0.09580775,0.12188563,0.14600037,0.14809865,0.14391449,0.12284559,0.11768639,0.0948422,0.05944844
-0.05120077,-0.036386326,-0.030025017,-0.023689643,-0.017325878,-0.024015427,-0.02861438,-0.037326794,-0.04695218,-0.057959706,-0.07169582,-0.093251556
1.0023619,0.953557,0.92174,0.8856684,0.85769683,0.8143226,0.7495238,0.70503825,0.6415405,0.5916173,0.57203275,0.5438342
0.02949162,0.027130477,0.025654182,0.025610004,0.023386057,0.021515312,0.021891396,0.020572064,0.01880406,0.02044297,0.02127281,0.023441123
0.49784818,0.45149758,0.40518427,0.37206432,0.3418266,0.32130802,0.26615244,0.22030342,0.17001782,0.13548195,0.102133654,0.06385424
-0.32582533,-0.2986187,-0.27964237,-0.2667471,-0.25352404,-0.25277597,-0.23807389,-0.23830295,-0.2232,-0.22394039,-0.22988528,-0.24718353
-0.05919865,-0.0727001,-0.081066,-0.09215914,-0.09925902,-0.10292189,-0.099754974,-0.093896374,-0.07628326,-0.070519626,-0.055475093,-0.034165952
0.11679125,0.0922532,0.075888045,0.057241257,0.0460436,0.037550595,0.023818512,0.008077495,0.00530695,-0.00039894693,0.0022044182,0.0048816605
0.14044398,0.1284827,0.12334429,0.11736289,0.11415697,0.11365858,0.11224776,0.10869235,0.108190976,0.1073269,0.101830885,0.10701901
-0.3529459,-0.34128186,-0.33032042,-0.32440284,-0.3178462,-0.3090133,-0.28706852,-0.26812902,-0.24392945,-0.22523366,-0.20274128,-0.18521501
0.2647549,0.24713665,0.24972102,0.23382248,0.23572825,0.22837281,0.2239231,0.21570809,0.21549927,0.21215022,0.2211628,0.22445576
-0.76056963,-0.6992447,-0.655293,-0.61516947,-0.5707141,-0.55325556,-0.51335883,-0.4870266,-0.4737508,-0.45704648,-0.4414003,-0.46312702
-0.03659731,-0.022122063,-0.012297463,-0.00200722,0.005790055,0.0066420976,0.008864552,0.01396809,0.008972056,0.005938179,0.0013789115,-0.006192556
0.15394032,0.15587775,0.15115944,0.15161574,0.1485384,0.14266555,0.12899981,0.11837901,0.1069705,0.091749534,0.07279797,0.056583516
0.0583223,0.03824483,0.027269091,0.012650292,0.0061770976,0.011809301,0.012856301,0.01681355,0.019734783,0.026259426,0.04295643,0.062341172
0.19055006,0.17823556,0.16303071,0.15713222,0.14457051,0.14159648,0.1270453,0.11972195,0.1106173,0.10830717,0.09751137,0.09671501
-0.07740313,-0.07882909,-0.07506175,-0.077601,-0.07625164,-0.069890596,-0.060983784,-0.056599714,-0.045587137,-0.03193312,-0.018457998,-0.0034832638
0.010447269,0.018655466,0.02436211,0.030678853,0.028613804,0.03177723,0.028370557,0.018767418,0.0032069292,-0.0068689156,-0.020359393,-0.040590584
