-0.33414423,-0.29290596,-0.25216797,-0.21453825,-0.19407971,-0.16607621,-0.13507736,-0.16640207,-0.14163554,-0.14822546,-0.18982151,-0.14922382
-0.021821283,-0.029425055,-0.03040431,-0.05367776,-0.055175215,-0.052815497,-0.05266479,-0.0422082,-0.027542472,-0.017931556,-0.003650711,0.020736286
0.058915004,0.059201054,0.06574,0.058833458,0.060097117,0.05417207,0.06700188,0.07694467,0.066655345,0.06707593,0.07329206,0.077102154
0.18876101,0.15935405,0.14598769,0.10104105,0.07914835,0.04852449,0.055864185,0.07188068,0.08232801,0.10046513,0.11844647,0.12705891
0.030088969,0.015606655,0.015437532,0.006518768,-0.004838269,-0.010462122,-0.012977244,0.004782833,0.0057000853,0.009365162,0.016013755,0.023844551
-0.05392521,-0.037223503,-0.044891123,-0.034547552,-0.029599493,-0.011924762,-0.022477346,-0.021301122,-0.03410398,-0.032185905,-0.027560588,-0.02679009
1.1276857,1.0306886,0.98889714,0.9054268,0.759622,0.6320926,0.61245376,0.7183601,0.78493905,0.77259797,0.71015,0.57283247
-0.2248549,-0.1979854,-0.18909614,-0.15485725,-0.12879008,-0.10678179,-0.10478453,-0.13122548,-0.13070112,-0.14029306,-0.14146899,-0.14040461
-0.21975374,-0.22301371,-0.19962333,-0.20626354,-0.18597983,-0.17066842,-0.16110584,-0.17314692,-0.16154501,-0.14676705,-0.120546326,-0.09645442
0.20092094,0.18040562,0.16440266,0.15535408,0.15456489,0.13295268,0.12867814,0.14367361,0.14903848,0.12931168,0.14063314,0.11350912
0.20309235,0.19613697,0.19272986,0.1875426,0.18132184,0.16485336,0.16033089,0.17436701,0.1695303,0.16214783,0.1586583,0.13028637
-0.08795823,-0.0807105,-0.06764994,-0.054211356,-0.038360603,-0.035998918,-0.028030027,-0.042796783,-0.052922964,-0.059070956,-0.05238889,-0.05732719
-0.067996025,-0.072735,-0.06608807,-0.06419269,-0.051859967,-0.050904125,-0.052606035,-0.05874767,-0.063220456,-0.067500666,-0.055150475,-0.0627347
-0.263423,-0.2550487,-0.23355916,-0.22783959,-0.20778,-0.18786514,-0.17367567,-0.17875183,-0.15742385,-0.14696595,-0.13475999,-0.08811591
-0.22468229,-0.2082577,-0.19243647,-0.1931438,-0.17529538,-0.15323994,-0.13914777,-0.15874884,-0.14694908,-0.13677865,-0.13518523,-0.09997869
0.44199884,0.42944664,0.40057462,0.3708131,0.36341298,0.31732327,0.32540074,0.34848824,0.35456178,0.340312,0.33126348,0.2862984
-0.7555254,-0.69607717,-0.644037,-0.5857219,-0.48913234,-0.4230957,-0.41104388,-0.48168957,-0.47684047,-0.4878074,-0.4815808,-0.4208988
0.21521017,0.20878743,0.20118102,0.21587482,0.20256792,0.19292048,0.17077848,0.17786552,0.14873698,0.13215293,0.116189696,0.04997359
-0.44787776,-0.40216574,-0.37541014,-0.3859355,-0.33999094,-0.3016183,-0.26546463,-0.31528568,-0.2944357,-0.26270178,-0.24541663,-0.18954587
-0.06704502,-0.045021057,-0.041381523,-0.021586861,-0.014195193,0.0023467764,-0.0029983558,-0.016845975,-0.029696088,-0.036411643,-0.05152888,-0.058735378
-0.44588518,-0.41100454,-0.36049595,-0.3397652,-0.30674443,-0.2659966,-0.24366392,-0.2906461,-0.29179546,-0.27352047,-0.28117234,-0.2309252
-0.8360985,-0.76907927,-0.70226103,-0.7031368,-0.6299771,-0.5568818,-0.5097631,-0.5921186,-0.54838985,-0.51865983,-0.51851004,-0.4263471
0.02316206,0.018627584,0.02235055,0.007071997,0.010713607,0.0052278806,0.011054339,0.011384882,0.015848262,0.021749124,0.025312701,0.027125033
-0.35394293,-0.34146124,-0.3151016,-0.32157928,-0.29340017,-0.2626659,-0.2506833,-0.26915428,-0.24559999,-0.23509736,-0.21787262,-0.16860816
0.049690243,0.047028042,0.037424367,0.035547774,0.0326787,0.027545176,0.026501093,0.03204935,0.036462747,0.034581263,0.037511703,0.031933676
-0.03793041,-0.003233254,-0.0008044392,0.041180328,0.056002267,0.06871486,0.061225533,0.03483449,0.00657475,-0.012781359,-0.04366206,-0.07395875
-0.13726793,-0.0985636,-0.09534909,-0.05301676,-0.050638765,-0.025398768,-0.022503082,-0.042009104,-0.05245433,-0.05221534,-0.07283406,-0.07224786
-0.15864928,-0.14543568,-0.13304445,-0.12398918,-0.11363658,-0.0977735,-0.0872099,-0.101480596,-0.098413035,-0.09412286,-0.09192747,-0.07025621
0.03240218,0.036169577,0.03499767,0.026542746,0.018692521,0.015931569,0.022234604,0.021861207,0.028172279,0.036722217,0.031791467,0.041511685
0.020191653,0.035599668,0.03610725,0.046501953,0.048568387,0.053002786,0.05023007,0.036180276,0.017987933,0.017029189,0.0048111947,-0.0161033
-0.07538253,-0.08634867,-0.085559905,-0.08753035,-0.079503596,-0.07990521,-0.07147711,-0.06241134,-0.051591054,-0.05747959,-0.049138278,-0.029176336
-0.0061428715,-0.0073723393,-0.010745828,-0.019630255,-0.026646754,-0.027814515,-0.0251289,-0.023582254,-0.011435414,-0.0010691201,0.0030738441,0.016199246
0.27638257,0.23839235,0.21904375,0.21688458,0.19532472,0.15719244,0.15022749,0.17089732,0.16756473,0.15186092,0.15815033,0.12705652
-0.05866984,-0.06393027,-0.060248047,-0.061222594,-0.055785608,-0.05103352,-0.053922586,-0.04959046,-0.042927533,-0.04495601,-0.03363148,-0.028418668
0.038021248,0.03563848,0.025023008,0.014341084,0.02498965,0.017237365,0.017734066,0.023258816,0.032288827,0.024835333,0.033164714,0.025981486
-0.2314949,-0.19913329,-0.19177742,-0.15514708,-0.13328959,-0.0976851,-0.09651199,-0.12205237,-0.122000724,-0.13019356,-0.14896819,-0.11863191
-0.06550284,-0.057589993,-0.07045209,-0.063503034,-0.06411519,-0.043779388,-0.05533333,-0.041865762,-0.027199209,-0.03411344,-0.038183972,-0.0005472973
-0.04539816,-0.030418448,-0.026426991,-0.02624394,-0.011843413,-0.0057785576,0.0055496455,-0.017063724,-0.010339694,-0.0068097515,-0.004657604,0.0023631249
0.23393244,0.23543966,0.19389476,0.18886775,0.16957158,0.14799482,0.1294303,0.15167424,0.12507771,0.12938786,0.13191119,0.11542777
0.11587703,0.1324755,0.12335259,0.124240376,0.11907859,0.11564746,0.12096669,0.11848145,0.11028224,0.1122071,0.10437057,0.101959825
-0.06889889,-0.05921449,-0.049802292,-0.036277253,-0.031012155,-0.020624429,-0.016484732,-0.023498971,-0.017915389,-0.020928886,-0.039038192,-0.020769276
0.3435362,0.32818958,0.27742603,0.24954015,0.21869007,0.19104607,0.17639484,0.21456008,0.21435606,0.22298755,0.2323522,0.22502527
0.3032215,0.27150616,0.24688183,0.22545598,0.19969255,0.17434378,0.1477025,0.18121,0.16882384,0.16424929,0.16835175,0.13494217
-0.19624098,-0.18405128,-0.16664514,-0.16562244,-0.15238829,-0.13593364,-0.12648034,-0.14122412,-0.13938023,-0.13302302,-0.12752914,-0.101583675
-0.8164829,-0.76488376,-0.6920914,-0.64852846,-0.5899972,-0.5168938,-0.49204165,-0.55562526,-0.5593596,-0.53182507,-0.5290547,-0.4508853
-0.019382091,-0.026987962,-0.025967747,-0.008768886,-0.015722405,-0.0133981835,-0.023294475,-0.01568504,-0.025550906,-0.034011777,-0.03583794,-0.0465588
-0.08929244,-0.09261626,-0.0874078,-0.08278433,-0.0844661,-0.07339946,-0.08419323,-0.089095615,-0.10181356,-0.09809127,-0.096688956,-0.10387271
0.30787998,0.26597205,0.24895735,0.21196888,0.18742901,0.14826787,0.15272054,0.19605267,0.20473918,0.20707144,0.21729451,0.22076638
-0.40451732,-0.37223798,-0.33544195,-0.30608892,-0.27639174,-0.23365241,-0.22521822,-0.26623282,-0.27465627,-0.27039468,-0.26934668,-0.24625745
0.24988405,0.23204459,0.21406779,0.20731755,0.1773298,0.16094764,0.14240736,0.16659221,0.15633158,0.15578519,0.1417275,0.12708049
-0.07813042,-0.08497439,-0.07362511,-0.09495341,-0.082090855,-0.084138736,-0.07158673,-0.07190029,-0.058323022,-0.049064007,-0.034072302,-0.019114602
0.2606367,0.22670257,0.19757111,0.17589281,0.15925571,0.12256804,0.11150505,0.13504848,0.1263055,0.12615639,0.13826562,0.10750193
-0.3047146,-0.2889901,-0.26825565,-0.26521328,-0.24643469,-0.22028111,-0.21238694,-0.22916259,-0.22671662,-0.20849158,-0.19867894,-0.16155638
-0.3371371,-0.29832065,-0.26925868,-0.25261822,-0.23396894,-0.20533012,-0.18079957,-0.22563535,-0.22039303,-0.20353039,-0.2240704,-0.18764788
0.21056885,0.18766269,0.17374004,0.15616567,0.13704814,0.115754664,0.10913102,0.13266882,0.13747247,0.13092403,0.13051835,0.11137577
-0.030028384,-0.019288233,-0.013779021,-0.0130415,-0.00679685,-0.0047635455,0.001254078,-0.017648775,-0.017575717,-0.015194707,-0.024213225,-0.02919058
-0.04984985,-0.010111585,-0.012555942,0.02113904,0.02772798,0.050043896,0.04791081,0.030122329,0.023344744,0.005573895,-0.024745636,-0.037257373
0.2402896,0.22906253,0.21038575,0.20633705,0.18510363,0.16532007,0.15518156,0.17823544,0.19498612,0.18228105,0.15866888,0.13419473
-0.17502499,-0.1511378,-0.14470762,-0.14154606,-0.12887147,-0.10885926,-0.097214855,-0.120936275,-0.10958299,-0.10693476,-0.10755268,-0.09882993
-0.5666199,-0.50896037,-0.44170538,-0.4277113,-0.3927159,-0.3409238,-0.30627975,-0.37608188,-0.39297336,-0.33847457,-0.34856611,-0.28224978
0.31662118,0.27763927,0.24564433,0.2105951,0.18469048,0.15065937,0.14105393,0.18761209,0.19687356,0.19224414,0.21083194,0.19955066
0.060507327,0.06986471,0.050854176,0.043796115,0.05452318,0.054043364,0.051752213,0.05346647,0.058434926,0.050272502,0.052528363,0.040633842
0.117559746,0.084364854,0.06563034,0.030269891,0.008456945,-0.0038320944,-0.01428628,0.018010404,0.034884814,0.04797694,0.07632985,0.079411894
0.017499119,0.033585075,0.037638236,0.042523775,0.042437777,0.04424419,0.045210622,0.03364851,0.045090985,0.041253604,0.02144811,0.0060757776
0.08566561,0.082659505,0.07184984,0.035989456,0.029625036,0.02302843,0.032594576,0.040624555,0.0713854,0.08487523,0.09481969,0.11004028
0.045392413,0.0497858,0.045695186,0.042785663,0.04306846,0.045875322,0.04259365,0.041182045,0.03924464,0.03703308,0.039983306,0.033596482
-1.180322,-1.095958,-1.0132234,-0.9511515,-0.86335486,-0.7575721,-0.71289235,-0.80973643,-0.7830157,-0.762071,-0.7583594,-0.6322723
0.15911637,0.14213519,0.1171194,0.11200294,0.105799735,0.083409235,0.06924549,0.08309737,0.072590396,0.060165364,0.062144928,0.030670049
-0.110174865,-0.09900038,-0.08470583,-0.08441084,-0.08053838,-0.049837153,-0.06509385,-0.0810352,-0.08603389,-0.07466277,-0.07155271,-0.049519792
0.043776285,0.03669858,0.020108992,0.010780951,0.016738104,0.012887681,0.0054249326,0.012680759,0.016065607,0.0073793363,0.017686041,0.016824966
-0.37981677,-0.3584574,-0.32522207,-0.29171577,-0.26485044,-0.22441635,-0.22298789,-0.24254522,-0.23811296,-0.2446287,-0.25336882,-0.21662809
0.11186257,0.10129005,0.06726368,0.09466914,0.07107694,0.06845459,0.032003097,0.05928749,0.03561919,0.020830523,0.012203557,-0.01788506
-0.08490793,-0.08622861,-0.08590351,-0.105482034,-0.11146888,-0.10533742,-0.1013504,-0.10469791,-0.10314938,-0.079429984,-0.064362995,-0.036116093
-0.15837337,-0.14305761,-0.13015617,-0.12777686,-0.11699295,-0.09925401,-0.090528786,-0.103837386,-0.10303861,-0.09031667,-0.08923948,-0.063490465
0.33663142,0.31744236,0.30447808,0.29411215,0.27779,0.24910024,0.23740375,0.26444793,0.2526418,0.23941965,0.23707502,0.19713457
0.05281318,0.04701941,0.031989895,-0.004777923,0.007398434,-0.009461585,-0.0016476698,0.010004438,0.008412655,0.035657704,0.06798957,0.0635882
-0.37516996,-0.35678834,-0.33211255,-0.29420474,-0.2518861,-0.20584685,-0.21719061,-0.23575595,-0.22707339,-0.2453972,-0.24211417,-0.20284596
-0.3244023,-0.30405822,-0.27774912,-0.24948579,-0.22115695,-0.19792563,-0.18314742,-0.21394908,-0.20811224,-0.20859611,-0.21253759,-0.18452223
-0.14048031,-0.12915836,-0.11052824,-0.11978469,-0.1082394,-0.09031816,-0.07325439,-0.08495124,-0.056293093,-0.053285595,-0.0535024,-0.019374136
-0.13389164,-0.13845028,-0.12811285,-0.13051388,-0.122358866,-0.11342944,-0.10894762,-0.10965727,-0.11068621,-0.098755404,-0.080869615,-0.05830657
0.15579991,0.14806879,0.14500058,0.12498677,0.1294796,0.11555247,0.11535449,0.11690415,0.118344925,0.112876564,0.115380414,0.10055682
0.29704314,0.27514327,0.23992305,0.22459108,0.19974826,0.1661482,0.15710098,0.18099594,0.1733988,0.16693275,0.16426253,0.12886332
-0.25253606,-0.2522287,-0.23000702,-0.22260442,-0.22344208,-0.19551502,-0.1953823,-0.20982188,-0.21908581,-0.2105167,-0.21214636,-0.19511351
0.0065112663,0.015500326,0.009074139,0.011940515,0.01120366,0.010978789,0.01335293,0.00081931334,-0.003339571,-0.0015168127,-0.0016735089,-0.011004395
-0.08641502,-0.079908565,-0.07122261,-0.053975143,-0.04591941,-0.03710627,-0.035366423,-0.042095773,-0.043814793,-0.049764156,-0.05402926,-0.048016362
0.021485046,0.020548167,0.025513526,0.026316425,0.028969299,0.020490691,0.03278486,0.045752555,0.06747548,0.057576127,0.045163076,0.046812776
-0.63144314,-0.59738624,-0.548193,-0.49245042,-0.44326964,-0.3860497,-0.36947015,-0.4120188,-0.41239053,-0.41711798,-0.41179585,-0.36158744
0.18531981,0.21353005,0.2015538,0.24259444,0.2461114,0.23764496,0.22722816,0.2123644,0.17778572,0.14036289,0.097114205,0.021882817
0.2067594,0.20865065,0.20128101,0.19372462,0.18591028,0.17230518,0.17691456,0.17233002,0.16849601,0.16758005,0.15740469,0.14074732
0.0021016635,0.0055896686,-0.008806191,0.0054243696,-0.0058186864,0.0046064463,-0.0045278533,-0.0004929928,0.0049625384,-0.00876475,-0.016400069,-0.030081378
-0.013031457,-0.00788301,-0.011328477,-0.021774705,-0.029466812,-0.028818507,-0.024206948,-0.025512654,-0.017903112,-0.008077901,-0.016016154,-0.0038310923
0.46733415,0.43018848,0.3777455,0.30605882,0.27843997,0.22851545,0.22248852,0.26221114,0.28535926,0.29189733,0.3092741,0.28766733
0.08772354,0.069425106,0.06868888,0.0633314,0.052880943,0.047362655,0.03807918,0.05038418,0.041404344,0.042157967,0.044916954,0.038216732
-0.3457645,-0.32377914,-0.2976619,-0.28792122,-0.26373917,-0.23265998,-0.2171077,-0.24197312,-0.23130229,-0.21785454,-0.20929323,-0.16765209
0.0967846,0.09964655,0.09561768,0.12447549,0.0966695,0.08280164,0.08174105,0.08585424,0.08660205,0.08511256,0.056738645,0.035428714
0.05620978,0.048733406,0.027677815,0.028022593,0.010473518,0.005992431,-0.006413391,0.0032177493,-0.0024410952,0.007265663,0.011575555,0.008456647
0.16506797,0.1483266,0.13194458,0.12752388,0.11050765,0.095143035,0.08569205,0.107792355,0.1044165,0.10336591,0.10647228,0.098296255
0.14359973,0.11642122,0.10311493,0.07618715,0.044196717,0.023063615,0.025540307,0.051248927,0.04977305,0.07127906,0.08937784,0.09562537
-0.1362691,-0.11320272,-0.10690447,-0.08721051,-0.067094594,-0.05087445,-0.047578808,-0.07100718,-0.06875891,-0.08056837,-0.0969658,-0.098799676
0.19478287,0.17571981,0.16493918,0.15910113,0.14972997,0.12952968,0.12652004,0.1447592,0.14182872,0.12996392,0.1260025,0.10386642
0.21149984,0.1856627,0.17478079,0.1563771,0.1346367,0.11159594,0.109179765,0.12529802,0.12552233,0.1262557,0.1324138,0.11878992
