0.10740785,0.08947543,0.112083465,0.11200254,0.09710705,0.07221844,0.07094887,0.055917483,0.04280556,0.03128498,0.024542192,0.024397863
-0.13493662,-0.18580538,-0.19693634,-0.19723447,-0.17861904,-0.16724096,-0.15330365,-0.12447484,-0.09444766,-0.07147816,-0.05743265,-0.04605159
-0.26153383,-0.31803644,-0.33046177,-0.3000336,-0.27629426,-0.24953386,-0.23241356,-0.18906403,-0.16604775,-0.14677186,-0.1334399,-0.1270242
-0.14618216,-0.143571,-0.122010276,-0.07912245,-0.05138415,-0.03903304,-0.030183084,-0.02444005,-0.034693062,-0.050220087,-0.061627604,-0.06841688
-0.004666375,-0.010562105,-0.025994215,-0.02236209,-0.019405946,-0.01327388,-0.011601049,-0.0034030797,0.0027246159,0.008985028,0.011486701,0.012923971
-0.107034326,-0.06879464,-0.019685,-0.020553067,-0.018083677,-0.021577388,0.009282708,-0.0027774945,0.0014492348,0.010825951,0.024950176,0.031840138
0.009925571,0.010463741,0.009998396,0.006568336,0.0052491706,0.003099522,0.003923177,0.004327002,0.0088853035,0.01214122,0.014673594,0.015144888
0.0995006,0.09189814,0.069976404,0.053117648,0.042971812,0.03443507,0.018185452,0.016512752,0.021968938,0.025273085,0.026992688,0.029048517
0.10342984,0.14611807,0.16838908,0.13855246,0.12969863,0.116656095,0.118521005,0.09363925,0.08162005,0.077026404,0.071688816,0.06792702
0.7388479,0.75617003,0.6171825,0.5524039,0.46109188,0.42083952,0.37770396,0.35042137,0.3227672,0.29742888,0.2602265,0.2607666
-0.17721468,0.09937054,0.18915194,0.10267903,0.09732655,0.122538775,0.13460305,0.066961214,0.05759135,0.05481574,0.0676918,0.052887797
-0.045766033,-0.074949935,-0.07792088,-0.07003473,-0.066447906,-0.06527008,-0.059651203,-0.05261652,-0.05516789,-0.06398546,-0.07042503,-0.07233735
0.07831511,0.08967747,0.07867448,0.061429072,0.05093972,0.05330003,0.046958763,0.044874147,0.042980462,0.048504002,0.050292455,0.05170147
-0.5472891,-0.5349902,-0.48716187,-0.4359599,-0.38341415,-0.33325428,-0.27851844,-0.23487613,-0.20137519,-0.17896573,-0.15643024,-0.15251769
0.14327247,0.08736673,0.031048417,0.0020650327,-0.02493374,-0.03373009,-0.044494495,-0.03380747,-0.02208978,-0.006833203,0.0007321164,0.008225899
0.13204433,0.13747862,0.12294288,0.10507281,0.092139326,0.083387434,0.07142648,0.062827714,0.05740591,0.055621646,0.051938534,0.051347986
0.18105702,0.17945552,0.1740965,0.14587185,0.12877819,0.10680861,0.09790933,0.074866876,0.069336,0.070306286,0.0715969,0.07543652
0.1370589,0.14324741,0.13251765,0.11342119,0.10069602,0.08233243,0.0512248,0.042960264,0.04497756,0.0429364,0.04082173,0.041843742
-2.0377686,-2.2719674,-2.237981,-1.9715775,-1.762001,-1.5617335,-1.3982415,-1.1307447,-0.9824423,-0.88006437,-0.8110885,-0.7778554
-1.5082338,-1.6269968,-1.6278081,-1.3208358,-1.1833804,-1.0025659,-0.9638672,-0.74899155,-0.6868836,-0.63458514,-0.5882579,-0.5862677
-0.28907618,-0.2542135,-0.20638652,-0.17752019,-0.13476151,-0.10592282,-0.09131837,-0.07758999,-0.07171031,-0.07278806,-0.072791755,-0.07832223
-0.14037181,-0.111408636,-0.07987562,-0.07860893,-0.058224462,-0.040115274,-0.02810128,-0.026949406,-0.028793462,-0.031873945,-0.036809552,-0.04151032
0.22397213,0.17393014,0.16479838,0.14124592,0.1073678,0.081695385,0.07664737,0.05729267,0.02863112,0.025715388,0.01750224,0.022560209
0.047361515,0.038211685,0.020932473,0.027470525,0.024699382,0.02765267,0.017366614,0.018533975,0.0064420216,-0.0056101438,-0.017487561,-0.023362499
-0.51870674,-0.5183789,-0.47138458,-0.4155339,-0.36727637,-0.3238095,-0.26935232,-0.23191233,-0.20428514,-0.19295922,-0.17744218,-0.17414397
0.02551591,-0.03331788,-0.06207768,-0.046032913,-0.0533628,-0.05334398,-0.07208652,-0.056598343,-0.06801432,-0.06932415,-0.07383087,-0.073319554
0.19167382,0.19048153,0.17200628,0.14883201,0.12180927,0.10244852,0.092030525,0.07928745,0.076080084,0.072692126,0.070261374,0.06906927
0.07816185,-0.010249063,-0.03498044,-0.03762635,-0.058062002,-0.087318935,-0.07172848,-0.06803765,-0.048441775,-0.025728215,-0.004146697,0.015082207
0.09423886,0.088090174,0.09013529,0.07703977,0.06635924,0.056799907,0.051634423,0.038716357,0.027549569,0.014136108,0.003728561,-5.4754317e-05
-0.1787689,-0.1454119,-0.13637096,-0.13139714,-0.10179168,-0.083465725,-0.07844867,-0.06943021,-0.055899948,-0.05969259,-0.06135341,-0.06531149
0.776218,0.6793103,0.57653165,0.4972549,0.4007433,0.32707766,0.27260816,0.24301177,0.22542202,0.22257586,0.21510725,0.2188462
-0.036427088,-0.0550074,-0.059518207,-0.05181162,-0.046447866,-0.041521378,-0.038453944,-0.029468251,-0.028574046,-0.02742818,-0.028315894,-0.027326524
-0.07813743,-0.069584504,-0.03454323,-0.036516123,-0.026042305,-0.02818735,-0.012031317,-0.018321976,-0.014837138,-0.0096680485,-0.0038737245,-0.003186874
-0.15880351,-0.21699716,-0.2426467,-0.21378055,-0.18362902,-0.16077524,-0.16636202,-0.12882501,-0.11165327,-0.09819179,-0.09387137,-0.09133245
-0.24689808,-0.26343077,-0.25886825,-0.24055648,-0.22113574,-0.19977468,-0.17893767,-0.15084738,-0.12881058,-0.112523735,-0.09823629,-0.09370366
0.14086941,0.13356759,0.11320151,0.09171311,0.07574056,0.06447324,0.060529068,0.054202348,0.05659843,0.06372155,0.06676237,0.06980549
-0.28633896,-0.237481,-0.1941448,-0.16994844,-0.14123233,-0.11134203,-0.093145385,-0.082667276,-0.07484824,-0.07421141,-0.06873283,-0.07379378
-0.0890771,-0.097969696,-0.110876575,-0.10364552,-0.095846,-0.08466433,-0.082825914,-0.06772468,-0.05293106,-0.041586153,-0.03185722,-0.028323457
0.016051447,0.020385157,-0.0034759138,-0.011838019,-0.019346423,-0.015961638,-0.018580671,-0.008835282,0.0075471075,0.027320761,0.042608242,0.047769256
0.1075638,0.111235395,0.0994584,0.068212844,0.05606906,0.044671394,0.042175274,0.031160649,0.035804603,0.039524652,0.04214568,0.044905543
-0.109623075,-0.11318288,-0.090571985,-0.088543385,-0.07301567,-0.06909251,-0.05695522,-0.05264026,-0.044293266,-0.042123906,-0.040278025,-0.0391078
0.054871675,0.078175694,0.065470986,0.06532415,0.06168803,0.0651115,0.051564172,0.047993332,0.03909418,0.029647402,0.021689944,0.014962437
1.4825617,1.3958478,1.0561377,1.0139468,1.2405683,1.159059,0.7356,0.70943964,0.70385665,0.6482654,0.5466844,0.53942984
0.24884532,0.2685349,0.23839493,0.20977351,0.1965724,0.18234992,0.16741368,0.14562143,0.13956437,0.14271241,0.14180183,0.14199233
0.07154613,0.09967941,0.10064345,0.087513715,0.08225122,0.07974652,0.078598134,0.064328134,0.06496898,0.06264657,0.06283802,0.06093312
-0.01712684,-0.11838825,-0.17717043,-0.16222271,-0.17067292,-0.16419265,-0.16196322,-0.12423976,-0.10990461,-0.088108405,-0.08001665,-0.07062746
0.34358385,0.35339537,0.32369515,0.30313075,0.2688751,0.24044727,0.20444453,0.17495193,0.14790489,0.13004583,0.115132034,0.11056373
0.5755418,0.6051396,0.5678669,0.5066613,0.44739866,0.39293438,0.36930233,0.32098973,0.2935173,0.2748795,0.25572482,0.2512098
-0.13198662,-0.08420072,-0.05293572,-0.049580567,-0.037530556,-0.028385594,-0.013185218,-0.01579985,-0.0027200207,0.0048540533,0.017004676,0.016302764
-0.1147909,-0.14868884,-0.1485038,-0.11708181,-0.098716535,-0.09183885,-0.08986282,-0.07237604,-0.07208702,-0.07722165,-0.08308417,-0.084664345
-0.5124342,-0.5085259,-0.43498573,-0.3682948,-0.308173,-0.2572522,-0.20889837,-0.16830313,-0.15972252,-0.16409045,-0.16980013,-0.17750572
0.22543003,0.16376354,0.075158805,0.048737794,0.010701507,0.014490753,-0.008418977,0.015371591,0.028993368,0.057646587,0.06922503,0.08091204
-0.26126638,-0.24748243,-0.20954391,-0.17862824,-0.1448833,-0.12408872,-0.10299505,-0.088635504,-0.07991235,-0.07555255,-0.07064286,-0.07052022
-0.003236344,-0.0075677615,-0.021084074,-0.018942643,-0.022942109,-0.017721903,-0.020551383,-0.011003764,-0.0059402194,-0.000487064,0.0029131295,0.0019378033
0.24259925,0.28563765,0.2624973,0.22820784,0.20353407,0.19603269,0.16866572,0.14987974,0.13671258,0.1308235,0.122957796,0.11642962
0.110026374,0.05977574,0.027043223,0.006538078,-0.0216119,-0.03561744,-0.045170397,-0.03506515,-0.027934283,-0.019049369,-0.014030173,-0.008102477
0.096095234,0.06045431,0.029961586,0.017694399,-0.002937287,-0.0083245635,-0.011994466,-0.0037720352,-0.0013763756,0.0052497573,0.007061273,0.0113154985
-0.08910553,-0.07828892,-0.06361754,-0.06575304,-0.055227093,-0.05023888,-0.039750047,-0.035592988,-0.025051482,-0.016231649,-0.008490767,-0.0061782487
-0.11467847,-0.11883824,-0.11395947,-0.0885333,-0.07117127,-0.058144495,-0.052008096,-0.03900895,-0.040008195,-0.043900944,-0.048660707,-0.0520353
-0.32860866,-0.31782702,-0.26637188,-0.23311104,-0.19337681,-0.17164877,-0.13711749,-0.12090584,-0.10426431,-0.092669964,-0.07933167,-0.07536119
0.26105058,0.21976951,0.18248829,0.15659079,0.123689145,0.102245614,0.07921286,0.07416415,0.0652218,0.070216894,0.06692842,0.070425406
0.08154733,0.055264283,0.043417968,0.038080275,0.025885716,0.02275201,0.0147558525,0.025189541,0.02957407,0.043831,0.052175276,0.05745522
0.0018258002,0.004460258,-0.002303496,-0.0058904234,-0.010941882,-0.010480573,-0.00742497,-0.0063021407,-0.0013113236,0.006556711,0.013346203,0.017180333
-0.007907804,0.008031614,0.032659344,0.036726415,0.0420261,0.03447954,0.038563006,0.0291951,0.028525602,0.025588997,0.026184069,0.027218016
-0.24168023,-0.2472148,-0.22130474,-0.22339335,-0.19577888,-0.17811683,-0.15987346,-0.14903568,-0.1329974,-0.1326687,-0.12845375,-0.12702632
-0.09060823,-0.057111714,-0.03369934,-0.028326623,-0.012501851,-0.0059190094,-0.00077497214,-0.012084834,-0.017073214,-0.034529675,-0.042655304,-0.048977695
-0.1568608,-0.14510867,-0.13478744,-0.13154249,-0.11325304,-0.10055909,-0.093451545,-0.08673301,-0.07352611,-0.06968339,-0.06399296,-0.06320082
0.24917892,0.2458373,0.2060981,0.16568995,0.12553744,0.10879919,0.09001434,0.08182807,0.083296545,0.09222204,0.09714018,0.100501575
0.29240692,0.28692573,0.27110937,0.2365908,0.21674769,0.19361553,0.18534881,0.14872837,0.12421498,0.09735892,0.07461661,0.06872076
0.060150348,0.036133282,0.022508994,0.015665278,0.008804373,0.00844489,0.0050817356,0.009741202,0.009165395,0.010593779,0.007410623,0.009344295
0.09057979,0.091271296,0.09544921,0.084945664,0.08050353,0.0689313,0.06142552,0.050443366,0.04195869,0.037246227,0.031982746,0.03124608
-0.39164802,-0.3960481,-0.37900633,-0.3246292,-0.2793362,-0.23458162,-0.1987956,-0.15143767,-0.12795447,-0.11262426,-0.10319432,-0.10237055
0.16162857,0.16620943,0.14344314,0.12770885,0.11163858,0.10058889,0.08743344,0.075669184,0.062057327,0.054045446,0.045735992,0.043053992
0.17698368,0.15190056,0.11286265,0.09849544,0.07217221,0.059609972,0.04421507,0.04480905,0.0438765,0.04835715,0.048423935,0.049477812
-0.37332505,-0.42672932,-0.41184875,-0.41240463,-0.40121692,-0.36294487,-0.30265573,-0.26286042,-0.22588623,-0.17498514,-0.13593738,-0.115916446
-0.07303345,-0.0629269,-0.02550771,-0.018955573,-0.0033028796,-0.0050329193,0.0109062195,-0.0010570362,-0.007925738,-0.017161395,-0.022649605,-0.02536472
0.19136205,0.1933183,0.15778203,0.12452835,0.0974018,0.08360039,0.07609045,0.06989508,0.0812408,0.09831562,0.112256795,0.118996024
0.49997997,0.51505417,0.4793891,0.41484642,0.37529784,0.33882868,0.29316592,0.24599601,0.20434381,0.20236066,0.18794802,0.18404211
0.07118216,0.07592943,0.07968842,0.07530455,0.0688833,0.05935248,0.057326917,0.046537187,0.039184134,0.034493875,0.03148653,0.031200344
-0.014063988,-0.04308784,-0.06510403,-0.049851015,-0.04178321,-0.035382755,-0.04454608,-0.035875548,-0.046458296,-0.05991262,-0.071321085,-0.07583709
0.046144046,0.044103738,0.023516808,0.010342322,0.0027400292,0.0053159297,-0.004073087,-0.0020871796,-0.00083159097,0.005243942,0.0073411763,0.009102474
0.008887127,0.010913648,0.011800225,0.011712984,0.011087334,0.00807501,0.006918707,0.006296357,0.0061268243,0.0056180274,0.0045701144,0.0036945036
0.5622879,0.554653,0.48160252,0.43318176,0.36500236,0.3205924,0.28629178,0.2485428,0.22605903,0.20221648,0.18760756,0.18379296
0.062587805,0.073761314,0.0789455,0.06382167,0.06385965,0.057993766,0.058918297,0.043168988,0.03319813,0.021855384,0.013871726,0.009353571
0.5249327,0.43111628,0.38123196,0.34284464,0.30018494,0.25189883,0.21048757,0.19198018,0.16853552,0.15709881,0.13660178,0.13703926
0.19962412,0.2160335,0.18843953,0.17033815,0.15188171,0.14443724,0.13008133,0.12019715,0.110617146,0.10840804,0.10377401,0.099272445
-0.11812775,-0.1497049,-0.16278201,-0.14750977,-0.14223109,-0.1429813,-0.12361119,-0.10469939,-0.07905196,-0.065373145,-0.05048649,-0.043345265
-0.38629758,-0.34015602,-0.25099623,-0.2301687,-0.16966188,-0.14876807,-0.11138779,-0.1139539,-0.10374506,-0.10649717,-0.10465713,-0.10719076
0.13330512,0.14470851,0.15935312,0.12591821,0.11837231,0.097600974,0.093966395,0.0772454,0.075966746,0.08398182,0.086209536,0.088591486
0.2576236,0.23366189,0.18781762,0.16160882,0.13189091,0.113636,0.09060612,0.082680605,0.08074626,0.08502142,0.0862492,0.08971056
-0.23824729,-0.24757497,-0.20612384,-0.161495,-0.12538846,-0.10902004,-0.091487885,-0.07333919,-0.080645606,-0.090788074,-0.10447625,-0.11180192
0.5932828,0.31653488,0.18063849,0.14724219,0.11756766,0.06702477,0.025582612,0.050662786,0.07213196,0.11727792,0.122726455,0.14425628
-0.39369154,-0.33551994,-0.24227458,-0.21273786,-0.15434727,-0.12866512,-0.085161835,-0.082713425,-0.07426907,-0.076191306,-0.074431926,-0.08122949
0.10218586,0.093625665,0.07244761,0.079448625,0.063197985,0.057976425,0.04712062,0.046433903,0.037708588,0.035881158,0.03415324,0.033910815
0.05116262,0.06844677,0.090187274,0.093680196,0.09261879,0.07958783,0.08799751,0.057558604,0.031773902,0.011986474,0.00079851225,0.002812419
-0.020861592,-0.05725307,-0.084386036,-0.09070679,-0.08933234,-0.081955366,-0.08786596,-0.0717904,-0.06263572,-0.054225393,-0.05221591,-0.047927886
0.07662333,0.064165995,0.06804471,0.07011116,0.06105395,0.04908789,0.046057608,0.03533705,0.022492947,0.008497514,-0.0016322173,-0.0048743747
-0.20996207,-0.20700778,-0.18071002,-0.138715,-0.110086724,-0.08769275,-0.075405695,-0.05875285,-0.06023722,-0.06666591,-0.070784345,-0.07585655
0.1648593,0.14986785,0.13756394,0.119516596,0.12601002,0.10997761,0.09786786,0.09403311,0.08420546,0.083919406,0.074473366,0.0751609
-0.4603324,-0.4201615,-0.3354277,-0.32242733,-0.27155197,-0.2230679,-0.17231023,-0.14001079,-0.13028318,-0.11407761,-0.109246574,-0.12000713
0.09334009,0.10982942,0.103961766,0.08857949,0.06340318,0.049076565,0.045421474,0.020508977,0.012760739,0.007403006,0.011261742,0.010173744
0.17485671,0.19740346,0.19896008,0.18421538,0.17134099,0.15828095,0.1390949,0.11521055,0.09426801,0.08379433,0.07380195,0.06974769
0.14281073,0.124863535,0.10419216,0.08659716,0.06723724,0.05357527,0.044381566,0.039285183,0.040558472,0.045861345,0.049395315,0.05356571
-0.20826307,-0.20606785,-0.18365523,-0.16584074,-0.14568901,-0.13349193,-0.108530685,-0.09515672,-0.080089465,-0.07105165,-0.061076514,-0.05726762
0.049143616,0.042773116,0.03484261,0.022051483,0.02056688,0.012906641,0.008907227,-0.0024933033,-0.0055150865,-0.009483324,-0.0117755085,-0.008613978
-0.070890814,-0.086908504,-0.055368334,-0.041492745,-0.025965042,-0.027004804,-0.014160745,-0.011060711,-0.01633406,-0.022263173,-0.0300311,-0.032758422
0.6922025,0.6827903,0.59707314,0.5339945,0.45987827,0.39143938,0.32786953,0.2695979,0.24059066,0.22975108,0.22313975,0.22842388
0.15981638,0.18712106,0.20065942,0.21393016,0.20064852,0.18242054,0.15563539,0.14057131,0.11950357,0.10976335,0.10178238,0.09549752
0.70515364,0.7575661,0.6601534,0.6094086,0.52148867,0.477076,0.39528534,0.35718176,0.31801897,0.29155493,0.26950634,0.25933182
0.27481222,0.267389,0.25953716,0.21634917,0.18113965,0.14691785,0.1419409,0.116954595,0.10866808,0.11240752,0.11250607,0.11639665
-0.28578457,-0.2898447,-0.247348,-0.20848471,-0.16977552,-0.15053955,-0.12333873,-0.104100764,-0.09659025,-0.09537786,-0.09398307,-0.093896024
-0.22279203,-0.15723068,-0.09687978,-0.043189824,-0.016021103,0.0052170902,0.014376819,0.0074273795,-0.018589243,-0.04940056,-0.06608926,-0.083854005
0.064540036,0.058641538,0.04059811,0.02672007,0.018820576,0.011469085,0.0065501295,-0.0035543889,-0.010465786,-0.020795595,-0.028515195,-0.030550705
-0.22428256,-0.23573932,-0.19142766,-0.15143713,-0.10631958,-0.09871246,-0.086968824,-0.07969853,-0.08244481,-0.096686356,-0.10846604,-0.113432616
0.07053582,0.055068348,0.036208957,0.031482067,0.01956287,0.017642241,0.012035862,0.012590863,0.00779476,0.0056043677,0.0023926757,0.001582887
0.01278877,0.017147362,-0.0011238623,-0.0053475723,-0.007013127,-0.0034572035,-0.011973346,-0.008541813,-0.002579969,0.0033537473,0.0071549485,0.008101811
0.046642333,0.027380863,0.030293815,0.032794416,0.033235133,0.027481347,0.028708575,0.02507912,0.017899703,0.013420815,0.007825788,0.0071567316
0.07014808,0.059079926,0.05480049,0.040839393,0.032255776,0.024018876,0.021790382,0.01841044,0.019997455,0.021844368,0.021711808,0.023761906
-0.1044981,-0.12823388,-0.12380205,-0.11341876,-0.10912312,-0.102883935,-0.0873433,-0.076080106,-0.06748881,-0.05856243,-0.051310368,-0.045963082
0.18565515,0.1935498,0.17742097,0.15618528,0.14001139,0.12772359,0.10961874,0.091503516,0.078805976,0.06789885,0.05883248,0.054761276
0.64489186,0.9857416,1.0484395,0.91766304,0.8576026,0.8010882,0.7414712,0.6132873,0.5553349,0.5053363,0.47518456,0.42781556
-0.10942593,-0.09360756,-0.0932861,-0.11104914,-0.103907615,-0.087833956,-0.07478711,-0.06335563,-0.042471938,-0.027197167,-0.014672551,-0.01302002
0.13265337,0.121167995,0.11221403,0.099663146,0.08529062,0.07082108,0.062233485,0.05233428,0.04445435,0.04291673,0.039140135,0.040078618
-0.24548864,-0.25412828,-0.24628162,-0.21423689,-0.1944023,-0.16857408,-0.1591619,-0.12757021,-0.11348156,-0.098351784,-0.08805235,-0.085045755
0.04135896,0.053583764,0.05842924,0.045764767,0.044338863,0.04153496,0.037113704,0.03105261,0.030019835,0.03660524,0.039629582,0.041014448
-0.32691732,-0.32000607,-0.26666835,-0.2507343,-0.21439229,-0.19728008,-0.15176965,-0.1461249,-0.12912144,-0.12137811,-0.108415514,-0.10276
-0.06255403,-0.049157187,-0.041998293,-0.031077102,-0.017543107,-0.009746436,-0.0085181035,-0.006023079,-0.006590478,-0.010889677,-0.014340386,-0.018086623
0.10744573,0.115743466,0.12305906,0.12571149,0.11793113,0.106288,0.09667012,0.079221666,0.05767686,0.036772136,0.02056684,0.013360199
-0.0524949,-0.031220458,-0.018963598,0.0029211864,0.028483741,0.040978298,0.034233384,0.0351779,0.02721515,0.013061721,0.00023317151,-0.009082334
0.18693735,0.2295031,0.24176808,0.24249172,0.23328249,0.21388705,0.1919964,0.1521903,0.111714035,0.069028154,0.040331274,0.025850944
-0.03439343,-0.028525285,-0.031177215,-0.02391195,-0.019859891,-0.013086792,-0.01631457,-0.0123381335,-0.014242869,-0.015065581,-0.016469466,-0.01804266
0.3289796,0.33820426,0.3065678,0.268891,0.22153945,0.19745253,0.18253404,0.16071676,0.14931759,0.15175352,0.15403183,0.1572215
0.056737572,0.060105268,0.06484381,0.050768435,0.04732325,0.03760029,0.034954682,0.027358178,0.028849302,0.029462447,0.030414667,0.031799506
0.073506445,0.0533895,0.041218568,0.04970236,0.04771804,0.035078607,0.02008785,0.018395156,0.014953971,0.010763416,0.0062712114,0.006314723
-0.077956505,-0.06440573,-0.04504016,-0.03953065,-0.015276149,-0.007496007,0.0044556707,0.0011309534,0.00018432364,-0.008117525,-0.01544415,-0.01903755
0.1579571,0.16063502,0.1379246,0.09690358,0.07625022,0.066381745,0.06909441,0.059930794,0.05763276,0.07534874,0.08188319,0.08995084
0.664293,0.5836717,0.5093152,0.45011503,0.3862656,0.33234787,0.27640486,0.25903326,0.23133793,0.2274074,0.20087886,0.19585937
0.057425484,0.06366925,0.043645214,0.03521339,0.022163197,0.022096604,0.01565469,0.014062561,0.014932623,0.018270778,0.022579653,0.023093842
-0.047872953,-0.06551869,-0.05082999,-0.058401346,-0.053871937,-0.053675883,-0.039582174,-0.044487197,-0.04865126,-0.051069144,-0.055084396,-0.05427525
0.15861171,0.21487206,0.19129008,0.18408974,0.17728995,0.17721483,0.12769647,0.104300156,0.07451172,0.0481874,0.029375073,0.016064104
0.57384586,0.50764406,0.4239552,0.35201636,0.27908665,0.22594759,0.17423844,0.14625181,0.11755866,0.096990675,0.07078029,0.06972726
0.057744306,0.047280617,0.020905554,0.011350974,-0.0020563975,-0.0029582083,-0.0012148768,0.0013031885,0.007508114,0.010438964,0.012889335,0.014926109
-0.8879223,-0.9841007,-0.9689601,-0.8362007,-0.74244225,-0.6425572,-0.5622767,-0.43526933,-0.36601534,-0.3011207,-0.2574249,-0.24324818
0.086414546,0.1244976,0.14169998,0.1226156,0.11257594,0.1032448,0.10361546,0.0794507,0.06526828,0.064218074,0.06467173,0.06481958
0.034471303,0.025900219,0.019111872,0.022746881,0.013695419,0.0063801743,0.00833296,0.006270759,0.0064158067,0.005049564,0.006235876,0.0070776213
0.07185717,0.038392775,-0.0017294437,-0.0030106232,-0.020659313,-0.026871204,-0.04894527,-0.041176733,-0.041644953,-0.040701926,-0.03994719,-0.037280463
0.40366006,0.40066108,0.3821787,0.35615236,0.31826353,0.28398347,0.2326414,0.19903806,0.15892419,0.12739861,0.09677938,0.08565644
-0.009903435,0.0010002311,0.012814669,0.017806385,0.021161513,0.020784924,0.025678623,0.019953096,0.015651578,0.007005546,0.0019026711,-0.0011996557
-0.262334,-0.28348428,-0.26612613,-0.25617355,-0.23440516,-0.20849279,-0.19135243,-0.16919874,-0.15729518,-0.14771134,-0.1433711,-0.14157648
-0.25902775,-0.2017516,-0.16269174,-0.14062263,-0.12320261,-0.085709184,-0.07490976,-0.03566634,-0.012954012,0.011760049,0.025868155,0.018155612
-0.0703032,-0.09078156,-0.085580215,-0.06751733,-0.062157813,-0.056009196,-0.04162616,-0.0253619,-0.018833216,-0.009268285,-0.0047908025,-0.0031264657
-0.0012359342,-0.0055159237,-0.00027898815,0.019785589,0.03030445,0.029850136,0.033257432,0.029126044,0.018660042,0.0045065265,-0.0058263317,-0.009305122
-0.39456317,-0.39256555,-0.35844678,-0.33817452,-0.29842892,-0.26049465,-0.21613216,-0.18477434,-0.15635303,-0.13723841,-0.12052426,-0.11557307
-0.0017130412,-0.012108138,-0.022715716,-0.021588216,-0.023805413,-0.021520484,-0.018081047,-0.011279598,-0.0048345234,0.0012993524,0.0050395126,0.007017979
0.090837225,0.16279005,0.1470145,0.15026239,0.13203913,0.1324313,0.10028529,0.08066697,0.06428727,0.044085108,0.03627844,0.023815092
-0.10180619,-0.10280707,-0.0879897,-0.07333853,-0.062905684,-0.05702618,-0.048237417,-0.041193776,-0.037218954,-0.035748497,-0.034164526,-0.0343872
-0.0732511,-0.028526045,-0.007608652,-0.00784497,0.0009200573,0.009381898,0.016180761,0.008684266,0.008454461,0.0042949356,0.0047609806,0.0007192232
0.6541521,0.62050325,0.51161873,0.47700477,0.37335446,0.31086147,0.23230657,0.20596798,0.18984759,0.19387777,0.20374875,0.21206689
-0.109737076,-0.13557725,-0.12618129,-0.09975816,-0.083911195,-0.07405569,-0.0606476,-0.04932786,-0.04750079,-0.04812666,-0.0477475,-0.047238726
-0.28336582,-0.27397913,-0.24564117,-0.21860246,-0.18775612,-0.15938467,-0.1411075,-0.118211925,-0.099676706,-0.08812213,-0.07541949,-0.07410687
-0.11811567,-0.1579034,-0.15194076,-0.13382384,-0.12325175,-0.11664441,-0.0991765,-0.08485534,-0.0783175,-0.07905096,-0.07930742,-0.077065215
-0.077819,-0.08120888,-0.06761118,-0.07460456,-0.07142385,-0.062981375,-0.045610033,-0.03371139,-0.030023247,-0.019601565,-0.018160481,-0.016615992
-0.32957292,-0.35067987,-0.32658523,-0.2871379,-0.24763983,-0.21574628,-0.20976503,-0.17744447,-0.17515448,-0.17801635,-0.18511415,-0.18901797
-0.13839707,-0.15646045,-0.13487883,-0.12222741,-0.104533195,-0.09589802,-0.07113677,-0.05992239,-0.052355982,-0.050737694,-0.05078649,-0.048927024
-0.07994857,-0.047458217,-0.0085479915,0.006016165,0.0224673,0.019538417,0.020104408,0.0057284385,-0.0034121647,-0.023246035,-0.031623743,-0.03935625
0.122496955,0.11204115,0.09946117,0.0872108,0.070425525,0.057854436,0.04544507,0.036999263,0.02622474,0.020378027,0.013903614,0.011924211
-0.09733327,-0.105444536,-0.09002814,-0.08621864,-0.07205296,-0.07017489,-0.049420353,-0.045736063,-0.0386992,-0.03614657,-0.03356787,-0.030855175
0.20214471,0.18990237,0.14983937,0.13083372,0.10208362,0.08875739,0.06345552,0.056028157,0.04723236,0.040170178,0.033438586,0.031981707
0.14526498,0.1369789,0.11887419,0.09517798,0.07500848,0.060728215,0.04836101,0.041543435,0.03855463,0.039249044,0.037085593,0.03791939
-0.11813923,-0.12321034,-0.11517601,-0.1145508,-0.10069845,-0.09115453,-0.07968948,-0.07105163,-0.06094194,-0.05521465,-0.050552443,-0.04780668
0.08740135,0.10203477,0.10357692,0.1006252,0.09208227,0.08157767,0.07034718,0.05579283,0.046277784,0.034254313,0.028091576,0.025393425
0.23999172,0.17535613,0.1144084,0.074887946,0.04575813,0.029880866,0.016943902,0.02343589,0.03650479,0.055930167,0.063449785,0.07361677
-0.10666773,-0.1204212,-0.10264912,-0.10757504,-0.09982627,-0.09402642,-0.07938626,-0.07113498,-0.060977608,-0.04968658,-0.041734505,-0.036113534
0.011935018,0.024297878,0.03342504,0.046018746,0.047831595,0.04228637,0.035539962,0.027153218,0.02141598,0.015133018,0.014282307,0.01324936
-0.09751065,-0.090406045,-0.07264793,-0.05444529,-0.041506663,-0.03624447,-0.028389528,-0.02833347,-0.028706443,-0.037389603,-0.038960546,-0.042111605
0.017264325,0.047003906,0.04984192,0.017494824,0.010674626,0.0152042005,0.01699684,0.0101677105,0.014376944,0.020916818,0.02489448,0.02402033
-0.09631598,-0.14222357,-0.15839413,-0.14380948,-0.13200125,-0.12090969,-0.111008525,-0.083506115,-0.065213,-0.049178928,-0.04195562,-0.036909483
-0.18804559,-0.18315507,-0.18060786,-0.15774749,-0.13568032,-0.110755384,-0.09293775,-0.07565004,-0.06707731,-0.0637644,-0.060215954,-0.06153243
0.19057344,0.13760866,0.09482592,0.06997,0.045352235,0.028748289,0.021163538,0.020634122,0.019035168,0.026213259,0.0262729,0.033559933
0.8942826,0.8462695,0.750973,0.6809742,0.5821551,0.52233416,0.48486212,0.42426956,0.3825863,0.3627025,0.34293175,0.3509007
-0.05770541,-0.027501173,-0.02659133,-0.024864394,-0.011848353,-0.0028758906,-0.0055758283,-0.004028745,0.0024977624,0.0077499896,0.01257547,0.0110908225
0.2762626,0.2618149,0.21487896,0.1733146,0.13604861,0.112187,0.08609629,0.08038471,0.08433208,0.09664936,0.10216216,0.10668294
-0.14890467,-0.14753301,-0.1356557,-0.112555295,-0.091045186,-0.0779485,-0.06854138,-0.058010943,-0.057637177,-0.063028276,-0.06716508,-0.07089914
0.13173136,0.12766746,0.114729166,0.09080037,0.07209525,0.056991793,0.055578023,0.048958275,0.046745606,0.052266907,0.052875645,0.056463964
-0.10480672,-0.10997795,-0.1071988,-0.10381751,-0.093567885,-0.08474723,-0.07374877,-0.060333796,-0.048430406,-0.036415353,-0.027529085,-0.024114616
0.08454335,0.08718118,0.089728035,0.07563978,0.065830044,0.050927322,0.050540954,0.03529313,0.035454176,0.037307553,0.0413815,0.045609266
-0.1946683,-0.19450387,-0.16958119,-0.15932195,-0.1349951,-0.11943793,-0.09845559,-0.08325973,-0.06666273,-0.054446984,-0.045274153,-0.04213576
-0.020599354,-0.008779366,-0.013681516,-0.022536661,-0.02203068,-0.018578278,-0.02187677,-0.024090344,-0.019769866,-0.016928177,-0.013986606,-0.013103861
-0.08074021,-0.0803107,-0.051084436,-0.049537376,-0.037556484,-0.038119063,-0.017821468,-0.020548835,-0.01744365,-0.02170604,-0.02332057,-0.023691311
-0.10822778,-0.13137388,-0.121040724,-0.09484713,-0.076372355,-0.06577076,-0.062561244,-0.052301817,-0.0585792,-0.06872055,-0.079058155,-0.08320668
0.13689822,0.24250825,0.30275598,0.25195915,0.2323741,0.21707094,0.20317271,0.1585892,0.13780302,0.13393506,0.13563657,0.13042091
0.03801997,0.028990965,0.023698356,0.02966249,0.028384645,0.027710557,0.025793668,0.020896751,0.009553168,0.0043569636,0.0007959381,-0.0014285725
0.28881317,0.2249228,0.15011176,0.12186821,0.07850087,0.04834126,0.025344819,0.016904727,0.011739075,0.0063592046,0.0011494756,0.006289661
-0.12311996,-0.060210764,-0.056648463,-0.030373082,-0.023323596,0.003587164,0.01615379,0.029169235,0.034900136,0.04608269,0.055924095,0.054095767
-0.19858128,-0.1976342,-0.17825979,-0.15308866,-0.13562933,-0.11425218,-0.091364965,-0.0705986,-0.05983579,-0.05088628,-0.043283377,-0.042337812
0.29739764,0.3464714,0.35504416,0.32182077,0.3160012,0.27569294,0.2304373,0.17831568,0.15195814,0.12396361,0.10208422,0.096506335
0.16016082,0.20073552,0.22280228,0.19915046,0.19088067,0.17262782,0.15446898,0.123871304,0.105421744,0.09381849,0.084903814,0.07971119
0.0035692565,-0.013468094,-0.045771435,-0.055693835,-0.066507995,-0.06465329,-0.05904483,-0.049192242,-0.031154005,-0.014894692,-0.001153551,0.0051294267
0.08303039,0.09423487,0.079866245,0.066300906,0.054935157,0.0489348,0.044855762,0.03583467,0.037672535,0.037841823,0.04091366,0.041879658
0.07053514,0.094008565,0.0944759,0.07575791,0.08063233,0.07499808,0.06980254,0.051456116,0.049385022,0.042645298,0.039924245,0.03757237
-0.113538496,-0.11207923,-0.11041405,-0.10220115,-0.09523523,-0.08184849,-0.072730586,-0.059523392,-0.047792643,-0.040237084,-0.032645207,-0.032137115
0.07336511,0.06923287,0.07956109,0.07578802,0.070139244,0.05357661,0.054304928,0.043422665,0.04505959,0.048226617,0.054209583,0.06042978
-0.26307362,-0.25435483,-0.23533559,-0.1894524,-0.15456429,-0.13087077,-0.11324814,-0.090473294,-0.074567854,-0.064379066,-0.054966748,-0.053836726
0.25133884,0.21125998,0.17352918,0.15762344,0.13314901,0.110774115,0.09176712,0.08556941,0.07041679,0.06761386,0.05517205,0.055479594
0.08372177,0.056293152,0.043059334,0.014991455,0.0030883402,-0.009373851,-0.0074873716,-0.0057476424,0.0085787475,0.024008796,0.034132715,0.042675994
0.01376427,-0.02323398,-0.016042706,-0.011789199,-0.0059897043,-0.009920098,-0.011412272,-0.005694635,-0.016570125,-0.022615224,-0.033796933,-0.035876174
-0.052952833,-0.0472534,-0.05588333,-0.060617894,-0.04882641,-0.038886793,-0.035088975,-0.025625624,-0.010081274,0.0045748856,0.015281053,0.02016785
-0.011356948,-0.026003892,-0.026770286,-0.019324915,-0.011701664,-0.011234325,-0.009671506,-0.009030061,-0.009499773,-0.00945276,-0.008143289,-0.007457544
0.43096888,0.39070708,0.3515866,0.31331813,0.26551658,0.22433534,0.18719773,0.15865168,0.12726498,0.10880241,0.08781992,0.08568759
-0.13587567,-0.11733028,-0.10459721,-0.09348054,-0.06629286,-0.05044137,-0.04319842,-0.04069011,-0.040993422,-0.050768077,-0.057313852,-0.06342465
0.060110375,0.055666678,0.040504597,0.031577043,0.024416786,0.018715769,0.013571985,0.009622211,0.009281987,0.0063448437,0.004376998,0.0040020533
-0.0095487675,-0.0120324325,-0.013985537,-0.012793582,-0.011732617,-0.012378664,-0.016220568,-0.017934697,-0.020468168,-0.02508117,-0.027812487,-0.028212946
-0.19316295,-0.16358423,-0.121325016,-0.10798383,-0.106518656,-0.09487246,-0.07601308,-0.08187165,-0.08268519,-0.08775238,-0.08034906,-0.08041388
-0.13708442,-0.1494424,-0.12309645,-0.16968276,-0.15226048,-0.15386888,-0.13945709,-0.14500472,-0.1324997,-0.13031578,-0.13373923,-0.12782094
-0.07902401,-0.08838015,-0.08845928,-0.06492036,-0.056198865,-0.043896362,-0.050910562,-0.043198276,-0.050805636,-0.0635221,-0.0720119,-0.07709177
-0.0971889,-0.08193807,-0.07674167,-0.05200927,-0.03757746,-0.020095818,-0.017973665,-0.010592163,-0.019161196,-0.028369738,-0.033727724,-0.04227242
-0.23400393,-0.2075113,-0.1806905,-0.17720656,-0.15539484,-0.13699175,-0.11630652,-0.1050844,-0.08529323,-0.0723455,-0.05890543,-0.056749165
-0.20929474,-0.2347228,-0.22169195,-0.18690372,-0.15401313,-0.12673424,-0.09201315,-0.06842415,-0.051996637,-0.037505455,-0.026812702,-0.021673616
0.8587715,0.80735576,0.6670166,0.5901324,0.51811385,0.4579931,0.39147782,0.32291445,0.27714902,0.25108457,0.2239024,0.22335291
0.12332061,0.18450731,0.1968221,0.21326248,0.21538353,0.195763,0.18320152,0.13934092,0.11702275,0.07656025,0.060927704,0.050803978
-0.058803402,-0.051514342,-0.08335965,-0.039421763,-0.068045355,-0.05714036,-0.046595637,-0.040119022,-0.052195393,-0.04950805,-0.039133415,-0.037033983
-0.29196614,-0.2804122,-0.24447098,-0.215297,-0.18220918,-0.15925896,-0.13121565,-0.115912504,-0.1010841,-0.09520527,-0.08640179,-0.085202225
0.2636154,0.28744668,0.29650033,0.31460005,0.30364516,0.27919227,0.24554406,0.20324624,0.1432365,0.08090687,0.03320328,0.0103058815
0.10785748,0.089831844,0.071043864,0.060184747,0.046058014,0.036786366,0.024804473,0.019236289,0.012169972,0.0062782876,0.00070955604,5.9366226e-05
-0.023588408,-0.042889714,-0.05390989,-0.06211574,-0.065674104,-0.061436273,-0.057580337,-0.049885776,-0.042971082,-0.037772417,-0.035426114,-0.032974496
-0.34314582,-0.29550576,-0.27714637,-0.25502968,-0.2158432,-0.17581919,-0.1752401,-0.1523737,-0.1344065,-0.12219792,-0.11038113,-0.11155742
0.057889275,0.031644173,0.04131569,0.0577205,0.05457966,0.038397852,0.031157328,0.025026005,0.016215533,0.0051588905,-0.002138935,-0.0048742713
0.09684661,0.085300416,0.057258114,0.0433267,0.024759635,0.018270195,0.009915486,0.009240802,0.010152385,0.012197301,0.014059618,0.016233882
0.19776621,0.19158137,0.15986419,0.13797386,0.11144631,0.09488116,0.07548263,0.06687027,0.06453292,0.06743987,0.068819374,0.070655495
0.14135249,0.08197652,0.046815842,0.0412125,0.030836195,0.01901482,0.003730297,0.0054264814,-0.0046450794,-0.011579156,-0.023762465,-0.023278452
-0.10085891,-0.16266243,-0.1789354,-0.14883232,-0.13521226,-0.11906062,-0.11029968,-0.08067214,-0.07787052,-0.077616245,-0.08400159,-0.085694075
0.011550687,0.03346074,0.03757158,0.03993819,0.037666306,0.037672244,0.03472332,0.027087072,0.024916418,0.02165594,0.022749107,0.020891596
0.15009284,0.13840666,0.1286312,0.120600685,0.104616016,0.08863048,0.07503575,0.061839428,0.046005987,0.031178474,0.018935855,0.015980884
0.0016450919,-0.011806923,-0.013921345,-0.015922349,-0.011918734,-0.014833385,-0.009022445,-0.0064206994,-0.0023505297,0.005303283,0.0076514874,0.010342996
-0.019454692,-0.05016672,-0.07719982,-0.06422767,-0.061982743,-0.054866027,-0.05430983,-0.03735567,-0.031317912,-0.0297729,-0.030440371,-0.029860426
-0.061977036,-0.042965915,-0.0380009,-0.029518522,-0.02526309,-0.015968654,-0.014949203,-0.013918642,-0.013288554,-0.016794713,-0.017511353,-0.02075536
0.028921112,0.0103057865,-0.008291516,-0.013829004,-0.01722224,-0.016776323,-0.026022347,-0.017976739,-0.013915205,-0.0059093423,-0.0021946672,-0.0006642621
-0.085392416,-0.064246655,-0.06924079,-0.06537013,-0.05478677,-0.040964037,-0.047655515,-0.0396931,-0.031213306,-0.023715205,-0.016415868,-0.016762096
0.33106712,0.33270374,0.26604664,0.23747502,0.1951155,0.1805681,0.16097154,0.14096487,0.13224776,0.12525985,0.118830085,0.11822899
-0.37702334,-0.40233228,-0.37838608,-0.32080853,-0.27916014,-0.24497078,-0.20860669,-0.16642785,-0.15269575,-0.1394448,-0.13338606,-0.13310035
0.0023273267,-0.023313776,-0.025413454,-0.023883978,-0.022885453,-0.02452569,-0.02069104,-0.016943974,-0.02146155,-0.018424299,-0.020631582,-0.01711903
-0.14989449,-0.12893853,-0.101671875,-0.079401694,-0.052933216,-0.039686978,-0.024883248,-0.019861348,-0.015622452,-0.016100869,-0.014331244,-0.015581973
-0.024112724,-0.021311488,-0.014095709,-0.015493285,-0.018776517,-0.020915518,-0.019665733,-0.022662496,-0.020130329,-0.01672415,-0.011383815,-0.010057999
0.11046369,0.07211675,0.04298599,0.02399858,0.011109039,-0.00079552084,-0.0029262304,0.0034968778,0.014263034,0.02848927,0.035166066,0.042573117
-0.12724164,-0.12776926,-0.08827381,-0.065957226,-0.047316976,-0.04570745,-0.03301225,-0.031141862,-0.034151644,-0.04311673,-0.049169805,-0.051178206
-0.08299528,-0.05919414,-0.025531262,-0.04309067,-0.03982596,-0.039311863,-0.030783847,-0.031403314,-0.017786793,-7.860735e-05,0.015685122,0.021842789
0.0055386517,0.030410012,0.044105276,0.058993444,0.06833075,0.06421427,0.05674913,0.043887768,0.026143657,-0.0010456406,-0.018922329,-0.030404959
0.056006014,0.045605265,0.029677138,0.018703975,0.0041808262,-0.0026087202,-0.006374389,-0.0009271428,0.0038217977,0.012511976,0.018497147,0.020936076
-0.06983708,-0.07548401,-0.06765671,-0.051757455,-0.043816123,-0.036911033,-0.030910823,-0.026912931,-0.032866254,-0.044079497,-0.052453093,-0.0570997
0.17104745,0.20711046,0.23744948,0.23133284,0.21286452,0.18915296,0.17597081,0.14290321,0.113849506,0.093888454,0.081598595,0.07661658
-0.08856751,-0.120969065,-0.10647401,-0.091134846,-0.082126975,-0.08077431,-0.06182332,-0.048594795,-0.047176182,-0.05054452,-0.05595685,-0.055699006
-0.26687786,-0.30286774,-0.29668203,-0.2518028,-0.22284937,-0.1979962,-0.17879687,-0.14430238,-0.12784858,-0.118692584,-0.1107552,-0.10706766
-0.61321986,-0.6512774,-0.62035,-0.56448025,-0.49223024,-0.43260682,-0.38157678,-0.3197776,-0.2696073,-0.2318687,-0.20194623,-0.1918973
-0.09625292,-0.14772695,-0.096807614,-0.08796138,-0.057099998,-0.068526715,-0.07694122,-0.062331006,-0.056494102,-0.041733667,-0.03624269,-0.022878818
0.12510139,0.1422877,0.13203284,0.10538653,0.09265042,0.08399282,0.07580147,0.060154445,0.053289592,0.048644476,0.043149784,0.0415491
-0.015658347,-0.030250613,-0.040687498,-0.031645704,-0.027743058,-0.023708127,-0.029717885,-0.02414859,-0.026940905,-0.033768963,-0.039678857,-0.041009277
0.1471354,0.123068124,0.094825,0.07212487,0.049087673,0.03977873,0.04310541,0.037410915,0.03767485,0.03930238,0.040019065,0.044780973
0.03402015,0.022020388,0.010031909,0.005937971,-0.0026192777,-0.0046044737,-0.0024185032,0.0034764595,0.009654248,0.019827235,0.027092341,0.033422835
-0.28360778,-0.28720605,-0.2638899,-0.23593625,-0.20176673,-0.17711109,-0.15230313,-0.12537669,-0.103474624,-0.088706225,-0.07670243,-0.07359439
-0.4590865,-0.46627003,-0.40369737,-0.34134173,-0.24248636,-0.21452671,-0.21102583,-0.1804873,-0.15787573,-0.14763144,-0.14010659,-0.13144945
-0.0049969386,-0.024581732,-0.04997891,-0.05986426,-0.064758286,-0.06006383,-0.059505843,-0.043775298,-0.028429825,-0.009461528,0.0021462361,0.009147503
-0.25476268,-0.23465954,-0.21336189,-0.17987014,-0.15009467,-0.12520769,-0.11471483,-0.09469405,-0.08282133,-0.08139324,-0.07767496,-0.07922978
-0.3470585,-0.33883947,-0.30041265,-0.2823438,-0.2459273,-0.22124714,-0.179394,-0.1639243,-0.14107403,-0.12812625,-0.11439249,-0.107523814
-0.06080871,-0.055543046,-0.028691992,-0.016924225,-0.0045359284,-0.006084811,0.0056469664,0.0032583661,0.0052606873,0.0011233147,0.00016103685,0.0004571285
-0.12870902,-0.09694932,-0.070332706,-0.039634585,-0.029368639,-0.0148240775,-0.008527227,-0.004735522,-0.013261825,-0.018527359,-0.019924683,-0.024499726
-0.4777888,-0.5172391,-0.47489166,-0.41679937,-0.36456376,-0.329612,-0.28589797,-0.244784,-0.22384262,-0.211977,-0.20210983,-0.19542196
0.11338161,0.099270284,0.06530632,0.05040606,0.036623366,0.033056438,0.021874443,0.022491239,0.02374386,0.025194269,0.024290197,0.025750928
0.031875104,-0.04059975,-0.0748197,-0.06503654,-0.0889353,-0.09230311,-0.10417764,-0.089687325,-0.09172718,-0.093329795,-0.09274508,-0.0856704
-0.30797002,-0.28668058,-0.24827221,-0.21446383,-0.17464891,-0.14562383,-0.12443212,-0.10462645,-0.09286576,-0.09067012,-0.0865805,-0.08911064
0.14841302,0.13229652,0.09586725,0.06845142,0.044766754,0.030427158,0.01953549,0.011487968,0.014363609,0.02034935,0.025444593,0.029296573
0.1413567,0.137332,0.13633704,0.119335845,0.10455039,0.08969418,0.07545161,0.057890892,0.043950934,0.032519527,0.02226459,0.02003321
-0.36768764,-0.3558996,-0.32285044,-0.27107233,-0.22673817,-0.19003388,-0.16692102,-0.13647714,-0.12240742,-0.11589006,-0.10825686,-0.109328136
0.20350245,0.19086125,0.15620536,0.12172167,0.086054966,0.07084918,0.06475067,0.052689552,0.056422234,0.07545668,0.09004272,0.10135952
0.07956628,0.13772477,0.15686949,0.16403048,0.15731844,0.15113534,0.14023088,0.1146068,0.087641776,0.06285076,0.046820812,0.033214312
0.2660063,0.24010949,0.2141594,0.18219267,0.14711842,0.12533668,0.102905914,0.0885804,0.07242058,0.070670396,0.06548819,0.067162424
0.022454642,0.06596398,0.07967268,0.07937206,0.07469871,0.069965184,0.06148356,0.045004513,0.035688814,0.02844228,0.026751366,0.02346052
0.050691675,0.042475335,0.026790872,0.023250192,0.01733429,0.013129272,0.012339659,0.013325755,0.016121602,0.020017259,0.022801166,0.02548409
0.024123231,0.025665099,0.011161219,0.012992503,0.010761844,0.012639543,0.0038251746,0.003576382,0.0025249897,0.001717831,0.0010964968,0.0015239706
0.35927328,0.3357927,0.29495904,0.27392948,0.23383456,0.20310827,0.17763415,0.15065631,0.11774058,0.08811174,0.06495887,0.057101108
0.23589882,0.22780377,0.19906595,0.18462591,0.1519134,0.12857126,0.111331984,0.09346976,0.08221846,0.07577688,0.07338052,0.073813945
0.27926847,0.2630955,0.24945985,0.21969871,0.19159748,0.16234586,0.14156085,0.11667874,0.09535098,0.08491159,0.0731663,0.07297299
0.15377998,0.16234586,0.18153597,0.21062478,0.20580322,0.18467407,0.16480571,0.13725588,0.08668178,0.03968875,0.0025989488,-0.0128784105
0.1049457,0.103018835,0.09497111,0.08360611,0.070203036,0.06277388,0.062010933,0.05582099,0.050928358,0.05118296,0.04960806,0.050354924
0.05685818,0.059649285,0.05160032,0.036663815,0.028924316,0.019546695,0.01128003,0.0032279808,0.0047121877,0.0060684867,0.00760129,0.00982092
0.1756516,0.1823169,0.1755507,0.16727933,0.156307,0.13917181,0.12745243,0.11158551,0.100083634,0.09042307,0.08129376,0.077442236
0.013503533,0.005439937,0.0017799884,-0.011569541,-0.020765794,-0.020875312,-0.017401114,-0.014556006,-0.010814294,-0.0028052703,0.001154311,0.0034096055
0.06293222,0.042151622,0.016372621,-0.008791342,-0.019071475,-0.023481876,-0.028147131,-0.026153322,-0.0166784,-0.009190902,-0.0037800148,0.0019834694
0.01058612,-0.032238998,-0.061593346,-0.066996425,-0.06662622,-0.06495988,-0.054606467,-0.03789209,-0.024219673,-0.010067776,-0.002928026,0.0048775226
0.010161491,0.026931062,0.057285625,0.05542305,0.067985974,0.054951437,0.05546896,0.033367984,0.025646197,0.0052140728,-0.005056329,-0.009840593
0.2259436,0.21257952,0.19477242,0.18231687,0.15029211,0.12317222,0.11747086,0.09752886,0.0819483,0.06668849,0.057706334,0.055202298
-0.1432353,-0.116116695,-0.09921278,-0.084253885,-0.068261385,-0.05786553,-0.048109382,-0.042983554,-0.03622403,-0.032731872,-0.026761614,-0.026313275
0.0647013,0.07069427,0.04664217,0.053479724,0.047487766,0.04871358,0.03047604,0.029340208,0.019997295,0.0115299,0.005365908,0.0015109591
0.11989567,0.11176069,0.0856538,0.070279524,0.060580447,0.054075904,0.03755886,0.028696653,0.02244258,0.016636036,0.012544351,0.012104878
0.08151604,0.065868735,0.06201478,0.051465638,0.043361783,0.03483347,0.03088921,0.028467644,0.02404287,0.021969011,0.016735211,0.016437277
0.015529355,0.022888489,0.028619846,0.029570226,0.030568544,0.025503615,0.022853017,0.017290056,0.016517768,0.012466401,0.0111086145,0.010846429
0.14122693,0.10739674,0.057123274,0.044060305,0.01792951,0.005891189,-0.0008562654,0.0035112724,0.011534102,0.024909224,0.033840045,0.041929167
0.15393488,0.12266874,0.13391796,0.12915145,0.11165548,0.09067337,0.08675956,0.075978324,0.060889184,0.052109227,0.04177533,0.040421713
0.012272213,-0.006114859,-0.0065594316,-0.01770527,-0.019232556,-0.026361234,-0.024044476,-0.027210176,-0.026256695,-0.029628215,-0.03266049,-0.030962273
0.0029080706,0.0021124594,0.025396422,0.024608493,0.032943886,0.028055517,0.021907432,0.009459365,-0.005189514,-0.022280762,-0.03528834,-0.04039737
-0.08487925,-0.15055397,-0.14111191,-0.099959515,-0.07635389,-0.08379867,-0.067646734,-0.049971066,-0.04488815,-0.047615144,-0.052452054,-0.048322044
0.20920968,0.2078065,0.20891976,0.18481937,0.16346715,0.13772966,0.1340935,0.10369602,0.08840187,0.069393456,0.055772223,0.05378628
-0.15752307,-0.13773574,-0.13348424,-0.12336831,-0.11270121,-0.09109047,-0.081367925,-0.06650123,-0.05604755,-0.04934553,-0.041834116,-0.044162687
0.103787996,0.08744378,0.06813189,0.059036866,0.048563972,0.04438875,0.040244803,0.039974142,0.034541532,0.036991842,0.034381002,0.036052857
0.0029278654,-0.0017242962,-0.013246808,0.00093003456,-0.004733616,-0.006742267,-0.015288442,-0.009965539,-0.009525824,-0.012029535,-0.01209531,-0.012975843
-0.25596297,-0.28438774,-0.20277086,-0.17963888,-0.12026891,-0.13031852,-0.10447124,-0.114039555,-0.09944996,-0.09570438,-0.08778882,-0.07666676
0.3588261,0.360195,0.28364566,0.25135604,0.20282856,0.18772602,0.15417805,0.13939688,0.13437343,0.12015661,0.11006534,0.10634065
0.31106934,0.29001015,0.24582611,0.20026444,0.17246693,0.15105973,0.12229173,0.09616748,0.079370566,0.07053767,0.05986476,0.06026929
0.36078689,0.339337,0.29927063,0.2736082,0.25966468,0.23556322,0.19535896,0.16642323,0.132673,0.102423385,0.07359081,0.06484955
-0.16867837,-0.20849428,-0.2335434,-0.20855755,-0.1984693,-0.18974236,-0.21275435,-0.18659426,-0.17230943,-0.18279916,-0.18856703,-0.19095905
-0.08192731,-0.08002131,-0.0650526,-0.04461467,-0.030233338,-0.022934057,-0.015539363,-0.01366169,-0.019031309,-0.027430203,-0.03268957,-0.035992272
0.160437,0.16282463,0.19272052,0.19217509,0.18460795,0.18805501,0.1539095,0.14490321,0.10260143,0.08545338,0.061571494,0.048609957
-0.08678736,-0.07554552,-0.083511576,-0.076742075,-0.07301877,-0.05613506,-0.056087222,-0.041873507,-0.032238014,-0.023436865,-0.016436864,-0.017204046
0.022195138,0.0065307757,0.01750851,0.00367904,0.009053479,-0.0012392919,0.0120893605,0.0058989422,0.013375957,0.016082041,0.018489273,0.020775199
0.081485674,0.07883418,0.073623866,0.07642662,0.06599614,0.063399404,0.06914072,0.05880904,0.048180092,0.03509987,0.028090164,0.025735553
-0.017382607,-0.011432547,-0.036951862,-0.042269737,-0.049436208,-0.03755848,-0.046077184,-0.03653666,-0.03355243,-0.02666505,-0.02198743,-0.020652909
0.028461028,0.024964891,0.0062050633,-0.0034428723,-0.005780231,-0.0030947886,-0.0066789314,-0.005311411,-0.00046867132,0.0051607396,0.007977804,0.010346578
0.13467179,0.1032688,0.07138488,0.059451237,0.048838116,0.040894397,0.03076759,0.031086639,0.029279917,0.030114312,0.026637182,0.028210271
0.6468951,0.6720662,0.5768667,0.49917358,0.4551366,0.4355718,0.39902076,0.35147297,0.3313324,0.31199324,0.29130003,0.2913565
-0.32320622,-0.26767802,-0.2074843,-0.17594694,-0.13856882,-0.116016835,-0.08851001,-0.082821116,-0.0715161,-0.069137916,-0.0597295,-0.06210336
0.19506703,0.19084974,0.17781723,0.16274421,0.15493347,0.13435172,0.11405192,0.09621894,0.088024765,0.0751623,0.06482369,0.064040266
0.067379445,0.44519264,0.6057961,0.49084544,0.5006697,0.4811435,0.47992644,0.3496072,0.33681443,0.31056806,0.3139132,0.28770292
-0.23536496,-0.18340927,-0.13674486,-0.12440443,-0.09470427,-0.07697564,-0.05439776,-0.051571928,-0.043550715,-0.042141438,-0.038038418,-0.041685477
0.08297578,0.086976066,0.06972389,0.053899676,0.037769996,0.031249091,0.025408119,0.021243483,0.024245303,0.030381188,0.03584961,0.039061107
-0.06622745,-0.06819231,-0.050314836,-0.055850543,-0.054612286,-0.05171452,-0.039594997,-0.03601603,-0.02793375,-0.013840165,-0.0019519348,0.007157022
0.32122582,0.26767778,0.20621425,0.16481385,0.11829303,0.09030403,0.067554906,0.06602667,0.072806284,0.09641928,0.1122358,0.12599903
0.3174988,0.29322124,0.25111008,0.21449605,0.17768823,0.15698168,0.14001802,0.12696514,0.12528993,0.13233835,0.13671802,0.14024177
0.15709582,0.19074774,0.19696233,0.17214157,0.15701902,0.1396829,0.12185124,0.09474881,0.07820785,0.06094346,0.049585883,0.042560868
-1.157271,-1.1863632,-1.1042293,-0.9520755,-0.8229352,-0.70485735,-0.62639195,-0.509097,-0.4623302,-0.4413758,-0.42996365,-0.43400905
0.5307414,0.5054728,0.43947896,0.42698124,0.38291472,0.35159534,0.29917827,0.2815972,0.23400933,0.21414077,0.1845026,0.1709507
0.08613421,0.11125259,0.10122607,0.08876981,0.082791746,0.08131683,0.06448552,0.062964745,0.06350733,0.07194939,0.07536344,0.0742191
0.19052449,0.20634098,0.17574842,0.15785909,0.13870287,0.1305362,0.10429041,0.091385275,0.07794987,0.06808533,0.058594473,0.052037243
0.025857188,0.02228809,0.029856954,0.03100327,0.034507994,0.029190117,0.02211205,0.016583996,0.0121622365,0.0021855552,-0.0051426175,-0.008705943
-0.056543343,-0.042417217,-0.0322437,-0.03995192,-0.035708055,-0.03264425,-0.027317666,-0.030981319,-0.024470828,-0.025134843,-0.02164261,-0.021699455
0.14429682,0.1828223,0.22621793,0.22437513,0.20332938,0.16459662,0.17461221,0.1304515,0.11206204,0.107867435,0.11298998,0.12162906
0.005390618,0.014159845,0.0067869676,0.0069705034,-0.0006387164,0.00037127594,-0.0006418596,0.002317287,0.009019301,0.018079486,0.027507514,0.02904806
0.1444745,0.10683365,0.09321071,0.08221956,0.055415943,0.038578168,0.028225146,0.01795914,-0.00429973,-0.018438645,-0.032730117,-0.033607528
0.1480351,0.10076575,0.080816165,0.068416774,0.049968816,0.03295382,0.01539661,0.011265412,2.7932227e-05,-0.003946997,-0.0112585835,-0.009421688
0.005535543,-0.02232268,-0.042898253,-0.043459717,-0.041360017,-0.03833466,-0.04350341,-0.036452465,-0.033213712,-0.033889055,-0.03620293,-0.034981567
-0.17061955,-0.22222319,-0.244441,-0.2257236,-0.20826522,-0.17674607,-0.15616949,-0.1259255,-0.11374636,-0.10759697,-0.1025459,-0.09848486
-0.42972475,-0.471654,-0.40627074,-0.348169,-0.2842059,-0.26335403,-0.22894266,-0.1956183,-0.17490365,-0.16795838,-0.1603091,-0.15598841
-0.08420167,-0.11404973,-0.112066135,-0.11044933,-0.10190479,-0.09659485,-0.08196021,-0.06765393,-0.05352799,-0.03995077,-0.030544914,-0.02340573
0.12903288,0.15083608,0.16853517,0.17195523,0.17065442,0.15531324,0.13375399,0.101033196,0.06257067,0.021226889,-0.010263,-0.024784401
-0.07044616,-0.049756266,-0.046719562,-0.026948273,-0.0199533,-0.008819219,-0.008723222,-6.8843365e-05,0.0033457838,0.0018314794,0.0041099545,-0.0014439337
0.03208095,0.016187208,0.015528735,0.0071364436,0.0059991013,0.00075373985,0.0014988128,0.0010009855,0.0065158345,0.012901031,0.01740605,0.021638542
-0.027705465,-0.029600527,-0.002209993,-0.0031968504,0.0031312546,-0.0024929568,0.0030766204,-0.008374937,-0.01855248,-0.039136205,-0.05234964,-0.058682576
0.059560925,0.037399165,0.0037590563,-0.011135966,-0.028769143,-0.031115346,-0.03373014,-0.025628354,-0.0137211755,-0.0029009953,0.006114658,0.011303227
-0.48788226,-0.49549347,-0.43978274,-0.3888293,-0.3225174,-0.28754485,-0.25034386,-0.21393171,-0.19081213,-0.18748495,-0.18478176,-0.18503201
-0.17664585,-0.16176659,-0.15158777,-0.13749175,-0.117262244,-0.09638205,-0.08404768,-0.068972275,-0.0538281,-0.034974217,-0.01872531,-0.014080647
0.057714336,0.055055924,0.04354324,0.036953717,0.029960517,0.026844539,0.023046564,0.019009773,0.015734468,0.014307115,0.012840003,0.013296276
0.11378781,0.12761974,0.14538403,0.1305575,0.11975832,0.10200412,0.10232091,0.08001097,0.06505258,0.050832793,0.041368887,0.03814116
-0.07993602,-0.08506786,-0.08418425,-0.0836789,-0.07533329,-0.06818409,-0.06455063,-0.05493273,-0.04581029,-0.037972476,-0.0326593,-0.0300638
0.041295696,0.05054869,0.030555356,0.042953283,0.047366023,0.05499897,0.037114706,0.0403395,0.03359337,0.02469268,0.016765486,0.010585047
-0.29271984,-0.28017372,-0.29085773,-0.2919026,-0.2731291,-0.23700325,-0.2358322,-0.20852529,-0.18726534,-0.17602327,-0.16726743,-0.16619349
-0.09252826,-0.11481057,-0.12479736,-0.1087143,-0.10348652,-0.0913987,-0.08288051,-0.06352637,-0.0539606,-0.045823686,-0.039325885,-0.03623287
-0.10705355,-0.105783165,-0.10246181,-0.09154088,-0.07878787,-0.06579222,-0.064523,-0.05753614,-0.05251378,-0.0481737,-0.04300137,-0.040830195
-0.13697816,-0.15429942,-0.15535004,-0.14493023,-0.115780324,-0.097690806,-0.09509833,-0.071935736,-0.059649587,-0.050129276,-0.048444573,-0.047310486
-0.22981386,-0.23969302,-0.22486651,-0.1976946,-0.1677293,-0.14749882,-0.13666505,-0.11592674,-0.1020271,-0.09418165,-0.088004716,-0.08662094
0.2505374,0.190941,0.083961785,0.031237572,-0.024603873,-0.044143558,-0.13133638,-0.15881659,-0.18402778,-0.23480622,-0.27350095,-0.28075755
-0.08003404,-0.0874552,-0.08325038,-0.063052945,-0.057280928,-0.04965219,-0.042862054,-0.034768313,-0.034708783,-0.035722747,-0.035482764,-0.036308393
0.033767276,0.033183455,-0.021003619,-0.041304186,-0.065736674,-0.05830635,-0.060858168,-0.047113463,-0.021463674,-0.0025738217,0.017650606,0.024360053
0.28037357,0.27607077,0.24336004,0.22195445,0.18778709,0.17326945,0.14747168,0.13517359,0.11356227,0.0925084,0.07094879,0.06318981
0.4281967,0.45983386,0.43642566,0.37838662,0.35036725,0.31732255,0.2954324,0.23945636,0.2075148,0.19424808,0.17865014,0.17625651
0.07710479,0.11368238,0.12919492,0.13160047,0.13046718,0.12238799,0.11538801,0.09680401,0.085819565,0.076498434,0.07169528,0.067369714
0.21436837,0.15996164,0.122295454,0.08239642,0.046761185,0.028299302,0.014048889,0.014110208,0.017271727,0.030654676,0.03576824,0.042045083
0.07775549,0.05108394,0.03888181,0.02471821,0.011069544,0.0005570948,-0.0018898845,-0.0067066588,-0.009564217,-0.012533493,-0.015230184,-0.0120949205
0.18958052,0.18719858,0.16274391,0.14034826,0.111028254,0.09717999,0.07955275,0.06994626,0.05928251,0.06052486,0.05750724,0.05767914
0.0095014945,0.03821202,0.041359603,0.040458944,0.040014822,0.04190211,0.033359155,0.026782544,0.023957875,0.020738661,0.020791167,0.017045032
-0.68254423,-0.6148961,-0.568136,-0.46886986,-0.38581523,-0.30364472,-0.2888667,-0.23350058,-0.21567078,-0.2126417,-0.20496827,-0.21817781
0.04843794,0.04898973,0.045274787,0.034919478,0.026288096,0.019813307,0.01828176,0.0110226795,0.008422969,0.006472258,0.0056313947,0.0055876793
-0.17304902,-0.21218576,-0.20849185,-0.17954174,-0.15716481,-0.1434684,-0.12374888,-0.099399775,-0.08723439,-0.07873982,-0.074615,-0.070953205
-0.73329943,-0.7419319,-0.66110444,-0.57045513,-0.48350897,-0.4232297,-0.38368756,-0.3212447,-0.2891729,-0.27218568,-0.25783518,-0.2598724
-0.36557037,-0.37907124,-0.3765081,-0.33471784,-0.299957,-0.25825107,-0.23194742,-0.18713859,-0.16177,-0.13897473,-0.122560695,-0.11944249
-0.12046715,-0.1586313,-0.16581944,-0.1701054,-0.17005503,-0.16061977,-0.14230093,-0.116002195,-0.093022205,-0.064946204,-0.04580958,-0.032858573
-0.016446067,0.019830225,0.024273641,0.016149927,0.011669684,0.01274359,0.011475284,0.0022628494,-0.003266994,-0.005716039,-0.004682271,-0.0054204687
-0.05722312,-0.026935838,0.013052501,-0.0050636306,0.0070577934,0.0070225596,0.02362714,0.01848276,0.019251011,0.022193704,0.020034868,0.018420003
-0.042562827,-0.023888,-0.019235566,-0.021174155,0.0032032877,0.004484579,-0.0027038306,-0.015574455,-0.009665832,-0.015935645,-0.016114585,-0.016480964
0.10647917,0.088461876,0.070701525,0.0680023,0.0763541,0.059874844,0.03445852,0.03869132,0.050879966,0.05947653,0.06424726,0.071091704
0.0028608632,0.01008981,0.018178087,0.013102944,0.015013938,0.014964157,0.013745068,0.011585494,0.010506428,0.010040731,0.008587267,0.007685278
-0.1301661,-0.13777383,-0.13291971,-0.12179892,-0.1140076,-0.10523344,-0.101721354,-0.092750005,-0.088887885,-0.09004648,-0.089755096,-0.08955787
-0.1197501,-0.12151198,-0.08498163,-0.060094997,-0.038019717,-0.036833033,-0.02123031,-0.019715697,-0.022475902,-0.03428606,-0.042749558,-0.04541751
-0.0352882,-0.022358932,-0.0132550895,-0.017715711,-0.009318054,-0.0056555457,-0.0026971214,-0.0019505285,0.0029844195,0.008720331,0.012221571,0.012765098
0.10859948,0.08360227,0.060994282,0.035503916,0.01318121,0.0038626865,0.0019995645,0.0049117506,0.011454843,0.021850951,0.026643567,0.032589342
-0.20239994,-0.25176543,-0.26471898,-0.234821,-0.21876031,-0.19400683,-0.17803732,-0.13715641,-0.117377594,-0.097377114,-0.08554371,-0.07949856
-0.57031125,-0.52803594,-0.47276223,-0.37471002,-0.29139918,-0.2371045,-0.23626217,-0.20430854,-0.2093386,-0.23564602,-0.25371143,-0.27032876
0.0077319704,0.008798455,0.0035878846,-0.013840387,-0.018791502,-0.021097273,-0.019188719,-0.016407914,-0.0026701936,0.012612235,0.02468118,0.02949347
0.045245092,0.045771364,0.05092677,0.05035635,0.04092016,0.031755805,0.028769676,0.025061527,0.025522992,0.02880023,0.032713667,0.034630924
-0.43077824,-0.46942216,-0.43323871,-0.38326627,-0.3066418,-0.2674029,-0.24025014,-0.18732026,-0.1693491,-0.1581511,-0.1644504,-0.16647664
-0.037673466,-0.03156142,-0.013490934,0.0027518272,0.0061738417,0.007092703,0.008938029,0.009540498,0.0016068295,-0.0054295734,-0.010282115,-0.013362801
-0.52697337,-0.46150506,-0.39137337,-0.3597712,-0.29377645,-0.24788733,-0.19923148,-0.17670456,-0.14947847,-0.13320124,-0.11496019,-0.11416218
-0.24878083,-0.18373448,-0.14481467,-0.11372936,-0.0842077,-0.06283575,-0.048747584,-0.049359575,-0.04602076,-0.05016204,-0.04529532,-0.050630525
-0.016556583,-0.039879292,-0.060598068,-0.069694765,-0.070730194,-0.06549362,-0.06480379,-0.050267927,-0.03532991,-0.018688427,-0.008983145,-0.0037366115
0.11420614,0.11016475,0.09316508,0.08333763,0.061508633,0.04935337,0.046619862,0.040006638,0.040661808,0.044515572,0.05013408,0.05342824
0.40470326,0.39378443,0.37767637,0.32195616,0.2832476,0.23410076,0.21836688,0.18101308,0.16456378,0.15583311,0.14355177,0.14621454
0.24580815,0.21397874,0.10820195,0.19290772,0.14792193,0.11877711,0.0821076,0.11707139,0.13779199,0.11817372,0.12076922,0.10888719
0.024841666,0.013274241,-0.014087535,-0.0294872,-0.04049141,-0.038033232,-0.033654064,-0.028214056,-0.013925167,-0.0025305673,0.008197036,0.014264891
-0.29700315,-0.329831,-0.336672,-0.284508,-0.261136,-0.23161359,-0.21133034,-0.17847149,-0.16143924,-0.15673338,-0.14712563,-0.14787668
-0.4744539,-0.5080498,-0.49839678,-0.4747205,-0.4260304,-0.3807357,-0.33845848,-0.28726807,-0.24517635,-0.2150765,-0.18915738,-0.17891978
0.24449815,0.20840843,0.17714757,0.14547504,0.10446195,0.07829292,0.05780156,0.048020422,0.039044395,0.044079095,0.04529553,0.05089537
-0.08137935,-0.08160877,-0.065144226,-0.045266636,-0.027270526,-0.022359833,-0.010927655,-0.011779714,-0.014253344,-0.022670222,-0.02784975,-0.03101018
-0.42025828,-0.41131794,-0.3390197,-0.27854997,-0.2287648,-0.19910899,-0.16109547,-0.13437401,-0.118814975,-0.104052775,-0.09045264,-0.088216186
0.22065751,0.23243523,0.23730502,0.20061624,0.17650053,0.14327514,0.1375033,0.10723802,0.09358147,0.07952515,0.06666857,0.06321946
0.059200827,0.049955927,0.013634995,0.0058260188,-0.008366838,-0.003980249,-0.009329051,-0.0060936883,-0.0027060434,-0.0001539886,0.0033281986,0.0043037534
-1.7910331,-1.889909,-1.7993166,-1.5666943,-1.3707427,-1.1861823,-1.0597045,-0.8604531,-0.7662997,-0.70762026,-0.66614664,-0.65705776
-0.06951971,-0.05629609,-0.038633592,-0.02618312,-0.016386397,-0.01380666,-0.016231515,-0.023800842,-0.031539522,-0.050691847,-0.06114023,-0.067599304
0.29579276,0.279922,0.24872214,0.23127447,0.20080389,0.16665141,0.14218447,0.117824405,0.10061577,0.08592266,0.07518207,0.0740869
-0.21089639,-0.22775888,-0.23011024,-0.19294652,-0.1640134,-0.13825828,-0.11845605,-0.09174028,-0.07468068,-0.06752747,-0.059678175,-0.057140186
-0.014482165,-0.0423875,-0.051872727,-0.04933703,-0.05705081,-0.057805307,-0.049742483,-0.037088104,-0.024737896,-0.009157118,0.0022584707,0.008415247
-0.09124275,-0.06862507,-0.018076181,0.014824927,0.041192077,0.04449497,0.048008695,0.029697105,-0.0031254068,-0.045227736,-0.07629594,-0.09274855
0.66728944,0.65008813,0.53289926,0.65352064,0.6105992,0.565192,0.39178205,0.38682377,0.3430127,0.30441102,0.28539228,0.2748344
0.048827823,0.035382126,0.020094417,-0.0020930916,-0.012909524,-0.01738502,-0.021897137,-0.020434123,-0.0160392,-0.0071449913,-0.0026657423,0.0026311744
-0.36196706,-0.3312431,-0.30828288,-0.26030582,-0.18513283,-0.1428612,-0.13394897,-0.10843176,-0.09092444,-0.08594725,-0.08188782,-0.08613405
-0.14506249,-0.13591349,-0.12540121,-0.12898079,-0.11410969,-0.10286161,-0.095483854,-0.08572011,-0.06918201,-0.05573529,-0.044706877,-0.040563177
0.043532223,0.05688724,0.049282834,0.062521964,0.060860034,0.06158694,0.04330079,0.044210434,0.036182947,0.032693576,0.028940342,0.025674924
0.17284107,0.12981017,0.07992947,0.024445727,-0.018934757,-0.03856583,-0.042380437,-0.038950965,-0.012757033,0.018562928,0.044136453,0.06142308
0.11147301,0.10824092,0.09544592,0.078515865,0.06489183,0.0538025,0.04784983,0.03994967,0.039028883,0.03919288,0.039982002,0.04104156
0.12201755,0.1357815,0.120133705,0.1036914,0.09182426,0.08660917,0.075661145,0.062163677,0.054070212,0.042514157,0.034644347,0.030138912
-0.009982377,0.05701519,0.10091652,0.12326357,0.12994763,0.12501878,0.12917866,0.109833665,0.085739434,0.06400229,0.04949225,0.037547383
0.06849924,0.08299843,0.08202931,0.073563315,0.0704363,0.058324195,0.05504624,0.04206185,0.041519433,0.044319876,0.048258148,0.05087609
-0.15715908,-0.16148354,-0.14461061,-0.13410467,-0.12299286,-0.11082649,-0.09349903,-0.07846741,-0.06864205,-0.0594265,-0.052957453,-0.05163165
-0.039537642,-0.043043926,-0.0130447745,0.0080546215,0.008572739,0.004975397,0.0093219355,0.0057066493,-0.012890123,-0.032506574,-0.045776032,-0.052988872
-0.38087222,-0.38602075,-0.36688006,-0.33937597,-0.28755188,-0.2548678,-0.22397187,-0.18809217,-0.14694446,-0.12182908,-0.100520104,-0.092342176
-0.18846121,-0.1850611,-0.18157208,-0.17347944,-0.15796188,-0.13985068,-0.12864736,-0.10903839,-0.0918082,-0.07841982,-0.067852855,-0.06535262
-0.041982472,-0.027016573,-0.016557984,-0.02141321,-0.020145986,-0.017004829,-0.011589479,-0.01397025,-0.012994181,-0.0101319365,-0.0067671724,-0.006117657
-0.13446563,0.07588878,0.15602452,0.11039153,0.12849349,0.15383613,0.14405814,0.11093944,0.11409038,0.12435512,0.1389777,0.12593374
0.16489527,0.17714912,0.15794773,0.13166165,0.11747725,0.10703858,0.09697474,0.08270572,0.08105359,0.0784156,0.07620738,0.07467978
-0.06429465,-0.10385954,-0.11946378,-0.10277032,-0.10100232,-0.09054252,-0.08858581,-0.06769973,-0.06382579,-0.05828005,-0.05836019,-0.056128882
0.09407179,0.053351775,0.007452294,-0.0063459277,-0.021224424,-0.01998344,-0.026658222,-0.008093171,0.0057435036,0.023392178,0.031009488,0.03807799
-0.07854785,-0.08407619,-0.073107965,-0.0570551,-0.046598952,-0.041208867,-0.032642324,-0.027742859,-0.02790061,-0.028218783,-0.028105272,-0.02777279
-0.102169394,-0.093242526,-0.07391834,-0.06897859,-0.049187697,-0.0417364,-0.040612794,-0.03472776,-0.02933726,-0.02010966,-0.014798362,-0.012218345
-0.028701644,-0.056424476,-0.068811335,-0.058276817,-0.053570367,-0.046273507,-0.03997645,-0.027743828,-0.021863224,-0.018302951,-0.017076278,-0.014768271
0.05195134,0.086878255,0.09394688,0.10716205,0.10722566,0.10149906,0.09128806,0.0701552,0.043805405,0.0138704935,-0.005673688,-0.017756023
0.06279334,0.04822643,0.045581616,0.043976348,0.040578473,0.03485395,0.032182932,0.02999662,0.02517883,0.019104458,0.012039024,0.008700889
-0.027654551,-0.026054908,-0.0021754578,0.014295157,0.021731332,0.018672794,0.018739719,0.015609626,0.0076611787,0.0034505576,0.0015744716,0.001416605
-0.09488337,-0.084882185,-0.081104025,-0.07134409,-0.062342696,-0.04959732,-0.041601233,-0.038027298,-0.03656119,-0.043974496,-0.04816069,-0.052364912
0.12431292,0.20571941,0.15319921,0.096034355,0.10052779,0.10322952,0.09319183,0.05636106,0.05522997,0.07471253,0.0872756,0.09658853
-0.12112975,-0.1430842,-0.12880473,-0.11162059,-0.09442423,-0.088234514,-0.077094816,-0.064203806,-0.05600027,-0.05332987,-0.052432425,-0.051376525
-0.16716214,-0.1920533,-0.18558474,-0.14950734,-0.11970465,-0.105531566,-0.09375081,-0.0722547,-0.06732996,-0.0711068,-0.076120555,-0.07835365
0.060729697,0.06602415,0.06881112,0.06523019,0.06639467,0.059373565,0.049743425,0.038852125,0.025524119,0.012721779,0.00033196993,-0.0052180793
-0.36735183,-0.34472394,-0.29293373,-0.26677686,-0.22275159,-0.19099705,-0.15742199,-0.13363172,-0.11297244,-0.10171965,-0.09297314,-0.093066595
0.27780175,0.21936396,0.16121724,0.1363163,0.08787835,0.064280644,0.04888642,0.049983263,0.043700725,0.049064063,0.04895871,0.055265427
0.15156716,0.11560291,0.110684305,0.09100728,0.068597056,0.042776585,0.040628992,0.032739446,0.026239663,0.02372457,0.018013515,0.022480115
0.10267239,0.11156222,0.10211593,0.091268696,0.091566086,0.085096985,0.07308097,0.059860684,0.054061987,0.048930492,0.044492576,0.04536217
-0.32961115,-0.3585902,-0.32475287,-0.27817237,-0.24598637,-0.21741852,-0.18731259,-0.14935085,-0.13643497,-0.12345134,-0.11711499,-0.11644949
0.08060907,0.106442824,0.10368986,0.08725668,0.0762186,0.067187384,0.06664121,0.055274036,0.053628415,0.051862348,0.05059186,0.050366182
-0.056549817,-0.01968494,0.03889303,0.021988332,0.030475989,0.018629692,0.030723527,0.023652546,0.03725447,0.040281452,0.04630979,0.0447963
0.16547352,0.16789185,0.14401905,0.14268252,0.10819116,0.1000168,0.114029236,0.103297174,0.09387471,0.08656001,0.08917817,0.0872442
0.14156163,0.120782964,0.087476164,0.06912775,0.06519116,0.059752055,0.05835376,0.05329463,0.06274283,0.06768921,0.07106266,0.075899675
0.10203016,0.08748439,0.08846645,0.06474251,0.04943469,0.041895516,0.050243393,0.041289706,0.037035435,0.037632473,0.036778577,0.03824503
-0.14913432,-0.08686821,-0.045562536,-0.055606514,-0.04319504,-0.033715196,-0.020830542,-0.030048303,-0.01788412,-0.01466161,-0.0052287355,-0.008456819
0.36240238,0.37283772,0.32237586,0.29761374,0.25435317,0.23063049,0.2041322,0.18022302,0.16520841,0.1535088,0.14560376,0.1418184
0.21508259,0.27196416,0.26700652,0.23661119,0.21463007,0.19588974,0.17952035,0.14798401,0.13556384,0.1274295,0.1234534,0.11829635
0.08532281,0.07313198,0.03091453,0.021639675,0.0040655285,0.010260195,0.00442937,0.012935825,0.012201868,0.018093105,0.018077318,0.018133912
0.10780684,0.09943609,0.09817996,0.0888085,0.08060698,0.07112914,0.06664823,0.06005686,0.05363109,0.05037985,0.0454531,0.045195043
0.204716,0.21025366,0.17463613,0.15784645,0.13815834,0.13441065,0.11110255,0.10185252,0.088767916,0.0807163,0.07079007,0.066617735
-0.372134,-0.45530617,-0.4195727,-0.3912753,-0.3740865,-0.3509629,-0.29206717,-0.23632514,-0.20961925,-0.17342651,-0.15608148,-0.14383265
-0.0028434745,-0.0061039533,-0.004095588,0.0013588546,0.0029069704,0.0028718542,0.003874577,0.00700576,0.0060310243,0.0059909974,0.0046651512,0.003776097
0.10871719,0.109247744,0.09745432,0.09076337,0.07065269,0.062422592,0.054084476,0.04612128,0.039169867,0.036922652,0.03695174,0.036845446
-0.4597491,-0.42959636,-0.3837002,-0.34143072,-0.29505384,-0.25745994,-0.22495121,-0.20001823,-0.17748724,-0.17174664,-0.16165394,-0.16344544
0.81637627,0.748994,0.68821573,0.62557006,0.56573015,0.4875634,0.44261566,0.39218634,0.3662898,0.3554523,0.33909655,0.34323382
-0.21621768,-0.23721807,-0.24664181,-0.22471893,-0.21202914,-0.18813632,-0.17763585,-0.14572011,-0.12856035,-0.11505811,-0.10519522,-0.101212025
0.14381906,0.12824598,0.114455655,0.09832737,0.08547223,0.07239546,0.061681136,0.053478707,0.04665222,0.04184217,0.034606125,0.033381492
-0.04568878,-0.106354244,-0.16332722,-0.18278302,-0.18520764,-0.18565665,-0.20220768,-0.18860161,-0.1643666,-0.16900454,-0.16987887,-0.16271736
0.20646442,0.22834753,0.17083418,0.103732035,0.05785434,0.035768956,-0.01863373,-0.041736595,-0.037379824,-0.04135786,-0.038342796,-0.03596039
-0.022912715,-0.04179873,-0.03245166,-0.040636256,-0.030072995,-0.031805974,-0.033132516,-0.031248955,-0.026697788,-0.02341173,-0.023878949,-0.021449264
0.072673,0.048985243,0.026204526,0.005093664,-0.06454192,-0.057478935,-0.03864661,-0.014712617,-0.02115532,0.034029007,0.06803872,0.087090775
-0.068412974,-0.06356273,-0.047236543,-0.036070716,-0.020613655,-0.013171874,-0.00019128993,0.0013104379,0.0022786949,-0.0003019385,-0.0026825685,-0.0054476513
-0.019442692,0.026446924,0.043917403,0.04382983,0.038857758,0.04182543,0.034978427,0.02552323,0.022004344,0.025741704,0.034020178,0.032397516
0.39389142,0.34279853,0.28143874,0.2482302,0.20167002,0.16391632,0.14095989,0.12862027,0.124346495,0.1308237,0.13112009,0.14091845
0.2872851,0.23397005,0.18638623,0.17769629,0.14292468,0.11686462,0.09779003,0.09079182,0.074887365,0.062043466,0.048766434,0.048600636
-0.043078024,-0.08071227,-0.10096335,-0.093156375,-0.09564244,-0.08873208,-0.08330917,-0.06459347,-0.052005105,-0.036906224,-0.027320858,-0.020397615
-0.43094236,-0.36225042,-0.30855584,-0.267706,-0.21833071,-0.18307179,-0.14227062,-0.13347492,-0.12092233,-0.1159184,-0.10370331,-0.10278224
-0.14020723,-0.15048604,-0.15854177,-0.15854317,-0.15179975,-0.13869888,-0.12876397,-0.105876744,-0.08119371,-0.059366934,-0.042147364,-0.0342282
-0.15290509,-0.14502503,-0.13958749,-0.12657173,-0.11540189,-0.10138947,-0.09067595,-0.077689685,-0.06609135,-0.05491347,-0.043764107,-0.039798956
-0.074790806,-0.108899206,-0.14341813,-0.14116864,-0.155039,-0.14302438,-0.13467963,-0.11207037,-0.10416676,-0.08558549,-0.07218681,-0.06345445
0.117851585,0.11949091,0.111552134,0.10475337,0.095174156,0.08709953,0.07750696,0.066462316,0.05616034,0.049465954,0.044765662,0.042470198
-0.106084704,-0.049814492,0.0143574625,0.009349957,0.037415773,0.036918998,0.049590364,0.028585702,0.023425914,0.010158271,0.0034157485,-0.0038117915
0.3282687,0.30553323,0.2867177,0.25446156,0.22620526,0.18955226,0.16170835,0.13071573,0.109868646,0.09358101,0.08032301,0.0803591
0.18593083,0.123120055,0.028130978,0.013504952,-0.043764144,-0.04881744,-0.08058673,-0.06179169,-0.043362796,-0.03569016,-0.025401779,-0.023735188
-0.7690912,-0.76382416,-0.69698554,-0.6242974,-0.5439702,-0.4734621,-0.4055738,-0.3395563,-0.29223537,-0.25709546,-0.22750276,-0.22261281
0.2135334,0.20900258,0.17897272,0.14713761,0.11986746,0.10335267,0.0833222,0.070543036,0.06590533,0.06446055,0.06163418,0.061855264
0.19999814,0.20153934,0.18664108,0.16082394,0.13672489,0.11038111,0.09971387,0.07665399,0.06686987,0.06117347,0.05851938,0.060675405
0.31742513,0.3308834,0.2816682,0.25263834,0.22353755,0.20309322,0.17208031,0.1467321,0.14351442,0.13369699,0.13026397,0.1260839
-0.17618968,-0.16904521,-0.15364403,-0.15767644,-0.13935058,-0.12898667,-0.11058411,-0.106594466,-0.09070361,-0.08209519,-0.07295084,-0.06909267
0.036533557,0.037830602,0.012038648,0.027944744,0.014040336,0.016718887,0.018161759,0.02368904,0.021858385,0.016498573,0.01563088,0.014421105
0.43090427,0.51222706,0.42703748,0.36322147,0.2857995,0.2693393,0.26692432,0.21643823,0.1924881,0.19744849,0.20483315,0.21538512
0.4267946,0.3611485,0.3389297,0.28222537,0.23121515,0.18208322,0.16497445,0.129666,0.111212,0.11312998,0.110619254,0.123082675
0.16829029,0.12662771,0.07368001,0.041196585,0.0061905086,-0.003210917,-0.020613,-0.012973562,-0.007989906,0.004129663,0.0095464215,0.01688226
-0.049400207,-0.06355669,-0.06764482,-0.06654205,-0.06613378,-0.06090948,-0.05762418,-0.050533935,-0.04851409,-0.0421926,-0.037850946,-0.034680065
0.2557384,0.24170032,0.23204023,0.19009173,0.16151847,0.12155448,0.0939911,0.058675796,0.04630532,0.027703084,0.016281985,0.01818546
0.06072806,0.0445962,0.015435189,0.004449852,-0.009053223,-0.008138284,-0.014395066,-0.005285915,0.003999971,0.01788431,0.027908824,0.032706603
0.23022267,0.2408336,0.2217016,0.20971563,0.18342288,0.16162081,0.13785677,0.11676498,0.095974565,0.081511036,0.070559576,0.06572741
-0.30040884,-0.2436381,-0.18043393,-0.16197842,-0.11867705,-0.09458704,-0.07089934,-0.068835944,-0.05368653,-0.050430097,-0.0421767,-0.04364226
-0.07583927,-0.07609311,-0.07002649,-0.06378731,-0.060075138,-0.05353567,-0.05273769,-0.04029594,-0.034311518,-0.02562421,-0.020450464,-0.020500336
-0.123584345,-0.10585979,-0.120678075,-0.08420259,-0.059673715,-0.024527911,-0.021612637,0.0056130365,0.021979194,0.022810701,0.025282176,0.021285243
-0.0051216884,-0.035920065,-0.057441954,-0.028763805,-0.03318288,-0.030358493,-0.034551512,-0.018787207,-0.017718885,-0.014473734,-0.010802556,-0.007965514
0.25311705,0.24601936,0.23743126,0.23253477,0.21476856,0.19224477,0.17383504,0.1526433,0.12489386,0.099763945,0.0751,0.06593975
0.50612307,0.49641794,0.4166248,0.36090577,0.30904996,0.27181226,0.20523995,0.18789941,0.17730346,0.18578799,0.18464547,0.18628258
-0.24920714,-0.24992694,-0.23016042,-0.20885922,-0.17599925,-0.15914573,-0.13681191,-0.11473516,-0.09022629,-0.06988656,-0.053885803,-0.046694323
-0.10881543,-0.13097101,-0.13342282,-0.13233978,-0.12457021,-0.11801034,-0.10509151,-0.091123104,-0.07347888,-0.05855587,-0.045886137,-0.038754273
-0.17369768,-0.16086897,-0.1487324,-0.13909195,-0.1293298,-0.110837735,-0.09945227,-0.08690461,-0.08244485,-0.08173467,-0.080612764,-0.08327369
