0.3358988,0.31683534,0.29718244,0.27994886,0.2619043,0.24479166,0.2318241,0.21923432,0.20481902,0.19352148,0.18089,0.17046005
-0.34568262,-0.31483135,-0.28520992,-0.2616156,-0.23970199,-0.22870848,-0.22086716,-0.21287602,-0.21934271,-0.22631831,-0.23857811,-0.25266406
0.04871179,0.043643642,0.042571772,0.038254365,0.033942197,0.039011315,0.038914002,0.035163723,0.036132753,0.036848426,0.040872738,0.044160035
0.21926172,0.23422535,0.24718505,0.25199658,0.24883448,0.24285251,0.23447311,0.21434388,0.18576291,0.16743875,0.12898642,0.082962595
0.32335463,0.29119673,0.268071,0.2377903,0.2149347,0.20092507,0.18142176,0.15662703,0.1436563,0.13257769,0.12151425,0.10968005
0.1480813,0.13806564,0.13447885,0.13064721,0.1235698,0.12478837,0.12123008,0.11863065,0.11831301,0.12089325,0.12705812,0.13090947
0.05730136,0.05298153,0.05156024,0.05328508,0.046720825,0.047899593,0.052528895,0.05944139,0.066965595,0.064927846,0.07210561,0.08080915
-0.089131154,-0.08168294,-0.07256462,-0.06393687,-0.06055274,-0.049931772,-0.038492188,-0.032481324,-0.023925474,-0.018163161,-0.0066075716,0.0029663746
-0.26129445,-0.25372806,-0.24706058,-0.23218624,-0.22487193,-0.21518382,-0.2043889,-0.19449367,-0.18168378,-0.17255582,-0.16026306,-0.14658482
0.250929,0.24702904,0.24000463,0.23752797,0.22537999,0.22176297,0.21327785,0.20532162,0.19641049,0.1890617,0.18541811,0.17206365
-0.36016276,-0.34526542,-0.33654374,-0.3293707,-0.31309682,-0.30498067,-0.2950258,-0.286019,-0.27216986,-0.2625405,-0.2515381,-0.24408755
0.18835184,0.17608516,0.16210793,0.1547174,0.14271592,0.13414493,0.128561,0.11944428,0.11573559,0.11367001,0.11232719,0.1106708
-0.34479252,-0.32203597,-0.2967979,-0.27421463,-0.25332865,-0.22605531,-0.20310417,-0.18471782,-0.16086897,-0.13929582,-0.11097111,-0.09025713
-0.21382733,-0.21354859,-0.22145909,-0.22502558,-0.21703078,-0.21752389,-0.2030831,-0.18513535,-0.15686227,-0.13700533,-0.11448774,-0.0847348
0.7184826,0.67042834,0.643947,0.5700836,0.55846596,0.5400991,0.51753086,0.5031097,0.43553045,0.43010375,0.42739922,0.43440628
-0.03378983,-0.060898855,-0.06362496,-0.07510713,-0.08100039,-0.07883561,-0.07358007,-0.0625092,-0.05700638,-0.055419598,-0.051278707,-0.018553097
0.07523427,0.06994853,0.065205604,0.06272543,0.057452396,0.055162713,0.052362427,0.048777357,0.048855532,0.046942003,0.04603322,0.04564514
0.18616912,0.17640224,0.17259543,0.16858296,0.15723205,0.15793012,0.14655407,0.14063627,0.13323355,0.12550396,0.116499476,0.10745133
0.12663355,0.12852298,0.12973829,0.12863104,0.12293428,0.115099624,0.105985,0.09175217,0.07024581,0.054797124,0.029503644,0.0046207225
0.5909112,0.571502,0.542077,0.5135638,0.4817101,0.45112872,0.42157364,0.3801709,0.3550061,0.33328167,0.3037641,0.2534399
0.06930593,0.08033486,0.086418584,0.0949014,0.09344049,0.09322779,0.08975093,0.08248021,0.07024996,0.05960703,0.045369793,0.026518602
-0.5518229,-0.51434165,-0.47458118,-0.44109312,-0.40525314,-0.37801272,-0.35484377,-0.32408738,-0.31004503,-0.298046,-0.28751615,-0.26832414
0.3557786,0.33896762,0.32325712,0.301984,0.29831308,0.2640427,0.2537877,0.23980506,0.21907046,0.20660384,0.17519565,0.16755132
-0.3268281,-0.32649934,-0.29325002,-0.2701733,-0.24905707,-0.22145253,-0.1890316,-0.14417066,-0.11817847,-0.09984328,-0.06474848,-0.0044632778
-0.26693985,-0.25111052,-0.23853883,-0.22463657,-0.21131106,-0.20093484,-0.18805882,-0.17695783,-0.16247769,-0.15297915,-0.1422794,-0.13275729
-0.20512146,-0.19791064,-0.19091268,-0.18437816,-0.17385069,-0.16649362,-0.15507272,-0.14151633,-0.13086054,-0.12133332,-0.10533894,-0.08840956
-0.48506147,-0.47457433,-0.44440553,-0.4139436,-0.39464146,-0.3717722,-0.33785108,-0.31039748,-0.28093624,-0.26168716,-0.23853688,-0.19747159
-0.09065005,-0.10159605,-0.107322946,-0.11103061,-0.1101667,-0.11235468,-0.109414,-0.10308081,-0.092574336,-0.086588025,-0.07911631,-0.062084857
0.16246879,0.17444302,0.18134935,0.18885577,0.18846174,0.18283993,0.17290139,0.16253369,0.14076298,0.1253306,0.102526024,0.074024215
-0.047564667,-0.03909951,-0.0321349,-0.020686641,-0.018995848,-0.016950674,-0.020517368,-0.028045472,-0.040036872,-0.047026247,-0.05979269,-0.07413412
0.073148064,0.08169124,0.09515939,0.107296586,0.1110861,0.112182334,0.10863491,0.11027167,0.099115804,0.09215028,0.08213425,0.069725715
0.015781881,0.012351098,0.006301367,0.0008126567,-0.0009694041,-0.005370114,-0.007824585,-0.010294449,-0.012421287,-0.013788488,-0.016860478,-0.016553251
0.019150112,0.015982227,0.0053980537,-0.017114729,-0.013443291,-0.0344372,-0.042519957,-0.06506331,-0.08706423,-0.10212439,-0.12941556,-0.14534374
0.32727534,0.30721357,0.29065868,0.27294618,0.25653106,0.23784317,0.22688998,0.21278526,0.1993278,0.18341115,0.1668015,0.15742853
-0.24953988,-0.2080403,-0.16318315,-0.13384962,-0.10880953,-0.09080546,-0.080003835,-0.074117236,-0.085393295,-0.09524961,-0.11703066,-0.14425227
0.0764579,0.07188449,0.06353655,0.061160464,0.054521378,0.054975398,0.057485618,0.057308465,0.06686569,0.073678315,0.084658146,0.09149711
0.45862603,0.41555333,0.37390664,0.3285976,0.3011733,0.26971713,0.25738314,0.23462062,0.23024967,0.22835982,0.2248011,0.22812578
-0.7289161,-0.68327636,-0.637791,-0.5975718,-0.55540264,-0.5195539,-0.48963815,-0.45671505,-0.4287058,-0.40736774,-0.38207754,-0.36170986
-0.22069679,-0.2034375,-0.18632358,-0.17529213,-0.16251671,-0.15500687,-0.14410143,-0.13547595,-0.1336066,-0.13373804,-0.13631177,-0.13650146
-0.09033273,-0.048460767,-0.012440473,0.012190685,0.026789427,0.036588937,0.029862732,0.014583848,-0.01604385,-0.039303154,-0.08428632,-0.14143589
-0.19186187,-0.17414543,-0.16006552,-0.14726582,-0.1319212,-0.12549168,-0.12011607,-0.11065453,-0.107782446,-0.10734754,-0.11204029,-0.114330225
-0.23656085,-0.2164332,-0.19551589,-0.17436203,-0.16252545,-0.14349525,-0.130412,-0.11660685,-0.106218845,-0.10214568,-0.09114513,-0.08413653
0.38809595,0.34894162,0.30998096,0.27342442,0.24485162,0.2210229,0.19476344,0.16336617,0.14325589,0.13037434,0.112177104,0.10157604
0.09230655,0.09275115,0.097317085,0.09175199,0.09233989,0.08842592,0.07974904,0.07102342,0.061598048,0.052798584,0.035336312,0.017625235
-0.03684005,-0.03926581,-0.032143846,-0.029960984,-0.027783537,-0.020855395,-0.020132257,-0.009776541,-0.0012568366,0.00032426324,0.0074756225,0.01411403
0.008634821,0.008311414,0.00071830396,-0.00358974,-0.004281234,-0.01266848,-0.012227692,-0.013351753,-0.008768766,-0.004921154,-0.0038925475,-0.0058198073
0.06929113,0.075176865,0.0770217,0.075101204,0.0733826,0.06748286,0.06791937,0.060942106,0.055248726,0.0503681,0.04080054,0.026031457
0.33973962,0.33467275,0.33185288,0.3273563,0.3137104,0.29900816,0.28325513,0.26150808,0.23946539,0.22063495,0.18538168,0.14941105
-0.08073933,-0.07546335,-0.071496144,-0.065983415,-0.062478095,-0.061913952,-0.06233538,-0.059574317,-0.061194595,-0.06322486,-0.06598476,-0.06774232
0.13618702,0.11590161,0.09701165,0.07853857,0.06877224,0.058977265,0.05263953,0.05111122,0.051268034,0.05065053,0.056129284,0.06802778
-0.29060167,-0.2698189,-0.25148723,-0.23373722,-0.21823022,-0.20389304,-0.19419627,-0.18199036,-0.17460184,-0.16909151,-0.1648778,-0.16164254
0.16492409,0.15980817,0.14294635,0.12885274,0.11971794,0.10536172,0.096531436,0.0903707,0.085387565,0.07901713,0.072135836,0.056488045
-0.590322,-0.54133373,-0.49384066,-0.45439905,-0.41453934,-0.38435987,-0.35724372,-0.32708475,-0.3146332,-0.3045385,-0.28814438,-0.27933404
-0.103493005,-0.09149297,-0.07987491,-0.07294345,-0.06483704,-0.06033831,-0.054839984,-0.048360847,-0.045187995,-0.045027457,-0.044927478,-0.04755741
0.21430914,0.21473175,0.2023328,0.18781574,0.18056643,0.16482918,0.16731979,0.15903711,0.15878987,0.15953586,0.1535263,0.14511645
0.02448261,0.050583944,0.069717556,0.08441082,0.0909549,0.09826958,0.10139688,0.10084312,0.09722488,0.091248736,0.08377151,0.05931331
0.33337885,0.3105995,0.29685658,0.2828578,0.2653603,0.25751787,0.24629454,0.22212657,0.21400128,0.2207898,0.22760329,0.22078727
-0.09023906,-0.08747,-0.08775658,-0.089306995,-0.08261047,-0.071936116,-0.06421661,-0.0460336,-0.034284055,-0.019429306,0.00419541,0.026641842
-0.08329451,-0.08536902,-0.08711299,-0.087035835,-0.0856118,-0.082043424,-0.07692415,-0.07410737,-0.06833053,-0.060543813,-0.046929054,-0.03746383
0.3696333,0.34177908,0.31584352,0.29436126,0.2658093,0.24690424,0.22627087,0.20415583,0.18635541,0.16502166,0.14062934,0.12638038
-0.038173262,-0.04669774,-0.051769085,-0.061381742,-0.06294911,-0.06138521,-0.07188534,-0.07720564,-0.07910365,-0.08128001,-0.07935829,-0.08142918
0.019614514,0.018045899,0.01476898,0.014944173,0.012865286,0.015836302,0.015406508,0.01808042,0.020571318,0.02418868,0.029552715,0.03456577
0.015364485,0.019469712,0.025859684,0.027833475,0.03213828,0.033925533,0.03496679,0.041724205,0.041671768,0.04170968,0.038250506,0.037280317
-0.38633418,-0.3739045,-0.3629217,-0.35208493,-0.3324022,-0.31881678,-0.3129878,-0.29580534,-0.2848115,-0.2733048,-0.2548401,-0.23720892
-0.58367383,-0.5457858,-0.51503265,-0.4820886,-0.4485157,-0.4235034,-0.40219724,-0.37170315,-0.3483333,-0.32976377,-0.3063449,-0.28834262
-0.07252459,-0.078063674,-0.08250008,-0.08334156,-0.08319158,-0.082972445,-0.080627695,-0.07632005,-0.072279744,-0.06714904,-0.057547294,-0.04402821
0.07961825,0.06680997,0.055568893,0.045634944,0.03482274,0.027540687,0.017890904,0.006813215,-0.0019079375,-0.01533933,-0.0286259,-0.03344989
-0.3251553,-0.3245268,-0.32693923,-0.31461,-0.3069034,-0.29157808,-0.26786715,-0.23825055,-0.20283757,-0.1746298,-0.1322677,-0.08227668
-0.1716739,-0.16718473,-0.16366181,-0.1587929,-0.15075845,-0.14448243,-0.13729247,-0.12661758,-0.11604399,-0.106602505,-0.092760004,-0.078889206
-0.29658848,-0.28560957,-0.24573392,-0.20239565,-0.19537696,-0.16758652,-0.14824693,-0.11879552,-0.10415824,-0.110429175,-0.11690803,-0.096178405
-0.5961554,-0.5764777,-0.55837375,-0.5296071,-0.5100998,-0.4856407,-0.46248084,-0.43546596,-0.4094451,-0.392544,-0.36624497,-0.33304256
-0.117792115,-0.11458658,-0.11096282,-0.10569565,-0.10205597,-0.09214852,-0.084725514,-0.07880236,-0.06617383,-0.05572295,-0.03592482,-0.024083886
0.279521,0.25078452,0.2259949,0.19029924,0.18131681,0.15936713,0.1494898,0.14234439,0.12725347,0.12406228,0.12580523,0.13634405
-0.22249919,-0.19549972,-0.1779709,-0.15982562,-0.13935596,-0.12691142,-0.11613972,-0.10248665,-0.09346111,-0.08048202,-0.07138711,-0.067489244
-0.11811449,-0.10420397,-0.0906584,-0.08189652,-0.071547724,-0.06759377,-0.061117895,-0.050547503,-0.04399509,-0.042995803,-0.045265038,-0.04840186
0.054466944,0.06844754,0.08050978,0.089945436,0.09065297,0.096050896,0.09083635,0.08612546,0.07400364,0.060804594,0.044812903,0.021869939
0.2552806,0.24036676,0.22802281,0.21649255,0.20036836,0.19217005,0.18742272,0.17768015,0.17796823,0.17235164,0.16485673,0.16205849
-0.19962081,-0.19334291,-0.18550378,-0.18025504,-0.16963203,-0.15981749,-0.14896207,-0.13681474,-0.12052363,-0.10799111,-0.08915074,-0.07379246
-0.20175955,-0.20027503,-0.18988079,-0.18360408,-0.18116164,-0.17762107,-0.1833652,-0.19460833,-0.20863251,-0.21997055,-0.24510628,-0.26290905
-0.17193794,-0.17483464,-0.17384769,-0.17262033,-0.16899894,-0.16355927,-0.15414134,-0.14782874,-0.13315028,-0.1241135,-0.11219424,-0.09374735
0.11843518,0.10347223,0.091400586,0.0774546,0.07236867,0.065295115,0.065860346,0.06376524,0.07334509,0.0812041,0.094410405,0.10663978
0.13126491,0.13300776,0.13484305,0.13647147,0.13494149,0.13720252,0.13146977,0.1324814,0.1268053,0.12688568,0.12601864,0.1204994
0.23170905,0.20830232,0.20820957,0.19396299,0.18993117,0.18001848,0.18577576,0.18600017,0.17611635,0.17810833,0.18601847,0.20108959
-0.0778585,-0.07273475,-0.07097885,-0.06917638,-0.06506045,-0.062364213,-0.061726764,-0.059171315,-0.05493685,-0.051779557,-0.04860805,-0.049509093
0.062120028,0.047966324,0.038988225,0.033285055,0.029044304,0.02582964,0.019567158,0.021827556,0.024317551,0.029358756,0.033531733,0.044166856
-0.250835,-0.20850787,-0.1702523,-0.14044559,-0.11744388,-0.0996183,-0.09557428,-0.08838963,-0.10567207,-0.11746651,-0.14405957,-0.17273216
0.124961145,0.11376402,0.09055248,0.07670486,0.06071177,0.016744379,0.0045344345,-0.019586366,-0.041522365,-0.07755563,-0.13908261,-0.16901852
0.21430941,0.20422564,0.20348024,0.19493698,0.19061333,0.18393284,0.16872367,0.16274382,0.149997,0.14256814,0.1280042,0.11743329
0.060234047,0.06275294,0.06434625,0.06429496,0.064983,0.061465546,0.065924734,0.06221902,0.06125394,0.065490045,0.06882824,0.06583686
-0.49630883,-0.45430508,-0.42133665,-0.3931799,-0.36037022,-0.3413079,-0.3146324,-0.29081723,-0.2685918,-0.25624657,-0.24169591,-0.23540866
0.17448199,0.14361586,0.13141914,0.11112313,0.10120198,0.10020041,0.10226411,0.10003299,0.10717651,0.12133484,0.14393418,0.17055155
-0.051253192,-0.033502366,-0.011181593,0.005480878,0.013975039,0.017957354,0.027410813,0.031809326,0.028044276,0.022189334,0.00960548,-0.0022466239
-0.21149644,-0.20470543,-0.19242363,-0.18095416,-0.16791752,-0.1609683,-0.1499729,-0.13354744,-0.12871584,-0.11843716,-0.107252516,-0.09054505
0.28224477,0.28977388,0.2948865,0.28281248,0.28089273,0.2663381,0.25927892,0.23639902,0.21262142,0.19403145,0.16091312,0.1256623
0.094342425,0.066727005,0.040323623,0.02260542,0.0065579265,-0.00892698,-0.023754358,-0.037887447,-0.03944169,-0.04489217,-0.05077655,-0.047038816
0.63345695,0.59343016,0.5593922,0.5328768,0.49854824,0.47428864,0.44963506,0.42978838,0.39358172,0.37422895,0.3508594,0.33577165
0.5839198,0.5686773,0.53205276,0.49751902,0.47214127,0.44243836,0.41947362,0.3833901,0.36538193,0.3553811,0.32765663,0.29573673
0.20929438,0.19908448,0.18304457,0.17680635,0.1670763,0.15594494,0.15076604,0.15121572,0.15766273,0.16532913,0.17720939,0.18256922
-0.11594823,-0.120666854,-0.12541476,-0.12945615,-0.12652077,-0.12782465,-0.1257157,-0.11974369,-0.11311594,-0.10769266,-0.100576475,-0.08757582
-0.06986451,-0.061979048,-0.06089423,-0.05765051,-0.054442037,-0.05269526,-0.05269748,-0.050664578,-0.04755814,-0.046810582,-0.047863904,-0.048751228
0.37104857,0.36042225,0.347103,0.3287909,0.3180843,0.29465228,0.27619687,0.25487095,0.2309456,0.21305849,0.17754638,0.14837696
-2.222115,-2.0839984,-1.9603629,-1.8676305,-1.7360033,-1.6510476,-1.5728903,-1.4929717,-1.4244404,-1.3722824,-1.3167082,-1.2817805
-0.15628931,-0.11629334,-0.08002525,-0.055243984,-0.0340157,-0.02137559,-0.01934266,-0.021293946,-0.03433522,-0.042185605,-0.06413446,-0.10186011
-0.20126954,-0.17004351,-0.14972787,-0.122506395,-0.10905267,-0.07838201,-0.059701473,-0.02865085,-0.0001890976,0.011289348,0.04403285,0.060832776
-0.24576715,-0.2341336,-0.22261362,-0.21317694,-0.20085031,-0.19573763,-0.19220316,-0.18890426,-0.18855616,-0.18964386,-0.1932882,-0.19459018
-0.50378126,-0.4657686,-0.4237516,-0.3891238,-0.3551709,-0.3255482,-0.29947484,-0.2734971,-0.258286,-0.24427153,-0.21716255,-0.20219828
-0.12674406,-0.11381083,-0.104220204,-0.08763148,-0.08192926,-0.06971002,-0.0570739,-0.041086994,-0.028182643,-0.01724283,-0.001953422,0.012512851
0.18587992,0.14557526,0.109594226,0.07847324,0.05659419,0.035796892,0.015170403,-0.008259978,-0.020270813,-0.024580833,-0.032209348,-0.030295549
-0.0733592,-0.06919923,-0.06285258,-0.06088184,-0.055229336,-0.051973782,-0.050903935,-0.050270963,-0.048293456,-0.046214797,-0.046554502,-0.046414983
0.24496567,0.24783182,0.2512176,0.2468392,0.24227138,0.23559378,0.22788005,0.21633051,0.19345607,0.18077165,0.15991664,0.13484278
0.3710148,0.3516733,0.33245692,0.31475008,0.29543304,0.28232443,0.27354276,0.26099434,0.2561018,0.25151843,0.24655777,0.23921502
0.28543484,0.24324146,0.20539598,0.17370816,0.1470674,0.13344328,0.12391116,0.11589781,0.13190155,0.13905379,0.15139629,0.17488544
-0.4760409,-0.4554685,-0.42280555,-0.40195563,-0.37611467,-0.35203367,-0.33600694,-0.32677186,-0.30169463,-0.2867869,-0.2787044,-0.27665746
0.23501961,0.20370921,0.17502199,0.15237266,0.13133138,0.11468683,0.10150113,0.088355325,0.08228953,0.07599394,0.07190195,0.075237714
0.1796751,0.17387423,0.16913378,0.16281892,0.1549125,0.15285057,0.14515337,0.12978183,0.121769056,0.11880028,0.11260712,0.09954196
0.45537204,0.42853728,0.41411734,0.3981281,0.37344536,0.35416287,0.3400211,0.32365176,0.29827806,0.2798219,0.2565166,0.24084121
-0.0970893,-0.08181541,-0.07113457,-0.058117963,-0.051237453,-0.04118567,-0.032807563,-0.022761773,-0.016067682,-0.012100893,-0.002814706,0.0027066316
0.022028537,0.02328873,0.026502617,0.027823985,0.026648197,0.025059436,0.022298012,0.018161539,0.010464716,0.0018984601,-0.0075100083,-0.015503395
-0.15855421,-0.16953361,-0.17954029,-0.1829268,-0.18360153,-0.1804789,-0.17218396,-0.1630571,-0.14363416,-0.13042553,-0.10595366,-0.07660738
0.03312052,0.03189076,0.028979052,0.027125418,0.02446555,0.019173875,0.012861711,0.011408203,0.0037449696,-0.003635846,-0.014914369,-0.021076368
0.414264,0.39878628,0.3872589,0.3786567,0.35911682,0.34700942,0.32278708,0.29686183,0.26732838,0.25130612,0.22601314,0.19778025
0.4437378,0.446394,0.44186231,0.4326172,0.41867608,0.40759254,0.39245826,0.37503332,0.35573733,0.3392718,0.3172288,0.27960145
-0.4714214,-0.43594083,-0.40684262,-0.3691087,-0.3419349,-0.30542287,-0.28506264,-0.24366888,-0.22217172,-0.20291905,-0.1768312,-0.14884079
0.18962705,0.19219479,0.19015554,0.20266317,0.18512262,0.19959268,0.20854451,0.21510531,0.2201935,0.21646728,0.24231127,0.25323415
-0.37130162,-0.36073908,-0.3541769,-0.34616274,-0.3285487,-0.31825668,-0.30011624,-0.27673858,-0.25340423,-0.23513605,-0.20956482,-0.1791798
0.08929114,0.062136307,0.043107953,0.033332065,0.01985345,0.015692294,0.009387016,0.0128437765,0.019927152,0.02564853,0.03550647,0.057801347
-0.053428315,-0.05591621,-0.059795182,-0.060814112,-0.06075246,-0.060778614,-0.06561356,-0.06750395,-0.070771515,-0.07166061,-0.074773714,-0.073694125
0.11609368,0.11997454,0.11771564,0.116169915,0.114563756,0.11377902,0.11478581,0.11919693,0.11333047,0.114525035,0.11443819,0.11154644
-0.003938772,-0.016882036,-0.015948283,-0.023708325,-0.023192462,-0.021742038,-0.019764006,-0.024957513,-0.025981734,-0.016946433,-0.006847411,0.0014590408
-0.2405637,-0.23835917,-0.24138011,-0.23692876,-0.23281318,-0.23254453,-0.23318839,-0.23569387,-0.22804852,-0.22294259,-0.21985263,-0.21502173
0.072356395,0.04616575,0.021531742,0.0034378506,-0.009767659,-0.019621305,-0.02363395,-0.029608708,-0.02371465,-0.018406302,-0.0065002516,0.012654286
-0.16916078,-0.16000447,-0.15044722,-0.13864723,-0.1272834,-0.12347988,-0.11275854,-0.1021843,-0.08509275,-0.075501256,-0.06953857,-0.061256517
-0.21999507,-0.21035044,-0.20184587,-0.1941112,-0.18340428,-0.16872248,-0.15906392,-0.15211104,-0.14179665,-0.12753886,-0.109683394,-0.100003965
0.35765076,0.35999537,0.3581294,0.35172507,0.33999723,0.336026,0.32007328,0.3045604,0.27932763,0.2569107,0.22870663,0.19853643
-0.5536779,-0.5311876,-0.50807345,-0.4902469,-0.46253332,-0.44158524,-0.4226087,-0.39715457,-0.37840497,-0.36536142,-0.34508738,-0.32188278
-0.023188198,-0.01679239,-0.01160075,-0.007071959,-0.0028645238,0.003231924,0.007223348,0.01782687,0.017058227,0.019357812,0.025934635,0.031109162
-0.40018162,-0.3645849,-0.3371537,-0.30673224,-0.2829283,-0.26053882,-0.23957863,-0.22050554,-0.20046863,-0.18535262,-0.170454,-0.16199766
-0.6882633,-0.6508435,-0.58674526,-0.56137204,-0.5134573,-0.49155766,-0.47192973,-0.4452491,-0.43654424,-0.43878004,-0.44739026,-0.45510766
-0.3116712,-0.28417277,-0.25927392,-0.2392598,-0.21980906,-0.20812067,-0.19974336,-0.19110417,-0.19891503,-0.20356339,-0.21347742,-0.22138228
0.01806519,0.025300913,0.032150894,0.035573564,0.036738537,0.035560496,0.03350605,0.027010322,0.017316915,0.009820781,-0.0036269603,-0.01923212
-0.19308811,-0.21356443,-0.23426199,-0.24468368,-0.24832015,-0.25320715,-0.2505531,-0.25311008,-0.23811957,-0.22371814,-0.20356017,-0.17235255
0.26230812,0.25440872,0.24453647,0.23514101,0.22468573,0.21581942,0.22102447,0.21332371,0.21565388,0.22159688,0.23279826,0.235339
0.06295043,0.054777473,0.050396644,0.047685057,0.044136427,0.04360633,0.05002316,0.05530809,0.06559712,0.07319156,0.0886244,0.10424352
0.102895826,0.09021367,0.07950004,0.06927705,0.059879936,0.05373762,0.04977092,0.04374742,0.046910215,0.046579544,0.047459386,0.049508568
0.02069886,0.018305387,0.0176069,0.019644603,0.015994914,0.020208765,0.023087285,0.020950146,0.024541337,0.028062591,0.03731788,0.040788773
-0.3073803,-0.305634,-0.30564734,-0.30084273,-0.28946686,-0.28136778,-0.2750632,-0.26426622,-0.25057706,-0.23651329,-0.21364033,-0.19096601
-0.093138225,-0.076640256,-0.06398183,-0.05781615,-0.049937107,-0.048332915,-0.045340173,-0.04840367,-0.050211515,-0.055853635,-0.070438914,-0.0873858
0.14725769,0.12861916,0.10790766,0.0913973,0.07986874,0.06460738,0.049547512,0.03569708,0.021235675,0.013129387,0.0038398816,0.00036705006
0.38928908,0.35416487,0.32717532,0.29886457,0.2712021,0.25705987,0.2504298,0.233867,0.22896285,0.22472554,0.23169859,0.23730206
-0.14561217,-0.11432975,-0.083137706,-0.04591536,-0.03695504,-0.009142553,0.0060381163,0.0031560622,0.009816987,0.017364722,0.04180591,0.04150024
0.50723994,0.47413567,0.4510055,0.42604378,0.40058902,0.38318405,0.35491204,0.3449537,0.34214288,0.32989177,0.30764908,0.30008203
0.007192258,-0.0076283608,-0.018849151,-0.028248766,-0.032273743,-0.02619423,-0.023877565,-0.020817319,-0.010323495,0.0030171257,0.027110249,0.049465988
-0.21521299,-0.20025693,-0.18349996,-0.17265043,-0.15993072,-0.14907065,-0.13402548,-0.1305766,-0.11809322,-0.10901198,-0.098874435,-0.09583005
0.116850235,0.12663142,0.13629931,0.13852187,0.13897036,0.14544654,0.1452265,0.13877062,0.12940246,0.12842996,0.12671977,0.1122358
0.2610104,0.24181923,0.2252981,0.21342976,0.19569226,0.18222688,0.16710861,0.1548672,0.14192279,0.12845719,0.11319005,0.10240213
0.114063084,0.10798623,0.10393245,0.106923394,0.09707238,0.100885294,0.09572216,0.08857762,0.09288163,0.09359346,0.09914408,0.096828826
-0.20012034,-0.18543908,-0.16239952,-0.15650766,-0.13737527,-0.1271688,-0.11537568,-0.106150374,-0.09630835,-0.08887306,-0.086971946,-0.08460909
0.042932287,0.04181326,0.041929428,0.04209911,0.038569327,0.039637454,0.03677247,0.033750057,0.031582966,0.0270443,0.021066846,0.016192637
0.06424087,0.06211542,0.0682978,0.06801942,0.06855629,0.06909873,0.065013096,0.067672625,0.052306056,0.04438855,0.036784403,0.031736106
-0.25289273,-0.23070039,-0.21290506,-0.19009188,-0.17429064,-0.15889588,-0.1499343,-0.1324088,-0.123150945,-0.11266585,-0.09663671,-0.08973649
0.017926183,0.022920355,0.02968587,0.03611641,0.036025137,0.03572634,0.03838525,0.03869747,0.033817656,0.029579865,0.021047596,0.014727806
-0.14182888,-0.13138352,-0.12240268,-0.11377777,-0.10447336,-0.09998022,-0.09418273,-0.08715568,-0.08067319,-0.07758374,-0.075970225,-0.07364082
0.28948003,0.28014252,0.2720513,0.25672406,0.24743044,0.22341217,0.21249172,0.19617628,0.16988838,0.1518404,0.124932766,0.09938044
-0.19821097,-0.20096782,-0.20110673,-0.19959661,-0.19428949,-0.1917262,-0.18840347,-0.18093593,-0.17191291,-0.166665,-0.15697254,-0.14323375
-0.6397709,-0.61900383,-0.5971111,-0.5696678,-0.5463385,-0.52393216,-0.49372867,-0.46390676,-0.42775026,-0.4073316,-0.3865215,-0.35056382
0.099847846,0.08357615,0.06658009,0.054446705,0.042460263,0.03681373,0.031455174,0.023905903,0.02840466,0.03081281,0.03282324,0.037861854
-0.046549577,-0.04744382,-0.05245246,-0.057181977,-0.058548193,-0.06304455,-0.07141413,-0.083222285,-0.090604454,-0.09644455,-0.10984194,-0.12262095
-0.055573918,-0.050710615,-0.043585032,-0.039116066,-0.03520787,-0.028337289,-0.024748273,-0.019973863,-0.016664118,-0.014692475,-0.012283575,-0.011147584
-0.07441287,-0.08582416,-0.09857984,-0.10408368,-0.10803041,-0.110542305,-0.11417251,-0.109477326,-0.10459505,-0.103377305,-0.095311776,-0.08203535
-0.0750743,-0.08369005,-0.08895497,-0.07486662,-0.08152383,-0.07664095,-0.07155928,-0.06222157,-0.051469654,-0.04222081,-0.024198718,0.0017843433
0.19785838,0.17891975,0.16109562,0.1450274,0.13092072,0.12531279,0.11842047,0.113952115,0.11097691,0.10915194,0.11577553,0.12406083
-0.16674857,-0.15701556,-0.14210108,-0.14180069,-0.12991196,-0.11723497,-0.0994709,-0.09252827,-0.07600306,-0.06383358,-0.046826575,-0.0383277
0.17911585,0.16700783,0.15507889,0.14514539,0.13466163,0.12951846,0.121152505,0.11245667,0.110188596,0.10960431,0.11065233,0.10696782
-0.21733,-0.20754531,-0.19716106,-0.19067284,-0.17809471,-0.17056471,-0.17113672,-0.16504084,-0.15838028,-0.15512809,-0.1533759,-0.15506592
0.14634359,0.12065074,0.10284551,0.08579766,0.07253642,0.06639819,0.06130577,0.05813282,0.056950353,0.0585355,0.06776819,0.08360687
0.4573124,0.41915837,0.38649812,0.3527784,0.32409507,0.30089733,0.2750603,0.24715005,0.2295131,0.21432106,0.19382522,0.1796987
0.047550514,0.027111167,0.005863905,-0.0070898645,-0.019944444,-0.025300318,-0.027401995,-0.029684633,-0.025213417,-0.022620356,-0.0107053565,0.00881534
0.19800976,0.19020444,0.18392232,0.17445804,0.16600326,0.15931372,0.15065022,0.13853425,0.12986769,0.12390689,0.11387992,0.10150001
-0.15843576,-0.15008327,-0.14498928,-0.1341774,-0.12798059,-0.12228473,-0.1160894,-0.11147463,-0.10311947,-0.098011516,-0.09137774,-0.086260736
-1.3099024,-1.2197125,-1.1286951,-1.0602171,-0.9757685,-0.9159427,-0.8626244,-0.8021072,-0.7562823,-0.7219517,-0.68635243,-0.66294646
0.0064256405,-0.006244178,-0.015080305,-0.020818774,-0.027427204,-0.029973477,-0.02986062,-0.030654574,-0.026036061,-0.022609163,-0.012982465,-0.0019329512
0.1799954,0.18287471,0.18384594,0.18202393,0.17829686,0.16992083,0.15699586,0.14435703,0.118304044,0.10128239,0.0748205,0.050365336
0.09455203,0.09261968,0.090903044,0.08957886,0.08557336,0.08327828,0.07456696,0.06598832,0.053546444,0.046981007,0.035244007,0.02295713
-0.047746077,-0.029576818,-0.015441798,0.0019194521,0.0072807074,0.01831925,0.017586535,0.018442243,0.013989048,0.010393066,0.0034459215,-0.011800783
0.022285113,0.013669256,0.0016778726,-0.010291673,-0.015602322,-0.026054654,-0.026502084,-0.035766575,-0.038509104,-0.040952332,-0.04387202,-0.042742655
-0.11385104,-0.10299589,-0.09413073,-0.08411858,-0.07701997,-0.07057921,-0.055945996,-0.04636785,-0.041315302,-0.032631136,-0.019593008,-0.008118538
-0.49590558,-0.46585584,-0.44059312,-0.41911933,-0.38893276,-0.37299886,-0.3550503,-0.33872417,-0.32620868,-0.31471458,-0.3038593,-0.29404154
0.1098429,0.09848631,0.08748746,0.07457471,0.068377115,0.06258096,0.056809314,0.055331975,0.061048336,0.06252809,0.064420655,0.06745328
-0.25150073,-0.2567905,-0.26757264,-0.26582444,-0.26136371,-0.2625454,-0.26316848,-0.25508815,-0.24320628,-0.23670428,-0.22982535,-0.20812578
-0.3619199,-0.33419877,-0.31707615,-0.28737727,-0.26936334,-0.2525332,-0.23543186,-0.21159439,-0.198046,-0.18567818,-0.16994812,-0.15233554
-0.023955548,-0.02056263,-0.009657558,-0.008329549,-0.0037646126,0.0017295287,0.011679059,0.01592651,0.021996109,0.025622183,0.03181384,0.035693124
0.44056317,0.41468063,0.39023617,0.36373335,0.33896038,0.31532145,0.29011765,0.26135004,0.22473194,0.20059337,0.16707192,0.13744794
0.113176934,0.11166296,0.10056546,0.094528526,0.09178979,0.101682276,0.09234066,0.10337926,0.10967556,0.12009482,0.13918695,0.14776865
0.023839114,0.034297306,0.042506464,0.051749934,0.052996017,0.056461528,0.057603687,0.059049983,0.058216408,0.052821364,0.04675355,0.036974613
-0.07403901,-0.07896101,-0.08295939,-0.08229926,-0.084969565,-0.08355697,-0.083937794,-0.08703518,-0.08634322,-0.085112326,-0.082420535,-0.07801397
-0.060468853,-0.059610702,-0.062166825,-0.054900967,-0.052038092,-0.045259397,-0.04541272,-0.02917644,-0.011228079,-0.0041038096,0.006785132,0.027513932
-0.07853951,-0.06687632,-0.04887786,-0.040198106,-0.030780878,-0.029366247,-0.025343802,-0.018576235,-0.030089647,-0.038000967,-0.051817574,-0.061445154
0.3970532,0.37163994,0.36085075,0.3445283,0.32696143,0.32865012,0.292613,0.2758228,0.26453182,0.25955808,0.23356159,0.20685175
0.14356945,0.12721525,0.10905379,0.09441331,0.08089441,0.0665767,0.06286754,0.054060813,0.05283563,0.047388498,0.042118657,0.042376075
0.498397,0.45967218,0.43899205,0.41197097,0.3865104,0.38050693,0.36586028,0.35602295,0.34654853,0.34376296,0.3492358,0.35411355
0.2133847,0.20966348,0.21087635,0.21183038,0.20056139,0.19467059,0.17595166,0.15582322,0.12807584,0.105240405,0.07497628,0.040729314
0.17216136,0.12964934,0.09443961,0.07001753,0.047371715,0.032117434,0.016346924,0.0067315027,0.005901329,0.0076233707,0.013376676,0.030191809
-0.28276813,-0.28217512,-0.27851933,-0.27720848,-0.26453844,-0.25775293,-0.24929029,-0.23757234,-0.22166917,-0.20709167,-0.18943256,-0.16815627
-0.2413877,-0.23217751,-0.2254598,-0.21649295,-0.20529266,-0.18956499,-0.17760213,-0.16013664,-0.13963449,-0.12338982,-0.103344776,-0.07972444
-0.524601,-0.49654666,-0.47799075,-0.45781064,-0.42966795,-0.4036341,-0.37731016,-0.34206137,-0.30914715,-0.28168544,-0.2461672,-0.21074371
0.078486204,0.07711467,0.068690225,0.064893715,0.058397684,0.05792778,0.048853163,0.04534111,0.046715003,0.045177903,0.044068635,0.03443913
-0.34970134,-0.31888077,-0.28753573,-0.26180953,-0.23800904,-0.22223255,-0.2135148,-0.20537357,-0.20703384,-0.207021,-0.21506283,-0.22567855
0.3762502,0.33539614,0.29826885,0.2673468,0.23846215,0.21780191,0.19122952,0.16508438,0.15329905,0.1385587,0.12112513,0.1157493
-0.06686687,-0.06036722,-0.05773332,-0.05105375,-0.047632504,-0.042164274,-0.037225977,-0.027712677,-0.020994887,-0.015975233,-0.006614794,0.00029743277
-0.07814242,-0.088319026,-0.09439759,-0.101446636,-0.10026539,-0.103390254,-0.1088022,-0.11708082,-0.11835153,-0.11401727,-0.11049057,-0.10616235
-0.15612721,-0.13194308,-0.109498575,-0.09455457,-0.079515934,-0.068163164,-0.06487881,-0.0615735,-0.07008939,-0.07520756,-0.081084035,-0.096299656
0.03415431,0.01654838,-0.004334945,-0.01666129,-0.0256995,-0.031760596,-0.030067835,-0.029444478,-0.018989885,-0.009556416,0.007448908,0.029938314
-0.58354366,-0.54081184,-0.49895442,-0.46419024,-0.4300667,-0.40482002,-0.38668615,-0.36684328,-0.3598382,-0.35474625,-0.35480756,-0.3555558
0.2883022,0.29906482,0.3003098,0.28382218,0.28811052,0.31080344,0.30845088,0.3328354,0.33075175,0.3395445,0.34942603,0.35483357
0.11466241,0.10556577,0.091988206,0.083603226,0.07032001,0.0654033,0.06713099,0.05851791,0.06378256,0.06180153,0.06532369,0.06631495
0.0084620435,0.0026141545,0.00091198925,-0.00027426053,-0.006353639,-0.0023577297,-0.004611754,-0.005108622,-0.0042348797,-0.0065723686,-0.0067566917,-0.003825162
0.027331106,0.042290233,0.05256768,0.05979558,0.06769799,0.070650026,0.07371591,0.083058715,0.0865864,0.0847639,0.087058246,0.08109337
0.27505162,0.2470143,0.22306497,0.21124871,0.1921724,0.17793518,0.16265194,0.14924891,0.1339203,0.12896393,0.12499067,0.12552287
-0.09445071,-0.08404573,-0.079624064,-0.07232562,-0.0672875,-0.06778307,-0.07012977,-0.076668374,-0.0786988,-0.07743098,-0.082185544,-0.09702327
-0.13592304,-0.17347887,-0.20406479,-0.22472644,-0.23361313,-0.2358037,-0.22853014,-0.21642137,-0.18465137,-0.15920362,-0.115716495,-0.058626533
-0.10643413,-0.10595379,-0.101949945,-0.09877888,-0.09429799,-0.08823524,-0.0823445,-0.07561798,-0.06435808,-0.057478864,-0.047909852,-0.036891997
-0.20824495,-0.18793386,-0.17105174,-0.16095574,-0.14839754,-0.1386733,-0.13685852,-0.13715678,-0.14295633,-0.14926507,-0.16012464,-0.17267273
-0.43668476,-0.38201988,-0.33011636,-0.29444298,-0.25738028,-0.23676607,-0.21415077,-0.19780767,-0.19670053,-0.19459626,-0.20134425,-0.22117905
-0.07625271,-0.061933983,-0.046764378,-0.033869512,-0.025759017,-0.0120379925,-0.011189783,-0.0015835743,-0.0049314164,-0.0065196613,-0.0046347138,-0.007565039
0.47837174,0.4676382,0.45094782,0.4303224,0.40928775,0.38363093,0.35273558,0.31067562,0.25946498,0.22526953,0.16922866,0.11297241
-0.3659877,-0.35322526,-0.3419673,-0.32834336,-0.31215483,-0.3040595,-0.29181558,-0.28198797,-0.27495155,-0.26422015,-0.2534076,-0.23876259
-0.30580515,-0.28495696,-0.2525261,-0.23753944,-0.21446458,-0.1905555,-0.16834679,-0.14999974,-0.12236257,-0.10781092,-0.09427981,-0.08186579
0.12541354,0.08691854,0.052805122,0.025762081,0.0060787126,-0.009211324,-0.016929455,-0.021074906,-0.011357516,-0.008726019,0.0052632065,0.029762184
-0.03708061,-0.021115959,-0.0065011736,0.001566723,0.0091320425,0.015136609,0.020291183,0.021468781,0.018265584,0.016574543,0.011706152,-0.00059760176
-0.19902912,-0.17466831,-0.1496612,-0.13291946,-0.11733463,-0.10513244,-0.096229464,-0.09344822,-0.0949289,-0.096324146,-0.10384359,-0.11562892
-0.115609854,-0.10337565,-0.09057926,-0.07970097,-0.07012576,-0.061890278,-0.0500386,-0.03717719,-0.02987068,-0.022568522,-0.018683597,-0.011024749
-0.2608437,-0.23880447,-0.2215298,-0.20425922,-0.18954882,-0.17795455,-0.17099006,-0.16329013,-0.16099261,-0.1596907,-0.16144721,-0.16477883
-0.38608092,-0.34115803,-0.30529454,-0.27300513,-0.24481308,-0.21984118,-0.21981677,-0.1972093,-0.20771426,-0.21291767,-0.22607037,-0.24607438
-0.42139658,-0.41738045,-0.4115254,-0.40712947,-0.3881372,-0.37721437,-0.35926735,-0.33568943,-0.30800968,-0.28639212,-0.25442225,-0.21811308
0.21589229,0.16696747,0.13870679,0.100328535,0.080182254,0.058845393,0.03694659,0.019697279,0.0030125007,-0.0054003485,-0.022675576,-0.016534848
-0.80151814,-0.73267066,-0.66580033,-0.6132908,-0.55805886,-0.5161359,-0.46127316,-0.43043527,-0.38348782,-0.34294465,-0.30906704,-0.28925642
0.172996,0.16121085,0.14473003,0.14647125,0.13391459,0.1257152,0.10669897,0.10927673,0.12682915,0.12077607,0.10276002,0.102026656
-0.15828791,-0.14174718,-0.12698604,-0.11563851,-0.10299047,-0.096115015,-0.08736529,-0.07723729,-0.07155408,-0.06728776,-0.06470225,-0.063808605
0.09356956,0.071003005,0.04986813,0.037172962,0.02319393,0.016826615,0.012946729,0.01331218,0.017283658,0.018860051,0.03158098,0.049880892
0.026303604,0.02462354,0.020994714,0.016668674,0.013962038,0.015581369,0.02533967,0.028858677,0.039584048,0.047050465,0.061793305,0.07489951
0.11876647,0.11050196,0.103382885,0.09559408,0.08937228,0.0807792,0.07753283,0.07098221,0.06542359,0.060689587,0.054503914,0.05187142
0.05097373,0.053289633,0.05441506,0.04768794,0.0475556,0.038779527,0.026898235,0.013355441,-0.010182876,-0.028175259,-0.057359062,-0.08177333
-0.18874218,-0.17667356,-0.16480103,-0.15449545,-0.14416361,-0.14065914,-0.13637078,-0.13166593,-0.13358402,-0.13664952,-0.14090915,-0.14241156
0.16363694,0.16825584,0.17228673,0.168403,0.16178489,0.15312807,0.13938728,0.114017054,0.08771992,0.06675566,0.032723796,-0.007869635
-0.61548245,-0.5623901,-0.5194276,-0.4812787,-0.44192693,-0.4156845,-0.40065566,-0.37572902,-0.37232614,-0.37042752,-0.37105152,-0.37725052
-0.57241744,-0.5463093,-0.52256393,-0.50036424,-0.4702259,-0.4482173,-0.42248124,-0.39269972,-0.3671035,-0.34484786,-0.31449497,-0.28326952
-0.39655948,-0.36958548,-0.34259933,-0.32152104,-0.29808715,-0.27802706,-0.26318505,-0.24703182,-0.23589464,-0.2270999,-0.21494395,-0.20915186
0.40476272,0.38113245,0.3544758,0.33156902,0.30672428,0.28778848,0.27144065,0.24594465,0.23198098,0.22354037,0.20775287,0.18980728
-0.046232015,-0.046766948,-0.04755532,-0.050128788,-0.050831906,-0.05276084,-0.057416476,-0.061168894,-0.06587691,-0.07298805,-0.08544617,-0.09199593
-0.28046194,-0.2648367,-0.25358742,-0.24216895,-0.22536236,-0.21526355,-0.20389275,-0.18879184,-0.16987261,-0.15497877,-0.1405872,-0.12902674
-0.5552271,-0.52801174,-0.5001035,-0.4795105,-0.45084417,-0.42877784,-0.41735333,-0.4021023,-0.39135054,-0.38117927,-0.37357238,-0.368581
-0.028186712,-0.022669611,-0.020319618,-0.016592517,-0.012641884,-0.018896453,-0.020866197,-0.030418264,-0.042128332,-0.0475849,-0.06361142,-0.07347679
0.024466163,0.03607343,0.046217643,0.053162232,0.054220982,0.057769492,0.058837853,0.055339627,0.049673937,0.043472633,0.034861673,0.020149859
-0.49488744,-0.47538134,-0.45738572,-0.43640476,-0.41233808,-0.3921325,-0.37388524,-0.34899607,-0.3292113,-0.31216565,-0.28631172,-0.25764492
-0.03153635,-0.025644291,-0.022850066,-0.006045985,-0.005455983,-0.0011818241,-0.00044754148,0.008429691,0.024443574,0.03197528,0.030771626,0.03565345
0.33648577,0.31946528,0.30680272,0.29231927,0.2747199,0.26735866,0.2567539,0.23954578,0.23283367,0.22201768,0.21224503,0.2008826
-0.040910713,-0.046456546,-0.05028725,-0.0538075,-0.052549526,-0.051332794,-0.04927665,-0.039221063,-0.03311836,-0.029393092,-0.019332914,-0.0041478826
0.69160163,0.6723186,0.64319104,0.6171763,0.58772546,0.5625483,0.54779327,0.51021624,0.5044878,0.49691945,0.47824237,0.45734957
-0.013493441,-0.02281756,-0.02831455,-0.03336519,-0.03539072,-0.03204794,-0.03126073,-0.025466662,-0.020718625,-0.014074914,0.00014966633,0.01617374
0.014398977,0.004652377,-0.008798789,-0.015797067,-0.019627154,-0.023024317,-0.014595747,-0.00761728,0.009944823,0.02409799,0.04567259,0.06893866
-0.009206917,-0.027394015,-0.04797917,-0.07097054,-0.073942155,-0.08609106,-0.08050992,-0.077119544,-0.0686578,-0.057923794,-0.04536374,-0.020400152
0.10171126,0.1087086,0.118144326,0.119419195,0.124469414,0.123308495,0.118703045,0.120459184,0.11006652,0.10603635,0.09822245,0.08456375
0.17843609,0.15699658,0.13334323,0.1172715,0.101943955,0.09564786,0.086907685,0.07793276,0.083495885,0.08715588,0.095424704,0.1026506
-0.084501095,-0.097043246,-0.11206414,-0.118764006,-0.12271089,-0.123303294,-0.12089073,-0.11417954,-0.1003761,-0.09114882,-0.07366424,-0.04978275
-0.007774603,-0.009199107,-0.011460824,-0.013205631,-0.01462199,-0.0133596305,-0.0067925137,-0.009773889,-0.003843234,0.0020297263,0.009172123,0.017560987
-0.07752805,-0.06763937,-0.05821851,-0.045604166,-0.040884662,-0.040789746,-0.03200513,-0.025943516,-0.029404419,-0.03126967,-0.03361673,-0.033175725
0.2687977,0.25458875,0.24456508,0.23201302,0.21955064,0.21377362,0.21065865,0.20384677,0.20274627,0.19947407,0.20156921,0.20363712
-0.14052328,-0.13488623,-0.12744316,-0.11696512,-0.11290343,-0.101379454,-0.09215838,-0.08318259,-0.07153351,-0.06387086,-0.047592107,-0.036068194
-0.15670997,-0.15009977,-0.1425415,-0.1392877,-0.13224846,-0.1315404,-0.1307053,-0.13306987,-0.13616781,-0.13800848,-0.14270313,-0.14953913
0.23274584,0.21308237,0.19746254,0.17989638,0.16583873,0.1571137,0.15261406,0.14925537,0.15048487,0.15043692,0.15454125,0.1600397
0.10850225,0.11513484,0.117728926,0.12168253,0.120600976,0.12196261,0.12566006,0.12866104,0.13245814,0.13592707,0.13759744,0.13305704
0.102093205,0.10959925,0.11790637,0.11924741,0.12009195,0.12056247,0.1127491,0.10688313,0.091148935,0.08219616,0.0661335,0.044877023
-0.9536554,-0.8909347,-0.8275623,-0.7737392,-0.7147223,-0.67005944,-0.6344016,-0.5918264,-0.5643626,-0.54136395,-0.51329947,-0.49094468
0.2527575,0.24303606,0.23227832,0.21806999,0.20581271,0.19495511,0.18747997,0.17547335,0.16630839,0.15786941,0.14682123,0.13416408
0.014333974,0.0076522036,0.00085784215,-0.0068929773,-0.012221535,-0.010493819,-0.0121442545,-0.01812324,-0.013238564,-0.0116189765,-0.007016208,-0.004609169
-0.18863374,-0.17903477,-0.17198242,-0.16836643,-0.15571076,-0.15554973,-0.15276548,-0.14709057,-0.14754379,-0.14598945,-0.14596647,-0.14601356
0.0089689195,0.010799902,0.008444851,0.00078889355,0.007271286,0.006812267,0.0069469586,0.01802239,0.030636108,0.044043146,0.060938247,0.06775958
0.009815637,0.012565565,0.010849389,0.012855734,0.011556729,0.011245916,0.0069816904,0.004994169,0.006367488,0.0059799356,0.0058796788,0.00010432652
0.264628,0.2880075,0.2905635,0.3138487,0.30407798,0.32315737,0.30936652,0.27028316,0.27310717,0.27941704,0.26509014,0.20752986
0.27963352,0.2789259,0.27690667,0.27691442,0.26918337,0.26323906,0.27100122,0.2684752,0.27641758,0.2846469,0.2927872,0.29227564
-0.45435622,-0.41987735,-0.3937587,-0.3693576,-0.3407404,-0.31458828,-0.29771736,-0.2776284,-0.2650862,-0.25079456,-0.22850026,-0.21453346
0.17137867,0.16198911,0.14997691,0.14020246,0.11927262,0.11182928,0.09013931,0.059460152,0.03509295,0.009429915,-0.021101713,-0.058022182
-0.25057432,-0.23550837,-0.22686195,-0.2086974,-0.19819762,-0.18357402,-0.1654577,-0.14475855,-0.120567515,-0.10230626,-0.07815082,-0.054778125
0.16376266,0.16031392,0.15766448,0.14926794,0.14332914,0.13269185,0.12285545,0.10826874,0.09010878,0.078090206,0.053726826,0.03163121
-0.03765152,-0.034635697,-0.02692518,-0.023300909,-0.018317582,-0.015366478,-0.013594857,-0.013024813,-0.012372162,-0.007799656,-0.0071644695,-0.008408235
0.10071773,0.083736815,0.06352636,0.049109533,0.04163804,0.033664413,0.03218109,0.036846,0.045762584,0.052595336,0.06651747,0.08488812
0.35210708,0.3646589,0.37878397,0.38176763,0.3756613,0.38289526,0.36039814,0.35194492,0.32428715,0.2980515,0.2570438,0.21364793
-0.28909853,-0.26765394,-0.24487397,-0.22507843,-0.20728105,-0.1936627,-0.18116145,-0.17104979,-0.16514532,-0.15940759,-0.15463226,-0.15202498
-0.14013943,-0.13401818,-0.12550244,-0.118803255,-0.1108105,-0.102247775,-0.10341002,-0.09820186,-0.0985242,-0.09840428,-0.099565804,-0.098917805
0.4257094,0.39540586,0.3656476,0.33746126,0.3103042,0.27863187,0.25233412,0.22088675,0.19134413,0.16408281,0.12691085,0.09703653
-0.32768613,-0.30143437,-0.27857745,-0.2511831,-0.23431383,-0.2110338,-0.19288424,-0.17335105,-0.15511715,-0.14343406,-0.119180664,-0.10337773
-0.081155725,-0.079956636,-0.076989576,-0.07582716,-0.070593365,-0.06821136,-0.06447543,-0.059884474,-0.06034171,-0.057405487,-0.051682703,-0.045638245
0.3322711,0.29558766,0.26345137,0.24054945,0.21072535,0.18885191,0.15994614,0.13772295,0.12287313,0.103979155,0.0810117,0.06735383
0.024831422,0.021774821,0.016412621,0.014752086,0.010642983,0.0043092202,-0.0025931038,-0.007377308,-0.015009881,-0.023319842,-0.03479218,-0.041528627
-0.14322329,-0.1484621,-0.14893079,-0.14875321,-0.14539462,-0.14109221,-0.14060757,-0.12916587,-0.123064734,-0.11800786,-0.10850646,-0.092792735
-0.046830595,-0.047100905,-0.04262135,-0.04227618,-0.03919519,-0.034115605,-0.032448526,-0.027809067,-0.01966208,-0.01439132,-0.009701225,-0.004174436
0.21472672,0.21848455,0.22518459,0.22417562,0.2191069,0.22035533,0.21748939,0.21207032,0.20273529,0.19960406,0.19153936,0.1727453
-0.069809295,-0.07519391,-0.08299267,-0.08790052,-0.08653781,-0.0868572,-0.08214179,-0.07357488,-0.0620047,-0.052669656,-0.037501216,-0.019042227
0.17433813,0.17927451,0.18504657,0.18474932,0.18132627,0.17661098,0.16573836,0.15507303,0.133324,0.118238725,0.093142316,0.06520122
0.023915097,0.014900623,0.013968324,0.018445682,0.014732722,0.017196458,0.023066964,0.03448341,0.0409707,0.046068653,0.055792924,0.07420723
-0.3165625,-0.31571883,-0.31571546,-0.31165385,-0.30003494,-0.294508,-0.27578318,-0.25616673,-0.22803034,-0.20723376,-0.1767228,-0.14042917
0.59673667,0.5619992,0.5330794,0.5145316,0.46611834,0.46780235,0.4675812,0.44700786,0.4548197,0.4472493,0.4634055,0.47453287
-0.4972819,-0.4580319,-0.4276929,-0.39848787,-0.3663892,-0.34860468,-0.34400666,-0.32627285,-0.33607122,-0.3358458,-0.3448896,-0.3554646
-1.1548545,-1.0748246,-1.0021049,-0.94211775,-0.8741989,-0.8210516,-0.7779855,-0.7303941,-0.6977156,-0.6739827,-0.6479457,-0.6316882
0.417183,0.40040234,0.38244128,0.3705143,0.34914872,0.33802748,0.31976646,0.3025387,0.2945253,0.28646806,0.2738485,0.25434327
-0.016058048,0.0015659332,0.009331232,0.02392737,0.02514122,0.02989775,0.033983044,0.031876698,0.02817735,0.02693716,0.025438057,0.014854284
-0.4381693,-0.39628342,-0.37075123,-0.3391395,-0.32222262,-0.3144962,-0.2990172,-0.30405545,-0.30523705,-0.3118523,-0.33256376,-0.35851765
0.18980564,0.16922212,0.1649991,0.15401985,0.1403507,0.13431543,0.11956434,0.10606783,0.09328083,0.08061985,0.06257734,0.05134826
-1.4329312,-1.3606449,-1.2790526,-1.217594,-1.1353488,-1.0802455,-1.0178901,-0.9516047,-0.90019184,-0.86037457,-0.8115869,-0.759266
-0.0038144728,-0.0112346,-0.01433702,-0.01644895,-0.017409284,-0.016832165,-0.012802403,-0.0050926358,0.0026453622,0.007667048,0.01810733,0.033817746
-0.23360771,-0.20660746,-0.18704936,-0.1648072,-0.15107733,-0.14170128,-0.12823735,-0.11870107,-0.116227314,-0.1133206,-0.11515046,-0.12049331
0.24580231,0.21846989,0.19735038,0.1710014,0.15664627,0.13943252,0.1261653,0.10854721,0.099838,0.09393315,0.084157385,0.08236414
0.03291986,0.021651786,0.013264079,0.006665785,0.001537743,-0.00108488,-0.0065204315,-0.011060056,-0.012342876,-0.0124457255,-0.008321499,-0.00676189
-0.012671608,-0.018075619,-0.021770824,-0.019697845,-0.024552884,-0.028404951,-0.029506098,-0.032665685,-0.034293022,-0.03740582,-0.043155033,-0.04533778
0.018519066,0.017231077,0.019832198,0.028574549,0.024132237,0.02592655,0.017641667,0.011262152,0.002506719,-0.0029171016,-0.01345683,-0.026905082
0.028079534,0.028863901,0.03186731,0.03027045,0.03168661,0.02383732,0.019091021,0.01144005,0.0007359572,-0.008015007,-0.024260664,-0.039566085
0.10272712,0.08911623,0.078751184,0.070747346,0.06270076,0.0570453,0.056374177,0.055805832,0.05923771,0.061753012,0.06585792,0.075152494
0.076668605,0.063098475,0.052200496,0.038353376,0.030513134,0.022062689,0.016576886,0.0084087085,0.003909936,-0.0008846242,-0.00544269,-0.0067471303
-0.13011646,-0.116336465,-0.10324003,-0.09297321,-0.08242597,-0.07571402,-0.0695551,-0.061398417,-0.058376476,-0.05424553,-0.052646738,-0.054515168
0.03288965,0.02732163,0.02188377,0.015274161,0.0126918,0.004912556,-0.0047850655,-0.010420764,-0.019903528,-0.03010419,-0.041628543,-0.0493741
0.095476076,0.069453344,0.04928812,0.036205895,0.022286195,0.017469238,0.011224799,0.009293873,0.013721902,0.01884824,0.027255626,0.045196828
0.16647108,0.15379393,0.13740595,0.12299475,0.1139044,0.107543156,0.106704175,0.10304217,0.10471377,0.111904286,0.12500909,0.13293402
-0.10064231,-0.09957474,-0.09392841,-0.091274984,-0.08597091,-0.08298235,-0.07971639,-0.07235914,-0.06857508,-0.0666608,-0.06520182,-0.059050158
-0.37993172,-0.35335425,-0.32932988,-0.30996603,-0.2873248,-0.27278283,-0.25869265,-0.24406835,-0.23243901,-0.2252721,-0.21976264,-0.21618527
-0.14996125,-0.15054338,-0.15110172,-0.15448715,-0.14602083,-0.15191862,-0.1513343,-0.14838703,-0.1467605,-0.147584,-0.1510488,-0.14609459
0.08241211,0.08554585,0.087296605,0.086152345,0.08302977,0.078530625,0.07146098,0.059136253,0.041729424,0.028662683,0.010608381,-0.009709905
0.08942833,0.08574177,0.08162481,0.0763488,0.07082866,0.06916375,0.06412673,0.059242327,0.05692814,0.05082909,0.046639442,0.04031849
-0.09066026,-0.07902419,-0.06435634,-0.057497323,-0.051446177,-0.052751042,-0.056741565,-0.06512883,-0.08486095,-0.099199004,-0.1233268,-0.14930683
-0.020585323,-0.03190231,-0.041306533,-0.04736822,-0.04924367,-0.059842583,-0.05957582,-0.05985059,-0.05304777,-0.046199102,-0.044947762,-0.037007686
-0.014093109,-0.031153701,-0.042760856,-0.04947578,-0.054585025,-0.054401997,-0.05586469,-0.052438248,-0.0434856,-0.037556943,-0.023114827,-0.0012866883
0.3704191,0.32621756,0.28526685,0.24757746,0.21242256,0.18463221,0.1529957,0.11029459,0.07903653,0.05176517,0.020953447,0.0010799197
-0.17534007,-0.17671873,-0.1773922,-0.17824581,-0.17097886,-0.16606784,-0.15690354,-0.14458789,-0.12634245,-0.112709746,-0.094010696,-0.07291773
0.17369197,0.16300921,0.15732405,0.150104,0.13920958,0.13859177,0.13131447,0.12199154,0.114004016,0.11018072,0.1076368,0.10017431
0.58322287,0.53459674,0.48598984,0.45035803,0.4104582,0.3851071,0.36725217,0.3470647,0.3441958,0.3418653,0.34343237,0.352902
-0.08424782,-0.08453691,-0.08978568,-0.09238309,-0.089248285,-0.09025718,-0.09071378,-0.09795776,-0.09047131,-0.08366593,-0.08038741,-0.079411075
-0.075766,-0.08666717,-0.09705571,-0.11048702,-0.11211297,-0.11360306,-0.11559601,-0.118905574,-0.12850097,-0.126201,-0.11512251,-0.10884233
-0.034175202,-0.03743746,-0.043251377,-0.046333455,-0.04492229,-0.050643742,-0.046799056,-0.04660944,-0.040807694,-0.035958715,-0.029505959,-0.021323165
0.20813349,0.19302428,0.18245842,0.16468766,0.15413894,0.14487554,0.13132286,0.11848956,0.1101056,0.10245716,0.09571268,0.083438
-0.42052215,-0.40564865,-0.38977376,-0.3712123,-0.3514587,-0.3351178,-0.3197489,-0.29860026,-0.27946487,-0.26299983,-0.24273783,-0.2196223
-0.2579404,-0.25664547,-0.25651795,-0.25393426,-0.24365538,-0.23737136,-0.22573572,-0.20944811,-0.18566424,-0.16959131,-0.14565597,-0.11898674
0.10766314,0.09317291,0.080396555,0.0677622,0.058386605,0.049441855,0.03917046,0.026132608,0.015108047,0.0090931095,0.00040729344,-0.005044125
0.08250303,0.103415586,0.12049918,0.13054645,0.13229379,0.13794604,0.13700551,0.13052806,0.11508791,0.10086936,0.08033872,0.05006149
-0.50681543,-0.49845928,-0.48767045,-0.47291863,-0.45299315,-0.43484855,-0.4125819,-0.3860792,-0.35378355,-0.32788122,-0.29088345,-0.24952048
0.019857023,0.006410571,-0.0082729645,-0.021745972,-0.025029687,-0.033544183,-0.0387836,-0.043149084,-0.04295037,-0.04102171,-0.035221644,-0.027270379
0.10906359,0.1028788,0.09467379,0.09149362,0.0814215,0.077818304,0.076975316,0.07228634,0.07449286,0.07320334,0.074233375,0.074659295
0.004075201,-0.006953713,-0.015657209,-0.02194672,-0.024708461,-0.029316168,-0.027601872,-0.025663137,-0.02306928,-0.020635966,-0.01093462,0.00385752
-0.13546392,-0.13056503,-0.12704654,-0.118730515,-0.116530746,-0.10814675,-0.09716047,-0.09150373,-0.07364392,-0.0669711,-0.052712813,-0.04040436
0.1501293,0.14487746,0.13197835,0.12899052,0.11927429,0.117915355,0.11679319,0.118344516,0.1231619,0.12734158,0.1383433,0.1439694
0.1019539,0.104692094,0.1082036,0.11124721,0.11010672,0.11187721,0.11523147,0.11164595,0.11028917,0.11458423,0.11965019,0.11446111
-0.23010689,-0.2084998,-0.19365259,-0.1737544,-0.15843876,-0.14924484,-0.13662636,-0.11807311,-0.10674832,-0.096917436,-0.089593224,-0.08257873
-0.1433086,-0.11407397,-0.09137271,-0.06122461,-0.051161192,-0.029422149,-0.007729618,0.013337229,0.029103916,0.05107174,0.07034499,0.07845675
-0.8039882,-0.7317961,-0.6714744,-0.61914456,-0.56935525,-0.54082775,-0.5093368,-0.48334426,-0.47890222,-0.4768186,-0.48413217,-0.4938514
0.1251044,0.11555114,0.105197325,0.093650565,0.08610808,0.0736386,0.062864825,0.04821711,0.034621928,0.025601773,0.00799632,-0.006220815
0.11504268,0.093345456,0.07467763,0.059740752,0.049046382,0.037015066,0.027635053,0.01883099,0.015891058,0.01488634,0.015491271,0.02055727
0.13347219,0.12223773,0.11320361,0.103186406,0.09489516,0.092035316,0.09289737,0.09170419,0.093347944,0.09641452,0.10275276,0.111739874
-0.18615527,-0.18165863,-0.1740778,-0.16669351,-0.15841101,-0.15557216,-0.14854701,-0.136999,-0.13410614,-0.13185108,-0.12950903,-0.12042
-0.87924135,-0.80638564,-0.74091905,-0.68152225,-0.6254071,-0.5898299,-0.5494661,-0.514985,-0.4830636,-0.4631708,-0.4469883,-0.4430499
-0.04955801,-0.03985922,-0.029868683,-0.022497281,-0.022086913,-0.019673314,-0.012862474,-0.014238937,-0.015242562,-0.022964748,-0.02707806,-0.034748077
-0.35511652,-0.32898945,-0.3047734,-0.28304476,-0.26234937,-0.24511787,-0.22816731,-0.21437736,-0.20460068,-0.19217342,-0.17809507,-0.17013012
0.10168773,0.11961407,0.13038737,0.13602477,0.14146657,0.14431572,0.15092598,0.15576477,0.15658708,0.15800256,0.15210313,0.1422262
0.3647083,0.32629535,0.29274035,0.2659903,0.23341192,0.21028864,0.17823285,0.1490084,0.11315666,0.084984034,0.0567677,0.03801918
-0.07648609,-0.06673712,-0.05486456,-0.038777046,-0.031219374,-0.02472318,-0.030541439,-0.014835706,0.00304701,0.0012729332,-0.00975841,-0.00905272
0.25294355,0.23712428,0.21793014,0.19710512,0.18369868,0.16768505,0.1465019,0.119660035,0.093204744,0.07489964,0.052032743,0.033035073
0.49742925,0.47105825,0.44471395,0.41770566,0.39294475,0.36489782,0.34631154,0.3251868,0.30190885,0.2796897,0.25326943,0.23562576
-0.017391935,-0.02234623,-0.02722153,-0.026808664,-0.029770382,-0.031192092,-0.032068744,-0.033221178,-0.037371017,-0.042424705,-0.042783067,-0.035982188
0.00886063,-0.004323056,-0.014670352,-0.024251726,-0.02974398,-0.036193322,-0.03634294,-0.033571765,-0.031303786,-0.033778314,-0.03108246,-0.020329569
-0.18108124,-0.18231769,-0.18321306,-0.1760864,-0.1717029,-0.16408041,-0.15487394,-0.14148706,-0.12513754,-0.11088998,-0.08942262,-0.06503024
0.2162173,0.20209885,0.18821119,0.17531513,0.16389713,0.15239866,0.14544635,0.13921879,0.13723019,0.13475618,0.13343965,0.13028084
-1.8849216,-1.7756128,-1.6625528,-1.5737242,-1.4634792,-1.3782129,-1.2941056,-1.2276229,-1.1332961,-1.0753388,-1.0032187,-0.95977646
0.06284814,0.04716981,0.031854305,0.026839308,0.01913229,0.014837794,0.0120648295,0.013717486,0.013827987,0.01706927,0.029468192,0.044143893
0.22175817,0.21350683,0.20562547,0.19757937,0.18680578,0.17375514,0.1638459,0.14715594,0.13656753,0.12524217,0.10411152,0.08527955
0.4051913,0.39711556,0.38558283,0.37036943,0.3527692,0.33757943,0.32462373,0.30442452,0.28475234,0.26514262,0.24362823,0.21639664
-0.36957803,-0.3562369,-0.3419547,-0.32389072,-0.30782047,-0.2903005,-0.2764807,-0.26869437,-0.25775626,-0.24347629,-0.2204864,-0.20374085
0.2154612,0.21430215,0.21069726,0.2011008,0.1967767,0.18152933,0.1680194,0.15895961,0.13684314,0.11780662,0.087608196,0.061585236
0.33481023,0.3144058,0.29400173,0.27169615,0.25402442,0.2340195,0.2172127,0.19386087,0.17337343,0.16091268,0.14254302,0.123895735
0.020227404,0.007509509,-0.0048690513,-0.014767859,-0.017904911,-0.028587498,-0.03007649,-0.033496715,-0.027782306,-0.022654217,-0.017587531,-0.009402558
-0.06699033,-0.06662284,-0.058338657,-0.05884023,-0.04565481,-0.047213238,-0.031115957,-0.01362603,-0.0025367197,0.010827948,0.022822872,0.04605491
-0.15143582,-0.13935228,-0.13072774,-0.124653175,-0.11445584,-0.11111935,-0.108927384,-0.10632726,-0.10927247,-0.11231081,-0.11959853,-0.12423534
0.12534635,0.13146448,0.13886271,0.1415969,0.1411455,0.13763295,0.13515812,0.12791762,0.11344234,0.105645925,0.09299886,0.07600852
-0.14742799,-0.1480887,-0.14983948,-0.14839955,-0.14321868,-0.13687131,-0.13217448,-0.12342729,-0.10709697,-0.094155975,-0.076197945,-0.059561178
0.6093128,0.5864356,0.5805497,0.5599403,0.53428626,0.5214516,0.5222258,0.5078479,0.4793382,0.4664811,0.46809152,0.46215662
-0.55713856,-0.5271603,-0.50434524,-0.48491022,-0.4546536,-0.44032165,-0.42002878,-0.40557593,-0.38621187,-0.37046802,-0.35556078,-0.344969
0.018003806,0.01976053,0.013702025,0.009180779,0.0079256585,-0.0016196128,0.0010545191,-0.0069643743,-0.00036922283,0.0013187714,-0.007811905,-0.0117319925
-0.0003476832,0.012201701,0.025338918,0.030514084,0.03765651,0.043534033,0.040805757,0.040456235,0.036134817,0.03218504,0.02328328,0.009178293
-0.1665878,-0.13724898,-0.1114337,-0.09490073,-0.0773947,-0.062288623,-0.047300212,-0.037597854,-0.030750347,-0.028514013,-0.020227479,-0.027139239
0.25619605,0.2408197,0.22932796,0.21833731,0.2051562,0.19327168,0.18558976,0.17040159,0.15235178,0.14724289,0.13460836,0.12201004
-0.21931094,-0.21286447,-0.21463674,-0.19939458,-0.1917813,-0.17283782,-0.16416197,-0.13297369,-0.10207121,-0.07858452,-0.039919786,-0.0031043645
-0.51690793,-0.49372235,-0.47484007,-0.45501617,-0.43173373,-0.41449264,-0.3936815,-0.37376806,-0.35397604,-0.33810046,-0.3167838,-0.2969687
0.014894928,0.016445935,0.023389596,0.02330535,0.02752538,0.026395261,0.02641989,0.029351426,0.022895934,0.019915875,0.013996,0.009848979
-0.14559175,-0.14765063,-0.14701577,-0.1480569,-0.14177738,-0.13714474,-0.13234599,-0.12041073,-0.109124735,-0.10196671,-0.08827183,-0.071922384
-0.08982419,-0.090040736,-0.088431016,-0.085431844,-0.087004416,-0.08433644,-0.083035685,-0.08415887,-0.09013233,-0.09339431,-0.094597906,-0.0944737
0.15658599,0.13661519,0.12062184,0.104492486,0.088649735,0.07190553,0.05592367,0.037461348,0.01711709,-0.00021519419,-0.01784148,-0.032820757
0.16412874,0.14880447,0.13094924,0.113964826,0.10620297,0.09416173,0.08490461,0.079045065,0.07462634,0.07317112,0.07417914,0.0759128
-0.32485175,-0.312178,-0.296864,-0.28059182,-0.2652886,-0.2502606,-0.23777048,-0.22264372,-0.21014571,-0.20081152,-0.18711242,-0.1707804
0.54096854,0.50428206,0.4751172,0.4457699,0.41944596,0.39943284,0.3773043,0.3579778,0.34330547,0.33718985,0.32968628,0.3259681
-0.49442536,-0.46550146,-0.43104947,-0.4013202,-0.37303978,-0.34357482,-0.3164301,-0.2883696,-0.26230267,-0.24039818,-0.21006618,-0.1888436
-0.4156946,-0.3901544,-0.3662185,-0.34287095,-0.3192174,-0.302739,-0.28928015,-0.2705987,-0.25646433,-0.24830706,-0.24090944,-0.23176397
-0.25702074,-0.23792423,-0.21738468,-0.19925053,-0.18397541,-0.17144996,-0.16158524,-0.15176456,-0.14326629,-0.14038427,-0.14012662,-0.13868517
-0.08947833,-0.064697124,-0.04400538,-0.02671124,-0.01718336,-0.007447645,-0.0060195774,-0.008425914,-0.016015783,-0.02389701,-0.036514137,-0.05931327
0.080480926,0.073196135,0.056708578,0.0438414,0.038328715,0.025167346,0.024934456,0.027174477,0.034652647,0.02882136,0.029561285,0.03574761
-0.2380075,-0.21810484,-0.1957511,-0.18181057,-0.163633,-0.15246463,-0.1418836,-0.13223487,-0.12746269,-0.124135345,-0.12569645,-0.12591201
-0.19685659,-0.1898559,-0.1832358,-0.17711891,-0.16742522,-0.16180556,-0.15644437,-0.14814922,-0.13789536,-0.13065757,-0.12531246,-0.11880909
-0.1087928,-0.08678878,-0.070766,-0.056871325,-0.046623632,-0.03536692,-0.026724163,-0.020239072,-0.016489498,-0.010943657,-0.01025692,-0.016017558
-0.3016343,-0.2788266,-0.25840285,-0.24000639,-0.22328708,-0.20954669,-0.19996318,-0.19118774,-0.18326014,-0.17757992,-0.17413129,-0.1758083
-0.1567028,-0.15822208,-0.16494021,-0.16434477,-0.16039881,-0.1549797,-0.14613405,-0.13370334,-0.11434533,-0.098168775,-0.070827454,-0.044938028
0.31342667,0.28678876,0.2622954,0.23823765,0.215276,0.19835849,0.1824002,0.15571676,0.14296131,0.13105837,0.11487757,0.10229962
0.10615378,0.1027288,0.09966839,0.0955797,0.089051165,0.08625102,0.079281606,0.07564659,0.07204246,0.06489584,0.054607984,0.045729153
-0.1817474,-0.1903395,-0.19350603,-0.20151272,-0.1922169,-0.18208854,-0.16454324,-0.14678738,-0.11683191,-0.08228295,-0.042699054,-0.001766026
-0.28695807,-0.2859937,-0.28366983,-0.2783984,-0.26999146,-0.25903004,-0.25334457,-0.24542981,-0.2343235,-0.22553667,-0.20658803,-0.18612914
-0.25410643,-0.23377082,-0.21809755,-0.20443012,-0.18961143,-0.18016048,-0.16873935,-0.15772212,-0.15292796,-0.14935157,-0.14861351,-0.14693643
-0.0033829128,-0.0054950616,-0.013310727,-0.016961116,-0.019573018,-0.023402352,-0.021097949,-0.024311079,-0.021328568,-0.0167189,-0.014319398,-0.009809172
0.35388932,0.3266827,0.3083323,0.2913469,0.26874125,0.2621371,0.24806224,0.23114973,0.21691303,0.20887232,0.205843,0.20087758
-0.2535713,-0.23972706,-0.22572897,-0.2111164,-0.19936289,-0.1884449,-0.17814133,-0.17112337,-0.15838338,-0.14751403,-0.13884045,-0.13435379
0.5112406,0.4451402,0.38850525,0.33212724,0.29130518,0.25431192,0.21396124,0.17392059,0.13667034,0.1150857,0.09183399,0.08138234
-0.8161267,-0.7833192,-0.74962324,-0.7209437,-0.6813236,-0.6580808,-0.63379127,-0.6070037,-0.58568025,-0.57190084,-0.5587274,-0.53513527
0.0537641,0.053557247,0.045747817,0.03496402,0.03942691,0.027015053,0.02795542,0.025305128,0.013345244,0.0062296716,-0.001282169,0.0028749108
-0.055506274,-0.049410164,-0.043571427,-0.0428238,-0.037696294,-0.036748126,-0.036642846,-0.038327828,-0.040181167,-0.042412538,-0.048178125,-0.05506532
0.0441356,0.04416384,0.05182421,0.049092762,0.05005162,0.052123766,0.05262861,0.04723935,0.041665405,0.03989451,0.03627701,0.029504336
-0.013625903,-0.013496127,-0.010155043,-0.010456356,-0.0073672105,-0.0024208557,0.0067246705,0.015523005,0.02326607,0.03100793,0.046600666,0.06159049
0.0034406632,0.030876447,0.059183408,0.0777515,0.087664515,0.091922715,0.08975217,0.08288348,0.062117174,0.04606945,0.01705844,-0.020466741
-0.10537431,-0.11351856,-0.1252678,-0.13073015,-0.12769791,-0.122642666,-0.113066204,-0.09339515,-0.06673369,-0.0415632,0.0021851729,0.038702264
-0.11747991,-0.107227065,-0.10378743,-0.09748628,-0.090782024,-0.086438075,-0.080453984,-0.07500738,-0.06522045,-0.05705829,-0.050606694,-0.046816956
0.24215382,0.21981364,0.20242128,0.18674713,0.17009267,0.16751394,0.16920501,0.16106263,0.17211807,0.18697077,0.21118565,0.22437146
0.25244215,0.24067427,0.2306076,0.21489233,0.19974308,0.19045737,0.17495036,0.15603304,0.13414532,0.11426915,0.09550213,0.07336781
0.63360274,0.5814841,0.5270146,0.4830516,0.43631887,0.39290422,0.35273576,0.30633494,0.26528627,0.23509806,0.19244821,0.15742321
0.025736555,0.024041653,0.02047363,0.013711091,0.014349744,0.013990142,0.013938254,0.01747397,0.020437445,0.022530172,0.03203053,0.03608008
-0.06317374,-0.049004547,-0.035650574,-0.027652606,-0.021362882,-0.018904075,-0.016426511,-0.021656413,-0.029301405,-0.03499335,-0.04832984,-0.06450748
-0.057056654,-0.05518955,-0.057221204,-0.061333083,-0.056534473,-0.061040074,-0.05028163,-0.04624912,-0.03287775,-0.020007938,-0.010751567,-0.0015487366
-0.050322518,-0.05846078,-0.064127825,-0.0673443,-0.06707278,-0.06957419,-0.06637205,-0.061358493,-0.054065865,-0.048652492,-0.038199507,-0.023596598
0.32857895,0.2924141,0.25874633,0.22905481,0.20021951,0.17779735,0.1478606,0.11648148,0.09215593,0.070877895,0.043858565,0.024785299
-0.11520957,-0.13474712,-0.15771902,-0.17617255,-0.18576074,-0.19777247,-0.21047427,-0.23633437,-0.23604573,-0.24101013,-0.247665,-0.25361902
-0.15580578,-0.13184363,-0.10769898,-0.086686045,-0.073498294,-0.06409409,-0.062687784,-0.06182032,-0.075601205,-0.08430059,-0.0955413,-0.115322486
-0.09971717,-0.0995759,-0.10057393,-0.09686593,-0.09379634,-0.08836497,-0.081478655,-0.07562949,-0.06499831,-0.054393064,-0.037783206,-0.023239601
-0.5713779,-0.5553685,-0.5400547,-0.51878077,-0.49544844,-0.47502524,-0.45673457,-0.431062,-0.40835503,-0.38964793,-0.3665013,-0.33204797
0.2758368,0.22996132,0.18928844,0.15604234,0.13095896,0.11100981,0.09356709,0.07776387,0.08610407,0.0906495,0.09864071,0.11232491
0.011387659,0.0044354154,-0.005463982,-0.001767599,-0.011087494,-0.010865814,-0.013242484,-0.006242427,-0.0058587044,-0.00921503,-0.0063493056,0.0057573104
0.34291255,0.31984556,0.2995046,0.28102583,0.26252237,0.25569683,0.24886344,0.24315983,0.2421934,0.24275418,0.2497886,0.2568688
-0.3466038,-0.3359406,-0.3254688,-0.30828184,-0.29874882,-0.28548306,-0.2868754,-0.27822736,-0.27805737,-0.28014633,-0.28478098,-0.28032625
0.37894654,0.34120768,0.3073281,0.2732325,0.24794072,0.22113423,0.193172,0.16339457,0.14246354,0.12434996,0.09582791,0.081272244
-0.32534176,-0.3013442,-0.28224355,-0.25728732,-0.23856358,-0.22216901,-0.20624165,-0.18290381,-0.16847342,-0.15605548,-0.14055137,-0.12611835
0.24434108,0.24992001,0.25280857,0.24904108,0.24222276,0.2423702,0.23417827,0.21798937,0.21106464,0.208163,0.19485301,0.1616806
-0.14560673,-0.15213978,-0.16115364,-0.16655445,-0.16247681,-0.16025561,-0.15834557,-0.14740424,-0.13419244,-0.121938005,-0.10462135,-0.08293865
0.094026715,0.0983078,0.09800699,0.09517053,0.09126561,0.08069512,0.07087278,0.05690743,0.034616694,0.016471742,-0.013407655,-0.039541546
-0.21671398,-0.20674102,-0.19557887,-0.18884684,-0.18054818,-0.16688326,-0.15061939,-0.13739921,-0.12549242,-0.11545097,-0.092122346,-0.07759853
0.08633266,0.08117798,0.07624048,0.074550055,0.06723368,0.06696902,0.07101953,0.07152025,0.07771805,0.0789715,0.086931646,0.09356006
-0.22162017,-0.2224422,-0.2203351,-0.217993,-0.20894358,-0.1980208,-0.19368894,-0.18632323,-0.17500247,-0.16204013,-0.14043555,-0.11960599
0.4125108,0.40603068,0.39706847,0.38043672,0.3662803,0.35121033,0.34047115,0.31533924,0.2973529,0.29000092,0.26878765,0.23398373
0.07732662,0.077280514,0.07135783,0.06685836,0.064652406,0.061026134,0.0604075,0.061537907,0.06018818,0.06374273,0.06905381,0.06679467
-0.152664,-0.14523041,-0.13815336,-0.12816028,-0.12574433,-0.11844758,-0.118346296,-0.11696726,-0.12200369,-0.12992124,-0.13183936,-0.13404179
0.12950893,0.12044984,0.111378685,0.10092177,0.09372527,0.08609642,0.08055983,0.07138822,0.06347854,0.05636687,0.04815939,0.043944176
0.07082313,0.050975125,0.033397954,0.019824412,0.009785805,0.00369877,0.00047359988,-0.00461109,-0.002294816,0.002743367,0.014655752,0.027469886
-0.9726017,-0.92018557,-0.882312,-0.8436648,-0.7902485,-0.7540974,-0.7222309,-0.6747693,-0.63448757,-0.6029701,-0.5624196,-0.5272854
-0.4316448,-0.40781897,-0.38981622,-0.36886305,-0.34728262,-0.32767126,-0.30625045,-0.28228518,-0.2560637,-0.23806779,-0.21232037,-0.18906528
0.1124523,0.12082173,0.14283039,0.14781906,0.16385978,0.17465398,0.17238487,0.17900434,0.15970102,0.16876581,0.17526348,0.1656831
0.24341053,0.23338747,0.2264648,0.22058165,0.20844011,0.20535833,0.20833328,0.19952777,0.19775093,0.20361042,0.21024652,0.21255124
-0.18301077,-0.16692981,-0.15324149,-0.14558384,-0.13269064,-0.13317521,-0.13250959,-0.12899289,-0.14080295,-0.1491405,-0.16235045,-0.17494857
0.28227875,0.25983307,0.24052192,0.22332802,0.20499986,0.19026433,0.17518575,0.16036257,0.144789,0.13391484,0.11947478,0.11021527
-0.28808582,-0.2736608,-0.26766336,-0.26131928,-0.24326693,-0.24124153,-0.23238212,-0.21579821,-0.2074705,-0.19819012,-0.19390674,-0.1829181
-0.23307846,-0.22115564,-0.20826635,-0.20378652,-0.18805084,-0.17775142,-0.16104831,-0.1497157,-0.133803,-0.11633671,-0.092209265,-0.07887928
-0.2958368,-0.291291,-0.28551704,-0.28045464,-0.26675388,-0.25708494,-0.24498549,-0.23034656,-0.20732829,-0.19147547,-0.17031917,-0.14793578
-0.3380045,-0.30939555,-0.28108132,-0.25512215,-0.2350658,-0.2135813,-0.19307277,-0.17715587,-0.15216489,-0.13907741,-0.12478423,-0.11764463
-0.04281619,-0.050887637,-0.055344865,-0.0604994,-0.05963137,-0.058899563,-0.05115463,-0.045079034,-0.035267096,-0.025267024,-0.008601633,0.012018837
0.29256904,0.28509393,0.27915308,0.2702877,0.2583161,0.24893607,0.24355793,0.23076472,0.22350255,0.21395421,0.20135246,0.18474129
0.12896149,0.116038546,0.10945234,0.09947994,0.09367862,0.089829125,0.08775308,0.08817202,0.08929136,0.09054041,0.091454126,0.09810503
0.24801469,0.23395574,0.22026151,0.20928496,0.19584952,0.18850686,0.18650217,0.18362467,0.18247947,0.18252276,0.18501203,0.18970288
0.13608468,0.11706136,0.10052151,0.08739839,0.07517586,0.068033695,0.056714736,0.05011344,0.04796562,0.044109333,0.043595247,0.04699027
-0.52858794,-0.5019725,-0.48120052,-0.46307734,-0.4355841,-0.4207072,-0.4032147,-0.38455793,-0.37103227,-0.35902268,-0.34436622,-0.33105668
0.7827185,0.72516036,0.67370266,0.6228883,0.5725254,0.54143673,0.510886,0.46193248,0.43416345,0.42049265,0.40758708,0.38365364
-0.16553877,-0.15638025,-0.15931666,-0.098808855,-0.1126384,-0.097030364,-0.073232904,-0.024972595,-0.0066930726,0.011572868,0.042418007,0.09320396
-0.14645813,-0.1297966,-0.117387176,-0.10486703,-0.09529449,-0.08943646,-0.08594265,-0.07927943,-0.08119935,-0.08381301,-0.08945605,-0.09540016
-0.050523166,-0.04644527,-0.04310143,-0.040727682,-0.037893146,-0.03343428,-0.032157812,-0.02954337,-0.024325809,-0.023178168,-0.01846379,-0.018748824
0.042015817,0.04146606,0.038163476,0.03397713,0.032556936,0.027785292,0.022314671,0.015049263,0.008108685,0.0028748326,-0.006064377,-0.015025063
-0.0360694,-0.044980332,-0.05490283,-0.060366794,-0.06796845,-0.054268114,-0.052198127,-0.054695316,-0.027872693,-0.015849823,0.0060674283,0.021878637
0.19280294,0.20375626,0.21089758,0.21701989,0.211859,0.21530142,0.21401607,0.20309493,0.20201068,0.19771485,0.19007182,0.16258909
-0.5107297,-0.47707814,-0.45135468,-0.41978282,-0.39077082,-0.36325115,-0.33612558,-0.29744637,-0.26041704,-0.23618029,-0.19983166,-0.16822049
-0.5890191,-0.5463772,-0.510354,-0.4765194,-0.44127733,-0.41173497,-0.39109957,-0.36225376,-0.34654558,-0.3315003,-0.31422955,-0.3027117
0.08479081,0.08494935,0.09196932,0.0898202,0.088785365,0.08634268,0.09061938,0.08774057,0.07829966,0.07338681,0.067289904,0.060963973
-0.05359039,-0.061594088,-0.062812254,-0.06409825,-0.06506979,-0.06324012,-0.06973556,-0.076126724,-0.07314421,-0.070241146,-0.07464802,-0.07607749
0.19946489,0.189978,0.18032765,0.17474158,0.16294625,0.15742457,0.14952233,0.1344568,0.12746747,0.12497167,0.121834956,0.11036461
-0.060198292,-0.07179024,-0.07901672,-0.084150106,-0.0856823,-0.08700667,-0.08508176,-0.08293911,-0.07693723,-0.07075624,-0.06250108,-0.046945587
0.1431268,0.14906713,0.14879689,0.1498435,0.14626922,0.14128044,0.14147277,0.13769785,0.13822939,0.136338,0.12950195,0.11756547
-0.3611772,-0.33935937,-0.32551682,-0.31916898,-0.29679352,-0.2915715,-0.2801186,-0.26951274,-0.25151348,-0.24279721,-0.23616244,-0.23261447
-0.45125154,-0.42980245,-0.41390264,-0.3979293,-0.37383324,-0.35953668,-0.34698862,-0.33155683,-0.32984036,-0.3183087,-0.30875188,-0.29750448
0.0800266,0.07352839,0.064445905,0.05864771,0.048754543,0.041428138,0.029188648,0.01642294,0.0022871848,-0.013113005,-0.028794864,-0.042341452
0.51828915,0.53613305,0.52596253,0.5179886,0.50653106,0.4806338,0.51509976,0.49796528,0.5276478,0.55536866,0.56167823,0.5541446
0.7465888,0.68815434,0.6397353,0.59100145,0.54975396,0.51479787,0.49523625,0.46644056,0.45914674,0.44906896,0.44202277,0.4483908
-0.20220807,-0.17543,-0.15599108,-0.13651896,-0.12117541,-0.11431832,-0.12261504,-0.12782045,-0.1420716,-0.154322,-0.18285581,-0.21478236
0.32471997,0.32397184,0.31979212,0.31348094,0.30181402,0.2936164,0.28214717,0.2672492,0.25285292,0.23813014,0.21523556,0.18879527
0.5907995,0.55448484,0.52029645,0.4934127,0.46230632,0.4176571,0.39227757,0.36434978,0.3337413,0.3026592,0.2601619,0.23205137
0.23417671,0.21656835,0.19666448,0.175496,0.15832618,0.14646223,0.14507905,0.13576722,0.13853003,0.13588694,0.13564108,0.14002083
0.44884872,0.42287967,0.38977042,0.34892592,0.32814988,0.29921046,0.27786973,0.2455884,0.22232042,0.20705964,0.18274596,0.16252838
0.16522622,0.1572588,0.14832474,0.14277089,0.13375756,0.12655836,0.11441741,0.11039914,0.08984637,0.07645752,0.062474754,0.05443388
-0.35026288,-0.3176912,-0.28504622,-0.2589564,-0.23374154,-0.21911041,-0.20358458,-0.18641922,-0.1811852,-0.17882544,-0.17710166,-0.17931749
-0.1252355,-0.09618123,-0.067679524,-0.05182773,-0.03686329,-0.02771812,-0.023857936,-0.027387515,-0.043075442,-0.05309024,-0.07339485,-0.10155894
-0.17369741,-0.17331462,-0.17357275,-0.17382745,-0.16814008,-0.1697994,-0.18158072,-0.1839158,-0.18922463,-0.1969919,-0.20901503,-0.2170279
0.04348237,0.042926952,0.045967977,0.04122089,0.04266261,0.04362858,0.048832256,0.049339123,0.0502465,0.05456153,0.058477167,0.06052335
0.09710794,0.10329481,0.09521495,0.10459693,0.09682515,0.10796831,0.098943554,0.105302386,0.10559919,0.10597279,0.11626135,0.117522374
0.65155256,0.6183002,0.5820617,0.546101,0.51508296,0.47513548,0.45844224,0.4318707,0.42081437,0.4026945,0.37334263,0.35799408
-0.0025676624,-0.010199038,-0.020062312,-0.029711418,-0.031792156,-0.036767304,-0.044805504,-0.05259437,-0.055694684,-0.056636687,-0.057537206,-0.05867877
0.1918964,0.19054355,0.18744783,0.18079454,0.17735198,0.16906345,0.1713211,0.17218158,0.17005631,0.16842382,0.16782296,0.16498232
