-0.16011803,-0.15212855,-0.11078033,-0.13428193,-0.13658427,-0.13617863,-0.093538925,-0.08084938,-0.049384892,-0.02130686,0.0015324214,0.024618138
-0.38406417,-0.3135307,-0.19494987,-0.16171327,-0.10928044,-0.13075975,-0.08766213,-0.1103681,-0.1180331,-0.13437003,-0.12181802,-0.1389429
0.028108966,0.023628328,-0.019022748,-0.047778524,-0.05874446,-0.070512384,-0.06723505,-0.06304673,-0.006083723,0.06214251,0.066144556,0.075405344
0.15201394,0.11585884,0.089369446,0.076768056,0.04993169,0.038769245,0.040679723,0.049942497,0.06578654,0.0803497,0.08950904,0.098813385
-0.0010314763,-0.037823737,-0.05762861,-0.062784895,-0.07451098,-0.07747348,-0.05587998,-0.033775285,-0.010641724,-0.011208877,0.013332613,0.025609042
0.1916801,0.18855391,0.18437508,0.15700334,0.14107871,0.1164574,0.11343428,0.08955676,0.0823135,0.09031218,0.07020783,0.06649727
0.1572513,0.075944796,-0.040177613,-0.0981099,-0.14173917,-0.14890625,-0.11311337,-0.07315458,0.006708801,0.07221101,0.13874045,0.17588854
0.45989826,0.3996908,0.29917222,0.2613515,0.19872847,0.16187257,0.15360972,0.14803305,0.15856957,0.18106051,0.18902272,0.19437787
0.20208138,0.16880208,0.1621622,0.15266854,0.12723361,0.11282829,0.10292193,0.08803488,0.071044736,0.043075893,0.026972735,0.019201096
-0.52124363,-0.4518969,-0.32446977,-0.35380667,-0.3685019,-0.37030414,-0.19042075,-0.22412907,-0.2276238,-0.27267802,-0.102892995,-0.09322176
0.123165496,0.1923261,0.14253177,0.054270625,0.001294218,0.0060791075,0.035461247,0.01632031,0.054069147,0.10119991,0.13932711,0.17518589
-0.064074434,-0.09274766,-0.0977759,-0.1030419,-0.099707775,-0.09204398,-0.069120705,-0.05687107,-0.043971125,-0.043017928,-0.022201624,-0.009486308
0.08913483,0.10514032,0.084758416,0.0791318,0.08190553,0.092911884,0.07034925,0.045341965,0.017695997,0.011488209,0.00021307718,-0.015768914
0.11510128,0.09822589,0.105423436,0.10388884,0.08508634,0.061936527,0.06812103,0.080397345,0.084471695,0.07689856,0.085886605,0.093647696
0.14742255,0.10922539,0.006231636,-0.121391594,-0.19797549,-0.1769966,-0.12823541,-0.108481064,-0.023461178,0.038926072,0.08931521,0.1389408
-0.30645627,-0.24547714,-0.14402717,-0.094456345,-0.035892203,-0.05138194,-0.040284917,-0.060468443,-0.07848836,-0.07121837,-0.08515569,-0.10766411
-0.001638174,-0.024374085,-0.035634045,-0.00879412,-0.0037964173,0.010391641,0.0056607146,0.0067830943,-0.012385057,-0.017140888,-0.0055739908,-0.015166992
-0.43610463,-0.47565514,-0.5068706,-0.54228985,-0.5107512,-0.46690542,-0.39010093,-0.35198677,-0.26547632,-0.16674684,-0.081048846,-0.044597045
-0.09107185,-0.04084362,0.0028006285,0.035757706,0.05995114,0.08075005,0.049291745,0.02749531,-0.026037633,-0.06421307,-0.0955853,-0.12208145
-0.6745824,-0.576335,-0.44894388,-0.4504093,-0.361583,-0.35355774,-0.28592634,-0.31553036,-0.3012891,-0.298662,-0.30978614,-0.32175338
-0.44456297,-0.44408533,-0.37601697,-0.3190598,-0.25908017,-0.20227858,-0.19937605,-0.18724051,-0.20634943,-0.22409582,-0.22034095,-0.23264587
-0.10208431,-0.07921228,-0.045319565,-0.038668748,-0.02619955,-0.020290546,-0.01453786,-0.018813882,-0.021236777,-0.02134823,-0.019329473,-0.017481629
0.20997226,0.16636434,0.13310972,0.13695925,0.10433214,0.09625339,0.08288376,0.08889754,0.08739969,0.065527886,0.05783288,0.06025143
-0.008442622,-0.093043596,-0.1781145,-0.25506714,-0.28146067,-0.2799187,-0.2277749,-0.1999236,-0.12252019,-0.088557035,-0.039725512,-0.0111415535
-0.29579943,-0.24725251,-0.20376839,-0.19696313,-0.14381619,-0.13112622,-0.13917543,-0.155265,-0.15289135,-0.14879426,-0.1943037,-0.21553478
0.046228997,0.033216998,0.012244994,0.011337951,0.016891498,0.029846776,0.011069594,0.015124079,0.0058072694,0.0033602146,-0.0012266166,-0.0045007393
0.16185984,0.120689094,0.09122971,0.071890324,0.041188434,0.03393048,0.028752267,0.036711603,0.0460833,0.034025785,0.03765902,0.041647155
-0.41312838,-0.42896858,-0.401976,-0.3754268,-0.32050502,-0.29298133,-0.26195064,-0.2321355,-0.21985388,-0.24765605,-0.25135127,-0.2510996
-0.050768703,-0.048421662,-0.049657766,-0.048845388,-0.039963353,-0.036861878,-0.033236012,-0.033971332,-0.031009229,-0.024505842,-0.027796173,-0.02691055
0.043696478,-0.015623108,-0.07335768,-0.12217023,-0.14682494,-0.14678013,-0.106334805,-0.08746794,-0.044039946,-0.0069611855,0.044907905,0.07207652
0.11270796,0.09840265,0.064137034,0.027223073,0.0024515167,-0.00039160252,-0.010556586,-0.0071866885,0.025503129,0.050549198,0.030334152,0.042301737
-0.06856702,-0.062135316,-0.09683631,-0.062460776,-0.053820282,-0.035346,-0.048447408,-0.019550433,-0.0006045699,0.040443987,0.049676273,0.06837337
0.636471,0.6046178,0.61406314,0.5928646,0.5006067,0.48784548,0.41840768,0.4061622,0.3524177,0.35845134,0.32320753,0.35410425
0.29868758,0.28965995,0.28996757,0.34187526,0.31321716,0.30242437,0.25703776,0.23403066,0.16511941,0.10349989,0.06662324,0.043431744
-0.102467485,-0.0661298,-0.06754837,-0.08112782,-0.06333426,-0.062349714,-0.06327875,-0.07248074,-0.053322136,-0.029014021,-0.04379411,-0.047314145
-0.092303544,-0.10847269,-0.12853092,-0.15824339,-0.16271242,-0.15290655,-0.13551992,-0.115673594,-0.07322775,-0.053649046,-0.046864484,-0.032066908
0.45884147,0.36219054,0.27947426,0.22259012,0.14480153,0.12263861,0.13717803,0.14959171,0.16393024,0.16470839,0.21626371,0.2383064
0.19260146,0.12033214,-0.00082062185,-0.1005674,-0.14719822,-0.14644313,-0.10493444,-0.075746246,0.0042911842,0.08844608,0.15452121,0.20762748
-0.4455842,-0.5110497,-0.4707122,-0.3313976,-0.30493486,-0.23355316,-0.21417725,-0.12183199,-0.14034744,-0.24377738,-0.1765218,-0.16425283
0.08583127,0.22597924,0.05867715,-0.14924541,-0.1683772,-0.1649258,-0.1308987,-0.19617642,-0.055550534,0.21016236,0.22644225,0.2784316
0.07294801,0.025292322,-0.02542755,-0.09131083,-0.12772727,-0.14264232,-0.0950848,-0.07608625,-0.017418936,0.015089629,0.06401254,0.09662379
-0.8091246,-0.7835494,-0.59712505,-0.4475602,-0.32423037,-0.30007946,-0.26325208,-0.22738917,-0.26456708,-0.32494003,-0.31559226,-0.33308756
-0.014050309,-0.010846533,-0.035464633,-0.034080446,-0.02904304,-0.005874045,-0.018055525,-0.012681074,-0.01557479,-0.019743096,-0.023670306,-0.018842679
0.13785979,0.07097936,-0.13882747,-0.3837412,-0.45130715,-0.46255106,-0.39237544,-0.3653428,-0.16177264,0.005940549,0.08404371,0.1489311
-0.15966876,-0.13792253,-0.002870351,0.122764796,0.17541543,0.17684439,0.1469224,0.11872277,-0.00068259984,-0.1365694,-0.19109392,-0.24521363
0.18421923,0.27849272,0.32977974,0.37066478,0.3704312,0.36068916,0.31141362,0.26332363,0.17563182,0.15048978,0.11379596,0.08653395
0.09825299,-0.03855838,-0.17252581,-0.2432494,-0.2867271,-0.27685103,-0.22754303,-0.16278395,-0.071382746,-0.016499061,0.06211217,0.10950186
0.17925672,0.15362291,0.118505,0.110164806,0.07283911,0.060587898,0.0651346,0.07070707,0.079968214,0.06611479,0.078647085,0.087489724
-0.1206708,-0.15843692,-0.14453998,-0.14151002,-0.13404194,-0.1248924,-0.10686451,-0.07587586,-0.050510544,-0.054901917,-0.04158395,-0.029852845
0.16483784,0.16940819,0.14015314,0.08925799,0.06108234,0.054491907,0.06165992,0.049601067,0.06215189,0.0828461,0.09305782,0.10953799
-0.4448951,-0.46650875,-0.42038727,-0.3755264,-0.33187267,-0.2943838,-0.24812013,-0.2107483,-0.20343907,-0.24079478,-0.20280652,-0.19682787
0.053931393,0.085872434,0.09441708,0.068212226,0.06002851,0.050190482,0.053385206,0.033675805,0.028820291,0.026141781,0.018443353,0.017872835
0.24752888,0.22222644,0.21666662,0.21002355,0.17288417,0.15154897,0.13532256,0.1468475,0.14504924,0.14391862,0.12959996,0.13976069
-0.017053673,-0.0036293939,-0.0045514666,0.0021717623,0.0118800625,0.029415801,0.006048318,0.0025066882,-0.0050670113,0.008656084,-0.0040268702,-0.0030219574
0.43383992,0.38179022,0.34790915,0.39416763,0.36807424,0.32890856,0.32005093,0.32407802,0.258497,0.22749181,0.24295656,0.2520342
-0.06567129,-0.07273091,-0.07240276,-0.07300051,-0.06552639,-0.05935377,-0.052360095,-0.044438254,-0.040631555,-0.040522143,-0.03350984,-0.0317575
0.69311094,0.63038707,0.5064535,0.46760866,0.39639223,0.33158213,0.30489188,0.29366964,0.30338,0.33052638,0.33587825,0.34606433
-0.06239702,-0.022968225,0.03460931,0.07133351,0.09125831,0.086440764,0.074993975,0.050330594,0.0060208663,-0.030880623,-0.058522485,-0.08125281
-0.07439921,-0.0774934,-0.16193478,-0.2797419,-0.2902584,-0.2761117,-0.2540732,-0.2546692,-0.16249767,-0.089303404,-0.09261156,-0.077749915
0.12590058,0.1373272,0.087387286,0.054936677,-0.021139652,-0.045844913,-0.057469904,0.0021225363,0.12666921,0.17809993,0.15420619,0.19152878
0.41053504,0.7924109,1.2856842,1.7229718,1.8259972,1.8067935,1.4922234,1.2537545,0.6841043,0.28048605,-0.039136633,-0.27604282
-0.057402648,-0.089169025,-0.09924957,-0.11513431,-0.1135,-0.118792705,-0.09575538,-0.08152558,-0.048657745,-0.011553292,0.0044165216,0.013567066
-0.20023343,-0.17805822,-0.12642959,-0.085431874,-0.044672832,-0.037842132,-0.044262305,-0.04988972,-0.06539455,-0.073425055,-0.09237656,-0.108483545
0.27509513,0.35898334,0.42996907,0.57699776,0.5550233,0.5217621,0.47070798,0.41043946,0.29445484,0.25227815,0.21517645,0.1868662
0.307745,0.28375527,0.25268722,0.21942237,0.17792654,0.16777885,0.15530582,0.13650765,0.123152465,0.124464594,0.13394096,0.14327976
0.3221508,0.27490807,0.17821005,0.110886365,0.038504153,0.034540296,0.04618439,0.080429286,0.14411037,0.1973786,0.25002968,0.30378097
0.07172862,0.07557385,0.09464572,0.03396286,0.008197382,-0.039730676,0.010257788,-0.0034402683,0.032259423,0.04363745,0.054397166,0.07058402
-0.6395394,-0.64983356,-0.66640866,-0.5218005,-0.4269587,-0.36572838,-0.44323778,-0.28325814,-0.18476602,-0.11151262,-0.13162634,-0.11499328
-0.14284308,-0.12056948,-0.14951196,-0.19603765,-0.20804831,-0.22410265,-0.16952167,-0.18222457,-0.12384814,-0.100425005,-0.08981882,-0.08350122
-0.2238707,-0.19583973,-0.15756378,-0.08651135,-0.055662557,-0.011440285,-0.030972354,-0.03039401,-0.0686685,-0.09866505,-0.09678851,-0.117713116
-0.061543614,-0.05798356,-0.08360285,-0.11145471,-0.109381124,-0.099810705,-0.0967153,-0.10217062,-0.0703051,-0.045247614,-0.055673033,-0.055332243
-1.063827,-1.0938528,-0.925563,-0.7314962,-0.5698232,-0.4683154,-0.45286912,-0.38131392,-0.43512,-0.5204197,-0.5093831,-0.54350317
0.3565389,0.32548833,0.3279968,0.32877594,0.2873869,0.2690786,0.22351055,0.21152952,0.1782864,0.15058133,0.116634,0.10275601
1.2218603,1.05305,0.79982877,0.6435077,0.46335047,0.42463863,0.42974618,0.44027615,0.40217647,0.33143115,0.31178546,0.38774016
0.10378305,0.06839493,-0.0043586493,-0.055305287,-0.09245989,-0.083481416,-0.054199412,-0.03970342,-0.00057195127,0.03613583,0.092963725,0.11956494
0.2789399,0.26263252,0.21470952,0.17913151,0.14365235,0.1195992,0.11941257,0.099466056,0.10018275,0.11246794,0.11073495,0.11412491
-0.17666256,-0.22436121,-0.25473633,-0.26636752,-0.24743693,-0.20427044,-0.1897393,-0.17459506,-0.1581378,-0.1352231,-0.12244027,-0.111588
-0.070291236,-0.103731215,-0.1435267,-0.16122614,-0.15231282,-0.1606728,-0.1643425,-0.12759875,-0.064988345,-0.014421986,-0.019010328,-0.008972555
0.1439974,0.1557151,0.18369183,0.2064979,0.19264457,0.17121598,0.15163398,0.14326334,0.120415665,0.11361398,0.08606304,0.093262546
0.14863454,0.1509924,0.15861487,0.19803438,0.1944253,0.17515007,0.14676856,0.12402831,0.092565656,0.08129649,0.06017536,0.040201254
0.112427734,0.0918945,0.07705882,0.058775343,0.036514543,0.017399795,0.0313264,0.036015175,0.046359327,0.04683383,0.0678709,0.07911107
-0.36264756,-0.36698502,-0.32182705,-0.32833105,-0.27644765,-0.2663155,-0.22320217,-0.21722105,-0.20120703,-0.19973677,-0.18060558,-0.18374622
0.23428303,0.1698547,0.095920116,0.04773751,-5.751848e-06,-0.006574407,-0.00018899143,0.009502679,0.03960298,0.0431732,0.0507128,0.06554663
0.13761756,0.14982012,0.13115527,0.098494574,0.07942809,0.06489857,0.067957595,0.04096812,0.036666,0.0414153,0.033227228,0.030541219
-0.18518984,-0.12592733,-0.09829803,-0.10330541,-0.07259042,-0.06429826,-0.0645463,-0.07011975,-0.054390572,-0.018732045,-0.020911977,-0.020429078
-0.23252234,-0.25351557,-0.22872911,-0.19391644,-0.15455925,-0.12760481,-0.12749155,-0.09279768,-0.093792036,-0.10019367,-0.08855898,-0.089388154
-0.5660283,-0.6019628,-0.56745076,-0.5055539,-0.46394774,-0.4321808,-0.40474206,-0.3123574,-0.24603243,-0.28003192,-0.27704626,-0.2591584
-0.7352258,-0.6666938,-0.5057491,-0.40433094,-0.31611896,-0.20546539,-0.19733298,-0.14114887,-0.19516808,-0.2694406,-0.22131343,-0.21163613
0.4932018,0.35449994,0.20742947,0.14439714,0.0665108,0.0266563,0.0603925,0.08197898,0.12610279,0.14908001,0.21868291,0.24496454
-0.51853985,-0.31832337,-0.18806139,-0.1011132,-0.031511188,-0.0013702661,-0.030504793,-0.08698199,-0.12856388,-0.13881966,-0.20064737,-0.25082502
0.73103505,-0.0018093288,0.17405352,0.17243403,0.27394027,-0.31089664,-0.26672167,0.071351945,0.37344038,0.3588919,0.24291928,0.3420913
-0.12920475,-0.068204336,-0.14739904,-0.2680171,-0.25048107,-0.21109782,-0.21825053,-0.23800434,-0.17005028,-0.07051713,-0.080200836,-0.0748276
-0.32497457,-0.36159545,-0.3684374,-0.2921362,-0.2570263,-0.21430346,-0.23936707,-0.15212843,-0.12305364,-0.13746627,-0.14403653,-0.124410436
0.11534962,0.11423443,0.09002771,0.069021046,0.057516724,0.0383918,0.048804983,0.030896297,0.02485098,0.024544602,0.02668735,0.019663973
0.021559536,0.050173216,0.07444551,0.07969641,0.08140383,0.07307752,0.074519455,0.05771117,0.033604972,0.016751522,0.017835595,0.012148075
0.12819497,0.1257217,0.13047418,0.07001064,0.052896507,0.025201172,0.049453363,0.027995158,0.026954958,0.006061392,0.010378486,0.011327881
0.48264304,0.46187046,0.44940373,0.40201217,0.33199385,0.24095795,0.21395028,0.21145222,0.25236103,0.2624261,0.18297617,0.1910494
0.14785911,0.15203154,0.1884036,0.25820857,0.2483842,0.24744833,0.20738527,0.19499041,0.12949581,0.079102576,0.059722558,0.037097204
0.037034936,-0.008229341,-0.047730923,-0.06938608,-0.085947774,-0.104009,-0.09449196,-0.051616274,0.0147985555,0.057067856,0.071179435,0.10018201
-0.12400531,-0.12594551,-0.16827583,-0.12321817,-0.11781873,-0.09899314,-0.11263946,-0.07823122,-0.03653141,0.0037908107,0.00830842,0.011524405
0.25390923,0.24653582,0.2716979,0.31628639,0.29187578,0.29508483,0.2598866,0.23700973,0.1597712,0.10172567,0.08824055,0.07888177
