-0.39334953,-0.3413624,-0.33775628,-0.2867306,-0.2845546,-0.26087487,-0.22697274,-0.20088257,-0.16651642,-0.1637178,-0.17552757,-0.15633471
-0.027060635,-0.03174574,-0.03490732,-0.05738125,-0.06660582,-0.059225995,-0.066183835,-0.05233647,-0.043523356,-0.021748388,-0.0046006683,0.01990424
0.052340038,0.057682574,0.054478277,0.05500793,0.054104984,0.057393014,0.06959368,0.08069307,0.06888518,0.07821418,0.087862164,0.0936951
0.22426865,0.1930143,0.19704846,0.14473289,0.12544222,0.10562308,0.10159465,0.0838271,0.07886616,0.10867246,0.110487536,0.13592777
0.0421218,0.02669157,0.029713908,0.019465962,0.008422211,0.0055705067,-0.002117416,0.0069130026,0.0015644375,0.0112666525,0.015001973,0.026816214
-0.079867736,-0.06052319,-0.07683165,-0.060413405,-0.059364174,-0.04358294,-0.050279506,-0.03380066,-0.039019275,-0.03924831,-0.02654751,-0.032613892
1.2818826,1.1901171,1.2038628,1.1271749,1.0057822,0.91821134,0.8772212,0.8411489,0.8505876,0.8622225,0.7470868,0.71237856
-0.25019023,-0.2258095,-0.22712559,-0.19326748,-0.16752216,-0.15937588,-0.14929385,-0.14930339,-0.13707626,-0.15736045,-0.14838378,-0.1657189
-0.2543426,-0.24998282,-0.24327302,-0.249103,-0.2491956,-0.22846892,-0.2253127,-0.20401204,-0.18910295,-0.15567814,-0.11839179,-0.10927265
0.23471704,0.21067163,0.20807318,0.1974843,0.20617375,0.18924509,0.18425646,0.172019,0.17016602,0.14909057,0.14820541,0.13480218
0.23100324,0.22403201,0.22887762,0.22455873,0.22729124,0.21809927,0.2177834,0.2083691,0.20005539,0.18889958,0.1740217,0.15931985
-0.09401406,-0.09032617,-0.08013638,-0.06869739,-0.047529906,-0.0534512,-0.04002836,-0.04863677,-0.053054012,-0.068343766,-0.059130147,-0.073453896
-0.079310305,-0.08561152,-0.081121214,-0.07970114,-0.06740549,-0.072677165,-0.07326847,-0.07170797,-0.072750844,-0.08005554,-0.063848265,-0.07784923
-0.29632124,-0.28014323,-0.28000346,-0.2715565,-0.2708935,-0.24705741,-0.23929194,-0.20738181,-0.18544441,-0.15549316,-0.12823096,-0.097964175
-0.25844947,-0.23726207,-0.23771751,-0.23595719,-0.23322761,-0.21116571,-0.2000436,-0.18642679,-0.169415,-0.14839931,-0.1336677,-0.11382705
0.50096256,0.48871553,0.47828394,0.45142394,0.45970038,0.43045756,0.43997216,0.41280907,0.40580726,0.39243028,0.35987437,0.34733832
-0.84140456,-0.7881856,-0.7731611,-0.7161221,-0.6338239,-0.6022168,-0.57477427,-0.55279833,-0.5150909,-0.5385881,-0.50016034,-0.49843222
0.23399295,0.22477663,0.22803189,0.24467467,0.24585444,0.23426266,0.22275162,0.20800309,0.18382731,0.14869909,0.12387495,0.06979185
-0.52853036,-0.47002575,-0.47822225,-0.48206866,-0.4670344,-0.42888993,-0.39614654,-0.37645343,-0.3421626,-0.29087466,-0.24664705,-0.22315627
-0.087411195,-0.06610829,-0.069432855,-0.045481533,-0.035764147,-0.02729996,-0.023915224,-0.023819186,-0.026578091,-0.044729322,-0.052043945,-0.067137405
-0.5200775,-0.47733223,-0.4609786,-0.4361362,-0.42413548,-0.39132747,-0.3651095,-0.34706387,-0.33141008,-0.30732512,-0.28652015,-0.2701635
-0.98150265,-0.896254,-0.89145184,-0.8782481,-0.85495436,-0.7958098,-0.7520618,-0.70678455,-0.63842094,-0.58491004,-0.5281586,-0.49455974
0.013356008,0.01447858,0.013713451,0.0015749689,-0.00090893544,-0.0005525388,0.0026520975,0.0075074723,0.010131428,0.022968348,0.02980739,0.033576436
-0.40334228,-0.38604647,-0.3819411,-0.3853698,-0.37840468,-0.35215974,-0.3462062,-0.31697363,-0.288053,-0.2613872,-0.22366908,-0.19829538
0.05261829,0.051302474,0.04319942,0.042724155,0.03896659,0.036794487,0.034009047,0.03558553,0.037891652,0.03870942,0.039995056,0.038559694
-0.05261059,-0.024012383,-0.024365019,0.020604387,0.050544664,0.045157015,0.056799136,0.038291216,0.026950866,-0.02276688,-0.04867837,-0.087589316
-0.161387,-0.120397285,-0.12988508,-0.08359071,-0.08324449,-0.0626149,-0.050814405,-0.048258096,-0.046634383,-0.054628894,-0.06667906,-0.07789564
-0.17819805,-0.16334905,-0.16180295,-0.15216112,-0.14890431,-0.13437067,-0.124097176,-0.11802624,-0.110759534,-0.10187703,-0.09153401,-0.081710964
0.03630059,0.041896574,0.04127272,0.032782238,0.023189075,0.025253229,0.029654734,0.02541463,0.028878933,0.04171486,0.034650024,0.047956314
0.011185492,0.026090639,0.026146002,0.038341243,0.045559056,0.04530943,0.05094322,0.038728908,0.028837852,0.014929749,0.0037421032,-0.018943332
-0.07839452,-0.08820525,-0.09265357,-0.09324005,-0.09199309,-0.090606354,-0.089844525,-0.07166138,-0.06497701,-0.059443176,-0.046427988,-0.029686816
-0.004614343,-0.0038067894,-0.006119827,-0.016960436,-0.027980879,-0.025516683,-0.027150273,-0.027045205,-0.019405894,-0.0028078323,0.0005230936,0.015228919
0.33281246,0.28736857,0.29365256,0.2817603,0.27840254,0.24276008,0.2332855,0.20573889,0.18932043,0.16532299,0.15152046,0.14075737
-0.058573097,-0.06465443,-0.061897032,-0.06426573,-0.060817853,-0.05738968,-0.062296145,-0.053880073,-0.04853356,-0.047440402,-0.034714174,-0.033129357
0.038862996,0.036849342,0.027557047,0.019477986,0.03093122,0.022382278,0.021809112,0.025105031,0.03194149,0.025155813,0.033698585,0.029354857
-0.26014802,-0.22847848,-0.23637189,-0.19777763,-0.18316239,-0.15378751,-0.14638563,-0.13786596,-0.12510306,-0.13526529,-0.14229685,-0.13016278
-0.076562576,-0.06818143,-0.08752565,-0.076082006,-0.08394251,-0.062454484,-0.077347726,-0.051353745,-0.037683673,-0.036045525,-0.032919068,0.0012179725
-0.054874737,-0.03712134,-0.037221454,-0.03854978,-0.02680227,-0.018803462,-0.0042781173,-0.018428318,-0.008814362,-0.0061835507,-0.0015878668,0.00016493164
0.27476096,0.2642681,0.24969909,0.23760292,0.24369422,0.21300328,0.20009866,0.1770511,0.1471828,0.12735517,0.11029517,0.108270705
0.13304849,0.14771248,0.14366868,0.14417292,0.14764641,0.14830795,0.15931532,0.14113654,0.13345265,0.12938759,0.11291998,0.11654804
-0.07980282,-0.06696178,-0.06614966,-0.05035588,-0.050315127,-0.03842959,-0.03293736,-0.025844485,-0.01783276,-0.018509202,-0.030232485,-0.016234735
0.3941655,0.3757321,0.35000637,0.31823868,0.29885247,0.28317416,0.26290315,0.25176457,0.23698872,0.24719341,0.23388077,0.252927
0.35161978,0.31285295,0.31402692,0.28740653,0.2772819,0.25481856,0.22729877,0.21533835,0.19372003,0.18113895,0.16504285,0.15387987
-0.21868747,-0.20762815,-0.20008643,-0.19923003,-0.19120872,-0.18162401,-0.17231587,-0.16572513,-0.15895188,-0.15078543,-0.13595687,-0.12464746
-0.9389156,-0.8774376,-0.85878384,-0.80942094,-0.7877844,-0.7330965,-0.705186,-0.6562956,-0.6303571,-0.5924995,-0.5438802,-0.5257867
-0.014775067,-0.026060514,-0.023199387,-0.007166193,-0.010005878,-0.013032645,-0.022091035,-0.016528087,-0.025408931,-0.03847303,-0.040233657,-0.052335173
-0.10722221,-0.11139954,-0.10853414,-0.104162656,-0.10873813,-0.1045427,-0.11506422,-0.108288065,-0.11556503,-0.11543024,-0.10800424,-0.1221974
0.36080366,0.32047713,0.32005358,0.28024068,0.26022756,0.24044749,0.23252839,0.23302564,0.22069846,0.23843463,0.23081952,0.2602281
-0.46805313,-0.43387768,-0.42218798,-0.38974223,-0.37291583,-0.3451474,-0.33003366,-0.31598842,-0.30516106,-0.3056976,-0.28061044,-0.29021448
0.28617838,0.2655374,0.2650757,0.25489363,0.23607504,0.22522056,0.20690142,0.19656295,0.17860276,0.17165205,0.14376833,0.14782241
-0.096153736,-0.096681304,-0.095263064,-0.11329596,-0.11272241,-0.10933794,-0.10361515,-0.08839485,-0.07749243,-0.0529556,-0.030943057,-0.019833485
0.30091035,0.26199582,0.25612244,0.22844449,0.22303389,0.18973589,0.17359696,0.15732618,0.138671,0.1355538,0.1287372,0.11816588
-0.3485917,-0.32919404,-0.32588556,-0.32174253,-0.31841773,-0.29841954,-0.29315114,-0.27056465,-0.25995275,-0.23460488,-0.20896,-0.1931416
-0.38499817,-0.34295952,-0.33463892,-0.31664526,-0.31061307,-0.29161584,-0.2641453,-0.26472953,-0.24676295,-0.2298126,-0.23259598,-0.21969469
0.24956472,0.22356576,0.22483641,0.20497707,0.19421549,0.17910819,0.16846721,0.16059956,0.1546632,0.15008523,0.13624391,0.13450502
-0.039670937,-0.028199486,-0.024664458,-0.023963753,-0.018078031,-0.01874638,-0.009252081,-0.021864666,-0.01744739,-0.019714668,-0.026568405,-0.034453362
-0.07319217,-0.033360027,-0.047750857,-0.0043783784,0.0055762567,0.020306982,0.030468244,0.029969625,0.03526734,0.005400475,-0.014427934,-0.033852264
0.26211008,0.25569242,0.24449685,0.24561115,0.2278869,0.21646881,0.2050135,0.20655695,0.21362449,0.2016892,0.17311239,0.16926761
-0.21126819,-0.18331277,-0.19149943,-0.18282533,-0.18048857,-0.16447634,-0.15254398,-0.14735466,-0.12936641,-0.12251501,-0.10895335,-0.11320619
-0.68937737,-0.6135817,-0.5966706,-0.5730425,-0.57559675,-0.52663183,-0.48717332,-0.46303576,-0.45141953,-0.384886,-0.35716373,-0.3345319
0.36997858,0.32842872,0.31835797,0.2805736,0.263465,0.24203877,0.22186215,0.22186568,0.21184877,0.21615152,0.21596012,0.23031709
0.059518818,0.06971399,0.051337197,0.048681404,0.060719877,0.060757972,0.06028764,0.06080203,0.066345155,0.056884278,0.05915408,0.05057805
0.13177982,0.10321007,0.092411056,0.056025937,0.024944305,0.026366942,0.001108177,0.018474847,0.021142848,0.054611783,0.07705402,0.09276186
0.003178141,0.02377849,0.022256538,0.03333626,0.03088345,0.032232914,0.038027525,0.03432527,0.049606614,0.04250431,0.027632985,0.014022722
0.07483442,0.084116675,0.067372814,0.037867896,0.017050207,0.027246505,0.02732797,0.037680246,0.05810527,0.09262454,0.10710178,0.13114382
0.04877016,0.052568246,0.050641093,0.04803411,0.050801955,0.054907814,0.054261975,0.048397876,0.047449104,0.042574313,0.043401964,0.03847676
-1.3328751,-1.2420245,-1.2286986,-1.1622285,-1.1193659,-1.0462214,-0.99944806,-0.9460593,-0.88444585,-0.8502627,-0.7838745,-0.74289525
0.18785834,0.16225621,0.157049,0.14735098,0.15782629,0.12592721,0.11321531,0.097828165,0.083434105,0.054840926,0.04584997,0.025435684
-0.14099786,-0.1264282,-0.11948496,-0.11960003,-0.12501535,-0.09405323,-0.104928136,-0.09977865,-0.09582859,-0.08637243,-0.074317545,-0.06385405
0.052874114,0.041659493,0.031901296,0.021293748,0.03158918,0.024627,0.015862491,0.014790924,0.015411476,0.004916018,0.012364039,0.014118134
-0.42711782,-0.40488958,-0.39594358,-0.35862204,-0.34468707,-0.31669903,-0.31225216,-0.28121227,-0.26412147,-0.26867563,-0.25498205,-0.2456511
0.13951086,0.11781364,0.10276613,0.12585469,0.119305536,0.104040235,0.07101764,0.07305263,0.04954063,0.015260443,-0.0033650603,-0.025298156
-0.105340704,-0.10352626,-0.10736895,-0.12792048,-0.14413315,-0.13562481,-0.13871223,-0.13169488,-0.13142478,-0.09744539,-0.077222265,-0.05429437
-0.1909771,-0.16971244,-0.17134802,-0.16554627,-0.16728042,-0.14793247,-0.1399993,-0.12626642,-0.11951555,-0.09982178,-0.087488286,-0.073602825
0.38263333,0.3609295,0.3656689,0.35483474,0.35567024,0.3348599,0.32780638,0.31211472,0.2926933,0.27018327,0.25027454,0.23261824
0.05507452,0.054776285,0.0420741,0.004942443,0.010145515,0.0035473518,0.004702814,0.0119134635,0.006421685,0.046258695,0.07067177,0.07158082
-0.40747485,-0.39352253,-0.3855683,-0.34937143,-0.3149583,-0.28397715,-0.28919616,-0.26294005,-0.24104235,-0.26293495,-0.24312456,-0.23268808
-0.36431655,-0.3424012,-0.33465797,-0.3063646,-0.28820962,-0.27592185,-0.2588468,-0.24875385,-0.23241074,-0.23353674,-0.22048372,-0.21601894
-0.1593987,-0.14143142,-0.13840953,-0.14354351,-0.1473067,-0.12138179,-0.10900541,-0.09629074,-0.068939954,-0.047750775,-0.037641495,-0.011666596
-0.14776073,-0.15022446,-0.14730865,-0.15145168,-0.15283325,-0.14159356,-0.14205888,-0.12744427,-0.12773469,-0.105288744,-0.08303416,-0.06961079
0.17287491,0.16467084,0.16841623,0.14818527,0.15865867,0.14991453,0.1521436,0.13698605,0.1348937,0.12806572,0.12327201,0.11801403
0.34353742,0.31549016,0.3044801,0.28543788,0.2767424,0.24502039,0.23337796,0.21256441,0.19472913,0.18053706,0.15909103,0.14646217
-0.2854018,-0.28523186,-0.27504754,-0.26729292,-0.28081614,-0.25952357,-0.2637172,-0.24672112,-0.24799657,-0.23322088,-0.22152786,-0.22168939
0.0067817937,0.013615856,0.010914401,0.011634319,0.0150135495,0.011115068,0.016330801,0.00024848152,-0.0013790717,-0.0065862476,-0.008766257,-0.019007238
-0.0923901,-0.08669303,-0.08246293,-0.06584045,-0.057634804,-0.05287231,-0.048368335,-0.04557865,-0.043703265,-0.053395476,-0.05358216,-0.05456538
0.014037482,0.021544226,0.01328758,0.02460068,0.01842006,0.018860992,0.026747685,0.049508177,0.06578221,0.07159765,0.06648061,0.07341152
-0.70625234,-0.6710194,-0.6592763,-0.6012366,-0.572111,-0.53419,-0.51422936,-0.4775086,-0.45701885,-0.45852506,-0.4202317,-0.41713586
0.2011875,0.22015975,0.2174888,0.2633623,0.29694605,0.27028626,0.28321993,0.24792866,0.22611246,0.14741501,0.09950771,0.031042047
0.232746,0.23550057,0.23805085,0.22815639,0.2286391,0.22443303,0.23370466,0.20535888,0.1985937,0.191999,0.17018794,0.1663163
0.002172167,0.004452852,-0.009141385,0.008164689,-0.0035126563,0.0047729383,-0.0053479187,0.00017614663,0.006225965,-0.008088843,-0.013365643,-0.026007138
-0.019907393,-0.012687712,-0.017617252,-0.026326325,-0.038527705,-0.036689427,-0.035567872,-0.033569723,-0.027502485,-0.013130661,-0.018858932,-0.005423639
0.5075346,0.4757134,0.4478139,0.3785607,0.3544517,0.32401705,0.30481884,0.29303944,0.2934243,0.31228417,0.3119891,0.32715523
0.10736086,0.08730256,0.09443755,0.08517182,0.07768727,0.076809116,0.06581531,0.063937135,0.051289313,0.053102132,0.048224334,0.0480199
-0.39510354,-0.3677333,-0.36463717,-0.35227218,-0.34693432,-0.31991285,-0.3067596,-0.2845375,-0.26483142,-0.24033871,-0.21285634,-0.1956171
0.11330422,0.11672621,0.11608379,0.14455146,0.12297466,0.11042359,0.111738816,0.10135176,0.09877805,0.09327069,0.05931163,0.048174392
0.07438235,0.063042015,0.0551461,0.048619412,0.03557076,0.029929455,0.014662217,0.007858563,-0.001363175,0.0045165718,-0.00037921593,0.0020683967
0.18715027,0.17039713,0.16426906,0.15855207,0.14598277,0.13693912,0.124653086,0.12493733,0.11478323,0.114194244,0.1084239,0.112765394
0.17727214,0.14949533,0.15139192,0.117364615,0.08647958,0.07643302,0.06712074,0.06310525,0.048264965,0.08034597,0.08376243,0.10374604
-0.1522451,-0.13185143,-0.13234758,-0.11090009,-0.0902481,-0.0844581,-0.07429227,-0.07871403,-0.06685946,-0.0874237,-0.09688124,-0.109453864
0.2215417,0.2024281,0.20035906,0.19539171,0.19224954,0.17919062,0.17473428,0.1707061,0.1610992,0.15001677,0.137202,0.12954585
0.2522835,0.22320482,0.22860189,0.2041208,0.19049042,0.17638819,0.16938794,0.15131496,0.14015205,0.14462212,0.13501324,0.13786313
