0.23553663,0.21561068,0.20631658,0.17431894,0.1429857,0.10752815,0.09086293,0.07336476,0.064489454,0.055642676,0.050931346,0.049172044
0.43610033,0.41981018,0.42053932,0.42086864,0.36860442,0.28223112,0.21265712,0.1297346,0.058095932,-0.012987897,-0.04608605,-0.07642122
0.055458087,0.06564575,0.068540275,0.06348321,0.06463691,0.06204805,0.05503686,0.03412075,0.0060422514,-0.024135832,-0.045293555,-0.05711046
-0.0962915,-0.087864004,-0.05163136,-0.011437222,0.009880967,0.021050267,0.030060716,0.022243917,0.0012383573,-0.025816763,-0.044912837,-0.06088119
0.054395895,0.06649534,0.07426728,0.068897806,0.057988122,0.04792501,0.04113395,0.026131619,0.01366606,0.00047395984,-0.008675434,-0.013224304
-0.06320911,-0.073984325,-0.05479479,-0.01276017,0.00437082,0.008103672,0.0017858222,-0.00045203418,-0.02020817,-0.042066064,-0.052844577,-0.06540032
0.34806463,0.36855787,0.3560461,0.29526547,0.24647619,0.20639047,0.17558235,0.14385736,0.15121534,0.15748021,0.16956826,0.18423714
0.17849502,0.18665533,0.16492744,0.1294457,0.11489754,0.101678684,0.08425062,0.077741966,0.08452316,0.08991993,0.09692463,0.09884483
-0.06205438,-0.03874994,-0.05966325,-0.07138753,-0.10982104,-0.115503594,-0.10818596,-0.088218,-0.033647444,0.020681264,0.06522662,0.100518614
0.44416645,0.42350417,0.3689943,0.27857903,0.19323844,0.13116056,0.09768829,0.06647287,0.071531266,0.07448605,0.08701255,0.11213877
-0.045267362,-0.060184143,-0.05002943,-0.0129568055,0.0058632344,0.016496286,0.016869321,0.014703155,-0.0031385273,-0.02942605,-0.046876617,-0.05757468
-0.27140883,-0.30671635,-0.31844974,-0.2890575,-0.25708854,-0.22166722,-0.1950015,-0.15065861,-0.109968044,-0.07266494,-0.046864532,-0.03377466
-0.18430613,-0.2184514,-0.20781386,-0.15890229,-0.13008258,-0.112693965,-0.09820198,-0.094172746,-0.11644125,-0.15002583,-0.1750981,-0.19264561
0.06390599,0.10943012,0.14689201,0.19430801,0.21123391,0.20318285,0.18229172,0.15796244,0.10262859,0.06640776,0.03626126,0.0044721887
-0.15204307,-0.15783721,-0.15548715,-0.14350472,-0.11761899,-0.088829964,-0.06551877,-0.05564422,-0.055972375,-0.069118455,-0.08811706,-0.0965157
-0.098908044,-0.12985694,-0.1934211,-0.20882209,-0.22027431,-0.20010024,-0.1908732,-0.15302289,-0.10469366,-0.05995935,-0.024012461,0.0014513135
-1.190845,-1.0716697,-0.9396851,-0.86719847,-0.7008185,-0.5531403,-0.4355834,-0.4226743,-0.4358121,-0.45944667,-0.51118696,-0.54130334
0.06369952,0.016046569,0.003200397,-0.0066737756,-0.017669417,-0.023663327,-0.020200416,0.0064812824,0.03904701,0.08208464,0.11126544,0.1271799
0.31892034,0.29469234,0.2963558,0.27785388,0.23856583,0.19143206,0.1661498,0.13755396,0.10032849,0.07402576,0.056509,0.048725873
-0.41667715,-0.41332498,-0.41273895,-0.38948298,-0.3486652,-0.2927056,-0.24869603,-0.20212907,-0.1534767,-0.11074844,-0.085604236,-0.0656834
-0.25660777,-0.26073658,-0.2975248,-0.29418597,-0.27247036,-0.23214714,-0.21490668,-0.18242371,-0.1431072,-0.11185688,-0.08461771,-0.070072204
0.08592134,0.13539416,0.2098636,0.26177877,0.2900361,0.272646,0.24791282,0.19778211,0.12282422,0.054640092,0.00330095,-0.03997656
0.0673538,0.044335343,0.064198054,0.07457835,0.09797432,0.09980656,0.09731259,0.09271024,0.06027841,0.034924313,0.013154514,-0.010228865
0.3710058,0.3366333,0.32194608,0.28026336,0.23009929,0.17515585,0.14716187,0.11085297,0.074373744,0.04908133,0.031082831,0.026960917
0.08288127,0.057456553,0.034079194,0.011317357,-0.01313366,-0.031819,-0.03250335,-0.016309291,0.009920731,0.048281614,0.07241519,0.09027238
-0.23893967,-0.20677032,-0.18815477,-0.18264513,-0.15162525,-0.112646475,-0.08016467,-0.059127636,-0.038020894,-0.013311051,-0.0063911825,-0.00040801615
0.37706524,0.32666793,0.29406464,0.22321141,0.1471538,0.07214478,0.03855738,0.0067172647,0.019146636,0.025385685,0.042421184,0.061803065
0.09056932,0.06625624,0.0694885,0.07252187,0.054795112,0.03345694,0.019896463,-0.00076588243,-0.026495583,-0.05675956,-0.06766018,-0.071248055
0.2772885,0.28265846,0.27348107,0.24615756,0.21749954,0.1744237,0.1371674,0.094721206,0.06145817,0.026259996,0.009328143,-0.00039598718
-0.96477515,-0.80561614,-0.7407021,-0.6948573,-0.57529867,-0.4206366,-0.31364626,-0.24945104,-0.19025001,-0.13920633,-0.1297926,-0.119293325
-0.28824556,-0.30021992,-0.36456782,-0.38570353,-0.36382002,-0.29577628,-0.25458091,-0.18258625,-0.10509634,-0.03738867,0.012314886,0.046738707
-0.02323648,-0.017055072,-0.016376916,0.01635621,0.026910366,0.028164528,0.017053952,0.023120463,0.029650686,0.032533415,0.038985003,0.035017747
0.19850174,0.16445638,0.14223282,0.08556245,0.044454396,0.008255839,0.0056420714,-0.011878476,-0.01238586,-0.013821486,-0.017828615,-0.0061348807
0.058623783,0.03609886,-0.00018920004,-0.038586512,-0.07381811,-0.092664935,-0.09368838,-0.08405301,-0.04601329,-0.011355517,0.022564108,0.051237553
0.47081116,0.38091135,0.32869148,0.26233047,0.19580558,0.14152972,0.124040075,0.10770022,0.099336594,0.101030104,0.111171655,0.1378228
-0.47682673,-0.45530808,-0.4294079,-0.34029102,-0.25727317,-0.18109724,-0.15264818,-0.10106759,-0.076948464,-0.056304406,-0.044840097,-0.054810014
0.23593257,0.2682398,0.17311566,0.14486407,0.11697096,0.101273954,0.05496782,0.059061363,0.097921595,0.13059738,0.1678606,0.1897291
-0.2775942,-0.27158272,-0.24696828,-0.18275705,-0.13223237,-0.091095865,-0.07577129,-0.05378881,-0.058980055,-0.06398787,-0.06941631,-0.08397
-0.09625366,-0.0072735697,0.07280031,0.15630755,0.20401137,0.21227765,0.18941392,0.1450775,0.08765117,0.020661883,-0.024921212,-0.06502297
0.22777626,0.20710202,0.17927,0.17244494,0.14649749,0.11223303,0.07816047,0.04111883,0.0009930953,-0.04938049,-0.07431976,-0.08809683
0.17065093,0.13048604,0.08923459,0.05088657,0.01388672,-0.0140710175,-0.02409038,-0.021174677,0.005260952,0.03033533,0.054341644,0.07618445
-0.9250704,-0.92535657,-0.749262,-0.5108647,-0.3201053,-0.18970826,-0.13529468,-0.0656091,-0.14726439,-0.22060983,-0.28107136,-0.3780561
-0.20967625,-0.20176585,-0.20772749,-0.16216576,-0.17013207,-0.15326715,-0.13235113,-0.082302645,-0.0027215928,0.07292163,0.13314189,0.17060442
-0.9256765,-0.9502734,-0.9358029,-0.7523513,-0.618919,-0.4630403,-0.38840368,-0.28431997,-0.27415228,-0.27367437,-0.28861234,-0.3150397
-0.3226356,-0.11437386,-0.1996333,-0.26436487,-0.22885793,-0.11394398,-0.098887205,-0.086212814,-0.0742297,-0.04932102,-0.05046217,-0.0566231
0.44122377,0.36302698,0.33237597,0.26560923,0.19839889,0.13847408,0.11333844,0.10845274,0.09509875,0.10407132,0.107598096,0.11143317
-0.24405505,-0.099355504,-0.03852588,-0.10137941,-0.11539504,-0.09723683,-0.04441254,-0.036356635,0.013178296,0.0881857,0.12022899,0.15573962
-0.2397488,-0.1987322,-0.16858181,-0.1250098,-0.07572177,-0.036172763,-0.020135254,-0.020497411,-0.046237715,-0.07056603,-0.09672746,-0.11721144
0.038306918,0.04541816,0.061356734,0.09547323,0.10944003,0.11156224,0.097074896,0.0895531,0.07053963,0.04630788,0.031915125,0.015989952
-0.0662599,-0.121627316,-0.12283975,-0.068459764,-0.05903977,-0.06190651,-0.07636328,-0.08855739,-0.11898579,-0.17123164,-0.19932455,-0.2214987
-0.11981794,0.018603534,0.013848379,0.046580464,0.06760928,0.10739523,0.09025425,0.09005423,0.077181585,0.06761802,0.05649148,0.037898004
0.41825998,0.4878105,0.48403245,0.3796952,0.28685483,0.22131333,0.18939835,0.17323261,0.20833911,0.26356372,0.31228408,0.34503078
0.49382514,0.44871575,0.39733753,0.3096456,0.23964843,0.15882614,0.11786294,0.07556653,0.06573355,0.060981527,0.057659995,0.05948193
0.15957054,0.06628373,0.047838897,0.055276185,0.050925836,0.041125752,0.035104692,0.05783052,0.036974467,0.038270384,0.026659504,0.010956757
-0.018525034,0.028232753,0.06829722,0.14110312,0.18220708,0.18786375,0.1600712,0.13846819,0.092237264,0.055344254,0.02767841,-0.008536544
0.012715023,-0.035833847,-0.079057015,-0.116395704,-0.14011157,-0.14485565,-0.12864462,-0.098603815,-0.04737734,0.0016181171,0.03685604,0.06891358
-0.24640845,-0.2649028,-0.22969535,-0.14684942,-0.078195974,-0.0366828,-0.028348379,-0.009222455,-0.03115609,-0.05018374,-0.06801008,-0.1041711
0.007193085,-0.0052698553,-0.0069244504,-0.0109275,-0.012134008,-0.013291646,-0.0100346245,-0.014979465,-0.018459626,-0.02874597,-0.03488134,-0.035403263
0.35696658,0.42889506,0.40706483,0.35867938,0.3206489,0.28228337,0.23525539,0.20680921,0.18980305,0.19074178,0.18427849,0.18145129
-0.21752,-0.19348034,-0.15228027,-0.08219816,-0.019200563,0.011083096,0.016026497,0.0070025027,-0.04277587,-0.09099754,-0.13299635,-0.17316306
0.08400073,0.06547239,0.050032355,0.041990124,0.027704045,0.016049728,0.013421092,0.00082686543,-0.013390752,-0.03948941,-0.05715251,-0.058736816
0.18124261,0.1916527,0.1953044,0.19236913,0.17785892,0.15022932,0.12666482,0.10062954,0.067115515,0.041513834,0.026741287,0.012832422
-0.1220241,-0.084153056,-0.048894793,-0.004517615,0.03377351,0.061538935,0.06444548,0.03982295,-0.013761543,-0.074917205,-0.12523153,-0.16184245
-0.27975827,-0.27071363,-0.29974502,-0.33536702,-0.3234314,-0.2830381,-0.24296385,-0.19125578,-0.10992558,-0.032515585,0.0209474,0.059095286
0.40023333,0.32453653,0.26472008,0.16673082,0.08292681,0.019270062,0.005110711,-0.0023618788,0.019015223,0.05398784,0.08016007,0.10755941
-0.06355037,-0.06253673,-0.09617738,-0.08926947,-0.09059602,-0.0795089,-0.07857208,-0.05785293,-0.020290507,0.013546877,0.043207508,0.06465467
0.091124296,0.103228286,0.10436696,0.09394285,0.08337177,0.06879918,0.055752445,0.041632477,0.037992623,0.034932494,0.036382876,0.03634751
0.11880131,0.093450464,0.021335572,-0.08048667,-0.1260817,-0.15512621,-0.16008376,-0.16514136,-0.12237492,-0.08607772,-0.056309745,-0.023646742
0.3931201,0.34773088,0.33495897,0.3146054,0.27586067,0.22680438,0.19502218,0.16586435,0.13572775,0.109735206,0.094833545,0.07958779
0.56966686,0.5573708,0.5810877,0.57720464,0.5410068,0.4595794,0.39530718,0.3196602,0.21337959,0.13498624,0.066344805,0.013293743
-0.05360949,-0.04485277,-0.029987596,-0.010026455,0.0019152537,0.0062372163,0.0059849676,0.0032689609,-0.004779935,-0.015151147,-0.022874642,-0.032387745
0.103526145,0.06337101,0.05004911,0.030975245,0.011489034,-0.0056280047,-0.0014240667,0.011839345,0.02766642,0.049346123,0.06195662,0.07183764
0.5680028,0.5175879,0.49936134,0.39671174,0.31780666,0.22809723,0.18922076,0.11692999,0.070199974,0.034249835,0.012067243,0.016721416
0.08370489,0.07893735,0.059627146,0.077044375,0.08927666,0.10131469,0.08489086,0.07501817,0.0466887,0.01613922,-0.0014127046,-0.014957115
0.2462594,0.2385485,0.20691377,0.15536228,0.12007764,0.09609273,0.07707998,0.07998198,0.10063176,0.12974054,0.15411174,0.16849808
0.0282334,0.01517291,-0.018087823,-0.040931955,-0.05486209,-0.058693536,-0.06232533,-0.061257597,-0.043051764,-0.035625365,-0.024878137,-0.012111217
0.10505329,0.062362283,0.0120639205,-0.02318634,-0.056095958,-0.072522774,-0.07881898,-0.05661206,-0.014563106,0.026809681,0.06657848,0.09628287
0.13611862,0.13179344,0.11812025,0.11073338,0.09120836,0.070594266,0.05180996,0.047841325,0.058154263,0.07001467,0.08514727,0.09448496
-0.09007656,-0.0932971,-0.10194091,-0.10329341,-0.0859618,-0.06421101,-0.055440582,-0.030513633,-0.014132462,0.006378374,0.018227128,0.018721215
0.15313247,0.15008806,0.11623446,0.07278802,0.046918258,0.03360568,0.024313122,0.022760794,0.032965515,0.04758212,0.05917836,0.070099816
-0.32787332,-0.2985242,-0.25646538,-0.20946896,-0.14849445,-0.10887451,-0.08582537,-0.059315227,-0.03412153,-0.010105804,0.006723456,0.007837035
-0.050292697,-0.08733325,-0.09930808,-0.09607606,-0.08908261,-0.07293782,-0.05597662,-0.042177692,-0.03892906,-0.0460521,-0.050226837,-0.046066143
0.50971985,0.4324295,0.3455168,0.20621172,0.09875369,0.011496186,-0.015602559,-0.042948112,-0.009184495,0.018773545,0.052263226,0.09800282
0.3811234,0.3647381,0.37493956,0.3567315,0.32149988,0.26187906,0.21878418,0.16874182,0.1173087,0.060515717,0.032027405,0.010759287
-0.4779482,-0.49580592,-0.50249076,-0.4178735,-0.34324226,-0.27021688,-0.24524501,-0.19622591,-0.17473613,-0.16783932,-0.15767093,-0.16371538
0.3149326,0.20761827,0.20481461,0.18140376,0.14254765,0.09173246,0.083428964,0.08663714,0.07292559,0.08051187,0.07655028,0.074121594
0.18279012,0.18197125,0.15989718,0.11619112,0.085336685,0.06841351,0.06047059,0.058112457,0.07056169,0.08395951,0.09478701,0.106874436
0.065279275,0.06316044,0.08087464,0.1004773,0.10218892,0.08790629,0.071215436,0.065585695,0.065323405,0.061052345,0.066322744,0.063987754
-0.09668011,-0.09797638,-0.09241922,-0.06276043,-0.04655571,-0.026560312,-0.022065558,-0.0007784832,0.00061845966,0.005237207,0.010856069,0.007930461
-0.22060755,-0.19250646,-0.18742107,-0.17500481,-0.14988467,-0.11426243,-0.0917356,-0.07544928,-0.062924445,-0.051383473,-0.050552595,-0.048766956
-0.3501752,-0.37366775,-0.36623955,-0.3107586,-0.2518413,-0.19382802,-0.16032821,-0.10420513,-0.07387534,-0.032623168,-0.013938693,-0.015233491
0.21872585,0.25519615,0.24605703,0.1991453,0.15080702,0.11667223,0.09939158,0.08662243,0.105791256,0.13616253,0.16006291,0.17692693
-0.08207761,-0.05914028,-0.032373026,-0.032378912,-0.023370087,-0.014773108,-0.00061746687,-0.0076798946,-0.012867607,-0.019869324,-0.029959325,-0.03198138
-0.26537263,-0.29277027,-0.19101234,-0.046733692,0.016874343,0.032700792,0.0379712,0.014281422,-0.083434805,-0.20204177,-0.28065175,-0.3511817
-0.17219445,-0.12669626,-0.08080885,-0.018938497,0.025223047,0.050547615,0.050743483,0.044926748,0.018662266,-0.010653481,-0.035280026,-0.06219682
-0.32472408,-0.26170567,-0.24994469,-0.09507358,0.016700745,0.101294816,0.081798494,0.10003112,0.05523105,-0.0013113804,-0.039766826,-0.09232291
0.1269935,0.10905891,0.099332385,0.07737129,0.05337018,0.030344822,0.021363635,0.006214833,-0.0019678827,-0.011557525,-0.016133003,-0.014118057
0.053237446,0.070322804,0.07606391,0.089902684,0.09310021,0.08754873,0.07281299,0.062672086,0.049909748,0.044542357,0.039051663,0.026313525
-0.5193941,-0.5279801,-0.5093198,-0.47499338,-0.42784905,-0.3649041,-0.297498,-0.2316836,-0.16983487,-0.10322076,-0.06671806,-0.04419847
0.38043624,0.44267678,0.48217675,0.44631726,0.42699862,0.3707779,0.31133664,0.23405665,0.16459112,0.103575744,0.07873497,0.050284613
-0.034969572,-0.06994667,-0.08443114,-0.07738076,-0.07304078,-0.06377762,-0.0572708,-0.036972135,-0.026414389,-0.0141925085,-0.0052977502,-0.0020998074
0.07952899,0.042848237,0.0012328774,-0.028738275,-0.0599467,-0.07850139,-0.0821584,-0.061815172,-0.015467495,0.029270431,0.067371614,0.09514484
0.16155899,0.123010896,0.08495854,0.048091933,0.013595223,-0.013210893,-0.024403557,-0.023546807,-0.0036184117,0.016293898,0.03852165,0.059925772
-0.11422862,-0.081370115,-0.06044197,-0.042047158,-0.02221334,0.00029288232,0.014038682,0.021770045,0.031603806,0.028180301,0.03010616,0.03685297
-0.12972428,-0.070819885,-0.012678966,0.015441604,0.045413554,0.062418014,0.071902886,0.06594462,0.042611897,0.033166908,0.016326291,-0.00468887
0.6383226,0.64272,0.6096717,0.47671807,0.34075642,0.24048162,0.19556516,0.15253288,0.15540859,0.16806212,0.19295713,0.2308196
0.048039716,0.04586292,0.039472166,0.013571611,-0.003903266,-0.015692262,-0.01439273,-0.016335594,0.00404536,0.017977243,0.031109568,0.046215996
-0.048742272,-0.115234986,-0.18231277,-0.22346412,-0.25732395,-0.26122186,-0.24689285,-0.20430398,-0.13358554,-0.06779182,-0.013293505,0.030626543
0.1854544,0.2267623,0.24899259,0.2258394,0.22062193,0.20638527,0.19096914,0.13301751,0.06686406,-0.0019429531,-0.051586587,-0.07478031
0.64065695,0.65112615,0.67526037,0.6518111,0.5987596,0.52435684,0.45743436,0.36867976,0.25466084,0.15138155,0.08040774,0.032523528
-0.95821506,-0.83763,-0.71436846,-0.72318405,-0.63084507,-0.5167293,-0.38154918,-0.31046537,-0.2127934,-0.10207817,-0.057185657,-0.018334463
0.28073445,0.2896264,0.2828679,0.28021604,0.25675958,0.22735924,0.19382328,0.19317049,0.15213135,0.14622921,0.12131976,0.09429457
0.050657004,-0.025109954,-0.08653708,-0.13894285,-0.17553031,-0.18053466,-0.15776995,-0.10989942,-0.045441702,0.021792393,0.06882113,0.1088614
-0.26597127,-0.26546404,-0.24718401,-0.21832728,-0.17513996,-0.13812809,-0.111731976,-0.0892325,-0.078060016,-0.06790324,-0.066387475,-0.068674825
0.022350391,0.017768584,-0.0111213215,-0.020256072,-0.028202184,-0.026823737,-0.029962365,-0.015971817,0.0038349293,0.02614212,0.04398063,0.05481536
0.07183525,0.14700171,0.1810974,0.19863069,0.21257283,0.20099628,0.17587648,0.10872243,0.033923797,-0.05445826,-0.118118875,-0.15926495
-0.30186552,-0.29464877,-0.28242183,-0.25125247,-0.2218512,-0.18551904,-0.1570881,-0.12531723,-0.08795059,-0.056641467,-0.034523793,-0.019839525
0.09730677,0.10500323,0.13797379,0.16486657,0.17502296,0.16168515,0.144286,0.12422985,0.09832124,0.07639454,0.062098466,0.043355107
-0.053146213,-0.025813907,-0.0061033145,0.016948253,0.035935514,0.042944826,0.03991849,0.02447585,0.00581754,-0.018124092,-0.03557037,-0.047448017
0.0657457,0.053732477,0.03926038,0.0118322745,-0.0029782802,-0.011813942,-0.012568772,-0.011206891,0.00011289492,0.014100099,0.024967588,0.03490992
0.9668626,0.93394715,0.8354275,0.69024944,0.57171756,0.45160675,0.35860923,0.28194633,0.2250108,0.14567626,0.12676506,0.13986011
0.2603156,0.29133502,0.3337908,0.32501093,0.30072728,0.2595806,0.22999328,0.17650034,0.12143921,0.07009041,0.033878632,0.011299163
0.9861464,0.9125316,0.815331,0.56735945,0.3690294,0.22750044,0.1814875,0.14592248,0.16258672,0.20238161,0.22586866,0.27759528
-0.02369108,0.026825063,0.092967115,0.15686485,0.19454892,0.20284042,0.1838253,0.14686349,0.07415177,-0.002716639,-0.05722168,-0.104421765
0.26603734,0.2784984,0.284333,0.27291912,0.22541812,0.16762824,0.13839579,0.100060426,0.098493144,0.09806102,0.09579162,0.10402566
0.27702528,0.22691375,0.17380086,0.10707185,0.05180165,0.0046267956,-0.009952381,-0.021640077,-0.0014999658,0.017859403,0.03755539,0.060900122
-0.12610148,-0.12538774,-0.13822816,-0.12571308,-0.107259504,-0.09330742,-0.08959781,-0.06971577,-0.028751407,0.00046934932,0.026076227,0.042067435
-0.18511416,-0.15297082,-0.17917171,-0.15828624,-0.12485171,-0.08991892,-0.093525626,-0.057782665,-0.011688203,0.030742567,0.06589534,0.0777889
0.10387821,0.06413299,0.03989154,0.06652138,0.058904827,0.048390508,0.024865657,0.055218995,0.074819915,0.11493799,0.14473544,0.14294174
0.39062515,0.38166142,0.33257264,0.2202974,0.14848584,0.08380377,0.05900511,0.033805057,0.058295444,0.092862815,0.11556451,0.139841
-0.15166089,-0.12626012,-0.08619286,-0.076855585,-0.051340386,-0.031467214,-0.009552479,-0.010442175,-0.026097208,-0.034634195,-0.052502673,-0.06468147
0.19808704,0.12865016,0.08210212,0.051184446,0.017304152,-0.014288306,-0.028943062,-0.007247001,0.036476843,0.08415064,0.12751614,0.15097257
0.1400565,0.0976757,0.06829482,0.050052363,0.030239925,0.0031125061,-0.016878981,-0.053799465,-0.08297601,-0.11946468,-0.13772869,-0.13856965
0.18048662,0.1498427,0.108940214,0.052459,0.009305924,-0.024236009,-0.035123646,-0.043991953,-0.031167246,-0.018398257,-0.007155219,0.0072207265
0.3090942,0.3123748,0.2809804,0.23739687,0.21737905,0.17968945,0.14368649,0.1503482,0.16758864,0.19678144,0.22846109,0.23406574
-0.4318549,-0.4051929,-0.35024402,-0.22307527,-0.1368773,-0.081460476,-0.067835405,-0.059743598,-0.10559822,-0.15603098,-0.19658978,-0.24068801
-0.01808767,0.00682234,0.030777335,0.03734398,0.058976635,0.07966927,0.087056965,0.07438312,0.043193214,0.005716377,-0.026327234,-0.044965968
0.040149502,-0.0019015446,-0.038323537,-0.06902453,-0.09023294,-0.101062186,-0.101108395,-0.083174005,-0.049308203,-0.0136815645,0.015235264,0.034886442
0.4706105,0.41757125,0.39777052,0.27801853,0.16627103,0.068279624,0.039132178,0.054339767,0.1062763,0.1817182,0.25130257,0.29685086
-0.32777548,-0.32463473,-0.30497217,-0.27333373,-0.24034542,-0.20226884,-0.16929595,-0.13711129,-0.11086841,-0.091669105,-0.0797706,-0.073847905
-0.07644218,-0.040660784,0.0092366785,0.03752269,0.06751169,0.08040945,0.08716111,0.064198695,0.0194619,-0.023629112,-0.06134333,-0.08545181
-1.2719668,-1.2131649,-1.2024652,-0.9343963,-0.71052337,-0.4763679,-0.400559,-0.25835925,-0.22067073,-0.20765844,-0.20879048,-0.24262053
-0.18335488,-0.20417316,-0.20731178,-0.18985644,-0.17576213,-0.1565339,-0.13985512,-0.112123325,-0.086597875,-0.06653438,-0.048094664,-0.0373929
0.15652591,0.07353215,0.02696544,-0.023713574,-0.059843466,-0.083176196,-0.08256781,-0.080089286,-0.078613415,-0.06728466,-0.06058177,-0.045361694
-0.091768414,-0.10629188,-0.10865666,-0.11352651,-0.11522592,-0.112395376,-0.09517078,-0.08147881,-0.06475046,-0.041601256,-0.029490044,-0.01694255
-0.14365113,-0.11395448,-0.08668955,-0.068679154,-0.09087387,-0.10427202,-0.090832844,-0.08930384,-0.057533346,-0.023992535,-0.004509736,0.013815843
-0.29459333,-0.2976925,-0.33684292,-0.34770644,-0.3383285,-0.29418692,-0.2559248,-0.19890404,-0.11587374,-0.038746588,0.01931481,0.0631105
0.49211067,0.50597745,0.50606126,0.5059304,0.45222914,0.38273817,0.3156105,0.24875093,0.1827012,0.11589413,0.07685546,0.048902262
0.03467514,0.08319793,0.08526942,0.05398298,0.043957025,0.043959726,0.040445387,0.032237798,0.035645198,0.041971616,0.043924525,0.04730372
-0.08893951,-0.11034266,-0.13568982,-0.12464043,-0.11908275,-0.1012442,-0.09001257,-0.06002276,-0.026829734,0.0043042004,0.02789502,0.044045903
-0.026291298,-0.03009216,-0.009999793,0.0053643547,0.012383226,0.012314152,0.01748968,0.018961288,0.016697574,0.016899591,0.014955401,0.013167661
-0.060906094,-0.067205496,-0.0636026,-0.04279023,-0.026607644,-0.012710772,-0.011174191,-0.00993143,-0.01778116,-0.032769844,-0.042014413,-0.051209148
-0.099415354,-0.13709599,-0.14343049,-0.11687155,-0.0948043,-0.080077365,-0.06889267,-0.05443072,-0.053771,-0.05689083,-0.060754795,-0.0637151
-0.9824021,-0.9073161,-0.7998269,-0.6963251,-0.5898012,-0.46548384,-0.34588695,-0.24917144,-0.18781288,-0.11402322,-0.09015991,-0.075657696
-0.3551694,-0.4088537,-0.42540747,-0.38176695,-0.34671864,-0.30079103,-0.26567304,-0.20019396,-0.14643058,-0.0919655,-0.05391007,-0.03776766
0.019772764,-0.0842872,-0.19193015,-0.23706162,-0.27874342,-0.278777,-0.27579242,-0.21259576,-0.12346415,-0.040814456,0.026980758,0.07623203
-0.23391698,-0.2654119,-0.26741615,-0.16954345,-0.10748188,-0.05258271,-0.04973416,-0.016767524,-0.024175711,-0.03755545,-0.0414017,-0.06372133
-0.12925863,-0.097715914,-0.109163284,-0.1583873,-0.15870324,-0.13756649,-0.10880593,-0.09786959,-0.06589234,-0.034494363,-0.018868312,0.0038938597
0.04009027,0.04544213,0.028739266,0.003307961,-0.005659789,-0.009381048,-0.014504686,-0.009721916,0.010526484,0.030656952,0.047258705,0.0556491
0.12883663,0.086595766,0.060263515,0.016521662,-0.02330032,-0.048447892,-0.04964696,-0.029437542,0.011314362,0.06318793,0.10448244,0.13205263
0.02777591,0.07844512,0.043687962,0.04066636,0.059639573,0.09240733,0.07647615,0.06845392,0.04725895,0.036562588,0.024405185,0.004420502
0.31173638,0.21168715,0.14617011,0.040351093,-0.04127127,-0.088457346,-0.088259816,-0.06387365,-0.010574043,0.050607175,0.09808479,0.13812807
-1.0452709,-1.0541053,-0.98943377,-0.8386196,-0.70418173,-0.57089317,-0.4794292,-0.40591592,-0.38795027,-0.38950336,-0.40427673,-0.42396033
-0.08466917,-0.04328026,0.0065077245,0.027175516,0.058639705,0.080877125,0.09194313,0.068361476,0.021979451,-0.022597563,-0.06400454,-0.08886525
0.40618664,0.41519606,0.32978052,0.22620806,0.14038485,0.0946286,0.060253114,0.059080824,0.11370561,0.17261022,0.23191278,0.28285065
-1.439394,-1.4338455,-1.4386353,-1.160271,-0.9667979,-0.75556743,-0.66659486,-0.52010965,-0.4475177,-0.41699705,-0.39051023,-0.40069115
0.43063754,0.48993552,0.5308206,0.5291016,0.5148086,0.46175683,0.398125,0.31606805,0.20687154,0.10748631,0.039204873,-0.016186155
0.41660678,0.36079445,0.3241015,0.275922,0.22440831,0.17001414,0.13470921,0.08027712,0.037467513,-0.022861008,-0.052052308,-0.055166475
0.087896824,0.08309278,0.046639048,0.026392967,0.009844363,-0.0069136918,-0.02538953,-0.021710716,0.0057223924,0.037329122,0.068200484,0.08627707
-0.27305955,-0.19224519,-0.15184319,-0.0946517,-0.011395261,0.042970806,0.034740224,0.02156204,-0.018607408,-0.0651996,-0.10014931,-0.14564343
0.30729163,0.2955364,0.2763737,0.24278478,0.18853319,0.13539799,0.106935084,0.07571407,0.06736319,0.061114166,0.06376727,0.07261881
0.25008532,0.20540538,0.16159406,0.13161504,0.08841117,0.060929403,0.03889919,0.03546845,0.046475656,0.04148401,0.052111443,0.067435786
0.042931937,0.024592184,0.016192034,0.0091555305,-0.0065542683,-0.013674062,-0.013839455,-0.0065305457,0.0012929197,0.006103726,0.015729032,0.025467847
0.043199148,0.014341217,0.0034698322,-0.01690105,-0.034282178,-0.045319427,-0.036373645,-0.024795959,-0.0011822172,0.025442332,0.04413917,0.06118342
-0.23379925,-0.25496644,-0.2924115,-0.2961859,-0.28992543,-0.26044402,-0.23368955,-0.18325229,-0.1205544,-0.062778026,-0.021476038,0.008374214
0.14161575,0.11468414,0.10361994,0.067328304,0.04153551,0.016897291,0.015505746,0.009135433,0.0142526515,0.023435712,0.027667116,0.036235847
0.0036956472,-0.0012347093,-0.0059779123,0.029523589,0.045182243,0.052370217,0.038116906,0.04225804,0.03295076,0.025509417,0.022270285,0.009976383
0.19649844,0.1549756,0.16253698,0.1479419,0.1287208,0.096490905,0.08233589,0.071468465,0.059040558,0.057309758,0.0551283,0.04899687
-0.4712518,-0.4002886,-0.3636294,-0.27642387,-0.1871585,-0.1178087,-0.100132585,-0.081424564,-0.08490401,-0.09430509,-0.10422209,-0.12699662
0.1414595,0.14674774,0.13796486,0.10152429,0.07574421,0.049390428,0.0381345,0.019463088,0.018710166,0.019987626,0.021454819,0.027964594
0.03401464,0.046779126,0.04757271,0.058851335,0.069033265,0.068368,0.055253185,0.028024316,-0.006592542,-0.056624472,-0.085719004,-0.104331985
0.15896286,0.15729743,0.1453565,0.12175603,0.092426434,0.069422066,0.05511935,0.05876132,0.076794654,0.10230034,0.12342431,0.13468684
0.017373797,-0.003416773,-0.02735595,-0.03527213,-0.04463252,-0.03966269,-0.039623898,-0.026045639,-0.01132258,0.0033726413,0.0154474545,0.021474961
0.17842005,0.15224424,0.12447429,0.115606055,0.08615494,0.052898213,0.029599786,0.011195738,0.009136736,-0.00286475,-0.0015667304,0.006098155
-0.45000046,-0.45311666,-0.4272466,-0.374863,-0.3181549,-0.26077676,-0.21180454,-0.18489714,-0.1783971,-0.18177357,-0.1928088,-0.19908959
-0.036947887,-0.06559501,-0.09659684,-0.11879788,-0.13188332,-0.12463355,-0.110152185,-0.0850117,-0.054231733,-0.026643656,-0.011040178,0.006557516
0.19479592,0.15671495,0.13949819,0.15731741,0.1602379,0.12605141,0.084767,0.07839887,0.09824328,0.11164198,0.13824898,0.14581288
-0.05876816,-0.10837686,-0.14623947,-0.15062748,-0.15779024,-0.15545915,-0.150033,-0.12218398,-0.08426051,-0.046685062,-0.014176203,0.007000018
0.17638417,0.15483472,0.13843575,0.107930385,0.07904816,0.054533355,0.044252858,0.038292766,0.047920555,0.059408568,0.070486195,0.08278962
0.23001657,0.20585853,0.18758404,0.16225657,0.12643497,0.08817922,0.06652304,0.040521428,0.03578695,0.018534794,0.017153569,0.02680937
-0.07785222,-0.110866666,-0.13658854,-0.13819866,-0.14395496,-0.13624194,-0.12455806,-0.09093472,-0.045436017,-0.0024120258,0.03323617,0.0575676
-0.17076501,-0.17201978,-0.19639847,-0.18434766,-0.1708401,-0.14321251,-0.13200437,-0.099363476,-0.062116265,-0.029431418,-0.00076776557,0.014626358
0.30137104,0.40824375,0.43818027,0.4572026,0.45234823,0.42163813,0.35970095,0.25761598,0.13582057,0.010190597,-0.07403891,-0.13362642
0.115134545,0.10294855,0.106232084,0.11229583,0.10530187,0.09414192,0.082364425,0.06693297,0.044234112,0.0101928655,-0.00933937,-0.019015733
0.65172803,0.5727196,0.5155568,0.4414503,0.3367054,0.23849341,0.18918622,0.15191829,0.14088854,0.13955873,0.15624416,0.18137306
-0.07034375,-0.10673914,-0.12857276,-0.12971672,-0.13259286,-0.124942854,-0.11234908,-0.088327765,-0.05727383,-0.031977814,-0.010433119,0.008066725
-0.9051833,-0.9265909,-0.8564874,-0.67188054,-0.5241517,-0.3952659,-0.32443258,-0.23591581,-0.21503021,-0.20261627,-0.20333147,-0.22964543
0.41339618,0.40547675,0.37987113,0.305603,0.2511436,0.20337993,0.18043928,0.14128101,0.11627045,0.09858071,0.085714735,0.090141
0.12962244,0.1285334,0.08953307,0.040236026,0.0030325651,-0.01551339,-0.022891924,-0.017998777,0.01390462,0.04688247,0.072857805,0.09704599
-0.10867568,-0.10067625,-0.07520221,-0.05316604,-0.035289325,-0.030272871,-0.023194693,-0.03573204,-0.053233836,-0.07736201,-0.09513188,-0.10664701
0.04032907,0.18467215,0.20319566,0.1581488,0.13647515,0.13780355,0.14279868,0.11536756,0.12427567,0.14113867,0.14516377,0.159087
0.42202073,0.499212,0.55317223,0.475914,0.4312942,0.36623627,0.3327735,0.19311024,0.05723761,-0.07382134,-0.17355783,-0.21219257
-0.033468984,-0.054993533,-0.06844615,-0.06277895,-0.064940855,-0.053619742,-0.04957284,-0.008397706,0.02956831,0.07862416,0.11536274,0.13048698
-0.22831786,-0.20362487,-0.20204453,-0.193015,-0.17460501,-0.1483241,-0.12924518,-0.099130675,-0.05927273,-0.017021589,0.010949638,0.02241762
0.19084275,0.16542357,0.14440084,0.1116412,0.08367866,0.05465284,0.036821723,0.022839911,0.024499707,0.025725443,0.03453276,0.042467218
0.23227656,0.21335849,0.16290063,0.13124871,0.09577775,0.07688907,0.05589661,0.066443846,0.08863905,0.11866163,0.14440319,0.16286986
0.44098496,0.376517,0.32906753,0.27133954,0.22547027,0.16161945,0.11889291,0.12113796,0.14397687,0.18278448,0.21134171,0.22287461
-0.11871738,-0.13500679,-0.12793186,-0.106707394,-0.08528882,-0.07146913,-0.06158838,-0.04686953,-0.04390626,-0.041570712,-0.040518276,-0.045351688
0.05990947,0.006413907,-0.020804673,-0.05639042,-0.07195268,-0.08596957,-0.0851537,-0.08851285,-0.0935318,-0.09309687,-0.09710583,-0.097211726
-0.27370033,-0.2818837,-0.2786676,-0.22307216,-0.17696854,-0.13380417,-0.11708364,-0.089494385,-0.095785074,-0.10050366,-0.11113575,-0.12780407
0.027778525,0.020162871,0.016059045,-0.0056823594,-0.016865663,-0.023549281,-0.018418713,-0.021901654,-0.013421191,-0.008778973,-0.0046984022,0.005761804
-0.18709698,-0.21673279,-0.27569947,-0.1490556,-0.08684102,-0.070016846,-0.123811215,-0.06865783,0.037977695,0.11330438,0.20524369,0.23754315
-0.045215108,-0.08515708,-0.12616213,-0.14198819,-0.15033549,-0.1485094,-0.14305882,-0.11365534,-0.06658327,-0.022938909,0.015596308,0.04235039
-0.016172104,-0.02166392,-0.019870711,-0.016337767,-0.013916127,-0.015145712,-0.010554787,-0.0053703543,-0.000289049,0.012217151,0.01581347,0.014753959
0.1447218,0.08400194,0.008346379,-0.07264218,-0.13359596,-0.16747405,-0.17037782,-0.16340713,-0.11420108,-0.0750719,-0.035555948,0.004859656
0.12705053,0.114211686,0.05515267,0.010624215,-0.0148765445,-0.019820258,-0.034581617,-0.017241724,0.0137183145,0.054331288,0.08846897,0.107706025
-0.1640594,-0.16781838,-0.15176184,-0.14287825,-0.12573397,-0.10604522,-0.082916036,-0.073349796,-0.06681896,-0.063977405,-0.06555221,-0.06406991
-0.1214546,-0.11872668,-0.11329378,-0.12404941,-0.12247386,-0.11592656,-0.10095813,-0.077738956,-0.03600966,0.011598805,0.044262446,0.06544016
-0.46708322,-0.47653288,-0.4706576,-0.38681746,-0.30272573,-0.2255185,-0.1916705,-0.13626406,-0.11323279,-0.08479388,-0.073599845,-0.07751416
0.23686597,0.32012323,0.34688476,0.36340308,0.35234112,0.31901568,0.27549565,0.21290255,0.1273516,0.05275915,-0.004972495,-0.048636086
-1.3276533,-0.5064375,-1.5782676,-1.2979902,-1.006434,-0.259735,-0.5117146,-0.13817042,-0.06505263,-0.016343772,0.07455103,-0.008839026
0.24137802,0.24262065,0.25826007,0.24552533,0.22776073,0.19173965,0.16880229,0.12805408,0.08046293,0.03285279,-1.4767051e-05,-0.019648522
-1.3084667,-1.3573077,-1.380678,-1.120789,-0.9465185,-0.76585627,-0.6964935,-0.53258,-0.41121793,-0.33138576,-0.25658992,-0.23781797
-0.00378827,-0.043653153,-0.046810627,-0.06512295,-0.07223779,-0.07811003,-0.0648061,-0.075465605,-0.082809195,-0.09972522,-0.11227105,-0.10984587
0.074006535,0.06865552,0.056219876,0.051605396,0.043959893,0.03419835,0.022636898,0.0219957,0.02226688,0.028573465,0.0328604,0.030905025
0.06872533,0.043434925,0.04317666,0.029114038,0.013532028,-0.0041673332,-0.0031542033,0.016931944,0.03898576,0.07670007,0.09539009,0.105579354
0.4527516,0.41184422,0.3445713,0.26978028,0.1947301,0.120485365,0.07598108,0.064703375,0.09192176,0.12834044,0.16279174,0.18959334
-0.20931794,-0.14982122,-0.084183335,-0.04877934,-0.0010707378,0.026089728,0.04398653,0.017255351,-0.022848293,-0.07050408,-0.115341544,-0.14388955
-0.08277574,-0.095689684,-0.059628196,-0.0012208074,0.0246507,0.039009348,0.040731177,0.035245284,-0.001611203,-0.047150545,-0.07769563,-0.10335618
0.527664,0.5892314,0.54761523,0.4120069,0.30004483,0.22460118,0.18824482,0.1664692,0.13756895,0.13989666,0.14030318,0.15895608
0.1509549,0.13480797,0.11977287,0.092148185,0.07341504,0.05450631,0.04518473,0.020550285,-0.009746071,-0.036495864,-0.06146926,-0.070023164
-0.29292378,-0.28906858,-0.2613422,-0.19080278,-0.13061236,-0.0893642,-0.076417044,-0.08338767,-0.12578514,-0.17588532,-0.21437049,-0.24650572
0.058150828,0.05305638,0.047171254,0.031422157,0.018056706,0.0051948316,0.00025922433,-0.005781442,-0.0013181418,0.0023851923,0.007072961,0.012683542
-0.016451294,-0.051643707,-0.0697076,-0.07389557,-0.075259894,-0.07257779,-0.06583945,-0.04661945,-0.030896861,-0.0109649,0.002606051,0.009781151
-0.35383606,-0.3153711,-0.2948864,-0.2691563,-0.21408156,-0.1543509,-0.11395171,-0.09431054,-0.093457416,-0.09286836,-0.10741444,-0.1180646
-0.26215476,-0.26583257,-0.30538923,-0.3488434,-0.35289964,-0.31122264,-0.2607017,-0.20230946,-0.12863573,-0.049829207,-0.0036790892,0.036368247
0.74905413,0.7131988,0.6984991,0.6213803,0.5432206,0.40956047,0.32600015,0.18148091,0.047475763,-0.106608495,-0.1995394,-0.25082624
0.13380243,0.14648153,0.15238145,0.15489237,0.14657727,0.13291244,0.11659546,0.09892111,0.07386743,0.052151814,0.034688633,0.023602143
-0.16073559,-0.24687704,-0.2886748,-0.29158688,-0.299144,-0.2883187,-0.26414305,-0.2184243,-0.1652456,-0.10753273,-0.061726037,-0.02803076
0.06811029,0.07428925,0.07020331,0.05479111,0.04944262,0.042704314,0.034754604,0.024703791,0.01553029,0.008188311,0.004459781,0.0025454077
0.7927988,0.6988498,0.6764814,0.5841433,0.49745935,0.3669655,0.28478077,0.13856126,0.0021416247,-0.15130484,-0.263231,-0.32785732
0.1554201,0.1372604,0.1114354,0.07812354,0.044877782,0.023847744,0.014500454,0.015782714,0.027326223,0.042363476,0.05472555,0.06581706
-0.0811635,-0.10366525,-0.09684976,-0.1104335,-0.11555891,-0.111640215,-0.08867592,-0.09959747,-0.102559194,-0.12483558,-0.13987933,-0.135974
0.521894,0.51196945,0.48831138,0.4476869,0.39010108,0.3295678,0.27356434,0.23101881,0.19603768,0.16892853,0.15999797,0.15484887
0.53477395,0.47390372,0.42301968,0.34416658,0.26641467,0.18430567,0.14168406,0.11307606,0.10507238,0.11288413,0.119616404,0.13146648
-0.89839375,-0.92534184,-0.87858456,-0.7154164,-0.58388877,-0.44109887,-0.35143736,-0.24036944,-0.20455685,-0.17907965,-0.17501229,-0.18669145
-0.14680494,-0.20490392,-0.20485109,-0.17252836,-0.14238223,-0.122357495,-0.101721324,-0.06893242,-0.055262536,-0.038885705,-0.029650513,-0.032915525
0.21413067,0.17878354,0.17701074,0.17380011,0.17565711,0.1496695,0.12289618,0.10523872,0.07656525,0.058876295,0.043926258,0.024728447
0.23510872,0.19805837,0.17494954,0.16272722,0.1392888,0.1077175,0.08338556,0.060496315,0.035387572,0.013889652,0.002373103,-0.0046236776
0.5268397,0.48304945,0.45518112,0.41865808,0.3691405,0.29286978,0.22114222,0.15000305,0.09337165,0.029519182,0.0067204945,-0.007954996
-0.5060363,-0.54726696,-0.54460573,-0.52540183,-0.47680134,-0.4126982,-0.34757182,-0.26256686,-0.1774829,-0.08277421,-0.028149705,-0.0003957525
-0.03577541,-0.028020475,-0.024662904,-0.04436499,-0.04891002,-0.045602098,-0.032312915,-0.038547315,-0.04156904,-0.044991896,-0.0520967,-0.047278304
-0.058701858,-0.0572423,-0.04230515,-0.03333453,-0.02642397,-0.014281328,-0.0037925178,0.011971856,0.016506076,0.026510168,0.028281532,0.026031053
-0.11386382,-0.13834462,-0.12845296,-0.106891334,-0.08965837,-0.07664534,-0.06254628,-0.050299104,-0.04692222,-0.046179082,-0.04625051,-0.04903592
0.412942,0.37862748,0.34112754,0.2909117,0.23234592,0.17518105,0.13869742,0.106911324,0.09489536,0.07527335,0.07488439,0.083082736
-0.14945284,-0.14643006,-0.14449263,-0.13747618,-0.12402123,-0.10476501,-0.08613713,-0.069792524,-0.056494717,-0.043399327,-0.03790811,-0.033076517
-0.16897428,-0.020302624,-0.09460914,-0.20075342,-0.19288926,-0.12616351,-0.09965055,-0.07874668,-0.0010846853,0.07393435,0.11874254,0.16399512
-0.03439874,-0.056783028,-0.01941422,0.025823876,0.058110766,0.06506037,0.067006074,0.05389187,0.010311764,-0.033346653,-0.06753128,-0.096315324
0.20317414,0.18029374,0.17117679,0.14498127,0.104102254,0.07222639,0.06111379,0.052292153,0.05256328,0.051016483,0.05605126,0.066024505
-0.09652941,-0.13211966,-0.14124769,-0.10807726,-0.0884249,-0.08352389,-0.082806,-0.06840043,-0.059227847,-0.044072624,-0.034325734,-0.037019894
0.0013671815,0.009255457,0.021569876,0.016816936,0.0006539412,0.00022631884,0.0046692267,0.01088926,0.018669825,0.030090248,0.034216706,0.03934885
0.08559245,0.09629583,0.13295932,0.1600862,0.15955882,0.14023301,0.12139051,0.09508517,0.06533504,0.03537741,0.01814204,0.004413547
-0.07645527,-0.10389834,-0.12958232,-0.14372988,-0.14773224,-0.14403225,-0.13392615,-0.11323568,-0.085290596,-0.05468275,-0.03343927,-0.01926
0.12277859,0.10924897,0.09525381,0.07141239,0.055332616,0.038438104,0.023126185,0.013279654,0.012444243,0.0060651787,0.0077871736,0.0089880135
-0.6827754,-0.576447,-0.50749254,-0.46132916,-0.37171322,-0.26792875,-0.19224733,-0.14689144,-0.1131213,-0.079581656,-0.07764896,-0.079756714
0.41167057,0.38078818,0.35185343,0.29911977,0.24136257,0.18936977,0.15995473,0.1480253,0.13825166,0.14770505,0.14859194,0.1502108
-0.3840608,-0.257675,-0.20571268,-0.16363606,-0.09475437,-0.027593017,0.00083711743,-0.00067442656,-0.0066401064,-0.01941184,-0.04334528,-0.059215017
-1.1722155,-1.2350205,-1.2678543,-1.0044553,-0.82866305,-0.6349963,-0.5677071,-0.39814562,-0.31332937,-0.2577365,-0.21166326,-0.21568921
0.043563426,-0.04674837,-0.1410237,-0.17507355,-0.2122934,-0.22041962,-0.2228638,-0.1922965,-0.13956118,-0.097100385,-0.05243068,-0.013018489
0.27358896,0.23949213,0.20726517,0.17122647,0.12656188,0.09205629,0.0713784,0.054825075,0.05294763,0.047949824,0.053913407,0.068150066
0.25521022,0.26135072,0.23683372,0.19319898,0.15466657,0.12337646,0.09648503,0.084152974,0.08988391,0.098908395,0.11119211,0.11880897
-0.064168274,-0.02718778,-0.028572455,-0.046065174,-0.03423255,-0.022134457,-0.016622588,-0.02264872,-0.008977845,-0.00093623623,0.0022776015,0.0062147565
0.27843732,0.27546,0.23263964,0.18619996,0.15253349,0.120720774,0.08219227,0.07287422,0.076546036,0.07805673,0.09640045,0.10287942
0.2918284,0.25534546,0.2378723,0.1966651,0.15479213,0.112409875,0.09396659,0.08011417,0.07793445,0.081597984,0.08709882,0.094986156
-0.1697317,-0.14439476,-0.112470046,-0.10119014,-0.084000036,-0.06670906,-0.044240706,-0.035197616,-0.022476189,-0.0063627176,-0.0037416667,-0.00072813965
0.08034651,0.058355793,0.052095093,0.036750425,0.025588188,0.011244636,0.011293266,0.0035293736,-0.0033152625,-0.0053213276,-0.010412121,-0.0106477095
0.0044551343,-0.09934378,-0.1626491,-0.19559014,-0.23354076,-0.2488741,-0.23634738,-0.2018189,-0.14393857,-0.09401669,-0.048298456,-0.009706736
0.103668705,0.053421304,0.015781403,-0.002388984,-0.020981833,-0.030444376,-0.035834022,-0.013189167,0.019148268,0.050412353,0.07831269,0.096841514
-0.037935138,-0.020666633,0.020402655,0.03018773,0.043439165,0.042068828,0.052817244,0.04143642,0.023407308,0.011217206,-0.006918771,-0.018736713
0.3756489,0.35629573,0.40372574,0.44086373,0.43484896,0.37628448,0.32541233,0.25461298,0.14003466,0.04784044,-0.026487485,-0.0857668
0.5365614,0.5017702,0.48392424,0.39042872,0.31222644,0.24034491,0.20840156,0.17521589,0.15670127,0.15772645,0.15568863,0.16034526
0.26689944,0.26491356,0.25446218,0.20286798,0.16266464,0.11882457,0.0955127,0.060997836,0.048769828,0.035999503,0.03096608,0.03305333
-0.13182843,-0.16739738,-0.17463848,-0.15744032,-0.1630148,-0.16738077,-0.15895939,-0.13388047,-0.09202856,-0.054640934,-0.020299155,0.0046056733
0.35379136,0.2648042,0.1895119,0.086848974,-0.0026815236,-0.06844175,-0.07796213,-0.0874383,-0.060515672,-0.035629738,-0.017103955,0.01680033
-0.054057017,-0.03896364,-0.036417373,-0.06394206,-0.06610205,-0.05992823,-0.043026295,-0.038640834,-0.026223917,-0.011359302,-0.008505759,-0.0010211198
0.05682933,-0.0062239915,-0.075532466,-0.11998096,-0.1573115,-0.1730746,-0.18849894,-0.13291429,-0.06979117,0.011898175,0.09239055,0.124005035
0.036064737,0.043034595,0.052789092,0.04402265,0.0431051,0.039713718,0.041011985,0.03548999,0.028547887,0.021453762,0.014536463,0.012245964
-0.7987061,-0.80742437,-0.7598944,-0.6397918,-0.5398945,-0.43515402,-0.3638687,-0.28100097,-0.24003926,-0.20748147,-0.18831116,-0.18928811
-0.26580858,-0.33008492,-0.3817118,-0.4520751,-0.4799099,-0.46497732,-0.4034944,-0.36154786,-0.26246157,-0.18678457,-0.13136491,-0.0690812
-0.5401734,-0.4907647,-0.4050457,-0.3082499,-0.20859614,-0.13430977,-0.09048104,-0.09346375,-0.1478063,-0.21445075,-0.2804442,-0.32928497
-0.046150476,-0.043055337,-0.033810418,-0.029327827,-0.026864335,-0.022019666,-0.014887342,-0.0059244838,0.0033614584,0.016469564,0.023533031,0.026511323
0.36856452,0.35378852,0.3492297,0.28004816,0.22697635,0.16723287,0.14143488,0.09872891,0.061811343,0.03877677,0.02385856,0.0227479
0.006050083,0.011242069,0.004524663,-0.02068969,-0.031955175,-0.034167774,-0.030618384,-0.024762826,-0.005509028,0.016657788,0.030821854,0.04256037
-0.32597774,-0.5558883,-0.60434294,-0.55555046,-0.5080354,-0.38774958,-0.3257159,-0.1787319,-0.08351364,0.02784808,0.06631757,0.081182055
-0.13900858,-0.10675536,-0.07907711,-0.07077199,-0.04606615,-0.022875503,-0.004334837,-0.0037791654,-0.015298784,-0.025335249,-0.03956273,-0.047728464
0.32106432,0.34363872,0.3949162,0.4154613,0.42644525,0.35624772,0.27176005,0.07872,-0.14218912,-0.42026687,-0.61596173,-0.7437762
-0.37370735,-0.3490331,-0.33339402,-0.29108384,-0.25181115,-0.19443746,-0.15966097,-0.11258611,-0.075803794,-0.04355088,-0.02124947,-0.010334799
0.004575623,-0.003155747,-0.022136915,-0.039918225,-0.04735598,-0.041528158,-0.0344663,-0.024954027,-0.012291117,-0.0030205145,0.0031173998,0.013100351
-0.010479644,0.002620902,0.008414928,0.020456903,0.02116168,0.018016487,0.016701326,0.035029143,0.06316546,0.092359655,0.111774944,0.11995982
-0.115914315,0.07828459,0.0410524,-0.032107055,-0.03693764,0.006942749,0.0151976645,0.035119742,0.10282325,0.19152024,0.2380145,0.27538922
-0.077946015,-0.08097432,-0.067894064,-0.043322783,-0.03095305,-0.023845047,-0.019581411,-0.02494049,-0.039345928,-0.05680794,-0.07056361,-0.08069579
-0.037279025,-0.0712726,-0.12234858,-0.17334494,-0.1993092,-0.20050997,-0.18350314,-0.14845662,-0.0787831,-0.014198203,0.037917003,0.080611
-0.2666552,-0.31354344,-0.3343249,-0.34015396,-0.32863417,-0.30139393,-0.26717505,-0.21999024,-0.16041595,-0.10337344,-0.06608256,-0.042945847
-0.06324382,-0.09583639,-0.11512065,-0.116098575,-0.11921734,-0.113667466,-0.10426623,-0.080401614,-0.0556309,-0.03234687,-0.013794903,-0.0010480825
-0.06586382,-0.015001163,0.018644542,0.04700631,0.07610816,0.08790578,0.08383129,0.058668762,0.026582565,-0.010771871,-0.040119693,-0.062064547
0.07608929,0.051264323,0.032447875,-0.0030177012,-0.02408237,-0.03752608,-0.026565857,-0.01651033,0.0032783411,0.02646282,0.039026197,0.054539774
0.14908996,0.13476041,0.105850324,0.057749823,0.015809543,-0.009706594,-0.011482418,-0.019809246,-0.0056777373,0.0050400244,0.012607434,0.030413996
-0.012038019,-0.015851345,-0.0056483466,0.028156104,0.041150637,0.04612363,0.030810589,0.025755405,0.0016366849,-0.025606476,-0.03823848,-0.053748347
0.27425444,0.29796937,0.28035033,0.220039,0.1877982,0.1727039,0.16961098,0.14037451,0.11737729,0.086374365,0.055004254,0.050693884
0.58467704,0.50863916,0.500277,0.5197714,0.48010764,0.3862401,0.31075817,0.2437554,0.18483968,0.13713257,0.12389465,0.11274029
0.24403127,0.2282578,0.18563351,0.1239309,0.07790927,0.051977143,0.034459677,0.010903113,0.00079416856,-0.021918152,-0.033010807,-0.027475325
0.015204941,0.014985977,0.008132458,0.014655968,0.016791454,0.014858784,0.008273169,0.0052110925,0.005794153,0.0048446413,0.0069080438,0.006484299
-0.008566067,-0.04438819,-0.026093371,0.021991879,0.044283748,0.048200294,0.04859321,0.033814915,-0.026158154,-0.08590014,-0.12962402,-0.15798855
-0.22432648,-0.19602162,-0.1481587,-0.080445856,-0.019432545,0.024422973,0.037831843,0.03066288,-0.01823888,-0.07240263,-0.11912334,-0.15621477
-0.14007741,-0.14121476,-0.12501204,-0.12470345,-0.11127114,-0.098707184,-0.07595838,-0.08693704,-0.09282612,-0.11255643,-0.12603003,-0.12638876
0.13796048,0.13055576,0.12615383,0.102927566,0.0981266,0.090666145,0.085994884,0.06519958,0.041941974,0.0071509145,-0.01349752,-0.019809932
0.045062453,-0.010466494,-0.053025067,-0.06429179,-0.070715636,-0.07190461,-0.07486846,-0.0491276,-0.017240934,0.014961306,0.045551494,0.06102737
0.40482813,0.38144025,0.34403938,0.2799052,0.20026168,0.12850672,0.091468304,0.054120764,0.051693812,0.049814112,0.057752296,0.07348081
0.024077745,0.022016512,0.023746867,0.037481066,0.039184604,0.038832076,0.029706147,0.028729051,0.020671554,0.011398529,0.008786015,0.0028047692
0.62633765,0.52289224,0.42319953,0.27884394,0.13399506,0.028826147,-0.00054976344,-0.019840956,0.015732914,0.095024586,0.1761493,0.2701136
0.1803031,0.2350141,0.23346338,0.18926072,0.14667635,0.10653493,0.0837334,0.05012162,0.063591786,0.07152673,0.085518755,0.103068165
-0.1297058,-0.1333713,-0.10680561,-0.07878418,-0.049743682,-0.023501366,-0.0074042976,0.006739162,0.0011134744,-0.005792724,-0.014508601,-0.024746977
-0.25470656,-0.24858135,-0.24924898,-0.19195607,-0.13716033,-0.09206653,-0.07829752,-0.057323903,-0.051521413,-0.04770481,-0.047243193,-0.0574872
-0.05083209,-0.05572082,-0.039425246,-0.015071735,0.0023649856,0.010072246,0.015676,0.017950546,0.005231209,-0.0031383657,-0.014491133,-0.025591014
0.03683541,0.037491575,0.061005548,0.07500233,0.075510904,0.05211534,0.037337802,-0.009414986,-0.061258577,-0.11090699,-0.1484064,-0.17551072
0.24026346,0.20148174,0.20808494,0.17260708,0.14363381,0.10808362,0.09556037,0.079802364,0.060411945,0.062324222,0.061082486,0.05766295
-0.06568084,-0.14772527,-0.18514878,-0.19033939,-0.20214728,-0.19291459,-0.18897192,-0.12951346,-0.074342325,-0.009346852,0.04013577,0.065561846
-0.4239106,-0.4063949,-0.4086961,-0.39092854,-0.35072806,-0.28419152,-0.2364471,-0.18522084,-0.14107095,-0.10086124,-0.07752326,-0.061031606
-0.14018995,-0.1665738,-0.18538357,-0.17367983,-0.16778621,-0.15334553,-0.13809569,-0.10798022,-0.0740585,-0.03906028,-0.013762329,0.0027045943
0.086033195,0.09479543,0.07606206,0.07379189,0.07129391,0.070454374,0.051552683,0.052891124,0.0524346,0.054000545,0.06008757,0.056869328
0.03408739,-0.031457767,-0.058100224,-0.038452595,-0.02687475,-0.02297683,-0.041327193,-0.0004630983,0.026253276,0.056126952,0.08871214,0.09085543
0.28171515,0.13831401,0.05613613,-0.01934293,-0.07819986,-0.1275439,-0.13027155,-0.07550678,-0.0046611726,0.08532575,0.14487469,0.18250987
0.3048424,0.21715376,0.11524528,-0.03398037,-0.13543898,-0.1979619,-0.2020387,-0.17763981,-0.07550192,0.02716624,0.11068545,0.17933586
0.06282228,0.087601244,0.07415104,0.048029274,0.030661363,0.018239297,0.010348365,-0.0028053485,0.011618057,0.02131833,0.030572612,0.041951682
-0.019726072,0.008903367,0.0070786774,0.01660676,0.03612323,0.046790037,0.035232157,0.022177886,0.011097546,0.005658035,0.0044233613,-0.00587938
-0.029692704,-0.037069235,-0.044156536,-0.085528545,-0.1057515,-0.1134703,-0.10150046,-0.09188274,-0.055562794,-0.019963402,0.007807445,0.033852123
0.0039563035,0.006749397,0.02557992,0.02901797,0.04143478,0.044556398,0.04583782,0.032995492,0.007816736,-0.017859649,-0.03770307,-0.052257102
0.08245475,0.05061014,0.09192566,0.061884403,0.06280066,0.046051174,0.059658185,0.018714592,-0.018647201,-0.07209043,-0.10767623,-0.11383595
0.3062424,0.2989259,0.30636644,0.32393295,0.308294,0.2751288,0.24277589,0.19603032,0.116863,0.03040782,-0.028562427,-0.060301624
0.10373895,0.066184744,0.038446024,0.006016195,-0.023963198,-0.04364249,-0.048857823,-0.0262402,0.010464363,0.053856727,0.089542426,0.112793334
0.093853325,0.08966896,0.1424883,0.1728144,0.19020906,0.16627735,0.15472946,0.12154717,0.06611535,0.024199752,-0.017788421,-0.052319918
-0.24175929,-0.2315301,-0.21618539,-0.19145721,-0.16930619,-0.13228984,-0.104902536,-0.071753144,-0.051806033,-0.030115515,-0.018583477,-0.014967322
0.20100075,0.3063122,0.32474166,0.36001077,0.35383958,0.31983873,0.2651903,0.24705073,0.24371138,0.25797254,0.27261025,0.26700696
-0.36885023,-0.53145707,-0.64099526,-0.61804605,-0.5560581,-0.49760163,-0.48326737,-0.39113635,-0.32415596,-0.26099432,-0.19994116,-0.18136609
-0.2452863,-0.22261608,-0.19372758,-0.13965154,-0.10601956,-0.06580506,-0.04145129,-0.021651477,-0.034731936,-0.042916134,-0.055577226,-0.07004073
0.10065097,0.06185081,0.03858891,0.019137733,0.008880354,0.0031514913,0.00043722987,-0.012008298,-0.034446172,-0.05769988,-0.07241427,-0.07527891
0.030879017,-0.009298138,0.030322492,0.04915589,0.055837862,0.047525726,0.048419744,0.027843386,-0.01902983,-0.06095259,-0.10013348,-0.12619303
0.05607284,0.026323706,0.007518664,-0.010449544,-0.022849038,-0.02925171,-0.028001826,-0.021476794,-0.01596063,-0.0080183,-0.0061771274,-0.0028666127
-0.30324212,-0.29702386,-0.2772402,-0.22618474,-0.17445827,-0.123027846,-0.10349257,-0.06623153,-0.049656697,-0.03260137,-0.022393601,-0.028990038
-0.2817185,-0.2710229,-0.31251335,-0.33123857,-0.3190808,-0.27095369,-0.23929808,-0.16969797,-0.07671592,0.015784714,0.08134652,0.121866085
0.66650337,0.6928368,0.70217276,0.6378607,0.5755526,0.4953084,0.4322259,0.3134908,0.18604761,0.05386332,-0.038389347,-0.07873316
-0.30848968,-0.18135896,-0.27640706,-0.4558711,-0.50407165,-0.4534784,-0.38180295,-0.3265469,-0.18541783,-0.032568097,0.04625511,0.12503372
0.18716112,0.14029005,0.110023186,0.0776023,0.045300692,0.019272372,0.012227938,0.021989755,0.045021933,0.07054481,0.09027739,0.10728351
0.27312994,0.26342565,0.2518341,0.22078627,0.17585064,0.1306181,0.105418146,0.081263095,0.06978583,0.060435716,0.059073605,0.06324552
-0.30912977,-0.3175371,-0.32869416,-0.3124182,-0.28377125,-0.24225512,-0.20719387,-0.16786115,-0.13269214,-0.098903164,-0.07803266,-0.06383154
0.37256056,0.5036552,0.4857109,0.42146263,0.3430117,0.3029669,0.262444,0.22298943,0.22392693,0.24246192,0.25107446,0.26534292
0.019056536,0.054348603,0.066630095,0.046766542,0.026587069,0.021537565,0.022961855,0.022377506,0.029863503,0.040923014,0.051102806,0.058149926
0.07653526,0.05643005,0.012966327,0.0154821575,0.02288299,0.023957737,0.0027011558,0.012517955,0.021649301,0.04024551,0.04880701,0.04559323
0.17940772,0.29771495,0.4212843,0.5336509,0.59420323,0.5867648,0.5230577,0.40944853,0.22497061,0.030623768,-0.108549304,-0.22151762
-0.16048144,-0.16569656,-0.18095604,-0.20666859,-0.1995415,-0.17711033,-0.14976007,-0.1212748,-0.08752319,-0.04927685,-0.031244807,-0.014982738
-0.21214741,-0.18792266,-0.1152761,0.023423076,0.11103758,0.15450111,0.15096676,0.11521584,0.008187652,-0.11049368,-0.2022691,-0.2719434
0.051250923,0.04236243,0.021627381,-0.006128029,-0.022029635,-0.029341972,-0.025257472,-0.030475646,-0.021841489,-0.018955667,-0.015110534,-0.00234632
-0.9234064,-0.82726574,-0.7260606,-0.64445794,-0.5164517,-0.37858278,-0.27181542,-0.1949367,-0.17531446,-0.11992684,-0.12454473,-0.13913907
-0.16249204,-0.14182484,-0.0912537,-0.03755063,0.014679849,0.041096166,0.04810764,0.034754977,-0.008064941,-0.054543316,-0.08703017,-0.113808565
-0.12871261,-0.1343694,-0.14664689,-0.13666832,-0.1296199,-0.11428453,-0.10421503,-0.078965686,-0.050163727,-0.012728566,0.013597995,0.027282543
-0.000934666,-0.042034406,-0.09484224,-0.08769965,-0.05834042,-0.039842747,-0.053824406,-0.024276493,0.0071435096,0.028390888,0.05996586,0.06793059
-0.03044229,-0.020364018,-0.021737397,-0.0035599433,0.001996193,0.018712156,0.020290552,0.034607343,0.03680245,0.04182236,0.04590285,0.04540543
0.041648135,0.02359017,0.020497628,0.005722411,-0.010446951,-0.016737238,-0.009861931,-0.004167352,-0.004032491,-0.0044360925,-0.0063606054,-0.0036952104
-0.78256965,-0.73333967,-0.6526023,-0.6005993,-0.51007664,-0.4145289,-0.32288733,-0.25458157,-0.18274805,-0.11747362,-0.08628951,-0.065806895
0.110291734,0.09195398,0.09849471,0.10302438,0.09062394,0.068474665,0.06029198,0.052779153,0.054640424,0.058889065,0.064948134,0.07070861
0.13312414,0.10580689,0.08974369,0.073658824,0.04955694,0.024150595,0.011149496,-0.002065178,-0.0052539483,-0.009690924,-0.006848071,-0.0020947885
-0.34683275,-0.34260157,-0.3462544,-0.28532943,-0.2297819,-0.17281097,-0.16031763,-0.09924078,-0.05052735,-0.0011261962,0.040775802,0.048719227
0.11698644,0.1535037,0.119083285,0.09611151,0.08219707,0.07835825,0.062596634,0.056779932,0.063209705,0.074423105,0.08216703,0.088452816
0.03629981,0.014701795,-0.0297665,-0.03135743,-0.03143576,-0.02828324,-0.054735333,-0.056464195,-0.031574603,-0.014542006,0.021320991,0.041116185
0.26218438,0.17053849,0.09960443,0.020311713,-0.04036635,-0.08572224,-0.09119743,-0.07681987,-0.02957619,0.02206365,0.0654079,0.10273452
0.08441998,0.09365196,0.077418275,0.060078636,0.05226501,0.047578193,0.03068605,0.019683262,0.018402439,0.014510523,0.01902679,0.01927261
-0.33229816,-0.3189647,-0.25065988,-0.17092988,-0.101717025,-0.054852337,-0.023598284,-0.003245458,-0.009120092,-0.014262512,-0.034476444,-0.05731857
0.12637872,0.2086918,0.22608839,0.22224718,0.22197495,0.20431201,0.16809334,0.10006037,0.03573685,-0.038087327,-0.08685912,-0.1193326
0.062356293,0.112027794,0.13192096,0.12503347,0.11143252,0.10171901,0.0984619,0.08752952,0.08417763,0.08877374,0.08788454,0.090408124
-0.80311024,-0.80916286,-0.7195606,-0.62180746,-0.50683665,-0.40078664,-0.3030247,-0.23898908,-0.22162706,-0.20509729,-0.223726,-0.24319519
-0.14542322,-0.15296088,-0.13709182,-0.13355897,-0.13596429,-0.13061951,-0.10692394,-0.08486192,-0.05187671,-0.012350446,0.013061311,0.033184074
0.09285606,0.062669836,0.045613192,0.017928295,-0.006003469,-0.019219168,-0.018576067,-0.019045345,-0.013246687,-0.009556677,-0.006502291,0.0031131133
0.13052559,0.1711728,0.1306045,0.110629156,0.09920998,0.08824638,0.062448293,0.040396184,0.037748776,0.030096445,0.023746006,0.020781625
-0.27749985,-0.35160103,-0.35770068,-0.34210628,-0.33128044,-0.30118334,-0.2582527,-0.19357741,-0.12305623,-0.05163897,0.0016579926,0.03534686
-0.46305117,-0.47280872,-0.47388405,-0.43132597,-0.38467595,-0.32233834,-0.27442855,-0.21028091,-0.15491022,-0.09548637,-0.06333831,-0.04828701
0.09346973,0.075331375,0.044293165,0.006934099,-0.013195366,-0.02087275,-0.026818518,-0.021286178,0.0008559525,0.01218187,0.028752262,0.043698393
0.6565127,0.4033081,0.26744604,0.18082714,0.076640725,-0.003002882,-0.049316406,-0.03409946,0.039581776,0.11603187,0.15848719,0.19846189
-0.02830442,-0.040409204,-0.07574447,-0.10670963,-0.12356752,-0.121491045,-0.111947045,-0.08967701,-0.04647646,0.00052531436,0.033987794,0.061510712
-0.045632392,-0.05210775,-0.08845008,-0.09426029,-0.11292938,-0.11183289,-0.10602553,-0.077356376,-0.019568384,0.030854326,0.07175965,0.10488435
-0.12917238,-0.1482852,-0.13091485,-0.08650267,-0.049812987,-0.026353434,-0.023408039,-2.5937334e-05,0.0038092928,0.013423331,0.018753301,0.0038488843
0.37229735,0.3669831,0.40757036,0.3911677,0.36177784,0.29588267,0.2576457,0.18370137,0.093342684,0.018241119,-0.036979906,-0.07224062
-0.012652912,-0.029267345,-0.034863763,-0.030830732,-0.027835134,-0.024559734,-0.025381232,-0.018603502,-0.013439305,-0.011332162,-0.0060493983,-0.0046490286
0.33873573,0.37075734,0.3790665,0.35215792,0.3294186,0.28885156,0.25168937,0.20411038,0.16589308,0.13472107,0.11083869,0.092265636
-0.025893323,-0.044273093,-0.05679281,-0.088706866,-0.09711079,-0.096221134,-0.07712381,-0.05224557,-0.018610809,0.027833493,0.05486683,0.07368155
0.33569837,0.38859275,0.4330377,0.44497144,0.43538678,0.39021778,0.33748257,0.24455908,0.12997648,0.016184557,-0.06483974,-0.12209781
-0.4422122,-0.4229874,-0.4088908,-0.3528583,-0.27804574,-0.20151544,-0.16313589,-0.115385816,-0.09943329,-0.08278697,-0.079378985,-0.087123245
-0.24638419,-0.26598024,-0.2523188,-0.21513477,-0.17961317,-0.14791876,-0.12670246,-0.10533938,-0.1013434,-0.09932095,-0.10321301,-0.11324397
0.06899846,0.13710561,0.14402504,0.11852962,0.11674511,0.11327869,0.0942128,0.06613791,0.045513444,0.02588436,0.01368017,0.0060045533
-0.51218545,-0.37331095,-0.40426582,-0.3587427,-0.30860612,-0.21666646,-0.17477569,-0.11745309,-0.07246214,-0.0022772774,0.021331519,0.033663284
0.21752712,0.21438803,0.21636596,0.17368433,0.14387345,0.10919091,0.09572865,0.05981091,0.04263106,0.021675538,0.01100718,0.010849951
0.08048625,0.23349947,0.38851088,0.4892401,0.5560609,0.5524224,0.5105881,0.3846014,0.17844525,-0.019366166,-0.17553115,-0.29405445
-0.30671546,-0.26231635,-0.23242447,-0.18150918,-0.12860909,-0.077792645,-0.057342067,-0.043850377,-0.04934688,-0.0581437,-0.06812549,-0.08066209
-0.33370924,-0.2985261,-0.31932783,-0.2709435,-0.21779417,-0.14259428,-0.120756865,-0.07631442,-0.06091231,-0.049844995,-0.04752703,-0.05527096
0.18983935,0.14402756,0.112956256,0.08138387,0.052057236,0.022683352,0.0072110146,0.0061201304,0.015560113,0.030470632,0.04575163,0.05478444
0.09647122,0.13016245,0.1815047,0.18912217,0.20581768,0.1997972,0.19307594,0.14840308,0.081591606,0.016852356,-0.039629675,-0.075010985
-0.15313588,-0.061983675,0.06456286,0.10463622,0.1638192,0.18449505,0.2101607,0.17464219,0.11300641,0.067149915,0.014212154,-0.024063244
0.19738537,0.15914261,0.12291473,0.08999634,0.04678888,0.015126929,0.0063770115,0.0009803623,0.014428638,0.027951917,0.038385637,0.05813064
-1.2989993,-1.2186712,-1.176949,-0.9704196,-0.76736724,-0.5456525,-0.44551742,-0.31501278,-0.28065348,-0.23799148,-0.22186598,-0.23909046
0.2545195,0.24230884,0.21904013,0.16635752,0.12239748,0.08794013,0.07531345,0.07319529,0.086496376,0.112902805,0.12927637,0.14207268
-0.105795026,0.06670056,0.08545652,0.12396906,0.16487876,0.20401502,0.17164858,0.14360623,0.11487684,0.07939121,0.053586747,0.021768812
0.14847681,0.086391866,0.118202806,0.15432121,0.17362066,0.15308103,0.1420317,0.11551541,0.03939165,-0.01916371,-0.064481884,-0.108579904
0.13457492,0.13109732,0.13419962,0.0894022,0.06570524,0.044333555,0.04390248,0.03880404,0.050681427,0.065688744,0.075940706,0.08600361
0.058620613,0.055136222,0.0797976,0.08425218,0.088004105,0.076128244,0.07804505,0.057503954,0.025638526,-0.0024486752,-0.028050039,-0.0430753
0.092600286,0.016159974,0.018421993,0.019625574,0.014590979,0.008595139,0.017675243,0.012757853,-0.0012932941,-0.015362907,-0.01582618,-0.0067542903
-0.34141457,-0.11201519,-0.06933123,-0.14640376,-0.10917026,-0.039259896,-0.0052802563,-0.0042566136,0.03346376,0.07873139,0.09519145,0.10761359
0.00076939026,-0.016659515,-0.02896142,-0.025367364,-0.017724294,-0.014831484,-0.016304366,-0.0128438,-0.0069200564,-0.0017785071,-0.0015469199,-0.0017287033
0.32886136,0.33057454,0.32610443,0.28494295,0.24126193,0.19657928,0.16921774,0.13172467,0.10239056,0.079071224,0.06474015,0.06063921
0.47557506,0.42461026,0.37945002,0.29115996,0.21413302,0.14447722,0.11373417,0.06258729,0.03763049,0.0101325065,-0.0039858185,0.006300498
0.02286792,0.038375124,0.03144642,0.07169485,0.09287784,0.09900589,0.07530056,0.045812152,0.001175601,-0.05689641,-0.09059627,-0.113247156
-3.0124989,-3.0386908,-2.8666358,-2.1576436,-1.6011103,-1.1237656,-0.9421029,-0.6477926,-0.66992617,-0.7170385,-0.7830385,-0.9385155
0.13095877,0.11634828,0.12022649,0.1343027,0.12749834,0.113182455,0.09762216,0.087187216,0.07169959,0.05360149,0.047991037,0.043482207
0.61061543,0.5375896,0.49379754,0.4239585,0.3472417,0.2788366,0.25729847,0.21723129,0.18020071,0.13664293,0.12145334,0.14621776
-0.068519875,-0.069932595,-0.09080946,-0.11537289,-0.12531877,-0.11733954,-0.10505384,-0.06932302,-0.016015705,0.04072897,0.08382142,0.11060811
-0.08708172,-0.04275264,0.0051508397,0.05420292,0.06379739,0.05262576,0.049569227,0.04057733,0.043299392,0.053113706,0.058355708,0.058594987
0.33389103,0.3039497,0.2534661,0.16508152,0.11658603,0.07440894,0.052419603,0.0071168207,-0.017047625,-0.059260406,-0.08091201,-0.079404145
0.10378045,0.109341346,0.10940114,0.084973805,0.06941106,0.050646733,0.042415723,0.029780732,0.023148794,0.018952591,0.009062592,0.009279225
-0.30828643,-0.29216942,-0.27398303,-0.23426068,-0.1969957,-0.15572083,-0.12917092,-0.096587196,-0.07186232,-0.05080632,-0.036674574,-0.03210742
0.11132446,0.043048814,0.017308354,0.011258028,-0.009965926,-0.0379842,-0.04702446,-0.07455062,-0.09728202,-0.13762242,-0.15966669,-0.16730827
0.10466162,0.12745064,0.10533005,0.07038115,0.032566234,0.025382668,0.018175237,0.019882113,0.032786146,0.043766,0.052532047,0.06665347
0.2913334,0.2911874,0.2930324,0.24861476,0.21745674,0.18638183,0.17292085,0.15764508,0.14543723,0.14874755,0.1435152,0.14271836
0.10206508,0.05257798,0.047936246,0.03408125,0.020234607,-0.0116280075,-0.024024427,-0.050898425,-0.07009317,-0.090039216,-0.103245646,-0.105812445
0.15906137,0.13477743,0.12506124,0.10404283,0.08354904,0.05476336,0.043805674,0.030017592,0.022776347,0.014897034,0.012904181,0.016186211
-0.004221243,-0.021951016,-0.019973606,-0.030255936,-0.042048454,-0.05309912,-0.048436403,-0.028941333,-0.0026101954,0.03187916,0.056378826,0.0694526
0.15984622,0.17419636,0.19902022,0.17967886,0.15331107,0.12737823,0.124242134,0.09896797,0.065763496,0.047427423,0.022630509,0.013744574
-0.70799506,-0.7042483,-0.6726233,-0.5657401,-0.46455407,-0.35609442,-0.2905786,-0.21191521,-0.1656264,-0.1348944,-0.11948018,-0.11749031
-0.1525584,-0.15988302,-0.15825081,-0.1605073,-0.1639218,-0.15152918,-0.1276167,-0.10647287,-0.081627876,-0.054776978,-0.03857174,-0.023442581
0.06611092,0.06661674,0.0828031,0.043605164,0.026074357,0.00631598,0.013236899,-0.011542315,-0.010077964,-0.016148824,-0.020752672,-0.011933114
-0.06894511,-0.024901778,-0.011136487,0.0029229224,0.024821706,0.044618018,0.043474235,0.034808397,0.021133397,0.009771351,-0.0026695179,-0.013407782
-0.21432187,-0.25841048,-0.30170947,-0.30083913,-0.28198975,-0.25108904,-0.2230492,-0.16470882,-0.09311941,-0.016171817,0.03720942,0.06252823
0.22013876,0.2047101,0.19723035,0.1869081,0.15700844,0.124000974,0.104471,0.08697933,0.07086785,0.054400474,0.045524903,0.043830402
-0.13893685,-0.08161758,-0.05995412,-0.0879368,-0.08703286,-0.058746085,-0.03595674,0.001718808,0.0444152,0.1007614,0.13393268,0.14908916
0.08646287,0.048684083,0.032316007,0.021319129,0.00811328,-0.0013525188,-0.0053429827,0.0011875257,0.004744284,0.005747866,0.008895993,0.010465693
0.16461933,0.082215056,0.02281332,0.0019600987,-0.007836372,-0.04055944,-0.080006436,-0.04751636,0.040820032,0.10852352,0.18525766,0.2255184
-0.13896614,-0.16062258,-0.149574,-0.11606874,-0.103367135,-0.09887177,-0.089354225,-0.08592968,-0.0877016,-0.09488267,-0.10028304,-0.10304936
-0.22218592,-0.21862048,-0.21023318,-0.18674347,-0.16132744,-0.13132572,-0.107499495,-0.08407844,-0.06484732,-0.047409035,-0.03828381,-0.032163117
0.20102337,0.21468101,0.22876605,0.217503,0.20522717,0.1851239,0.16580883,0.13800134,0.10388375,0.07166812,0.049014375,0.033155322
-0.066329226,-0.0592555,-0.06930923,-0.07818368,-0.07319112,-0.058562845,-0.047822423,-0.036261678,-0.018336909,-0.0055636447,0.0047504213,0.015695207
0.43058187,0.43436566,0.43560192,0.41323912,0.361897,0.30644178,0.26844648,0.22637421,0.19397074,0.16415119,0.14844339,0.14316466
-0.5261829,-0.31589177,-0.39971936,-0.33692002,-0.18898892,-0.021986336,-0.050153017,-0.020988911,-0.022861317,-0.046068206,-0.054393314,-0.09128402
-0.4965616,-0.484716,-0.5058536,-0.45649356,-0.40203488,-0.3232515,-0.2865115,-0.2217093,-0.16453648,-0.119826555,-0.08378243,-0.067677416
0.079167075,0.06509683,0.061222732,0.03524396,0.016091365,-0.00016581267,-0.0027785636,-0.02561816,-0.04222672,-0.06076043,-0.07357773,-0.07596254
0.05827394,0.10780823,0.13176936,0.13316245,0.11903373,0.10924721,0.09285092,0.085364014,0.078141116,0.07068641,0.07359739,0.07017116
-0.03274159,-0.0148543045,-0.009903729,-0.018419452,-0.008494772,-6.1258674e-05,0.0063519254,0.0033938922,0.0002324991,0.0010397676,-0.0042912615,-0.0065292018
0.21251678,0.16086406,0.12204519,0.063834146,0.017405659,-0.016963422,-0.024547443,-0.019309103,-0.0026523992,0.02888091,0.049795218,0.06691283
-2.3720462,-2.3842838,-2.1863248,-1.7441177,-1.3989854,-1.0792286,-0.8946602,-0.68959284,-0.6658616,-0.64859265,-0.65847856,-0.72164214
0.120298475,0.01775226,-0.032052457,-0.082583934,-0.12903033,-0.1590238,-0.15576796,-0.16416232,-0.16379885,-0.18680291,-0.2003091,-0.19095808
-0.23174743,-0.27278444,-0.28372797,-0.24919716,-0.23335254,-0.20570391,-0.1823004,-0.14519602,-0.118986994,-0.09634482,-0.0794694,-0.06887596
0.452932,0.51423395,0.6040806,0.65646625,0.66792774,0.61418283,0.5542511,0.41570327,0.2278023,0.03444179,-0.09528713,-0.17435116
0.12747064,0.07147595,0.025188684,-0.017793536,-0.066730574,-0.09995392,-0.10672881,-0.0893475,-0.040591516,0.0039131343,0.050572746,0.089606926
0.0583211,0.058885112,0.06434263,0.052641027,0.045552023,0.038963303,0.037353788,0.03304088,0.023084816,0.019731443,0.014676165,0.011143651
-0.036023885,0.048147723,0.12292911,0.24266468,0.31692326,0.34862435,0.3082175,0.24708438,0.1215593,-0.023358341,-0.12527752,-0.21023846
-0.18522888,-0.14577024,-0.11713712,-0.09321873,-0.060961828,-0.028246373,-0.013001114,-0.007572882,-0.012519583,-0.023092914,-0.033079162,-0.042049
-0.38624203,-0.4096119,-0.40555328,-0.3650565,-0.31597927,-0.2600996,-0.22002548,-0.18023488,-0.15739685,-0.13958362,-0.13236418,-0.12980232
0.17442366,0.11105375,0.044403315,-0.002100274,-0.04686393,-0.07496296,-0.08569783,-0.07231725,-0.03431283,0.0029822253,0.037381887,0.065303475
0.13853726,0.21288915,0.1997858,0.23262502,0.2350338,0.22245425,0.17845993,0.15977722,0.15177661,0.14884076,0.15005648,0.14127536
0.3050211,0.272602,0.2467266,0.21555239,0.17853393,0.13191211,0.098444,0.07018352,0.04768963,0.024024665,0.018486837,0.01571116
-1.1763448,-1.1612175,-1.12203,-0.9717152,-0.8169937,-0.64338577,-0.53460693,-0.4055948,-0.32685283,-0.25639576,-0.22291018,-0.21782646
0.53140324,0.5009429,0.43511957,0.30066386,0.17870784,0.097239375,0.06676692,0.053144723,0.10724673,0.17162356,0.23130386,0.29064822
-0.2049559,-0.18920779,-0.18895835,-0.1809282,-0.16578974,-0.1449399,-0.128149,-0.11097974,-0.06914349,-0.033160422,-0.0054658875,0.012242444
-0.58918214,-0.5301516,-0.48649827,-0.43486238,-0.35649246,-0.27183405,-0.20895931,-0.17548145,-0.15511338,-0.14160174,-0.1476737,-0.15059054
0.1791208,0.08781752,0.029416025,-0.03461373,-0.091706306,-0.1374602,-0.15044399,-0.14530838,-0.1077998,-0.070969135,-0.029981032,-0.0010309666
-0.17232373,-0.1638663,-0.15561825,-0.1501794,-0.13988101,-0.12538686,-0.10710907,-0.09247673,-0.06491124,-0.044188067,-0.028731719,-0.014640547
-0.14851718,-0.17368948,-0.18031345,-0.15978907,-0.13933708,-0.11026251,-0.09121871,-0.06621015,-0.05765381,-0.051644813,-0.050193116,-0.049409643
-0.014305502,0.078587875,0.12877145,0.13771069,0.14944491,0.1510117,0.14570686,0.11684123,0.080488816,0.04977014,0.02193848,0.0014875513
-0.057741545,-0.089664385,-0.09737341,-0.065306455,-0.052307744,-0.036374733,-0.028225195,0.0017883936,0.00671238,0.022070784,0.026408225,0.022469416
0.5459152,0.551422,0.5714614,0.537006,0.4812713,0.3995927,0.34366354,0.26060882,0.1926146,0.12080772,0.07808347,0.05546283
0.34265813,0.3518255,0.34791452,0.27933156,0.21844657,0.16522786,0.14482066,0.09607696,0.06997372,0.04135486,0.020897692,0.02332235
0.6099647,0.59616756,0.53270805,0.4829342,0.42240334,0.3456167,0.25734493,0.19940239,0.17035222,0.13645528,0.13625748,0.12989885
-0.1603871,-0.18460834,-0.2053277,-0.20642819,-0.20176777,-0.18022853,-0.15813217,-0.11775763,-0.07223271,-0.02435975,0.009065125,0.03054362
0.27246916,0.32830164,0.38410974,0.38802978,0.34872335,0.3044479,0.28121865,0.21698709,0.14284946,0.07199618,0.017736599,-0.008089855
0.41924298,0.467547,0.5353217,0.56318545,0.5804677,0.5402113,0.48214316,0.36903793,0.21376312,0.053021275,-0.064505845,-0.14327812
0.013516377,0.007908495,0.020049252,0.004036732,-0.0069004595,-0.018168155,-0.013232164,-0.014530566,-0.009443721,-0.0004983791,0.0020839516,0.005797006
0.35726544,0.3875671,0.40011197,0.33647618,0.300051,0.25843906,0.23487964,0.181233,0.14335066,0.104997426,0.08129598,0.07387324
-0.2788767,-0.22027323,-0.18758419,-0.17453448,-0.12689213,-0.083617136,-0.05461426,-0.04116267,-0.02470646,0.00071024895,0.0061908215,0.008249238
0.097375,0.07100356,0.042576745,0.0031647533,-0.027137026,-0.044509828,-0.045229718,-0.03862864,-0.017941497,0.003965454,0.021393439,0.037792448
0.109632,0.106026575,0.07678635,0.05396746,0.033137705,0.019558635,0.0069647953,0.0016983747,0.010432072,0.011108743,0.018058319,0.027222537
0.10558369,0.06420976,0.035904646,3.8303435e-05,-0.029172592,-0.046679124,-0.04704433,-0.046495494,-0.034140863,-0.028891504,-0.02094648,-0.0069239885
-2.0966525,-1.851558,-1.8091611,-1.5768788,-1.3145308,-0.9786844,-0.8073638,-0.611366,-0.47086716,-0.34703913,-0.290243,-0.28030753
-0.3901897,-0.46853498,-0.53996265,-0.5531832,-0.548033,-0.5025723,-0.4585672,-0.36316615,-0.23691073,-0.1211612,-0.027084969,0.03436941
-0.9591921,-0.8647266,-0.78117543,-0.6957414,-0.5694105,-0.43493357,-0.32972488,-0.26714647,-0.23464523,-0.19842397,-0.19636178,-0.1990672
-0.6286114,-0.3151577,0.016812444,0.010768831,0.06717849,0.07272017,0.17726094,0.08820605,0.068526685,0.078350455,0.029847741,0.020552188
0.10355513,0.118562326,0.13873251,0.15469636,0.15570393,0.14733773,0.1322978,0.10482173,0.062560245,0.015291647,-0.017296951,-0.03859497
-0.45677632,-0.6093655,-0.58533573,-0.48861164,-0.41499484,-0.3658073,-0.31016108,-0.22182833,-0.14370984,-0.09608677,-0.04117271,-0.02294613
0.8459312,0.89416575,0.73897636,0.66714865,0.677133,0.63323075,0.46477267,0.39747018,0.38406217,0.34112027,0.35690773,0.33797988
0.20637013,0.2806456,0.29068062,0.25464645,0.23238654,0.21423492,0.19990583,0.1516419,0.112110876,0.06764796,0.0366981,0.03042116
0.09501386,0.04770945,0.047290266,0.04782641,0.054666214,0.055560365,0.0658131,0.06392722,0.039226044,0.020125521,-0.005166039,-0.02002237
0.36128753,0.32236594,0.30689874,0.27968165,0.250917,0.20461303,0.1667205,0.10373336,0.027648278,-0.051982637,-0.100985125,-0.1257973
-0.12108551,-0.17032668,-0.20002148,-0.21084982,-0.20964381,-0.19531305,-0.17592779,-0.1521759,-0.122204125,-0.09957225,-0.0871247,-0.07504618
0.23325157,0.2775094,0.2956775,0.23956642,0.21205862,0.17438884,0.151237,0.102753766,0.07570116,0.047704715,0.030443376,0.025134861
-1.7829447,-1.5713196,-1.4291273,-1.3058153,-1.1022524,-0.8375704,-0.6334509,-0.47660094,-0.3608623,-0.23093921,-0.19464679,-0.17385411
