0.21053171,0.18819138,0.17302284,0.15314302,0.1315607,0.114258304,0.096682996,0.08934073,0.07990569,0.077759564,0.07314219,0.06859508
0.32377717,0.32406127,0.3161499,0.31670958,0.28519386,0.26033184,0.235662,0.20743378,0.18393302,0.17461555,0.17416623,0.1683254
-0.22895125,-0.18760987,-0.14738038,-0.1442667,-0.13011408,-0.11207205,-0.090954006,-0.09138817,-0.07955466,-0.080008864,-0.07500107,-0.06762574
0.07707009,0.055751495,0.06760542,0.07536303,0.07187623,0.08086293,0.07050812,0.07011665,0.054609872,0.0335709,0.014307436,0.009114824
0.30353862,0.2943911,0.28097343,0.19510676,0.14568807,0.09647715,0.08985691,0.0769057,0.086558,0.11668718,0.13859382,0.14747413
0.07779369,0.078959405,0.055076405,0.041395098,0.024274245,0.013121024,0.011509933,0.019471958,0.035345905,0.057426587,0.072639994,0.08077882
-0.015746707,-0.0337563,-0.09158164,-0.10977108,-0.124286264,-0.12623788,-0.12278497,-0.08815983,-0.04381173,0.0020144633,0.03142589,0.050623894
-0.0032027885,0.02122748,0.016090933,0.026198916,0.030135812,0.03435415,0.018496275,0.01138005,0.0021970347,-0.011264164,-0.02077796,-0.030129848
0.012989872,0.010414671,0.01101207,-0.032879293,-0.06287184,-0.08512686,-0.05876106,-0.046475213,-0.0074292608,0.035568926,0.06692253,0.09227888
0.112052485,0.12909,0.12253943,0.10379129,0.08584451,0.07880915,0.06789525,0.061823532,0.057497706,0.05314336,0.048341405,0.045229636
0.53394586,0.6773027,0.79345196,0.8119805,0.78512144,0.7301419,0.6499039,0.50647444,0.3498556,0.22458678,0.1402242,0.067670405
-0.38458797,-0.39966407,-0.40798703,-0.37385374,-0.3390746,-0.29913285,-0.2615276,-0.21382315,-0.16795716,-0.1432312,-0.12675731,-0.109271
-0.45562708,-0.20295987,0.026470602,0.3315912,0.47178328,0.55107516,0.49937272,0.32683682,0.05655065,-0.25412688,-0.46018642,-0.59933007
0.0014445111,-0.028094545,-0.045895573,-0.06890177,-0.07501005,-0.07191052,-0.05873144,-0.036653195,-0.0074900594,0.023736449,0.044737898,0.060651682
-0.042772412,-0.04673691,-0.021580718,0.01710236,0.034047693,0.04360845,0.04449172,0.034473155,0.021472754,0.0060744826,-0.005420821,-0.011669548
0.18843664,0.15887676,0.13733314,0.12006821,0.10178139,0.096256286,0.08026962,0.08014919,0.078386925,0.07913439,0.07646072,0.075490244
-0.098272085,-0.114131466,-0.117332146,-0.10749755,-0.10035855,-0.10511403,-0.09066517,-0.077601925,-0.068079956,-0.052110292,-0.038588256,-0.030755028
0.2954955,0.24933404,0.21280804,0.117244184,0.070234954,0.033314094,0.026976466,0.046647057,0.07083048,0.107492775,0.13227089,0.14534879
0.31880778,0.30990314,0.29148197,0.2728673,0.24574296,0.23536365,0.19959834,0.18276289,0.16486117,0.1543771,0.14058432,0.12921232
-0.0022625253,-0.06574538,-0.07833561,-0.05176395,-0.039717466,-0.011952892,-0.014659554,0.003941521,0.00865994,0.0032247351,-0.011570264,-0.01111104
0.054677367,0.023587719,0.021078408,0.025388487,0.027455293,0.02552361,0.02978658,0.026464157,0.01054086,-0.0023640618,-0.009063458,-0.015644934
0.13283178,0.11214329,0.06696224,0.011060208,-0.0122229755,-0.025550917,-0.015141085,-0.015285276,0.010452755,0.03884899,0.06159047,0.07857658
0.0536566,0.09508548,0.13622865,0.1649647,0.17348674,0.18403631,0.15955648,0.13046294,0.095479056,0.06752449,0.040830404,0.025275733
-0.7227579,-0.7594537,-0.75160563,-0.6239677,-0.53384334,-0.49065584,-0.43221545,-0.3741952,-0.3543108,-0.33531857,-0.31861588,-0.30842042
-0.24887343,-0.23234431,-0.20240149,-0.14566776,-0.107412115,-0.076793715,-0.061557353,-0.05745189,-0.06568173,-0.08367148,-0.09270254,-0.09973514
0.030230615,-0.04295616,-0.08825667,-0.1313268,-0.14869043,-0.16676857,-0.14213166,-0.10161969,-0.05166915,0.002982203,0.038737267,0.06830068
0.26200604,0.24814549,0.25377715,0.24172641,0.22480735,0.20654134,0.1818805,0.15660375,0.12677492,0.09951923,0.07647091,0.06009209
0.3435565,0.33067212,0.35306948,0.36639005,0.35485542,0.3294271,0.28646505,0.24075836,0.17444979,0.11322731,0.06601329,0.028394237
0.11287559,0.07733265,0.06709341,0.08162283,0.07693519,0.0804767,0.073449805,0.077990964,0.08413236,0.09800934,0.1054028,0.11432809
0.18372642,0.15335077,0.06993148,-0.0026992857,-0.05432567,-0.09147623,-0.08147299,-0.0581816,-0.011472434,0.05098162,0.09794331,0.12580104
0.41203988,0.36156675,0.32289648,0.22509712,0.16961852,0.12805331,0.11541343,0.115896985,0.13200343,0.16318631,0.18377945,0.19250442
0.089197926,0.17154989,0.16872275,0.09694179,0.065096155,0.049608834,0.051953427,0.030237284,0.0555418,0.08153067,0.10729886,0.120321125
-0.909672,-1.0310308,-1.0213017,-0.84841573,-0.71781623,-0.6207041,-0.5573117,-0.46398535,-0.44688758,-0.46447602,-0.48253047,-0.48384458
0.5130042,0.4646713,0.39412984,0.29854238,0.224143,0.20342246,0.18986037,0.19540533,0.25556666,0.32254994,0.36685598,0.39580277
-0.6849359,-0.57008183,-0.49542356,-0.39353776,-0.30131567,-0.24049768,-0.21891606,-0.23027787,-0.25618288,-0.3004883,-0.3251878,-0.3466772
-0.06563308,0.011751443,0.10770698,0.09651682,0.089176774,0.0878686,0.08914344,0.04818341,0.012383357,-0.03397721,-0.07006127,-0.07695442
0.18841876,0.18054269,0.14287624,0.102335274,0.07610744,0.052956477,0.039622933,0.0427313,0.05249499,0.07588042,0.090787515,0.0948702
0.029477075,-0.022256322,-0.062466264,-0.123403296,-0.14051771,-0.15424013,-0.12574233,-0.09426387,-0.049655907,0.002896417,0.040753316,0.066675834
-0.39443886,-0.3651549,-0.3570147,-0.35147047,-0.32754123,-0.30086666,-0.25438416,-0.2252493,-0.17643212,-0.14368804,-0.115573645,-0.09209848
-1.2558043,-1.1383417,-1.0152714,-0.8460359,-0.7042075,-0.61012095,-0.52958155,-0.51412743,-0.5195528,-0.56734985,-0.59116596,-0.59582186
-0.3819467,-0.39624014,-0.42268103,-0.42895964,-0.4118591,-0.39345515,-0.3497249,-0.28826943,-0.21374509,-0.14503926,-0.09558931,-0.058157414
0.19588663,0.1943504,0.17789276,0.14489141,0.12141092,0.09809935,0.08578502,0.07340875,0.06504107,0.06476548,0.063926294,0.061777662
-0.7520394,-0.7500068,-0.6987551,-0.6054959,-0.53900385,-0.49785554,-0.42846078,-0.37605137,-0.33613923,-0.3149714,-0.29416907,-0.26941764
0.120803565,0.08747223,0.073782474,0.018617108,-0.004805684,-0.024792902,-0.021719724,-0.008820765,0.012294356,0.042138197,0.061973795,0.07363933
-0.18716505,-0.16247624,-0.13781372,-0.093135044,-0.06002386,-0.040041283,-0.0384814,-0.04525222,-0.062325533,-0.08469072,-0.1013928,-0.11239419
0.10254952,0.10910913,0.11307193,0.1132509,0.10081214,0.09371099,0.092934474,0.08793056,0.08890347,0.097582646,0.105826095,0.10715227
0.40373117,0.3871695,0.35729536,0.2983697,0.25969976,0.24651445,0.19783098,0.18257415,0.17393367,0.17823778,0.17702875,0.17177567
0.14439307,-0.018975973,-0.092228085,-0.19030645,-0.22052091,-0.24761273,-0.21260309,-0.1359942,-0.05654022,0.032383244,0.09476956,0.1364449
0.21039636,0.2133992,0.19219957,0.13696086,0.10068619,0.08779271,0.08094165,0.076635465,0.09595501,0.119284175,0.13513201,0.1470727
0.12736195,0.12457345,0.098090775,0.08195081,0.069189265,0.058905154,0.04755006,0.0445984,0.045132123,0.05399476,0.059253942,0.057907276
0.1830678,0.17907241,0.1687904,0.13004526,0.108177535,0.08645014,0.07644387,0.062312845,0.056170035,0.053735066,0.053907443,0.050466344
-0.05778499,-0.020301914,-0.027081985,-0.010142297,-0.0031198598,0.0010133013,0.0015758108,-0.0019681081,-0.0034524603,0.0022901483,0.013358537,0.011828151
-0.16389284,-0.14283547,-0.14380068,-0.15217277,-0.14959732,-0.14727582,-0.1260993,-0.11118766,-0.08264517,-0.053557582,-0.032139383,-0.015198834
0.29725674,0.24053496,0.181582,0.16312678,0.13345677,0.11973989,0.10571039,0.11314791,0.12048014,0.1409885,0.15590042,0.16279754
0.08959614,0.0769625,0.035724,-0.0024395287,-0.026467353,-0.038842976,-0.033502534,-0.017985411,0.012911614,0.043438353,0.067762636,0.082500175
0.007149808,0.027739631,0.018102907,-0.024513286,-0.038002174,-0.0448364,-0.041416842,-0.03859921,-0.0132243605,0.01058105,0.029622225,0.040943503
-0.09682742,-0.0785128,-0.0769947,-0.06191527,-0.0504797,-0.045347374,-0.04576165,-0.045319717,-0.049123608,-0.054342534,-0.058043886,-0.06125862
0.30451554,0.3634307,0.343399,0.29227638,0.24983604,0.21431966,0.19242585,0.16980729,0.18733628,0.22174558,0.25271365,0.25920138
0.17819914,0.14329338,0.17178659,0.19312559,0.19370723,0.2039034,0.1758,0.16765434,0.120441794,0.057790533,0.0011695847,-0.02475664
0.112347476,0.101609394,0.08660987,0.041189708,0.018311365,0.01257384,0.006129847,0.009723181,0.02492864,0.036886353,0.04336247,0.054851916
-0.62837154,-0.6311169,-0.62166375,-0.508234,-0.42748168,-0.37294835,-0.3407958,-0.2910838,-0.28268987,-0.28940642,-0.2934043,-0.2960811
-0.42377976,-0.42617247,-0.46173018,-0.3892907,-0.32757783,-0.27029076,-0.2559651,-0.21367146,-0.19223197,-0.17952499,-0.17307754,-0.17153032
-0.1921193,-0.17665216,-0.18739489,-0.19007513,-0.17662631,-0.15747327,-0.14366268,-0.12133615,-0.09405856,-0.07389014,-0.059934486,-0.04807323
-0.07210659,-0.05359581,-0.064912714,-0.11808486,-0.12768525,-0.13641188,-0.12057598,-0.11301443,-0.08041607,-0.0560542,-0.035129573,-0.021427419
0.20916478,0.20285979,0.19491214,0.16349414,0.13840033,0.11920631,0.11391293,0.10091735,0.09901444,0.10285899,0.10720172,0.10808341
-0.22094935,-0.19031191,-0.17010479,-0.17064779,-0.16511239,-0.15699711,-0.13851185,-0.12677304,-0.11392558,-0.10581401,-0.09464086,-0.08576925
0.31774,0.34096494,0.3264528,0.24445714,0.18723796,0.1430519,0.121253416,0.1006897,0.11164558,0.12812926,0.14195149,0.14932999
0.15377387,0.13744971,0.10098484,0.061248213,0.03487684,0.016552672,0.017803654,0.021458007,0.036773484,0.057926394,0.0757217,0.08692305
-0.7291718,-0.7903017,-0.74528104,-0.5795748,-0.46585524,-0.38500288,-0.34677762,-0.29476303,-0.30193537,-0.33244613,-0.3595025,-0.36843422
-0.009984545,0.025246479,0.079353124,0.1357923,0.1568635,0.15214226,0.14069796,0.09069309,0.02586619,-0.042681154,-0.08730525,-0.119992584
0.2738958,0.19765937,0.147322,0.013557464,-0.053767115,-0.10393244,-0.08873993,-0.062880754,0.015106797,0.1010901,0.1661501,0.2141242
0.20134014,0.24117395,0.25998652,0.16608301,0.12677881,0.0961497,0.08480107,0.0638171,0.07708075,0.09962824,0.113493904,0.12049349
-0.028829515,-0.030655213,-0.044893835,-0.05261252,-0.05525625,-0.051800802,-0.046603598,-0.033605315,-0.017398037,-0.0010453006,0.010518382,0.018121734
0.10208758,0.10425203,0.08792783,0.08401778,0.07674282,0.07690378,0.058545507,0.055486865,0.055628516,0.060977884,0.06183098,0.06316121
0.30072752,0.28563944,0.25516605,0.16842654,0.11198011,0.078311086,0.07137181,0.07386571,0.10004887,0.1382162,0.16381298,0.18567246
0.55851775,0.6385217,0.60009843,0.50544846,0.4401797,0.37726316,0.31249508,0.24348597,0.17746459,0.13487041,0.098031,0.06448157
0.1726684,0.15191527,0.11410819,-0.029382974,-0.099791914,-0.140827,-0.10338183,-0.06765863,0.026394948,0.1321192,0.21516621,0.2710218
0.36130255,0.38230568,0.4024824,0.42078388,0.3942744,0.43858004,0.36877468,0.35351825,0.30201757,0.22281787,0.14732666,0.11210346
0.3397773,0.2959445,0.24466607,0.19079983,0.14422563,0.11494999,0.101183444,0.10838084,0.1304558,0.16482113,0.18683274,0.20138226
0.44921988,0.40314427,0.35334373,0.24691504,0.17999631,0.12850899,0.11079258,0.10364263,0.113678485,0.13667722,0.15227044,0.16121918
-0.04752498,-0.02821466,0.0069228113,0.013763614,0.022579893,0.02396702,0.029841516,0.009945609,-0.018247154,-0.047060218,-0.064821064,-0.07542145
0.1970538,0.16401067,0.17530146,0.15804401,0.14750382,0.13265736,0.11985922,0.10619798,0.07963601,0.0574712,0.039306793,0.02879887
-0.2750794,-0.24963972,-0.21257338,-0.17041202,-0.13576761,-0.10209629,-0.09201908,-0.08745742,-0.093793534,-0.11326893,-0.12827781,-0.13292494
0.06776181,0.05263364,0.045976996,0.039433807,0.031927325,0.025220115,0.024034403,0.025551617,0.026102722,0.03282821,0.03757654,0.038292237
-0.3084089,-0.3249207,-0.31331825,-0.2778433,-0.24078014,-0.21415587,-0.18464017,-0.15796842,-0.14596991,-0.13713501,-0.12941208,-0.12349857
-0.058986768,-0.002761647,-0.0033200234,0.055140436,0.074439675,0.101266205,0.064626485,0.059414916,0.033560485,-0.0019918866,-0.035192188,-0.05756707
0.29706794,0.25929114,0.22890267,0.18654943,0.14065666,0.11835715,0.11346164,0.12807879,0.15604669,0.19082093,0.21765627,0.23451388
-0.09174826,-0.11570395,-0.12976351,-0.13533527,-0.13245739,-0.12515762,-0.11017375,-0.081686944,-0.048305262,-0.01954661,0.00043958053,0.015192103
-0.13874263,-0.14331937,-0.11815141,-0.073749185,-0.052311108,-0.028842762,-0.024243608,-0.018446267,-0.030309748,-0.05521672,-0.07516663,-0.0812786
0.16101174,0.188903,0.18954837,0.19421178,0.18018578,0.16841325,0.15482135,0.13085002,0.11206934,0.10116746,0.097865775,0.09051063
-0.06866975,-0.06202054,-0.04740886,-0.12954724,-0.13656451,-0.15833561,-0.1301919,-0.13672294,-0.13577135,-0.12479582,-0.10986149,-0.099302895
0.035807054,0.040046543,0.02284617,0.0028389543,-0.010515444,-0.021850228,-0.021326311,-0.01820777,-0.00071746483,0.01863091,0.035853848,0.045283176
-0.39799798,-0.32616737,-0.2568666,-0.22242424,-0.17879325,-0.15653765,-0.13048606,-0.14170283,-0.14816561,-0.16428381,-0.16967383,-0.17236838
-0.021488994,-0.07547164,-0.107690245,-0.13428706,-0.1416263,-0.1333718,-0.09801656,-0.0610691,-0.0091642365,0.037835456,0.077026635,0.10472296
-0.116004,-0.13141796,-0.1599139,-0.12592058,-0.104131326,-0.083501495,-0.09161244,-0.06181334,-0.05379973,-0.044629715,-0.04275309,-0.04422012
0.014783214,0.018651258,0.010003246,0.002153758,-0.0023201965,-0.0063490085,-0.008052146,-0.004804706,0.0017158296,0.0086602885,0.013413295,0.015973428
-0.0965238,-0.14641534,-0.17539202,-0.20799547,-0.21448793,-0.21143293,-0.1886499,-0.1487552,-0.097851574,-0.06065563,-0.031477563,-0.004579343
0.119301334,0.10885951,0.10174101,0.11434022,0.11001357,0.108085185,0.09998039,0.09116038,0.081465624,0.075236626,0.072325654,0.06696608
0.22173156,0.24594079,0.21100432,0.15767977,0.118723035,0.091387644,0.075088695,0.07504539,0.09923819,0.14171976,0.16929214,0.18119553
-1.1105082,-1.1028711,-0.99362826,-0.8163816,-0.66991854,-0.552941,-0.48186076,-0.43570545,-0.43848577,-0.493499,-0.53394556,-0.5417591
-0.0520288,-0.08427951,-0.1124071,-0.12523791,-0.12041857,-0.12182963,-0.10608372,-0.088366084,-0.06911077,-0.049562708,-0.033167098,-0.024738824
0.1698999,0.20793103,0.19078575,0.10229088,0.07258899,0.05282583,0.042852677,0.035373285,0.06481213,0.10869342,0.13996348,0.15152907
-0.760163,-0.68031764,-0.6520703,-0.52790326,-0.4290869,-0.36474416,-0.33268368,-0.31225646,-0.3034707,-0.31322667,-0.3186769,-0.32404554
-0.09976987,-0.13254625,-0.13340949,-0.13497925,-0.12038367,-0.111845806,-0.09751784,-0.078743376,-0.06965965,-0.05763161,-0.049463872,-0.04523071
-0.21974467,-0.21641944,-0.20546955,-0.19657463,-0.18254006,-0.17470329,-0.1517188,-0.1319009,-0.10618998,-0.08631072,-0.070533715,-0.05747866
-0.26825982,-0.25821704,-0.2357143,-0.19681838,-0.16536331,-0.14009506,-0.12348904,-0.1109743,-0.10690817,-0.11420476,-0.11901495,-0.11772003
0.36938158,0.43843418,0.52409726,0.5659898,0.57012814,0.5521389,0.5005447,0.39354265,0.26912805,0.15262444,0.075998396,0.012738988
-0.13602056,-0.16669983,-0.1907215,-0.20508997,-0.20279485,-0.19680424,-0.17770976,-0.13749027,-0.09709926,-0.05476209,-0.0268017,-0.0060483925
0.10838556,0.1281358,0.12828471,0.10810006,0.08554787,0.07818795,0.07248906,0.06510216,0.073127635,0.082731776,0.09046964,0.09674533
0.14651074,0.13408932,0.08107437,0.03962496,0.022062689,0.003293097,-0.0005919337,0.008123517,0.029356748,0.06608666,0.09301603,0.102281764
-0.21361822,-0.21901554,-0.21025552,-0.19776309,-0.1779505,-0.15974513,-0.13776653,-0.11821165,-0.09945404,-0.09236766,-0.08697644,-0.080381684
-0.31198156,-0.3696483,-0.37313312,-0.35107997,-0.3143836,-0.2926059,-0.25117272,-0.2056151,-0.18289685,-0.1566021,-0.13927384,-0.12434276
0.09597963,0.07099727,0.07117663,0.08671103,0.07952523,0.070927724,0.06969418,0.06630935,0.05841007,0.05010897,0.045233067,0.041476473
0.604195,0.63611066,0.68005973,0.6531098,0.6118456,0.60572493,0.54397017,0.46768156,0.3956932,0.3364441,0.2796619,0.24257194
0.032777414,0.009013131,-0.0026977807,0.006718263,1.8030405e-06,-0.0066089183,0.008852191,0.013384983,0.024812855,0.03904184,0.054043934,0.06383206
-0.78118646,-0.8176441,-0.7502768,-0.68301284,-0.5979444,-0.5363432,-0.4537498,-0.39728418,-0.36876577,-0.36598358,-0.36318314,-0.34636053
-0.47273865,-0.3134464,-0.2045272,-0.15517259,-0.098023415,-0.059924185,-0.05371976,-0.10087529,-0.14304519,-0.19993952,-0.23370682,-0.25361162
-0.27034998,-0.25333452,-0.23531754,-0.22844684,-0.20462495,-0.17770174,-0.15451723,-0.14074749,-0.12004098,-0.11401152,-0.10864453,-0.09919784
0.20037358,0.18552424,0.16689208,0.11531983,0.091812626,0.07102899,0.065802336,0.054933853,0.051496305,0.054754574,0.05752997,0.058662504
0.3541777,0.31713665,0.27630347,0.2092948,0.16032878,0.11906773,0.10879573,0.11149028,0.12721436,0.15728706,0.18057284,0.19058126
-0.03979876,-0.052235633,-0.051808752,-0.06733012,-0.07145304,-0.08317916,-0.060533885,-0.05095226,-0.033532657,-0.007470865,0.014804425,0.02922731
0.20044957,0.22529365,0.22958878,0.22292867,0.19887489,0.17195095,0.14588328,0.116410814,0.08019029,0.030280892,-0.006170459,-0.030766308
0.2386709,0.22413874,0.20201641,0.15044379,0.10286997,0.06655073,0.051996455,0.049381033,0.062193744,0.08874512,0.10859014,0.11765281
-0.105085835,-0.150673,-0.1794073,-0.20415854,-0.20988557,-0.19843188,-0.17246243,-0.12609129,-0.07589464,-0.032009654,-0.003958931,0.021731867
-0.34359542,-0.3528105,-0.38338727,-0.31148666,-0.27776724,-0.23360127,-0.23500879,-0.18497263,-0.15803826,-0.1467537,-0.14734179,-0.14030774
0.061008,0.067009464,0.06323351,0.015105486,-0.009451255,-0.042583913,-0.034794986,-0.023103207,0.0034923702,0.050614487,0.08800958,0.10628449
0.22549117,0.19349709,0.15828735,0.10594404,0.0687411,0.03880854,0.041069344,0.043542445,0.06860319,0.0987423,0.12183343,0.1353462
0.30826804,0.31028357,0.25344706,0.18742463,0.1520778,0.12761152,0.09531906,0.09059957,0.09141086,0.10451557,0.10741408,0.10119595
0.34063464,0.29626685,0.21358618,0.11188412,0.06077546,0.031447798,0.015043467,0.030481145,0.066528864,0.11830954,0.15156062,0.1722538
-0.13686511,-0.19484323,-0.23777698,-0.26284948,-0.2506488,-0.2526512,-0.22763129,-0.18333286,-0.14326881,-0.10572623,-0.08271944,-0.067452565
-0.0021432433,-0.036056798,-0.07414389,-0.10452022,-0.11996536,-0.13267432,-0.122882746,-0.095158115,-0.056088954,-0.017977,0.0063594095,0.024452409
0.16128695,0.104257196,0.04611814,-0.01855433,-0.046132922,-0.061297923,-0.056325316,-0.031240292,0.007539749,0.048465326,0.076254904,0.096028306
0.22484815,0.19874507,0.18910801,0.16540912,0.14248091,0.131543,0.112790115,0.10973941,0.10103156,0.09780492,0.092815265,0.09115375
0.066160776,0.028718457,0.019843012,-0.025777616,-0.044556394,-0.055784397,-0.04374007,-0.023657955,0.009805221,0.04360698,0.07144249,0.09088166
-0.026955154,-0.0211147,-0.008005302,0.004358841,0.023126937,0.00889381,0.008903898,-0.017820152,-0.056289434,-0.088376164,-0.10555445,-0.12237884
-0.08019971,-0.118180916,-0.10863545,-0.063564055,-0.040636003,-0.015391275,-0.010688931,-5.301088e-05,-0.0089381,-0.02677706,-0.041788027,-0.047308773
0.25761458,0.21712114,0.20905705,0.18907648,0.16716635,0.13769227,0.124263406,0.110738665,0.09798276,0.093939476,0.09297919,0.0881181
-0.06368277,-0.056379326,-0.064155675,-0.08525919,-0.0948735,-0.09496492,-0.08065656,-0.06571713,-0.032009386,-0.0006420333,0.024203131,0.042717773
0.1422956,0.13425495,0.15457903,0.22538273,0.24459288,0.25848472,0.2206199,0.18748613,0.12003026,0.050515994,-0.011594787,-0.049985573
-0.14896524,-0.211851,-0.25200903,-0.2655093,-0.27295926,-0.2669711,-0.22090006,-0.16295618,-0.09534226,-0.033251785,0.015434504,0.054397926
0.05588141,0.025618061,0.0071069,-0.031480886,-0.049353085,-0.06254897,-0.05450303,-0.034403153,-0.009762343,0.01984984,0.039456166,0.0534764
0.19654807,0.2123045,0.25270295,0.263293,0.26189804,0.25058123,0.22017767,0.17823139,0.119911835,0.055021364,0.005373329,-0.03242284
0.083297275,0.109380044,0.12553146,0.19197455,0.20882331,0.20329335,0.16585496,0.14257574,0.09726791,0.06301599,0.032431193,0.002706823
-0.081300676,-0.05871866,0.017559692,0.09175508,0.12433772,0.15832049,0.16058362,0.13133788,0.09109292,0.037715487,0.003447543,-0.015404645
0.43023843,0.3966571,0.3781454,0.2979587,0.2537532,0.20959666,0.18929468,0.15221384,0.13401335,0.123275265,0.118617795,0.11123373
0.17093144,0.1616913,0.14766924,0.12660694,0.1048421,0.091092125,0.08707623,0.08490851,0.091240056,0.10342818,0.11445235,0.11954197
0.017609645,0.025096145,0.01234914,-0.019536607,-0.028062988,-0.03771282,-0.03130493,-0.031078186,-0.014941111,0.0075092316,0.02748787,0.036674384
-0.0012739878,0.004519511,-0.0028455183,-0.0028462298,-0.006783914,-0.012404613,-0.013277831,-0.01171428,-0.006733831,0.0019249094,0.009959024,0.01241884
0.08819519,0.17800236,0.26817247,0.33216164,0.36810115,0.37496015,0.3422588,0.2506682,0.13043979,0.017268071,-0.058884174,-0.118757404
-0.012453606,-0.010047231,-0.012102015,0.040417567,0.06194882,0.07854651,0.054628566,0.04670862,0.020362886,-0.008930096,-0.03312727,-0.053007215
0.15746662,0.16360313,0.18318683,0.17404178,0.1636324,0.15219624,0.1312567,0.11040296,0.073224306,0.04363452,0.019451443,0.0029107556
-0.07202996,-0.024515122,-0.023453861,0.0051193535,0.022207916,0.052684873,0.027576327,0.024228424,0.0058372244,-0.013257779,-0.037868936,-0.05052755
0.16766442,0.16927594,0.18880938,0.19402596,0.18902543,0.18522212,0.16536486,0.13807784,0.09957582,0.06646251,0.04018061,0.025121786
-0.17339998,-0.10600677,-0.035667777,-0.024411142,-0.0036189854,0.009002373,0.013914108,-0.0109176785,-0.029818669,-0.053114697,-0.07146321,-0.07801004
0.008991946,-0.008539142,-0.017280668,-0.0013050511,0.0026950203,0.011582923,0.011864287,0.018472712,0.018192247,0.017322797,0.015073907,0.014330308
-0.012708493,-0.035645373,-0.019005742,-0.018542876,-0.019353157,-0.026852591,-0.01301186,-0.0050758366,0.0037826458,0.016643085,0.02666207,0.034826532
0.14669167,0.107849166,0.13612619,0.20425695,0.23447762,0.24987344,0.222121,0.18920499,0.1142835,0.043418393,-0.01097583,-0.054107882
0.13350803,0.19164297,0.24719632,0.37968078,0.40936178,0.41630277,0.3553881,0.28272754,0.16605702,0.0541736,-0.028094448,-0.08924374
0.10863814,0.13051255,0.14366335,0.15069513,0.14119595,0.14260599,0.12592939,0.11018782,0.09140779,0.07189293,0.056744613,0.047783982
0.1513739,0.12662369,0.07621083,-0.001131326,-0.039616972,-0.06667736,-0.059299618,-0.037773743,0.012612581,0.07120439,0.1129822,0.1400944
-0.050671555,-0.040730614,-0.03992343,-0.011482768,0.0034891218,0.016810328,0.006065704,-0.0009635836,-0.015882004,-0.03163677,-0.043937415,-0.0539953
0.21159163,0.08802408,0.022280514,-0.005412191,-0.06499928,-0.10673684,-0.08178398,-0.014796853,0.076351956,0.1912037,0.2749034,0.33128893
0.13690409,0.14411104,0.15288314,0.14569794,0.13404807,0.12609878,0.11317746,0.09212944,0.072797254,0.052528143,0.03580314,0.027670264
-1.1360455,-1.1157479,-1.0205585,-0.9454522,-0.8263862,-0.74014664,-0.64667153,-0.58040905,-0.5296718,-0.5141475,-0.4979213,-0.47273302
-0.72441304,-0.64980096,-0.5902814,-0.56793326,-0.4947833,-0.4444797,-0.39430678,-0.36055705,-0.3231204,-0.29748055,-0.27731237,-0.26507694
0.21786937,0.19061205,0.15880324,0.097806305,0.06087406,0.044049114,0.040770113,0.052079417,0.07918027,0.11055271,0.1316048,0.14552405
0.10658219,0.11318409,0.11558608,0.11977868,0.1145251,0.11083156,0.095632926,0.08169299,0.0630492,0.04570177,0.03238813,0.02303822
0.31036314,0.2907514,0.27904797,0.25703016,0.23304328,0.21873292,0.18461516,0.16802752,0.13673443,0.111003295,0.082146466,0.06385256
-0.31481576,-0.31554255,-0.31678146,-0.2989615,-0.2681012,-0.24299267,-0.21956946,-0.19061372,-0.16596216,-0.14955357,-0.13808735,-0.1285384
0.18014336,0.14873275,0.116698384,0.033607468,-0.00486055,-0.035623252,-0.022981986,-0.014705092,0.019650742,0.05908309,0.09180012,0.11300403
0.8492115,0.8054313,0.7305459,0.5569667,0.45510384,0.37759128,0.34348518,0.31080666,0.30792665,0.35071388,0.38118917,0.38443083
-0.53702426,-0.521183,-0.4896626,-0.40791374,-0.34521884,-0.29646695,-0.26005197,-0.23174524,-0.21083099,-0.20650461,-0.20127179,-0.1940011
-0.18159711,-0.11400744,-0.0963043,-0.109287724,-0.10384767,-0.10101508,-0.08932674,-0.093027994,-0.06904112,-0.04660537,-0.028617464,-0.015940018
-0.19050914,-0.1444309,-0.14655927,-0.16273558,-0.14956677,-0.14825746,-0.12778132,-0.122271486,-0.10150892,-0.07013875,-0.043937154,-0.033793755
-0.0363386,-0.054381914,-0.05292872,-0.05298472,-0.048305944,-0.041873448,-0.035966277,-0.02301235,-0.012515544,-0.0035946888,0.0016934706,0.0042563016
0.31421524,0.31686807,0.31162542,0.27762315,0.2444596,0.22189465,0.20348561,0.17752665,0.15901953,0.14933617,0.14233167,0.13600582
-0.094699875,-0.14065039,-0.1813828,-0.1768313,-0.16883476,-0.1545741,-0.14635539,-0.110697106,-0.08365762,-0.06279737,-0.048884958,-0.036951117
-0.05893231,-0.105549365,-0.13645962,-0.15813194,-0.16858938,-0.16638416,-0.14294487,-0.10370892,-0.0596417,-0.018966228,0.009820199,0.036005355
0.06435254,0.0691894,0.05651344,0.021980913,0.005499866,0.00037842616,0.002310535,0.006209854,0.02272107,0.041523337,0.053696744,0.06292676
-0.5119872,-0.5060419,-0.48232755,-0.42446142,-0.369008,-0.31891847,-0.27821395,-0.24151349,-0.21285734,-0.201345,-0.19216235,-0.17974949
-0.02677663,-0.0361741,-0.07230435,-0.11190821,-0.12966692,-0.13666332,-0.1233549,-0.1009109,-0.05449235,-0.007858622,0.02787086,0.05271189
-0.11963618,-0.110252574,-0.097345814,-0.06481718,-0.04588887,-0.021690995,-0.018544607,-0.01510606,-0.01713062,-0.025142595,-0.031096447,-0.03407214
-0.7656482,-0.508489,-0.47569382,-0.3708188,-0.30183536,-0.24338421,-0.21804464,-0.2594859,-0.27324253,-0.3197977,-0.33431825,-0.34637982
-0.055883527,-0.050828848,-0.049113005,-0.04976007,-0.050344378,-0.04436691,-0.029822791,-0.024616987,-0.0027957354,0.012225796,0.026540037,0.037217982
-0.25969666,-0.24056578,-0.1696103,-0.061364233,-0.0018742085,0.022096917,0.024281338,-0.005157396,-0.080108866,-0.1599612,-0.21665768,-0.25274467
0.18965751,0.16225731,0.15949185,0.10051496,0.073806524,0.044684157,0.050329864,0.04896818,0.05921281,0.08077887,0.09872839,0.107055314
-0.5788462,-0.5122962,-0.49721107,-0.37194327,-0.29829055,-0.24996173,-0.23308128,-0.22191948,-0.2313884,-0.25385496,-0.2698983,-0.27787605
-0.3186041,-0.41475725,-0.4268141,-0.38383216,-0.35579526,-0.30484998,-0.28269136,-0.2054262,-0.16723797,-0.15606809,-0.16046317,-0.13792177
-0.24513215,-0.22979036,-0.22462733,-0.1882303,-0.15868275,-0.13855693,-0.12823811,-0.11230064,-0.10133463,-0.098861925,-0.09859747,-0.09694488
0.053789638,0.0082637,-0.0308996,-0.07400988,-0.08592844,-0.10356487,-0.08652489,-0.06434739,-0.034436032,0.004708903,0.035088502,0.05051559
0.045655094,0.03448841,0.043935373,0.08902782,0.105862506,0.10671123,0.08937236,0.07317495,0.035551794,0.00095714256,-0.024390467,-0.047514386
0.0074044084,0.016987924,0.0014961725,0.0018183216,-0.0036102757,-0.00628845,-0.0062834583,-0.0064914636,-0.0012074253,0.008339772,0.016342357,0.02062295
-0.0021224841,0.05601558,0.032763187,-0.024061628,-0.04089514,-0.06364249,-0.058331735,-0.06848157,-0.053812984,-0.026827805,-0.0031612776,0.005637601
-0.24125975,-0.27202818,-0.29840204,-0.2618572,-0.24540597,-0.2376233,-0.2148368,-0.16700451,-0.12536599,-0.07723298,-0.044664234,-0.022827603
-0.022078384,0.0068805665,0.053807795,0.0964609,0.12224132,0.13106337,0.119239375,0.08317545,0.034812488,-0.014933124,-0.04730454,-0.07291858
0.008340932,0.060093284,0.051650375,0.11874637,0.14741322,0.15122017,0.11097695,0.069302954,0.014104079,-0.0378652,-0.07279638,-0.111378595
-0.046966136,-0.07305959,-0.15435937,-0.12943068,-0.14945969,-0.16683462,-0.16013263,-0.12708536,-0.09349116,-0.067639984,-0.040832423,-0.029550768
0.0856235,0.07260282,0.00863041,-0.046936475,-0.07339743,-0.09991126,-0.10298664,-0.08382248,-0.049685426,-0.010686351,0.013125691,0.029556375
-0.212935,-0.20980813,-0.18722393,-0.1536992,-0.1431826,-0.13567638,-0.11542185,-0.106789455,-0.103179865,-0.10935965,-0.11001739,-0.106193125
0.12267952,0.103263244,0.08576015,0.04310429,0.029021837,0.011350609,0.008568935,0.01518821,0.02418096,0.043887712,0.058903962,0.06294709
-0.14720584,-0.15734036,-0.16529502,-0.16294299,-0.16035569,-0.15392268,-0.13752687,-0.10598341,-0.081068255,-0.05441666,-0.035533674,-0.019606687
-0.3122234,-0.33391818,-0.3784878,-0.39444405,-0.37702924,-0.3686334,-0.3357908,-0.27983427,-0.2235217,-0.15940201,-0.115624726,-0.08553467
0.03505377,0.10367389,0.08089889,0.077285595,0.05963295,0.050897878,0.03920751,0.031165019,0.04653094,0.06674367,0.08232721,0.09004699
0.22310114,0.17220072,0.12584916,0.031127974,-0.010081857,-0.040016264,-0.038641065,-0.01231806,0.030537203,0.08166118,0.11329835,0.13526756
0.63121843,0.7026069,0.64641756,0.6604379,0.5591301,0.48604828,0.45166832,0.38515803,0.3671172,0.3975471,0.42644796,0.42779356
-0.550483,-0.5454409,-0.556682,-0.48033616,-0.42684484,-0.38491303,-0.3516959,-0.29791594,-0.25277936,-0.22266802,-0.20352027,-0.18452513
0.13137668,0.16010807,0.16603053,0.16940933,0.16378711,0.15673889,0.14100109,0.11276235,0.08830699,0.06573235,0.051228378,0.036027707
0.27931523,0.2898158,0.27524608,0.24642408,0.21128546,0.17851639,0.16081285,0.14245321,0.13522303,0.13273045,0.13245589,0.12742803
0.22558741,0.208915,0.18404533,0.15257412,0.118833765,0.09919693,0.0851766,0.08800879,0.094647795,0.11033863,0.12069117,0.12427701
-0.032945298,-0.080758765,-0.107376546,-0.1525245,-0.16241826,-0.15917945,-0.13578226,-0.09438112,-0.04658717,-0.002282179,0.027210053,0.053535946
0.85736924,0.91042006,0.90242517,0.7300308,0.6211429,0.5448823,0.46945685,0.38615423,0.3718715,0.36541218,0.36639756,0.36711544
-0.10792588,-0.16899867,-0.16677664,-0.11484017,-0.10328643,-0.08933244,-0.07845765,-0.046809748,-0.043418434,-0.04760754,-0.051993594,-0.04920945
-0.18564972,-0.17093842,-0.18298656,-0.20971325,-0.20549242,-0.19620812,-0.17000705,-0.15219192,-0.112945355,-0.082283095,-0.055519633,-0.036567125
0.19518955,0.21495964,0.21728663,0.16737558,0.144298,0.12525608,0.110114925,0.09576924,0.091033414,0.10448361,0.114052005,0.11491347
0.19136973,0.19847247,0.18362412,0.15502141,0.124702364,0.10625523,0.09628407,0.08612873,0.08667346,0.094951935,0.10095622,0.10369196
0.009710581,0.012950698,0.032846473,0.037367575,0.046279725,0.041843053,0.043446265,0.031324916,0.017847473,0.0066872695,0.0010542681,-0.0059992867
0.17259884,0.16622269,0.14244273,0.12535366,0.10948534,0.098189734,0.08238672,0.0771385,0.06935154,0.070611924,0.06982045,0.06473823
0.21522534,0.21010943,0.21456875,0.19776902,0.17988521,0.1695224,0.14928496,0.1277581,0.105872616,0.08741825,0.073861375,0.064010724
0.20811483,0.18260193,0.15155536,0.104293376,0.06633806,0.032812923,0.03160745,0.03466697,0.056692496,0.09196991,0.11732347,0.13408008
-0.09247338,-0.09651972,-0.07636775,-0.04835175,-0.031109847,-0.021808147,-0.020081952,-0.020876948,-0.032969132,-0.051029187,-0.06439929,-0.07037668
-0.08234972,-0.051401228,-0.02099073,0.00673192,0.02380944,0.023874108,0.020032462,0.0017963126,-0.022857713,-0.04485433,-0.05679547,-0.06996095
0.16602726,0.18579131,0.21818629,0.24407706,0.23411492,0.23419762,0.21261038,0.18591876,0.14500439,0.10064457,0.0658091,0.047078
-0.015854556,-0.041791886,-0.06398454,-0.11091821,-0.117403395,-0.12080601,-0.10953137,-0.086342454,-0.05034132,-0.011501191,0.01263929,0.028477784
0.053385966,0.075435266,0.075202495,0.035771105,0.017952554,0.001235053,0.005379513,-0.0014766902,0.012268178,0.030836165,0.04695624,0.055399336
-0.18343168,-0.20461223,-0.21062732,-0.19946343,-0.1844035,-0.17306729,-0.1536832,-0.12578337,-0.10205592,-0.0873382,-0.076776996,-0.066830754
0.32309,0.40213645,0.47957996,0.5071321,0.51166564,0.5077769,0.44753382,0.34562337,0.22989449,0.10782309,0.021856017,-0.040595517
0.09341215,0.09100166,0.07443976,0.05017469,0.03367409,0.025982283,0.024358615,0.026012592,0.0388634,0.05341937,0.06434001,0.07113439
0.11462906,0.0765673,0.044296622,0.0034977198,-0.020589277,-0.034720704,-0.027524367,-0.0058302283,0.025064185,0.0588808,0.0829161,0.09941439
-0.22942719,-0.21645716,-0.20338395,-0.12585157,-0.09012754,-0.059839323,-0.057287127,-0.052712172,-0.066952035,-0.09351945,-0.11211167,-0.12154839
-0.3188651,-0.39990178,-0.5007581,-0.41787985,-0.4154,-0.40961725,-0.37186444,-0.26374096,-0.17422093,-0.06189277,0.015112691,0.063243
0.1327241,0.12468653,0.10345507,0.06498498,0.03340569,0.0064192414,0.0069624335,0.011190079,0.028780047,0.050934345,0.06716247,0.078749016
-0.24492009,-0.20230661,-0.1743564,-0.11394553,-0.07866871,-0.056737483,-0.05936712,-0.066593714,-0.08068087,-0.10261412,-0.11503723,-0.12597182
-0.47538143,-0.43800744,-0.426997,-0.3691305,-0.3178817,-0.27892965,-0.2574501,-0.22169594,-0.19231924,-0.1694196,-0.1525538,-0.14333385
-0.07476948,-0.047570974,0.0017583221,0.04726082,0.074587025,0.09420735,0.1064931,0.07647422,0.029065967,-0.017194625,-0.042140197,-0.060171396
0.55588156,0.52493215,0.49370655,0.49429256,0.4447164,0.3990917,0.36529467,0.3235217,0.28678995,0.2638474,0.24743974,0.2300003
0.26993647,0.25233445,0.27285105,0.2986175,0.29806563,0.30015504,0.27576208,0.24055919,0.18594682,0.1365256,0.10162144,0.07665979
-0.14018606,-0.11910739,-0.101487964,-0.09086378,-0.073967196,-0.06429469,-0.058638662,-0.05897133,-0.0628723,-0.06716805,-0.06680396,-0.069485225
-0.18193518,-0.19192389,-0.17356862,-0.14422855,-0.11809504,-0.10038648,-0.09277025,-0.08452809,-0.09338868,-0.10425721,-0.1102631,-0.114153326
-0.44697285,-0.38108873,-0.35204372,-0.3429794,-0.31599396,-0.2991664,-0.2634241,-0.24416968,-0.20373803,-0.17011353,-0.14189358,-0.122710496
0.36648962,0.42059398,0.39793408,0.37369114,0.3267864,0.28773642,0.2550922,0.21764885,0.20338012,0.21139617,0.21576446,0.21071124
0.11423988,0.093962945,0.062503345,0.041752882,0.025773779,0.01934193,0.012488283,0.021792367,0.03244095,0.051061276,0.06263856,0.06654558
0.61637247,0.6190461,0.61409503,0.5577514,0.46350297,0.376615,0.34322265,0.30243263,0.27697688,0.25602233,0.23625642,0.22152571
0.25820124,0.24398571,0.1998322,0.042086124,-0.04597488,-0.084974766,-0.07320663,-0.020835191,0.060153022,0.15609625,0.22778633,0.26925832
-0.054761507,-0.10108276,-0.11681722,-0.13445817,-0.14038521,-0.14090858,-0.12103114,-0.08607286,-0.047817785,-0.0076265987,0.020310197,0.04257619
0.20191862,0.1803253,0.17577873,0.17611256,0.16349494,0.15673569,0.1348398,0.12467998,0.10059595,0.07822657,0.05931505,0.04640018
-0.04738029,-0.0037137195,0.00019073486,-0.037567493,-0.04312608,-0.046373226,-0.04102118,-0.04323502,-0.026072629,-0.0084826555,0.005634198,0.012613175
0.13379806,0.099962644,0.06995781,0.04387492,0.02443108,0.012076534,0.009892568,0.022968017,0.039581515,0.06365169,0.07903879,0.08846678
0.32962734,0.3559046,0.3795522,0.33412364,0.31056622,0.28374374,0.25340655,0.19804397,0.1476936,0.10330272,0.07706106,0.05229555
0.25507846,0.29696772,0.32495403,0.3343205,0.31155136,0.28276598,0.26827437,0.22018145,0.18074173,0.1578377,0.1485587,0.13479194
0.037833773,0.0257903,0.026951384,0.040516835,0.042854033,0.047018204,0.03840516,0.039394677,0.023419775,0.010761953,-0.0013925564,-0.008734716
0.016616756,-0.0067797787,-0.034107834,-0.051671043,-0.064117216,-0.06828484,-0.05867966,-0.039435178,-0.010505287,0.014416419,0.030834477,0.044081494
0.1411772,0.084994555,0.060083166,0.01680027,-0.007176921,-0.018160246,-0.005809501,0.01008755,0.04046147,0.069911964,0.08911574,0.107968286
-0.037081685,-0.03937596,-0.05058853,-0.06659421,-0.06710915,-0.06534267,-0.06194737,-0.052388012,-0.039518513,-0.02941078,-0.022142697,-0.01680173
0.31622496,0.14802487,0.03149554,-0.0005464256,-0.053054348,-0.031323023,-0.05840148,0.024957765,0.08708365,0.13554603,0.1483402,0.1783486
-0.37465328,-0.386577,-0.3597815,-0.35860583,-0.32809168,-0.30457443,-0.2572044,-0.21860623,-0.18702559,-0.17534217,-0.16330373,-0.14482865
0.09459951,0.014045626,-0.0583535,-0.13954104,-0.18503506,-0.19471003,-0.16826233,-0.103267714,-0.012615994,0.08257517,0.14624628,0.19697133
-0.09312286,-0.123269714,-0.138199,-0.17721763,-0.17870952,-0.1818555,-0.16378266,-0.13434477,-0.09948769,-0.06020159,-0.033287182,-0.014490988
0.28044367,0.27537134,0.26902425,0.19849004,0.15350285,0.13133568,0.107698716,0.10621305,0.111204855,0.13155483,0.13909407,0.15091394
-0.32153165,-0.30016014,-0.30622667,-0.26106328,-0.22245507,-0.18538935,-0.17040573,-0.14429925,-0.12891272,-0.1259641,-0.123618394,-0.12319767
-0.05614607,-0.029635847,-0.014835916,-0.009686284,-0.009458739,-0.011043824,-0.008427884,-0.017103909,-0.016883606,-0.019408189,-0.019691302,-0.016762244
0.05371368,0.04123176,0.023618132,-0.011974126,-0.02642852,-0.038525365,-0.031008117,-0.018844776,0.0020827465,0.031408396,0.05471647,0.06745294
0.58976066,0.46554637,0.2722838,0.08727008,-0.020686984,-0.12044388,-0.1127218,-0.08269411,0.013574243,0.113412514,0.19213946,0.23985736
0.107964925,0.1220428,0.13632326,0.12541223,0.1180559,0.10429405,0.08880116,0.06550478,0.03938274,0.018428015,0.006749194,-0.0046464
0.74317575,0.54977596,0.32535326,0.17344177,0.019638658,-0.08579421,-0.09059012,0.0027182698,0.15543795,0.3154245,0.4283625,0.50209355
-0.0941591,-0.07498939,-0.06458927,-0.06856483,-0.06681511,-0.060407806,-0.048367463,-0.042087257,-0.02768228,-0.018626355,-0.009047512,-0.0031105932
0.22080535,0.21657324,0.20101503,0.14437687,0.10864426,0.09396521,0.08004083,0.07971678,0.087726705,0.10465942,0.11436621,0.12718478
-0.39409107,-0.45616075,-0.4686967,-0.40159324,-0.35148114,-0.32023472,-0.2922083,-0.23634604,-0.21288753,-0.20408458,-0.20194411,-0.19661164
-0.14371236,-0.18120018,-0.20911035,-0.21679077,-0.20753908,-0.20193928,-0.17993653,-0.1417512,-0.10349777,-0.06542672,-0.038770176,-0.019261092
1.3070192,1.2312661,1.1620505,0.9548923,0.8049357,0.69602716,0.5998952,0.57325006,0.50916994,0.50501704,0.47449976,0.46390116
-0.23389211,-0.22425304,-0.2298092,-0.23861834,-0.2264419,-0.21727955,-0.191009,-0.16448331,-0.12520778,-0.09139101,-0.0645956,-0.04559581
-0.16288376,-0.1487471,-0.14491846,-0.13925952,-0.12802085,-0.123839185,-0.11155401,-0.101679325,-0.087963454,-0.07324982,-0.061134256,-0.053869125
0.29748088,0.23995927,0.16000852,0.022172928,-0.06344664,-0.12584138,-0.080678046,-0.039099902,0.06011176,0.17955361,0.279519,0.34158605
0.25934997,0.24077484,0.20675704,0.16782874,0.13506538,0.12817924,0.108766004,0.114995375,0.13007547,0.15035795,0.15882218,0.16640294
-0.37272915,-0.2930531,-0.27061576,-0.2359549,-0.20097792,-0.18031308,-0.15523393,-0.16178076,-0.15086012,-0.13996184,-0.12436179,-0.116183534
-0.0034097321,0.01304812,-0.002053447,-0.024834529,-0.036791474,-0.045154203,-0.037981126,-0.030703358,-0.005146224,0.023008011,0.04609725,0.059406467
-0.21456647,-0.2266375,-0.20075673,-0.17529571,-0.15058671,-0.12799385,-0.11349635,-0.0982864,-0.09593194,-0.11246213,-0.12480986,-0.12536405
-0.10359672,-0.09504467,-0.067079306,-0.046692014,-0.029881604,-0.020481698,-0.014938496,-0.021370433,-0.035058126,-0.055125546,-0.06831698,-0.07485047
0.022153687,0.037006147,0.037000313,0.023787089,0.019525306,0.019910535,0.019796055,0.0164039,0.018652217,0.015881978,0.016921269,0.016160369
-0.0635592,-0.05635193,-0.05746091,-0.018952385,-0.0017248765,0.015252583,0.0070899874,0.010634713,0.0014346428,-0.013503068,-0.027926657,-0.03638918
0.22383091,0.2134096,0.11066124,0.022530198,-0.053888977,-0.11127359,-0.093458176,-0.06972289,-0.00289613,0.08860768,0.16310292,0.20496714
-0.06669922,-0.08953594,-0.11269034,-0.124533296,-0.12502415,-0.10747846,-0.09488259,-0.066521786,-0.029780796,0.00020527001,0.018928383,0.03522344
-0.49853307,-0.41373938,-0.26791877,-0.11924565,-0.026140332,0.02288431,0.033992052,-0.023696274,-0.122036174,-0.24192327,-0.31972423,-0.36966124
0.3277557,0.3484478,0.3623859,0.35691333,0.3345716,0.31124744,0.27160683,0.21772757,0.16185309,0.11156705,0.07940911,0.05389584
0.005330574,0.06434105,0.12134766,0.1816411,0.19135247,0.19812135,0.20655252,0.16161804,0.11271171,0.05160914,0.02501621,0.007156955
-0.09912901,-0.1355349,-0.15800947,-0.17040189,-0.16678113,-0.15919758,-0.14378059,-0.10823772,-0.067935735,-0.028115686,-0.0015296303,0.016691295
0.11099744,0.13321678,0.15979376,0.16138813,0.16153334,0.16605252,0.14591491,0.1187426,0.084150314,0.047240652,0.017024122,-0.0015640706
-0.026391597,-0.03444243,-0.037589736,-0.027763423,-0.028592825,-0.025930831,-0.027486175,-0.016999507,-0.013509642,-0.013189478,-0.016220873,-0.014965218
0.11748175,0.08614984,0.0961127,0.1496754,0.1557487,0.14837062,0.12713298,0.1126007,0.07064161,0.025860768,-0.009751253,-0.03437364
0.0041958317,0.0044058813,0.014180941,0.009463335,0.0077633653,0.004450418,0.010007468,0.005920996,0.006157743,0.0066430345,0.009763747,0.011520641
-0.1812295,-0.271518,-0.32603988,-0.35624948,-0.3613274,-0.35648483,-0.32381648,-0.24825187,-0.17367339,-0.09871625,-0.04837087,-0.0072070956
0.054513622,0.051315553,0.03488923,-0.01806891,-0.0496217,-0.09455958,-0.073964894,-0.07292114,-0.051040493,-0.01199563,0.02259098,0.04265552
0.00823343,0.010210946,-0.03904655,-0.10666948,-0.1263669,-0.14938593,-0.14064527,-0.12044707,-0.08753967,-0.044590406,-0.01283709,0.000878416
-0.1450201,-0.12893943,-0.084920764,0.016662598,0.059729517,0.08772202,0.074458346,0.05360724,-0.00037112087,-0.060395937,-0.10788074,-0.13814813
-0.026004903,-0.023972057,-0.008918703,-0.006772563,-0.005327001,-0.006454803,-0.008230053,-0.011089414,-0.015428381,-0.019221341,-0.023628753,-0.024195943
0.032327943,0.010991551,0.00044326484,-0.01918066,-0.02841327,-0.030118987,-0.027791604,-0.017487064,-0.0027336627,0.00584645,0.010046575,0.016707005
0.16610976,0.25433427,0.30474553,0.2766934,0.24436653,0.1997661,0.16858542,0.107351996,0.047754176,-0.0029319823,-0.03360801,-0.059471406
-0.019827414,-0.02993719,-0.03707788,-0.045954093,-0.052542213,-0.0624215,-0.051714826,-0.04429823,-0.029896121,-0.015946861,-0.0020239558,0.008811256
0.18518884,0.15646243,0.114251554,0.046476066,-0.00042682886,-0.025039151,-0.018427506,-0.0120526925,0.02229736,0.05298525,0.077479295,0.10089182
-0.0630132,-0.08901422,-0.10995771,-0.12399942,-0.124707334,-0.12050429,-0.10722485,-0.083862945,-0.057416137,-0.035200007,-0.018399533,-0.0051658545
0.15161374,0.13754329,0.11619337,0.108796425,0.0881142,0.08801321,0.09370254,0.0992925,0.12296215,0.15127918,0.17121042,0.18338454
-0.084632374,-0.049717337,-0.08846175,-0.104450226,-0.12112159,-0.12686892,-0.12281961,-0.10608977,-0.068110555,-0.030564653,0.0004852116,0.018129975
0.07165861,0.11792545,0.13637856,0.10690396,0.096087396,0.084872484,0.071171865,0.045383867,0.032840475,0.018854095,0.0066037644,-8.754805e-05
-0.16374922,-0.11852495,-0.079449,0.0065063834,0.034601986,0.056527123,0.055657372,0.043990545,0.019418046,-0.007923074,-0.026394447,-0.03679038
0.057071906,0.019627448,0.0012755543,-0.025342919,-0.0350795,-0.04258596,-0.03793778,-0.02531061,-0.008525485,0.009740345,0.020667944,0.02974881
0.17912875,0.17054111,0.19038168,0.21308438,0.21098343,0.21134755,0.18604985,0.16480853,0.12292901,0.08482683,0.053700134,0.033112094
0.2662558,0.24702872,0.20501466,0.14861444,0.10892801,0.080173254,0.06441979,0.06682574,0.079973444,0.10794446,0.12539761,0.13349228
-0.19638017,-0.1081468,-0.12417251,-0.12194647,-0.12558314,-0.12791729,-0.118365,-0.12087021,-0.09190628,-0.06086149,-0.03338842,-0.019011408
0.0020566583,0.046044327,0.10205987,0.15645216,0.18224216,0.20734845,0.17784354,0.13321054,0.08206554,0.025469352,-0.021591458,-0.049998466
-0.12675636,-0.15150161,-0.17094314,-0.25071365,-0.30967024,-0.3666227,-0.298375,-0.24735545,-0.13837042,-0.01362754,0.08523159,0.1558798
0.07631696,0.13042223,0.1700168,0.20404722,0.2122348,0.21419212,0.19221932,0.14546672,0.0983076,0.04849197,0.01674751,-0.0076656044
-0.09874731,-0.09825624,-0.11580412,-0.16529629,-0.16815636,-0.18324262,-0.16150993,-0.14685585,-0.117527485,-0.08196291,-0.0519276,-0.037488
0.3743574,0.56966436,0.46543187,0.35917205,0.28269207,0.25553483,0.18122754,0.1491436,0.19573799,0.25999004,0.3052591,0.31603712
0.04088573,0.0058657676,-0.031985328,-0.050170317,-0.06340861,-0.070243984,-0.06097889,-0.032132365,0.0019603297,0.04167385,0.07134952,0.088304564
-0.040578283,0.034197852,0.076965705,0.04950291,0.037709504,0.023393337,0.03686394,0.008520091,0.008240005,0.016811829,0.028737634,0.032788493
-0.36019796,-0.29636705,-0.2225565,-0.07609931,0.0031895041,0.059782267,0.04683867,0.013014376,-0.06401913,-0.15223908,-0.21719135,-0.25942582
-0.33014905,-0.31067792,-0.27492264,-0.20648766,-0.15284258,-0.115106925,-0.11088061,-0.10913469,-0.13858187,-0.18157099,-0.21166104,-0.23030628
-0.0061959177,-0.006447993,-0.005594235,-0.025629226,-0.02851388,-0.028805153,-0.02677358,-0.023437144,-0.008845925,0.0059407735,0.018201515,0.026366025
0.4399919,0.43531978,0.43108732,0.40812317,0.36939073,0.3310457,0.29370588,0.25156137,0.20444657,0.1695343,0.14421879,0.12271625
0.08515001,0.09362957,0.08068462,0.06540437,0.048964337,0.033129767,0.023805328,0.016490772,0.00945022,0.0051390193,0.0011307858,-0.0006245151
0.49956816,0.47821826,0.4482211,0.31305805,0.25236574,0.2061356,0.18010071,0.15196761,0.14200372,0.14915594,0.14719678,0.14306048
-0.03771913,-0.062496554,-0.056211103,-0.040479213,-0.030500174,-0.015043661,-0.005788222,-0.0023415647,-0.0041301064,-0.01771766,-0.027220782,-0.028299456
-0.53864324,-0.43942717,-0.39211047,-0.3113557,-0.21864718,-0.14339334,-0.1452831,-0.15636587,-0.18841101,-0.23893006,-0.27565435,-0.3033593
0.012579683,0.015082831,0.025929596,0.031155817,0.030574612,0.039600983,0.02497217,0.027552053,0.016983371,0.00572686,-0.007746462,-0.011500921
-0.45384738,-0.44184658,-0.388651,-0.29529226,-0.22746924,-0.18101439,-0.16513926,-0.15891045,-0.19035694,-0.2391404,-0.27481657,-0.29444718
0.17744555,0.16304335,0.13563053,0.12161653,0.10119412,0.091805264,0.0826718,0.08213022,0.09257288,0.10712528,0.11500856,0.11888774
-0.26795518,-0.2557849,-0.24966958,-0.2431084,-0.22914118,-0.21029726,-0.17534845,-0.15165848,-0.116287224,-0.092637904,-0.070732675,-0.05220435
-0.44279763,-0.37660995,-0.35351667,-0.27804512,-0.22565007,-0.17505637,-0.15960404,-0.15117273,-0.14560445,-0.15268135,-0.15391059,-0.15733501
-0.0019031465,0.0554552,0.085779056,0.124934435,0.15277377,0.16797566,0.13331759,0.09253744,0.028597735,-0.039874177,-0.09250625,-0.13072439
0.048549157,0.007975496,-0.023495808,-0.061575852,-0.080188945,-0.08524878,-0.069675185,-0.03992072,-0.0001553446,0.04036824,0.067430705,0.08810453
0.15012597,0.15381865,0.15072535,0.13663094,0.11992929,0.109104306,0.09949363,0.087838784,0.08639791,0.08950125,0.09162804,0.09216726
0.36027306,0.35433814,0.35287794,0.32491618,0.2840482,0.26132184,0.22785486,0.20611632,0.18558474,0.17695259,0.1732736,0.16981171
-0.16668013,-0.18230425,-0.19345729,-0.20633838,-0.19921105,-0.19211823,-0.17036213,-0.14240661,-0.11221965,-0.08588559,-0.06636283,-0.050569512
0.4055999,0.43140933,0.50510293,0.5598434,0.5639918,0.5504283,0.49239254,0.40617347,0.27952313,0.15691875,0.07360922,0.010030195
-0.6205214,-0.48771393,-0.3167435,-0.19615781,-0.10081226,0.004283428,0.026031673,-0.027360737,-0.08770901,-0.20452133,-0.28231245,-0.3186528
0.48653328,0.37791142,0.2587937,0.09382498,-0.012222111,-0.08237511,-0.058882415,-0.008213133,0.088436246,0.21013373,0.30072284,0.35993075
0.05938041,0.049767382,0.015088595,-0.008643873,-0.030580983,-0.036541425,-0.03737572,-0.01516835,0.02052696,0.060103856,0.0848805,0.10257268
0.1464891,0.1762295,0.15766844,0.14426301,0.12912104,0.11158171,0.092545085,0.07454863,0.05767075,0.05644852,0.057955936,0.05034551
0.2933149,0.26679707,0.2348033,0.17761941,0.13910206,0.114908054,0.09815009,0.0974092,0.10403725,0.122653045,0.13042372,0.13432188
-0.18361631,-0.05198954,-0.063580126,0.0047655553,0.01151818,0.020816565,0.0023118854,-0.03159274,-0.04719963,-0.07729627,-0.092940055,-0.10767064
-0.0250141,-0.049808484,-0.056221787,-0.040640246,-0.038183708,-0.03602073,-0.025827419,-0.01309178,-0.009423658,-0.00929723,-0.0072309263,-0.003088287
0.1913198,0.14050278,0.088321924,0.02110672,-0.019170195,-0.049045205,-0.03917697,-0.014817402,0.024081618,0.0780233,0.117771946,0.14195015
0.23324631,0.25625485,0.24679391,0.22043869,0.1935959,0.17638193,0.158046,0.13585612,0.12925996,0.13094558,0.131669,0.12845464
-0.037221383,-0.038262464,-0.042249374,-0.024273837,-0.022743702,-0.017641902,-0.013277395,-0.0034183655,0.009436285,0.019583603,0.029840626,0.03473514
-0.35736406,-0.36088106,-0.33861086,-0.32094133,-0.26297674,-0.24678646,-0.22193564,-0.19627629,-0.19428961,-0.1744153,-0.16172823,-0.16394708
-0.47833177,-0.52080166,-0.5095868,-0.43330094,-0.36927944,-0.3073225,-0.27506796,-0.22332568,-0.20172364,-0.20149907,-0.20717196,-0.20079152
0.69717586,0.64578736,0.5993469,0.5276598,0.45099145,0.391853,0.3392153,0.3130832,0.28307799,0.283464,0.27553132,0.2681301
0.035745196,0.051176663,0.07518513,0.1424154,0.16576925,0.18542352,0.14618516,0.1199865,0.05366671,-0.018024981,-0.07106339,-0.10676161
-0.117880054,-0.09005914,-0.14251038,-0.14257765,-0.14854735,-0.15532745,-0.15158643,-0.12896466,-0.0921475,-0.056564983,-0.030284613,-0.014435388
-0.41910672,-0.45534164,-0.39373273,-0.29754376,-0.23709303,-0.20833568,-0.18286526,-0.15439118,-0.15883198,-0.17164043,-0.18215951,-0.18584535
0.42826453,0.3424371,0.28641903,0.25533098,0.2239418,0.2142438,0.1676656,0.17813848,0.17211783,0.17960137,0.16697738,0.15675527
-0.028777378,-0.0012696013,0.014440663,0.057976566,0.076300405,0.09724641,0.084298834,0.07038146,0.046822585,0.021303957,0.0020331424,-0.013439357
-0.029227898,0.049246848,0.12956038,0.24225704,0.27468893,0.2849198,0.25512195,0.1977061,0.11796807,0.04950803,0.00030086376,-0.037246644
0.14060691,0.12853482,0.10180108,0.12912852,0.12881476,0.13512054,0.094852954,0.08838153,0.061881416,0.03145909,-0.00092329085,-0.021229774
-0.188967,-0.19540915,-0.1729779,-0.10559411,-0.06843731,-0.046251997,-0.045352884,-0.04297269,-0.0697097,-0.100651085,-0.12427133,-0.13759235
-0.56766427,-0.5790136,-0.56178534,-0.5058364,-0.4253393,-0.3833121,-0.3435138,-0.31077936,-0.29849315,-0.29152068,-0.28199863,-0.28098252
0.09587662,0.09352876,0.07703975,0.053148247,0.036982447,0.026075475,0.023748234,0.023456104,0.035217818,0.04462184,0.05123761,0.055239208
0.1849411,0.15193163,0.12363854,0.07671277,0.045557708,0.018104613,0.014998704,0.025905415,0.042668514,0.067293584,0.083309956,0.09361225
0.062398262,0.08633864,0.053166233,0.04304312,0.03151545,0.013351157,0.008871034,-0.0019950122,0.002337318,0.023290442,0.04342257,0.047000546
0.5012001,0.51348877,0.4893589,0.4237634,0.372516,0.34196302,0.29366916,0.25569507,0.22944026,0.22021127,0.2082614,0.1959515
0.06690966,0.033172674,0.026782423,0.03459796,0.03230125,0.032661006,0.0293752,0.0377078,0.032566696,0.025504759,0.0155232195,0.014004076
-0.7840002,-0.80931085,-0.7568033,-0.69798505,-0.62798434,-0.5683718,-0.48841286,-0.430932,-0.37536362,-0.36227107,-0.34832513,-0.3159894
0.44720465,0.43211,0.44078398,0.35495782,0.30530715,0.23604193,0.20906174,0.16768922,0.11372684,0.110780105,0.1121045,0.09041983
0.015469841,0.011971798,-0.0026843175,0.014913324,0.023231335,0.03522479,0.017607246,0.017026605,0.008988809,-0.011057992,-0.030288586,-0.044010054
-0.6280575,-0.39053676,-0.3576914,-0.3764504,-0.34686348,-0.30775243,-0.28494957,-0.29666698,-0.2486972,-0.22392684,-0.19571258,-0.17956929
0.22237527,0.1939891,0.16869913,0.15250096,0.13001487,0.118240595,0.10087643,0.097605065,0.09533501,0.098058745,0.09761901,0.095833495
0.01443807,0.010967031,-0.010639608,-0.030700177,-0.037327543,-0.045480892,-0.02356784,-0.02018886,-0.010490514,0.004805008,0.03138906,0.041587204
-0.023425778,-0.03852804,-0.04444977,-0.039726812,-0.040451493,-0.034005083,-0.028094798,-0.01513818,-0.0037664766,0.0052757133,0.011163744,0.016268067
0.5874873,0.5795662,0.5966808,0.5605219,0.5153159,0.47526324,0.43530586,0.37815374,0.32384622,0.28759342,0.26258206,0.23387943
0.17952953,0.21642572,0.19868618,0.15545277,0.12734196,0.11256823,0.094694376,0.07834442,0.085414104,0.09853686,0.108702965,0.10934512
-0.017022984,-0.041059088,-0.05860772,-0.05990506,-0.05888384,-0.053396434,-0.04589819,-0.03135518,-0.012380268,0.0031264448,0.012804706,0.019922739
0.11005808,0.091357246,0.122476034,0.14326896,0.15006962,0.15142143,0.13717371,0.12240943,0.10175538,0.082293704,0.06133381,0.045792162
-1.7791739,-1.8841922,-1.7936051,-1.302991,-1.0013793,-0.7872609,-0.72860837,-0.6312695,-0.71719617,-0.86240125,-0.9761978,-1.0397158
-0.009461328,-0.007638015,-0.047586016,-0.079069816,-0.09973249,-0.116263226,-0.10435769,-0.08388468,-0.041798502,0.012009871,0.049089037,0.073523335
0.6903875,0.6001682,0.5100191,0.29547405,0.19828999,0.12837115,0.119117975,0.12899056,0.19005758,0.27655506,0.3322607,0.36112642
-0.2177218,-0.1804912,-0.16369106,-0.13663858,-0.10967337,-0.09939231,-0.09299733,-0.096771486,-0.09602174,-0.09886977,-0.099517725,-0.102865785
0.5111724,0.48165753,0.42302257,0.29450154,0.2099737,0.15148887,0.1407558,0.13214186,0.16796833,0.21885735,0.25827557,0.2827411
0.28609237,0.4242321,0.5545663,0.68695796,0.71110904,0.6989102,0.6369048,0.48670855,0.30959383,0.13342889,0.021263376,-0.067815624
-0.11883454,-0.0850384,-0.0906384,-0.112420775,-0.1010911,-0.09667908,-0.09413329,-0.086991414,-0.083066404,-0.06604032,-0.054677263,-0.05420813
0.1469383,0.13067387,0.10382073,0.027690694,-0.008905619,-0.035358593,-0.026078105,-0.01399187,0.027209252,0.07196861,0.104159966,0.12536418
-0.038681693,-0.038268767,-0.058176704,-0.07658599,-0.08817451,-0.09873543,-0.087369025,-0.06919454,-0.04360123,-0.011976008,0.012059478,0.02587197
0.095263846,0.15458861,0.23043644,0.31896734,0.34748924,0.374528,0.32881895,0.2626719,0.16599208,0.05606016,-0.024902299,-0.07791193
-0.4849105,-0.48294157,-0.48115975,-0.4338442,-0.38420314,-0.33677727,-0.30834186,-0.2574723,-0.21824121,-0.19380985,-0.18054444,-0.16903451
-0.20702583,-0.2293398,-0.20581418,-0.16155067,-0.12620173,-0.108484365,-0.09457645,-0.086006895,-0.09786655,-0.11470189,-0.12751412,-0.13373622
-0.3550247,-0.2073422,-0.19922197,-0.1290667,-0.09035161,-0.06753911,-0.075142294,-0.09903999,-0.10835699,-0.123462684,-0.12924339,-0.14404395
-0.14926296,-0.09415661,-0.009019047,0.10960543,0.16983363,0.20833308,0.18757376,0.13463563,0.043502867,-0.055066068,-0.12459521,-0.17382129
-1.2021519,-1.2336633,-1.1591184,-0.94336843,-0.78416336,-0.66247237,-0.5879672,-0.51252675,-0.5164994,-0.5656856,-0.60778594,-0.61602
-0.004479669,0.0034278128,0.014065199,-0.019997349,-0.026433546,-0.036984347,-0.02366173,-0.024021078,-0.011194932,0.004467977,0.017105894,0.026170785
-0.13445027,-0.1253328,-0.095822595,-0.09751443,-0.09469522,-0.097056895,-0.07907694,-0.07765999,-0.07587535,-0.08271758,-0.08408144,-0.078156464
0.085833415,0.07304837,0.04697077,0.044856925,0.04528979,0.043717727,0.025707513,0.031874236,0.017289374,0.009689905,-0.0046532284,-0.011147931
0.14888558,0.13308139,0.10783574,0.058907896,0.03021966,0.012989953,0.0129442215,0.01733125,0.037104778,0.061772272,0.0795781,0.09069902
0.12608466,0.1228901,0.09909095,0.056838207,0.034535155,0.01347512,0.00814528,0.008238636,0.022314314,0.045369968,0.06323279,0.07132317
-0.098661974,-0.10628063,-0.120306924,-0.11524175,-0.11311317,-0.11079416,-0.09926119,-0.07846616,-0.060254432,-0.041756958,-0.029731596,-0.019164603
0.31386572,0.27751145,0.2256163,0.1220884,0.06628646,0.04350303,0.042853147,0.06660208,0.11497955,0.176994,0.22218369,0.25212282
-0.12942494,-0.14280157,-0.08969343,-0.0095869005,0.039948314,0.11086875,0.10152838,0.093443096,0.060729474,0.003961798,-0.053432,-0.0807229
-0.07302813,-0.11408217,-0.074111685,-0.046171322,-0.024558857,-0.0076655895,0.012463193,0.012403298,-0.003224481,-0.028833358,-0.04313347,-0.047224294
0.32934663,0.21189284,0.09993929,-0.050928652,-0.13105011,-0.15614963,-0.1332159,-0.06153372,0.054299235,0.17217438,0.2510299,0.31172776
0.37025765,0.37236816,0.3132781,0.25905877,0.20254265,0.17037944,0.13573766,0.13148485,0.1399017,0.15836099,0.16718371,0.17119758
0.1660826,0.1816623,0.1658141,0.14132611,0.11321035,0.09511497,0.08368119,0.070669785,0.07728828,0.08688349,0.0964173,0.10092321
0.17871457,0.14652865,0.13264577,0.107993565,0.08273826,0.06594803,0.060899302,0.06418916,0.066119194,0.06994791,0.0712891,0.07682843
0.39823663,0.37153494,0.36455002,0.29015452,0.24512523,0.20917475,0.2028695,0.17432722,0.16716659,0.17288072,0.18122292,0.18266374
0.12307788,0.123524174,0.119617224,0.09008459,0.073640764,0.063909255,0.0559536,0.051192086,0.055202197,0.061445463,0.0648487,0.06637798
0.244165,0.24524179,0.22533077,0.19303498,0.16384095,0.14311467,0.12041225,0.111720376,0.10390489,0.108342975,0.10581742,0.10253015
-0.03376224,-0.045224987,-0.06505563,-0.0790617,-0.083406165,-0.08260855,-0.07246953,-0.05296378,-0.026406763,0.0034407815,0.024221584,0.037928544
-0.07278732,-0.09935246,-0.10546812,-0.10822601,-0.1060615,-0.098595046,-0.08079694,-0.06338507,-0.03759981,-0.023366937,-0.00911352,0.0029607061
-0.20073847,-0.20391779,-0.21617548,-0.19512618,-0.17685033,-0.15037075,-0.14502305,-0.11505979,-0.086900204,-0.06939209,-0.06095484,-0.05030377
-0.04387597,-0.034050215,-0.028145142,-0.023793362,-0.017443262,-0.010944858,-0.009312011,-0.009593416,-0.011309106,-0.01596522,-0.019209426,-0.021055255
0.26805297,0.24843901,0.24375877,0.23151064,0.21361123,0.20005178,0.17291155,0.15534073,0.12866606,0.10941826,0.0944296,0.0803205
-0.29277372,-0.2874877,-0.28230944,-0.24337664,-0.21721822,-0.19232367,-0.170264,-0.1455281,-0.12730144,-0.119338505,-0.11394615,-0.105651334
0.63660425,0.5968293,0.5739163,0.54059947,0.49491036,0.44635594,0.38457978,0.32924873,0.2530937,0.19589157,0.14831293,0.11256805
-0.05101265,-0.0640117,-0.101060905,-0.102806285,-0.10391578,-0.10250756,-0.10145609,-0.07915056,-0.05913184,-0.04086046,-0.031032149,-0.023713795
-0.07155621,-0.09429322,-0.07513361,-0.062259898,-0.049189888,-0.04198488,-0.040324755,-0.029337734,-0.03385448,-0.032680273,-0.03590628,-0.034541424
0.032394186,-0.012154989,-0.073554516,-0.15635967,-0.18186745,-0.19623369,-0.18171206,-0.14159918,-0.08601788,-0.030895557,0.006864244,0.032764096
0.00080941245,0.03796967,0.025301866,0.014588177,0.013881493,0.011042722,0.003143074,-0.003721062,-0.007097871,-0.0013843738,0.0014078803,0.00075221993
-0.044141404,0.028760567,-0.20447935,-0.33109137,-0.3380735,-0.38237125,-0.35555884,-0.34224355,-0.32155046,-0.23754674,-0.18215936,-0.16769531
-0.2004894,-0.21224761,-0.20405394,-0.13581857,-0.099744216,-0.07211036,-0.068742864,-0.05879493,-0.07303862,-0.09680395,-0.116389215,-0.12650852
0.22284542,0.28324533,0.36181265,0.43239498,0.44391802,0.45643908,0.40913737,0.33350074,0.22690102,0.11431692,0.033393167,-0.022603467
-0.27725217,-0.2698786,-0.29083854,-0.26477537,-0.22463357,-0.2103333,-0.1930396,-0.18512559,-0.19888136,-0.20940362,-0.21421038,-0.22462447
0.18151625,0.118599445,0.06767422,0.031722903,-0.00218454,-0.023779854,-0.022234112,0.009556279,0.035661645,0.07359475,0.09740288,0.11161776
0.38604158,0.35056525,0.28777128,0.16299213,0.09546301,0.06286533,0.054536164,0.07548286,0.13012362,0.19573842,0.23846349,0.2671898
-0.46824053,-0.43474668,-0.2139709,0.100094974,0.23619771,0.31767973,0.33923408,0.23533691,0.06991057,-0.13340053,-0.26220095,-0.34050748
0.34674653,0.3384995,0.37003613,0.42286214,0.41491026,0.4308056,0.38521174,0.3409108,0.27916214,0.20852558,0.14465466,0.11014786
0.19701573,0.21861064,0.16961251,0.05980587,0.019207597,-0.02955541,-0.026867151,-0.036587372,-0.021288097,0.028458595,0.07413037,0.08369387
0.3335889,0.38931075,0.42119464,0.393238,0.34014225,0.2917131,0.26911283,0.20227669,0.13540931,0.084527925,0.055083573,0.033473916
-0.14994848,-0.15507889,-0.17342371,-0.1705732,-0.1577491,-0.14969783,-0.13380341,-0.11198947,-0.0891851,-0.06587046,-0.04867362,-0.037267976
-0.3270237,-0.35682648,-0.3858,-0.4076204,-0.39445728,-0.36784995,-0.33141014,-0.27740866,-0.2129016,-0.16124287,-0.12551528,-0.09249336
-0.1052839,0.06578225,0.15596741,0.1785016,0.21377839,0.20117901,0.18247974,0.07788581,0.0075461417,-0.06583997,-0.11779879,-0.15290105
-0.050666794,0.08097193,0.06726907,0.17035489,0.17494728,0.17249109,0.14378521,0.08140712,0.024684595,-0.030417671,-0.056211684,-0.08686058
-0.0035451483,0.008651588,0.028738465,0.04518945,0.052776396,0.059098907,0.046849474,0.03195441,0.007216271,-0.020363852,-0.038846683,-0.050657682
0.07178394,0.07239954,0.060709715,0.021591015,0.0010312963,-0.0055258907,-0.0029994044,0.0032418817,0.03538904,0.06671311,0.08667396,0.10331891
0.164045,0.16767892,0.15878063,0.1567618,0.1494129,0.14577901,0.12802513,0.10932078,0.089876845,0.07744995,0.066477776,0.05710341
0.21556973,0.2012589,0.14647372,0.016178995,-0.03867045,-0.08229473,-0.06656292,-0.0485951,0.024375238,0.11390739,0.18200845,0.21980576
-0.8266094,-0.74916816,-0.7099576,-0.6354109,-0.5584917,-0.501992,-0.44295722,-0.41666806,-0.37181202,-0.35983247,-0.34581026,-0.3250959
0.16987237,0.16637002,0.15263215,0.12898228,0.110648446,0.09515841,0.08232973,0.068135925,0.055402886,0.04631293,0.039321348,0.035354942
-0.076220594,-0.06715961,-0.08196002,-0.118532926,-0.12727259,-0.12779242,-0.11059564,-0.09308559,-0.052600928,-0.016364101,0.010432115,0.02981037
-0.0428854,-0.07044871,-0.08814172,-0.10300712,-0.101373315,-0.09396524,-0.08877887,-0.06585614,-0.04437188,-0.026136763,-0.01608897,-0.00703456
0.22673763,0.24272698,0.25666255,0.26866904,0.25575656,0.24445763,0.21090885,0.17655936,0.13499178,0.09313509,0.059173603,0.036353365
-0.22699767,-0.25269732,-0.20673487,-0.17355129,-0.1316258,-0.0989718,-0.085246995,-0.0797167,-0.101628214,-0.13819042,-0.16657366,-0.17819428
-0.16546014,-0.19085896,-0.18311828,-0.19278342,-0.18229404,-0.17726347,-0.14432555,-0.12421018,-0.09879969,-0.07343921,-0.05615323,-0.04046717
-0.0072706956,-0.02764345,-0.08977962,-0.17084283,-0.19891012,-0.22195719,-0.20464393,-0.150817,-0.07299299,0.026278693,0.097788885,0.13646749
0.15641023,0.14677499,0.14574742,0.12442492,0.10924806,0.10491602,0.09411864,0.08545384,0.079535104,0.07353473,0.06703247,0.06484568
0.46249342,0.40637988,0.36782292,0.25785175,0.18887901,0.12844181,0.12870681,0.12849867,0.1514984,0.19419193,0.22729866,0.24329169
0.12797609,0.10336797,0.06752719,0.032515824,0.00919044,-0.0011821836,-0.0038024634,0.008628778,0.035439715,0.06306164,0.08328403,0.09670062
0.16312209,0.27982697,0.32787344,0.40220243,0.40929496,0.40096116,0.34642935,0.26155365,0.16701536,0.08489852,0.03101689,-0.017867234
-0.024342632,-0.0391693,-0.055033766,-0.08028276,-0.078196414,-0.08488858,-0.07879283,-0.070937835,-0.067217514,-0.05555268,-0.046610806,-0.04475607
0.14451893,0.15136488,0.14722317,0.109477796,0.093876384,0.086252086,0.07680455,0.06397954,0.0621863,0.06198503,0.05476719,0.055430718
0.12856187,0.1454172,0.13722941,0.09840615,0.071006045,0.055795193,0.046508998,0.043667167,0.051701147,0.06704888,0.077063456,0.08323089
0.16087726,0.1281277,0.09789868,0.06188591,0.03999442,0.025052369,0.020687655,0.030310147,0.047329757,0.07336143,0.0904269,0.0994065
-0.20478532,-0.14805782,-0.13705656,-0.124316186,-0.120794594,-0.13012597,-0.11429282,-0.110124744,-0.08904615,-0.056883123,-0.030632123,-0.017050743
0.16002968,0.15495992,0.15547371,0.16237804,0.15156746,0.14210713,0.12553932,0.10759007,0.08761613,0.06734234,0.052918993,0.041648373
-0.31305984,-0.334906,-0.3305802,-0.32886022,-0.3118757,-0.2849057,-0.24867195,-0.20116946,-0.15028131,-0.113657594,-0.08777374,-0.061803944
0.064601235,0.117047675,0.10040732,0.029355243,-0.00053063035,-0.02162747,-0.023664638,-0.027477778,-0.0023189634,0.033969484,0.061559573,0.074615076
-0.07248831,-0.11794266,-0.13466358,-0.13398899,-0.1293537,-0.109363034,-0.09125401,-0.060732998,-0.028073708,-0.008535257,0.0019765305,0.018237844
0.26039606,0.26040924,0.25181717,0.22407046,0.19682467,0.18229154,0.16044018,0.14538302,0.14004593,0.14167145,0.1427987,0.14177659
-0.3131534,-0.2923988,-0.2909457,-0.20248754,-0.16003796,-0.11341624,-0.10510737,-0.08786733,-0.068464965,-0.067311525,-0.06489599,-0.06473586
0.047465004,-0.01672884,-0.12207862,-0.225062,-0.24785593,-0.24268368,-0.23408163,-0.16626231,-0.09796994,-0.021091305,0.022536445,0.056825496
-0.31423342,-0.32932127,-0.29712832,-0.23101032,-0.1810027,-0.14120719,-0.121848434,-0.10719532,-0.11593309,-0.13649097,-0.15052676,-0.15638515
0.028878715,-0.013666153,-0.061306402,-0.089344114,-0.10212038,-0.102637075,-0.08651915,-0.056654517,-0.011983197,0.03189344,0.061834726,0.08337349
-0.100733094,-0.08003035,-0.08404814,-0.09009138,-0.09059457,-0.08334749,-0.08031084,-0.06828952,-0.04564176,-0.027406387,-0.014372136,-0.003312394
0.18630488,0.19269934,0.20730671,0.1871771,0.1651524,0.14333127,0.13315728,0.1104846,0.09070839,0.07770674,0.070403606,0.06488888
-0.067611046,-0.081278354,-0.08302621,-0.060913783,-0.049700674,-0.04369072,-0.040338416,-0.033662014,-0.029971257,-0.030859958,-0.031152816,-0.030952077
0.12075675,0.114830196,0.10710671,0.08071694,0.06506139,0.05219882,0.04287109,0.036361657,0.034015212,0.035859644,0.033901248,0.03323836
-0.028829016,-0.11131053,-0.16990197,-0.20941594,-0.22089148,-0.21494427,-0.18768153,-0.13547094,-0.07358543,-0.01503508,0.021028005,0.0535873
-0.8588805,-0.8190776,-0.7224709,-0.6371413,-0.5259235,-0.46050164,-0.40724736,-0.38356328,-0.38138098,-0.3975976,-0.41162685,-0.41484523
-0.0011394117,-0.016967243,-0.078035966,-0.10478522,-0.12609808,-0.12943003,-0.12878767,-0.08915021,-0.042765677,0.0077064955,0.040507715,0.06338014
-0.26751116,-0.23430997,-0.23849753,-0.21095559,-0.180769,-0.16073102,-0.14812908,-0.13172206,-0.12233159,-0.11458948,-0.10777154,-0.10780807
0.105262555,0.13839905,0.1628677,0.17031588,0.16452944,0.16744784,0.1434928,0.118186906,0.087396584,0.050724395,0.023417871,0.0057670325
-0.10092006,-0.090155065,-0.064313784,-0.07171749,-0.06613215,-0.063268594,-0.04591473,-0.045192223,-0.037681226,-0.033424698,-0.029829437,-0.02327973
-0.2707714,-0.22209889,-0.17784488,-0.14071617,-0.09926163,-0.07907291,-0.071656704,-0.08389259,-0.11018847,-0.13730735,-0.15332404,-0.1686402
-0.0630715,-0.09953392,-0.12767997,-0.13071513,-0.12642623,-0.11681982,-0.10788722,-0.07722478,-0.05297907,-0.03029771,-0.017049272,-0.005143611
0.3573972,0.34354436,0.32443994,0.26816243,0.21987343,0.19637045,0.17007068,0.15897524,0.158748,0.16491234,0.16290624,0.16656563
-0.050739203,-0.029438283,-0.021583252,-0.021643873,-0.02097072,-0.019341446,-0.015399991,-0.016237434,-0.009453729,-0.002771102,0.0029699504,0.0059170295
0.05714503,0.027920306,0.004141465,-0.014984548,-0.014714986,-0.030912988,-0.0329957,-0.025920205,-0.029352192,-0.016427029,-0.0084306905,-0.011289979
-0.13816121,-0.123009056,-0.09951928,-0.067657545,-0.046862587,-0.032417826,-0.027055115,-0.031587735,-0.0417059,-0.054701217,-0.06492607,-0.069767356
0.080166005,0.0727663,0.07145962,0.07145745,0.06728723,0.061319493,0.054545805,0.049293596,0.03372553,0.020366482,0.009970129,0.004453078
-0.007118441,-0.010360971,0.00247047,0.01088335,0.01871534,0.029904034,0.03086641,0.028238181,0.020982381,0.010818247,0.0033177389,-0.00023420155
-0.033609077,0.009860642,0.035942845,0.09101004,0.11396387,0.12191919,0.10563812,0.068366885,0.018210063,-0.029658116,-0.060175963,-0.086271435
-0.12408525,-0.12009144,-0.099906966,-0.06313496,-0.040690802,-0.021460444,-0.017215364,-0.018344447,-0.030802865,-0.05023013,-0.06339669,-0.06997776
0.015985128,0.036355417,0.040927187,0.03457629,0.028403211,0.026192168,0.024496973,0.018822,0.021448608,0.023404077,0.026115263,0.027931025
0.45606524,0.39909762,0.37830496,0.3220434,0.27116874,0.24291906,0.21711078,0.20915844,0.19924796,0.1928687,0.1812549,0.17871118
-0.14574264,-0.153017,-0.17473753,-0.14939128,-0.13292441,-0.11626529,-0.10893117,-0.0817458,-0.06439456,-0.050464522,-0.04101008,-0.034101687
-0.5143112,-0.47773784,-0.44093347,-0.39627677,-0.38150615,-0.38699105,-0.31522846,-0.31740022,-0.27142704,-0.2417283,-0.21243684,-0.1669341
-0.9133073,-0.9796119,-0.90551853,-0.7011388,-0.57217497,-0.4779152,-0.42543638,-0.36511865,-0.36901698,-0.41023946,-0.44129947,-0.44556347
0.04867903,-0.016302943,-0.044490278,-0.05708362,-0.067406505,-0.07191402,-0.053524762,-0.029098153,-0.00028575957,0.029681366,0.052593216,0.069939904
0.109490186,0.09568947,0.08712132,0.07477224,0.059381343,0.051450476,0.05123261,0.05383702,0.063141935,0.076199636,0.085513905,0.09296251
0.5793155,0.5267623,0.47018883,0.40730304,0.33983386,0.30598426,0.26576495,0.25048676,0.24388848,0.24799386,0.24415088,0.24421164
0.034040526,0.023724683,0.002944205,-0.012930691,-0.025075547,-0.033880837,-0.03317213,-0.021546312,-0.0044340473,0.017796023,0.03363412,0.04426647
-0.16521308,-0.1969638,-0.23119491,-0.25402123,-0.251527,-0.24264887,-0.21242441,-0.16561353,-0.10981762,-0.051102176,-0.0085490495,0.020275049
-0.23670135,-0.24176873,-0.24044971,-0.2191476,-0.19560653,-0.17166905,-0.15223266,-0.123738,-0.0947991,-0.0756202,-0.062858194,-0.05064139
-0.003480792,-0.031534698,-0.037691053,-0.048615944,-0.05355323,-0.047594357,-0.040520824,-0.022588141,-0.004025582,0.0101486705,0.019251322,0.030470107
-0.10809428,-0.098281175,-0.11508818,-0.12378127,-0.12358846,-0.120044194,-0.109105155,-0.09770153,-0.073778756,-0.053840727,-0.038381044,-0.026956819
-0.11557559,-0.04658162,-0.017390758,-0.024179243,-0.020810336,-0.025596399,-0.020132735,-0.032333154,-0.027693324,-0.024464212,-0.017993748,-0.017513923
0.10054934,0.08872387,0.05510506,0.05675505,0.046100333,0.04399015,0.042093396,0.05743716,0.07778099,0.10909006,0.1349108,0.14471352
0.033531103,0.034153074,0.013214396,0.008263946,-0.0035176836,-0.011322759,-0.015615646,-0.005893361,0.011316037,0.034704477,0.051297102,0.059420206
-0.07110453,-0.10505347,-0.109971434,-0.112830274,-0.11497402,-0.12588578,-0.099799484,-0.08315551,-0.058536567,-0.031598214,-0.00519846,0.012447186
-0.6424251,-0.55674154,-0.3560592,-0.006546378,0.17464304,0.2810893,0.24865866,0.15803918,-0.058778763,-0.3023615,-0.47732788,-0.59424776
0.17141663,0.14777291,0.12721226,0.09208113,0.06867564,0.054353617,0.04316853,0.04911441,0.05393751,0.06738217,0.07534596,0.0802713
-0.10256171,-0.12739968,-0.19055398,-0.2855696,-0.32486555,-0.31009007,-0.31753048,-0.2337705,-0.14958435,-0.07304374,-0.026041523,0.0332371
0.41398537,0.3765576,0.39351988,0.4082563,0.3878855,0.3839401,0.34843513,0.30964965,0.2665219,0.215083,0.18165557,0.15775277
0.06668108,0.07148251,0.06845047,0.03857839,0.023564434,0.015364487,0.016878607,0.017680291,0.03418031,0.056787055,0.07130583,0.08058065
0.4960188,0.44789612,0.4300394,0.37875405,0.32317224,0.28280616,0.27145857,0.25111076,0.25100803,0.2664986,0.2780856,0.28317383
