0.22347164,0.20113058,0.1805603,0.14728352,0.12937915,0.10472669,0.08758859,0.07030012,0.06253532,0.055537447,0.05089993,0.048355345
0.41492736,0.39632118,0.37441164,0.36894757,0.34046763,0.27114594,0.20389402,0.121527016,0.054235816,-0.0064730495,-0.038243316,-0.07628006
0.052186716,0.061013557,0.06301362,0.06313746,0.06659653,0.069046296,0.056783494,0.03680505,0.011616331,-0.018987227,-0.034952402,-0.044411056
-0.09433907,-0.085338384,-0.0463392,-0.0028015077,0.014887348,0.026279457,0.031773657,0.024181504,0.0042801388,-0.026118424,-0.043108113,-0.056684397
0.05292036,0.06510414,0.07109016,0.0651747,0.05554778,0.047369108,0.04079391,0.026166659,0.014217596,0.0017447479,-0.006957736,-0.012019288
-0.06071869,-0.06968123,-0.04974207,-0.007840291,0.006847292,0.010293037,0.0017718598,-0.00075763464,-0.019615853,-0.040983096,-0.051705856,-0.06355521
0.34149545,0.3615687,0.34040785,0.27171814,0.23069046,0.19642639,0.17186946,0.14122212,0.14659625,0.15431416,0.16200386,0.17416805
0.17455485,0.18194059,0.15502691,0.11590509,0.106455326,0.09527443,0.08225696,0.07550553,0.08047001,0.085256815,0.08827004,0.08871463
-0.055867597,-0.029322393,-0.049915873,-0.07556935,-0.117766306,-0.13333414,-0.113184854,-0.093758,-0.045248285,0.014955062,0.051203977,0.077466175
0.42525977,0.40027547,0.32821006,0.23578393,0.1728034,0.13006227,0.09380934,0.06463809,0.072930604,0.08350769,0.10096754,0.1250009
-0.04479873,-0.060251653,-0.047891542,-0.004651174,0.01301311,0.02788131,0.020105906,0.018618673,0.0040027425,-0.02490326,-0.037326664,-0.042625934
-0.26139185,-0.29569843,-0.2989946,-0.26936552,-0.2467536,-0.22238284,-0.19357644,-0.15047371,-0.112015896,-0.0744157,-0.05008404,-0.038493328
-0.18382859,-0.21922897,-0.20556639,-0.14748019,-0.1196661,-0.09985511,-0.09489574,-0.09068951,-0.10857306,-0.14168873,-0.15839964,-0.17297326
0.060967065,0.107015416,0.14234625,0.19133359,0.20903876,0.20556968,0.18242809,0.15776336,0.10395716,0.062328562,0.03023184,0.0025638342
-0.14831087,-0.15634707,-0.14669888,-0.12440112,-0.10388142,-0.07569924,-0.059488267,-0.04911097,-0.04676953,-0.0642112,-0.07636463,-0.07955976
-0.096646845,-0.12861782,-0.1916376,-0.20833042,-0.21936578,-0.20389141,-0.19164409,-0.15444735,-0.10768933,-0.05803429,-0.02206733,-0.000561364
-1.1353854,-1.0078788,-0.815224,-0.7249708,-0.62665707,-0.535334,-0.41606557,-0.40289772,-0.4177039,-0.44934833,-0.49071515,-0.52136284
0.059211794,0.0103382915,-0.0073077977,-0.019350663,-0.024637192,-0.027920254,-0.0223255,0.0034546256,0.03453119,0.07664321,0.10170571,0.118090175
0.30023605,0.27194488,0.25874186,0.24524733,0.22522902,0.20003742,0.16498235,0.13759774,0.10604146,0.07976254,0.06793866,0.06603182
-0.39714032,-0.39070112,-0.3717063,-0.3475262,-0.32731578,-0.2909311,-0.24399464,-0.19802922,-0.15244165,-0.11060488,-0.08584893,-0.06695635
-0.24472383,-0.24755931,-0.2751518,-0.27280754,-0.2619472,-0.23645459,-0.21359381,-0.18201931,-0.14547169,-0.11087847,-0.084305204,-0.07488592
0.08610083,0.13777976,0.21246669,0.26462722,0.28954104,0.2750102,0.24820507,0.19832215,0.124888554,0.05128263,-0.0018827617,-0.041700274
0.059839614,0.03412164,0.05041512,0.06978754,0.09913864,0.11032142,0.09963405,0.09487056,0.065905966,0.03458165,0.016400892,3.3594668e-05
0.34918433,0.30858868,0.27750885,0.24362084,0.21608314,0.18552846,0.1465371,0.11193644,0.082730524,0.059594527,0.050795984,0.052111976
0.07778621,0.051494345,0.02206774,-0.006293997,-0.023776412,-0.04070422,-0.03696865,-0.02156391,0.0024537072,0.044340894,0.06411889,0.078263566
-0.22693525,-0.19331335,-0.16130185,-0.15324607,-0.13699046,-0.110498756,-0.07592912,-0.055078343,-0.036228083,-0.016596198,-0.010562811,-0.003063988
0.36093786,0.30794808,0.25713855,0.17804605,0.12259561,0.05984652,0.031312615,0.000102072954,0.013452992,0.030789286,0.047530085,0.05936329
0.0838256,0.058921058,0.055541158,0.060399286,0.050477907,0.03862668,0.01880265,-0.0008334741,-0.022980915,-0.04848155,-0.053598892,-0.056894146
0.26732978,0.27080467,0.25231275,0.22548199,0.20795907,0.17581211,0.13617218,0.09477911,0.06513184,0.032779936,0.019141236,0.010097627
-0.9127471,-0.7443726,-0.6276291,-0.57768995,-0.5191014,-0.41634342,-0.29908955,-0.23550916,-0.18603298,-0.14950709,-0.14428905,-0.1328407
-0.27725896,-0.29033595,-0.34314656,-0.35849482,-0.34667295,-0.2893787,-0.24867997,-0.17724094,-0.10201584,-0.037834805,0.013941435,0.05117816
-0.018988602,-0.011078743,-0.009853734,0.017740803,0.025097081,0.021917615,0.015802126,0.020886783,0.02524825,0.027217511,0.028047739,0.022627927
0.18575118,0.14716005,0.11630571,0.063893914,0.03661734,0.013173744,0.004902452,-0.011210222,-0.007936239,-0.004766468,-0.0013830718,0.010713059
0.055994805,0.033140868,-0.008127019,-0.05296305,-0.0825153,-0.101674415,-0.09754974,-0.087911546,-0.05177369,-0.009908287,0.022715108,0.045255497
0.43920287,0.33989835,0.26653755,0.21303585,0.17997144,0.16230877,0.12338628,0.110304534,0.111841395,0.11601986,0.1424049,0.17965597
-0.4517599,-0.42432147,-0.37823042,-0.29086363,-0.23471332,-0.18305486,-0.14832151,-0.09911531,-0.08028017,-0.06660511,-0.063253336,-0.07279843
0.23649411,0.26997286,0.16883588,0.12433888,0.1008611,0.0794048,0.047762126,0.05091442,0.08319827,0.12127057,0.14658472,0.1590088
-0.2661349,-0.2573557,-0.22263594,-0.15626557,-0.11876422,-0.08787291,-0.07289106,-0.0520301,-0.058123678,-0.06694334,-0.07394313,-0.08678598
-0.08029504,0.015563399,0.10743135,0.18579763,0.21421742,0.21048911,0.19193867,0.14770047,0.088877045,0.015571531,-0.036089133,-0.074720114
0.21481194,0.19142768,0.15176578,0.1472126,0.13627571,0.116141886,0.07565648,0.039712347,0.004318308,-0.03992483,-0.05818956,-0.07287059
0.16182697,0.11909054,0.06888333,0.027492404,0.002209425,-0.018918887,-0.027670711,-0.024504513,0.0019981936,0.032388065,0.056820504,0.075638935
-0.8925425,-0.87948287,-0.67829186,-0.43338153,-0.2817604,-0.17841178,-0.12840441,-0.064516395,-0.14931424,-0.23965701,-0.31078207,-0.3995574
-0.19705445,-0.1849094,-0.18592876,-0.15548374,-0.17369199,-0.17166471,-0.13643253,-0.08798393,-0.016767029,0.059234977,0.1066449,0.13749023
-0.8958427,-0.91555,-0.87088984,-0.6721783,-0.5724645,-0.4398022,-0.3771911,-0.27548736,-0.26529455,-0.27509165,-0.2861629,-0.30391502
-0.29702163,-0.08688459,-0.1462028,-0.20756736,-0.20288306,-0.121662416,-0.091077834,-0.07880807,-0.07419069,-0.055615246,-0.0606948,-0.07290017
0.4137274,0.32937485,0.2737353,0.20909718,0.17224532,0.13920268,0.107632995,0.10265519,0.0931406,0.10600938,0.111542255,0.11758659
-0.22413392,-0.07345113,0.0060688555,-0.068365484,-0.10716243,-0.11454636,-0.043613434,-0.035472743,0.004464701,0.07548011,0.09674508,0.1261771
-0.22875541,-0.18636678,-0.14315906,-0.092342526,-0.057502687,-0.026345462,-0.014309496,-0.014542401,-0.039075695,-0.06878467,-0.091680996,-0.107978426
0.03986625,0.048657656,0.063793756,0.09546103,0.10776797,0.11043446,0.09629876,0.08844645,0.06854573,0.04165556,0.023662163,0.008760631
-0.06728534,-0.12302487,-0.12682346,-0.067595005,-0.05542572,-0.05363162,-0.075098604,-0.08713701,-0.11255377,-0.15966953,-0.18083267,-0.20295359
-0.10240963,0.042544693,0.04827845,0.0700741,0.072331294,0.09346549,0.090007186,0.08842882,0.06828865,0.053778294,0.029334586,0.006605733
0.41118625,0.48461795,0.46497554,0.33591217,0.25332847,0.1880947,0.17807433,0.16104895,0.18664874,0.24619083,0.27606913,0.29794604
0.46909058,0.41580603,0.34230393,0.25530595,0.2135526,0.15270478,0.11275628,0.07099524,0.06492229,0.06738247,0.067634836,0.06558783
0.14102814,0.042774364,0.010619253,0.026710525,0.041437007,0.05033623,0.03345312,0.05505903,0.038721386,0.037926756,0.02881971,0.019729897
-0.011857301,0.03800261,0.08198632,0.1519726,0.18445584,0.18422392,0.16027372,0.13757859,0.090343155,0.047905464,0.013442013,-0.021373551
0.008647107,-0.042887032,-0.089033954,-0.12576768,-0.1430468,-0.14493927,-0.12920775,-0.099089295,-0.04811438,0.0039300676,0.041207816,0.07239355
-0.23890331,-0.2562881,-0.21474957,-0.12719327,-0.068001494,-0.03461431,-0.026075497,-0.00915622,-0.031599816,-0.057103034,-0.07805604,-0.11217935
0.0051751547,-0.008841021,-0.010901704,-0.010704728,-0.009918861,-0.0074287355,-0.008335628,-0.01260915,-0.014011005,-0.024253612,-0.025876293,-0.024608394
0.35295102,0.42641386,0.3977756,0.33823228,0.30491424,0.26871294,0.23086035,0.20216644,0.18190424,0.18248257,0.16538757,0.16060616
-0.21003504,-0.18559265,-0.1347736,-0.055052683,-0.002712518,0.022854224,0.021775901,0.012283057,-0.03442794,-0.08872651,-0.12675458,-0.1617038
0.07674015,0.055054966,0.03575319,0.034797385,0.028354757,0.027916372,0.015596557,0.0044645295,-0.005073322,-0.030143104,-0.03908311,-0.036610965
0.17186417,0.18132254,0.17617285,0.17216536,0.16731808,0.148296,0.12366398,0.0977321,0.06564148,0.041048534,0.026147354,0.01192723
-0.11788272,-0.08021831,-0.036997482,0.018676803,0.04904042,0.07684834,0.071130425,0.04743558,-0.0017145574,-0.06931935,-0.11240938,-0.14232755
-0.26405424,-0.25239742,-0.26909673,-0.31184363,-0.31478202,-0.2958017,-0.24309865,-0.19266227,-0.118891336,-0.03962437,0.0071151555,0.037659302
0.37376043,0.29098225,0.20839947,0.109680355,0.055954903,0.012995899,-0.0021959841,-0.009152606,0.014690027,0.058784224,0.08861706,0.11179453
-0.057864398,-0.05609476,-0.08624497,-0.08364593,-0.08905486,-0.08436428,-0.079074055,-0.058569457,-0.023415748,0.012021428,0.038991466,0.05811671
0.08989867,0.10247883,0.10122423,0.08728404,0.078292474,0.06380769,0.054107137,0.04006531,0.035646908,0.033568062,0.032813117,0.030889854
0.11524308,0.08707127,0.010608718,-0.095797926,-0.13420132,-0.16667259,-0.16361132,-0.16833726,-0.12692018,-0.07794749,-0.046111822,-0.024388269
0.369588,0.31913862,0.28536478,0.26569143,0.2519629,0.22428256,0.18907249,0.16002102,0.13264078,0.107331894,0.09308985,0.0781894
0.5405915,0.52060825,0.52062386,0.5259013,0.51782316,0.4684163,0.39330697,0.3183833,0.22095756,0.1397347,0.07619043,0.031016842
-0.050720565,-0.04100075,-0.024352003,-0.004985381,0.0036591757,0.0051217917,0.0062473714,0.0031362101,-0.0053566825,-0.016676491,-0.025739027,-0.03569251
0.094098926,0.051492967,0.03065461,0.011934772,0.003073059,-0.0059870183,-0.0035595745,0.009417973,0.025748834,0.04758706,0.06004313,0.07087178
0.53832173,0.47992578,0.44095793,0.34725213,0.2986943,0.2392847,0.18752418,0.118633986,0.08184969,0.053115346,0.045579385,0.053895928
0.07878098,0.07125833,0.05050333,0.07745337,0.093858905,0.115348935,0.08866662,0.07985437,0.05622576,0.02185084,0.011299798,0.005251985
0.23798357,0.22941945,0.18795162,0.12956047,0.104531854,0.08531749,0.07235931,0.07472977,0.092776075,0.12311448,0.14123525,0.15306668
0.028013492,0.013797414,-0.020065412,-0.04284052,-0.054862387,-0.05861797,-0.061980035,-0.06041176,-0.041657943,-0.030664481,-0.017353121,-0.006337598
0.09986197,0.0563737,-0.0014629513,-0.0427306,-0.06664741,-0.08005096,-0.08306359,-0.061222687,-0.020926654,0.026460508,0.06390278,0.08954496
0.13352546,0.12951115,0.11083831,0.09766112,0.08246544,0.063948855,0.048977017,0.044897877,0.053935073,0.067574434,0.07884916,0.086409695
-0.08559726,-0.08789147,-0.09395441,-0.09700714,-0.08398493,-0.06872512,-0.055868715,-0.032270905,-0.018844455,0.0003853403,0.007745843,0.006659936
0.14650132,0.1413915,0.10149712,0.05691415,0.03888633,0.030346654,0.022285901,0.02094727,0.03079322,0.04747141,0.058946483,0.06834671
-0.30704498,-0.27158016,-0.21248001,-0.17158715,-0.13316968,-0.11598652,-0.083979875,-0.059030324,-0.039501287,-0.019895613,-0.011715315,-0.01253875
-0.053775117,-0.09324432,-0.1047209,-0.092500284,-0.08216737,-0.058684602,-0.052611515,-0.03781583,-0.030948011,-0.039554678,-0.03540471,-0.025612354
0.48374355,0.3995838,0.2890728,0.14546096,0.069937885,0.003855884,-0.023638368,-0.04901707,-0.012409672,0.031336144,0.07168063,0.10962653
0.36329913,0.34416354,0.33709744,0.32006606,0.30434313,0.26517534,0.21611655,0.16703749,0.12046382,0.06528458,0.040448777,0.021800216
-0.45726815,-0.4711833,-0.46088776,-0.37397346,-0.3200749,-0.26654375,-0.24092284,-0.19356418,-0.17405374,-0.16809905,-0.15862286,-0.16546619
0.29003,0.17576772,0.15223044,0.13499798,0.12271583,0.09764488,0.07955986,0.08250108,0.073501304,0.08214134,0.08187893,0.08404997
0.1758171,0.17333871,0.14471796,0.09932569,0.07649598,0.06614363,0.058839343,0.056917235,0.068930656,0.08249657,0.092500396,0.10483589
0.06711515,0.067326725,0.08337884,0.09714464,0.09800098,0.082926996,0.06971447,0.06366248,0.06204451,0.05689525,0.056999482,0.054563317
-0.092952535,-0.09214544,-0.08510663,-0.056975212,-0.04436192,-0.026747467,-0.022419166,-0.0019978657,-0.0021077823,0.0008614175,0.003397895,0.0014129635
-0.20961872,-0.18007049,-0.16388388,-0.14956284,-0.13715988,-0.11251509,-0.08839191,-0.07228926,-0.061368108,-0.052097656,-0.051292926,-0.049510613
-0.33758792,-0.3598435,-0.34034714,-0.28174347,-0.23698002,-0.19297372,-0.15728202,-0.10333121,-0.07591933,-0.040410586,-0.025995182,-0.025587214
0.21416588,0.25097165,0.23420879,0.17686036,0.13435197,0.10094683,0.094475314,0.081547976,0.09677526,0.12876984,0.14471167,0.15646757
-0.0775726,-0.053542674,-0.020968042,-0.019569091,-0.017010838,-0.012287743,0.0013263449,-0.005184263,-0.010464463,-0.019233566,-0.02803251,-0.02924883
-0.26513302,-0.28969443,-0.18776351,-0.033620104,0.027454242,0.050312847,0.04078898,0.016603589,-0.07459198,-0.19693331,-0.26812562,-0.33268782
-0.16029704,-0.11082206,-0.055488437,0.005130753,0.035053104,0.050043315,0.053016677,0.046407565,0.018445373,-0.016337391,-0.045493938,-0.07126876
-0.3024576,-0.23432404,-0.20410207,-0.044662,0.04226184,0.11174053,0.08931151,0.105898365,0.060308322,-0.009650249,-0.053234752,-0.09712429
0.11925509,0.09901664,0.08319591,0.06364385,0.04818276,0.03347246,0.020990718,0.006637156,0.0012625288,-0.005671463,-0.0058950335,-0.0032748543
0.052552648,0.06994406,0.073563114,0.08432282,0.08788073,0.080636784,0.07088504,0.05995553,0.045768037,0.039206725,0.029035686,0.014303984
-0.50139,-0.50720906,-0.4710609,-0.43688053,-0.4095068,-0.36797658,-0.29513672,-0.2309716,-0.17436829,-0.10972911,-0.07634697,-0.056937963
0.37230808,0.4365597,0.46511,0.42238477,0.41080672,0.36114386,0.3071158,0.23041292,0.16148219,0.101889536,0.073295705,0.04219647
-0.037253227,-0.07360859,-0.089911416,-0.0800705,-0.07270154,-0.060777545,-0.05706804,-0.037236344,-0.025979016,-0.0138302175,-0.003651782,0.00093559176
0.07640117,0.03900692,-0.008736238,-0.04608363,-0.07062328,-0.089246854,-0.08649573,-0.06682159,-0.023190811,0.027088385,0.061024003,0.08336575
0.15311074,0.11211912,0.06617895,0.028436229,0.005013317,-0.013807483,-0.026480608,-0.02501706,-0.003598217,0.021324083,0.04617758,0.066622734
-0.10468673,-0.06936172,-0.039177,-0.019525677,-0.0103331655,0.008118093,0.018574834,0.027234927,0.036636624,0.027843948,0.030817442,0.042869717
-0.12153888,-0.059374608,0.006230086,0.032964475,0.051273026,0.059126988,0.073240735,0.066387095,0.04060115,0.024807006,0.0023289751,-0.017808432
0.6137668,0.6168544,0.5568354,0.41113546,0.30439365,0.22882223,0.18610594,0.1452152,0.148624,0.1722431,0.19578247,0.22937596
0.048330244,0.046239123,0.039330717,0.010383286,-0.006463049,-0.018963207,-0.015085546,-0.016578661,0.0028089518,0.018609542,0.03117824,0.044491086
-0.049880434,-0.11746568,-0.18864389,-0.23600027,-0.26410338,-0.27106073,-0.2512983,-0.20942098,-0.1414982,-0.06538778,-0.011911314,0.023836084
0.17690805,0.21550296,0.23655665,0.22540715,0.22540058,0.22450915,0.19595954,0.14091937,0.08197616,0.009634787,-0.027807418,-0.042881064
0.60925823,0.6140622,0.6133647,0.599599,0.5766046,0.53944576,0.45642823,0.3701345,0.26641515,0.15909387,0.09698513,0.060172558
-0.9073377,-0.7751087,-0.60250074,-0.61825573,-0.58594453,-0.52976274,-0.37326592,-0.3037527,-0.22066969,-0.11955401,-0.08683317,-0.054865137
0.26791322,0.2770996,0.25536406,0.2443723,0.23432654,0.21439327,0.18552354,0.18252663,0.13864912,0.13231185,0.09496929,0.06591565
0.040814333,-0.038504645,-0.10861665,-0.16293685,-0.18626627,-0.18506694,-0.1621652,-0.11483739,-0.052266307,0.019987471,0.066875495,0.103668064
-0.25473848,-0.25275344,-0.22286777,-0.1906873,-0.160463,-0.13451318,-0.10816659,-0.08629576,-0.076161265,-0.0688453,-0.06699334,-0.06824696
0.02176151,0.017059736,-0.01375005,-0.026477091,-0.032430843,-0.03245099,-0.032144994,-0.018693443,-0.0008594878,0.023105407,0.037925288,0.046223767
0.07268505,0.14773014,0.18501157,0.20865713,0.21899931,0.2098801,0.18006414,0.11462675,0.04433515,-0.046460636,-0.10346976,-0.14193103
-0.28623235,-0.2751965,-0.2500045,-0.2223459,-0.20911624,-0.18885192,-0.15534687,-0.124267906,-0.09059056,-0.05985339,-0.04123536,-0.028802283
0.095243454,0.10397164,0.13384798,0.15781614,0.16912228,0.15751067,0.14228813,0.12180908,0.09523065,0.07022851,0.05149044,0.033158887
-0.047959954,-0.019565172,0.0056527406,0.030494228,0.042890884,0.046628915,0.042442426,0.027481757,0.0096616,-0.016495952,-0.032612327,-0.042804725
0.06241709,0.04936963,0.032081172,0.003986113,-0.0068329386,-0.013763934,-0.01369074,-0.012198813,-0.0010110792,0.014801367,0.025952518,0.03473499
0.9271055,0.886739,0.75042295,0.6069603,0.5362439,0.46614856,0.35311365,0.28081244,0.23383501,0.16605267,0.16181713,0.18096346
0.25197807,0.28343946,0.31810582,0.30803806,0.29077536,0.26002997,0.22846422,0.17609778,0.12342162,0.07112469,0.035099156,0.014379416
0.93959296,0.86013997,0.71708214,0.4511521,0.3066362,0.20309597,0.16145468,0.12729305,0.14240122,0.2031471,0.22235408,0.26104006
-0.019140024,0.034663282,0.10484955,0.17222133,0.20217656,0.2110836,0.18728265,0.15056592,0.08039715,-0.0033575036,-0.05763504,-0.09894006
0.26020926,0.2730145,0.271431,0.24938501,0.20887777,0.15500131,0.1329354,0.095332585,0.09259166,0.09637025,0.08882756,0.09225251
0.26091322,0.20502251,0.13834333,0.07276246,0.03683409,0.003550917,-0.012965381,-0.023650266,-0.0006356761,0.025674816,0.05088172,0.072016604
-0.11375229,-0.110498875,-0.11508053,-0.10885976,-0.10137555,-0.10061431,-0.089177966,-0.07001141,-0.032934837,-0.003083,0.017109167,0.029789852
-0.16624178,-0.12884784,-0.14379291,-0.13445574,-0.11833847,-0.10540626,-0.09434416,-0.060735673,-0.022324275,0.019504894,0.04183591,0.047905646
0.09843329,0.05789268,0.023043215,0.04265639,0.043287367,0.03462097,0.019601077,0.04709986,0.06350081,0.10292778,0.12148991,0.117425114
0.37594482,0.3623542,0.2990762,0.18064949,0.12639731,0.06965715,0.053482383,0.02862905,0.05218211,0.09402087,0.114631616,0.13194764
-0.14638832,-0.11984274,-0.071914956,-0.058429003,-0.0414418,-0.026984945,-0.0065935254,-0.00751245,-0.022975221,-0.035536416,-0.0522898,-0.06224531
0.18748651,0.11603272,0.055745006,0.016100109,-0.0027234852,-0.02893892,-0.036474764,-0.016184047,0.024503678,0.077682346,0.11439044,0.13177142
0.13020813,0.08340675,0.04867032,0.039275736,0.030176349,0.014916096,-0.015504081,-0.050244678,-0.071980745,-0.10087013,-0.10548819,-0.105435215
0.17000568,0.13622776,0.08576365,0.027945995,-0.0022606999,-0.028766721,-0.038371757,-0.04689887,-0.032890648,-0.013172034,0.0004365947,0.01056046
0.30002913,0.3028377,0.25789654,0.20368402,0.19643413,0.16356643,0.13738397,0.14207743,0.15506366,0.18359506,0.20360076,0.20659614
-0.41471204,-0.38375923,-0.31316525,-0.18049142,-0.11455086,-0.07293257,-0.06277226,-0.056004032,-0.10098983,-0.15664001,-0.19670124,-0.23803443
-0.017936435,0.005731441,0.03454274,0.052136943,0.070518106,0.09634325,0.0935054,0.08212167,0.05497513,0.009833051,-0.015106002,-0.02444426
0.036563836,-0.007248603,-0.04815936,-0.080612116,-0.0957644,-0.10583705,-0.1029352,-0.08553302,-0.052126955,-0.012030156,0.016457146,0.03302525
0.45186147,0.40150967,0.35282165,0.20676953,0.12139529,0.03449309,0.022603929,0.035572737,0.07995701,0.16883482,0.220881,0.25347978
-0.31354034,-0.30702963,-0.27565145,-0.2452221,-0.22708774,-0.20319858,-0.16712439,-0.13585564,-0.11253351,-0.09395675,-0.08406359,-0.08000323
-0.0730981,-0.036219776,0.020490736,0.05529447,0.07821602,0.091130555,0.091215,0.06917797,0.027060524,-0.021266505,-0.054754257,-0.07346833
-1.2117411,-1.1427884,-1.0782822,-0.7973389,-0.63862896,-0.4529513,-0.38169622,-0.24339849,-0.21174735,-0.22077626,-0.22729996,-0.24816772
-0.176269,-0.19486694,-0.19358972,-0.17902088,-0.17095923,-0.15937765,-0.14040442,-0.113486655,-0.090102755,-0.06759942,-0.050986707,-0.0430954
0.1396937,0.050995484,-0.0068301857,-0.049925715,-0.06761536,-0.07540935,-0.08443825,-0.08100747,-0.07431923,-0.05551347,-0.03881751,-0.023253165
-0.090780824,-0.10593707,-0.106166944,-0.110031575,-0.11276232,-0.11194679,-0.095049165,-0.081397675,-0.064707,-0.03955687,-0.025794756,-0.014311355
-0.13392262,-0.10075596,-0.06828435,-0.061003096,-0.092600316,-0.118424065,-0.09311544,-0.09199065,-0.064425886,-0.02710943,-0.014317177,-0.0034095198
-0.2799826,-0.28084654,-0.30822676,-0.32461953,-0.32854566,-0.30214757,-0.25557685,-0.19929019,-0.12220635,-0.04284673,0.011220343,0.049655568
0.4731426,0.48521194,0.46548432,0.4616344,0.42852294,0.38022855,0.3106839,0.24489853,0.18298301,0.118099585,0.078620836,0.051804595
0.038962346,0.089421906,0.09417972,0.05834368,0.043395117,0.03766823,0.040202502,0.032043867,0.032788843,0.0385629,0.03638485,0.037596565
-0.08599047,-0.10754822,-0.13060804,-0.12030476,-0.11661784,-0.101802126,-0.08996834,-0.060407683,-0.028681692,0.0024071718,0.02485606,0.040887415
-0.025857294,-0.029328506,-0.0077924654,0.008837003,0.014586963,0.015193645,0.018569473,0.020102724,0.018526465,0.016277734,0.014489001,0.015332557
-0.05892734,-0.064858906,-0.05918537,-0.036193125,-0.022403024,-0.009611063,-0.0100046545,-0.008821938,-0.016049039,-0.032194503,-0.040262543,-0.048491232
-0.0995886,-0.13878885,-0.14312373,-0.11082913,-0.088619635,-0.072330564,-0.067106,-0.052696332,-0.050018586,-0.053662688,-0.05326561,-0.05376199
-0.941235,-0.8560654,-0.70836693,-0.6046721,-0.54651153,-0.4621439,-0.33706445,-0.24253273,-0.19007385,-0.12933615,-0.113341,-0.09586687
-0.3444573,-0.39649153,-0.40552485,-0.3638013,-0.33813548,-0.3056716,-0.2661686,-0.20295516,-0.1530755,-0.097154714,-0.06327674,-0.050853092
0.016255923,-0.08906698,-0.20564711,-0.26089916,-0.29220083,-0.29446816,-0.28333372,-0.22184387,-0.13739027,-0.042203628,0.02020854,0.05884657
-0.22692564,-0.25686133,-0.2536048,-0.15236507,-0.097773224,-0.04831744,-0.048458412,-0.017095082,-0.025060397,-0.043432683,-0.049335074,-0.06892653
-0.121799186,-0.09025108,-0.09167202,-0.13874915,-0.14800641,-0.13586897,-0.105426915,-0.09364749,-0.06296799,-0.031641364,-0.013220072,0.008847453
0.041664466,0.04727251,0.02967554,-0.0002611354,-0.009655692,-0.017608844,-0.0160143,-0.011832558,0.0057640225,0.027167838,0.039542533,0.044344217
0.12157464,0.07932858,0.043035626,-0.010520756,-0.040186703,-0.06360045,-0.056900486,-0.037735566,-0.0008517206,0.056914173,0.09137636,0.112137064
0.028518287,0.0775866,0.045013383,0.045823116,0.062095854,0.09073952,0.0777863,0.069359496,0.04723543,0.032214675,0.01868504,-0.0016455073
0.29001355,0.18554899,0.09851059,-0.01343891,-0.06839052,-0.10065642,-0.0974032,-0.073536485,-0.021520734,0.049854264,0.09573491,0.12877682
-1.0064672,-1.0084114,-0.9063246,-0.7447514,-0.6538741,-0.55675256,-0.46852612,-0.3969789,-0.3807078,-0.38624537,-0.3963961,-0.41585082
-0.08103212,-0.039861962,0.018719792,0.050878137,0.07397437,0.09766857,0.09903994,0.07691045,0.034727477,-0.017510056,-0.05145172,-0.067598574
0.39586404,0.4039165,0.30424628,0.18657866,0.116135,0.07696211,0.052636832,0.05219789,0.10260087,0.1695315,0.22239855,0.2662757
-1.3786196,-1.3613845,-1.3160472,-1.034276,-0.9025593,-0.7465009,-0.6545134,-0.51235056,-0.44731766,-0.42327428,-0.4011993,-0.41271034
0.415596,0.4747577,0.5014924,0.49996215,0.49910086,0.46315604,0.39551806,0.3142195,0.20917608,0.106975496,0.03822338,-0.013660774
0.39323986,0.3301095,0.27680743,0.24070255,0.21445034,0.1891109,0.13603775,0.085058056,0.052717585,-0.00269825,-0.014590979,-0.011381544
0.08805265,0.083226204,0.04402738,0.017048761,0.0028314143,-0.017367542,-0.028291404,-0.025146969,0.00014483556,0.035999987,0.06255668,0.07594915
-0.2511589,-0.1643819,-0.10619867,-0.049874395,0.007934064,0.03890963,0.03909917,0.024308369,-0.019361258,-0.07243715,-0.11419602,-0.16141164
0.2934093,0.27908972,0.24630398,0.20894048,0.1707346,0.13073789,0.10233025,0.07215442,0.065583,0.06468317,0.068610966,0.07507722
0.23905894,0.1926576,0.13678445,0.10462052,0.076088995,0.062275127,0.035984904,0.03354241,0.04627531,0.04576665,0.058770165,0.074487895
0.03967356,0.021455612,0.008945718,0.0005459562,-0.010500513,-0.012841608,-0.015179418,-0.00763168,0.00042346306,0.0071849246,0.0175144,0.02748207
0.038488008,0.00786854,-0.006460108,-0.02681885,-0.038573902,-0.045750156,-0.037428457,-0.02571138,-0.0020356812,0.025699627,0.04522393,0.06225979
-0.22352168,-0.24334556,-0.27365154,-0.28154153,-0.28350258,-0.26653627,-0.23378709,-0.18448846,-0.12583002,-0.06467435,-0.026604213,-0.0013459995
0.132512,0.10241795,0.0847823,0.0507019,0.03468217,0.018357657,0.014633149,0.008789748,0.015774727,0.026643056,0.033904754,0.04307631
0.004453375,-0.0003978517,-0.006048061,0.029404152,0.04467184,0.051857937,0.03807977,0.04143815,0.03204284,0.0225046,0.016750408,0.0056376606
0.18452743,0.14086905,0.137392,0.12214832,0.11551942,0.093188435,0.07866852,0.067366034,0.05611835,0.05540495,0.051956132,0.04564425
-0.44330388,-0.36586267,-0.30538097,-0.21951002,-0.16125727,-0.11999416,-0.094667345,-0.07763006,-0.08551496,-0.10107364,-0.11714977,-0.14109817
0.13684602,0.1409421,0.12816304,0.090243384,0.06968548,0.046693012,0.03696993,0.018917594,0.018835913,0.022852618,0.025173899,0.030053493
0.03241714,0.0443545,0.045258034,0.062111326,0.07348576,0.077318735,0.05786968,0.031731475,0.0008300431,-0.04950863,-0.072125144,-0.08811352
0.15460254,0.15348779,0.13393888,0.10173014,0.07861677,0.057332084,0.050314203,0.05317939,0.067987226,0.095062315,0.108738296,0.11643341
0.014929028,-0.0068968125,-0.034149546,-0.042615287,-0.04840973,-0.042196598,-0.040985703,-0.027840856,-0.013864469,0.0021427292,0.013375817,0.017910633
0.17084166,0.142953,0.10743493,0.09706463,0.07775967,0.053295314,0.027531557,0.010091469,0.010469507,0.0036840774,0.00819397,0.014800716
-0.43621784,-0.4385879,-0.39582175,-0.3333112,-0.29327482,-0.24802616,-0.20489597,-0.17799807,-0.17002358,-0.17637482,-0.18023051,-0.18386306
-0.037654534,-0.067536384,-0.09868367,-0.120029435,-0.13112901,-0.123447314,-0.109973766,-0.084902376,-0.054374173,-0.024718922,-0.0078024557,0.009379058
0.19494936,0.15833524,0.13568173,0.1418646,0.1482502,0.11198427,0.07963511,0.072232984,0.089089304,0.10516982,0.1224993,0.12591502
-0.058887072,-0.109375656,-0.14875272,-0.1550167,-0.15952116,-0.15937021,-0.15179038,-0.12462563,-0.087482855,-0.04488523,-0.012560314,0.0051593035
0.16853361,0.14529517,0.12183218,0.08965021,0.06983318,0.052557595,0.041994333,0.036526874,0.046721917,0.060136497,0.0714173,0.08354685
0.2211436,0.19469115,0.16786788,0.14254081,0.1178026,0.091395035,0.0653422,0.040954087,0.03923527,0.026345417,0.029983368,0.040128853
-0.07523375,-0.107656345,-0.13309073,-0.13905674,-0.14526646,-0.1416158,-0.12635036,-0.093462735,-0.050517365,-0.004861538,0.027812053,0.049376685
-0.16161115,-0.16067004,-0.1794261,-0.17193982,-0.16623993,-0.14940941,-0.1325323,-0.100896694,-0.06734624,-0.033200555,-0.008706585,0.0030274093
0.29334098,0.39894977,0.4239909,0.4511082,0.45111638,0.4337652,0.36346483,0.26392323,0.14974625,0.020461919,-0.055303417,-0.10902891
0.109667376,0.096100934,0.09480208,0.10510023,0.104027376,0.10326048,0.08388125,0.069474734,0.050067693,0.014819126,-2.1494925e-05,-0.00518569
0.61602795,0.5290639,0.43989003,0.3657198,0.30169976,0.24072617,0.18129373,0.14628242,0.14184402,0.14956342,0.17411911,0.20087507
-0.069375664,-0.10603717,-0.12712863,-0.1286237,-0.1309817,-0.12428303,-0.11261499,-0.08864801,-0.057983354,-0.030302469,-0.0076678116,0.010039037
-0.8700701,-0.8840488,-0.78239703,-0.5915364,-0.48297107,-0.38607714,-0.31604815,-0.23093574,-0.21409899,-0.21261093,-0.21785203,-0.24009427
0.3919993,0.377887,0.33777538,0.27027556,0.23725334,0.21197644,0.17977074,0.14289847,0.12352985,0.10639849,0.10209429,0.11151985
0.12661448,0.12480734,0.08119889,0.025985315,-0.0059653074,-0.023974031,-0.02586034,-0.020877406,0.008906096,0.04615708,0.06935315,0.089421764
-0.10488212,-0.09631485,-0.066087484,-0.040782705,-0.027931951,-0.02566988,-0.020906307,-0.033059925,-0.048905835,-0.073217735,-0.08744347,-0.09843872
0.049541365,0.19648394,0.22419944,0.1722043,0.13816102,0.12881868,0.14419939,0.118162096,0.122003496,0.1335054,0.131806,0.14393345
0.40230662,0.4730586,0.52103317,0.46447754,0.43340924,0.39476252,0.3397439,0.20620546,0.085057445,-0.0445749,-0.1186139,-0.14792125
-0.031371847,-0.05074247,-0.06649702,-0.06897915,-0.07154967,-0.06489523,-0.05348672,-0.014239594,0.018751387,0.06739879,0.09430175,0.10681647
-0.21493009,-0.18679267,-0.17646718,-0.17518654,-0.16997537,-0.1614961,-0.13025683,-0.10188968,-0.06818236,-0.025750216,-0.006419223,-0.0012250245
0.1823543,0.15525773,0.12562066,0.09062037,0.07297602,0.05087722,0.033664867,0.020079933,0.0224922,0.028028816,0.03757282,0.043095168
0.22319289,0.20180869,0.14195284,0.107941955,0.08407639,0.07425823,0.053610146,0.06419834,0.08628736,0.11688862,0.14052035,0.16028386
0.42415085,0.35666245,0.28926468,0.22052306,0.19619814,0.14320207,0.10962951,0.110043734,0.13005413,0.17335682,0.1911318,0.19760087
-0.11560004,-0.13090655,-0.12144205,-0.100376174,-0.08208405,-0.072423436,-0.061924472,-0.048090354,-0.046078846,-0.043784153,-0.04408729,-0.049996696
0.050434098,-0.007488318,-0.04061483,-0.06918533,-0.07448474,-0.0814458,-0.085086666,-0.088265106,-0.08941886,-0.08392134,-0.08081318,-0.08196692
-0.2652748,-0.27255166,-0.26117036,-0.20070645,-0.16412492,-0.12883404,-0.1142123,-0.08793047,-0.09412677,-0.101102985,-0.11126185,-0.12662572
0.026567064,0.018204426,0.014109818,-0.006677559,-0.016496627,-0.021418512,-0.01795283,-0.02065555,-0.011429512,-0.0053165266,0.0015325202,0.012134075
-0.15432441,-0.17383912,-0.219348,-0.122736484,-0.08528699,-0.10418001,-0.1291105,-0.077976644,0.016041711,0.09442043,0.15947735,0.18027759
-0.04343676,-0.08336303,-0.1250505,-0.14569111,-0.15290537,-0.15556481,-0.14555538,-0.11686881,-0.07221927,-0.023361167,0.01288978,0.034929752
-0.017529562,-0.0238454,-0.022696346,-0.019437661,-0.015981574,-0.018361025,-0.011510368,-0.006942667,-0.0025746506,0.00929024,0.011134916,0.0089972215
0.13484472,0.070579976,-0.015215784,-0.09944756,-0.14568558,-0.17393017,-0.17462565,-0.16696951,-0.117084645,-0.06518304,-0.021031827,0.011615574
0.12274684,0.108884916,0.043599024,-0.0062202513,-0.024874657,-0.030122325,-0.038394794,-0.021898948,0.006467171,0.050871693,0.08042137,0.09521132
-0.15897128,-0.16243494,-0.13987124,-0.12714687,-0.11640744,-0.10118063,-0.080185294,-0.070419036,-0.06348121,-0.06175685,-0.060323708,-0.05784846
-0.112491935,-0.10707583,-0.09582646,-0.113711715,-0.12070423,-0.12625477,-0.1020965,-0.07986127,-0.04253886,0.0063548796,0.03246434,0.04941889
-0.44708928,-0.45488465,-0.42830783,-0.33589554,-0.27425003,-0.2144556,-0.18349743,-0.12947589,-0.10687612,-0.086043626,-0.07428169,-0.07214357
0.22899628,0.3118712,0.33170998,0.34941885,0.34444237,0.32103378,0.27512264,0.21320903,0.13094716,0.05374429,-0.0034494735,-0.04461653
-1.2064342,-0.3726238,-1.3676751,-1.0848914,-0.8992865,-0.2664368,-0.48049295,-0.12036133,-0.07802567,-0.060607523,-0.012613222,-0.094199866
0.22903632,0.2278482,0.23419231,0.22557881,0.21975768,0.19830613,0.16840813,0.12881401,0.085603714,0.037529934,0.009536505,-0.006558791
-1.2466539,-1.2814388,-1.2594981,-1.0090401,-0.8936181,-0.77181137,-0.68962085,-0.53116506,-0.42131084,-0.3429685,-0.28210852,-0.26962572
-0.00973824,-0.05264433,-0.05695659,-0.067011386,-0.0685234,-0.06735523,-0.06279605,-0.072013736,-0.07485649,-0.08883116,-0.09112919,-0.0871257
0.070641145,0.06476882,0.048286706,0.04131171,0.037779525,0.029028438,0.02049391,0.019219398,0.018866718,0.02606351,0.027545694,0.023864778
0.06577879,0.041061394,0.03533122,0.0133931935,0.0020808727,-0.015975207,-0.008285463,0.010248765,0.028543696,0.06789972,0.07812927,0.08469834
0.4350828,0.3907199,0.30329147,0.21775657,0.16594553,0.1046021,0.067433536,0.055830956,0.082077414,0.12745917,0.15659724,0.17708904
-0.1973132,-0.13539018,-0.055067807,-0.013521671,0.017297417,0.034889564,0.050011188,0.02411075,-0.014798686,-0.06860377,-0.109990716,-0.13513714
-0.08243554,-0.094298534,-0.057739966,0.005360998,0.029672056,0.048232675,0.04238358,0.037004426,0.0026186742,-0.045943305,-0.07347952,-0.09495355
0.5051628,0.5696554,0.5031325,0.3493612,0.2635002,0.20686385,0.17421955,0.15264943,0.120268315,0.13449875,0.12651749,0.13750343
0.13993739,0.11940848,0.098689914,0.07995168,0.071668595,0.06509863,0.046817712,0.023545828,-0.0012078937,-0.026343036,-0.042224742,-0.04738204
-0.2842365,-0.27957475,-0.24062285,-0.16002367,-0.111435056,-0.076756194,-0.07128309,-0.07814191,-0.11696783,-0.16881076,-0.19983895,-0.22946435
0.05641709,0.051111415,0.04295837,0.02516669,0.014272325,0.002260115,-0.0010498092,-0.0069230236,-0.0026751086,0.0033889902,0.0078046434,0.011493527
-0.019726118,-0.056318533,-0.077030666,-0.08024385,-0.07737777,-0.07294147,-0.06692884,-0.048300166,-0.03255263,-0.011365151,0.0024571111,0.009166111
-0.3400148,-0.3010357,-0.26319093,-0.22817782,-0.19096586,-0.14467016,-0.1067363,-0.08721542,-0.086550504,-0.09259217,-0.103436716,-0.110723354
-0.25378957,-0.25735903,-0.28817698,-0.33309367,-0.3452698,-0.31642938,-0.26035386,-0.20268121,-0.13387696,-0.0530758,-0.008589093,0.026904747
0.70740443,0.6614802,0.61306983,0.5463736,0.5125049,0.42039424,0.3207001,0.17981845,0.060455628,-0.079818666,-0.15195444,-0.20512244
0.12914973,0.14099263,0.14304987,0.14704928,0.14297634,0.13635701,0.11688569,0.09970684,0.07639746,0.052735105,0.03602352,0.028080508
-0.16164845,-0.24965245,-0.29185715,-0.2931893,-0.29734144,-0.28806645,-0.2652925,-0.22011603,-0.1663959,-0.10157629,-0.052040707,-0.021348111
0.065799914,0.0715244,0.06589648,0.051378604,0.048250873,0.0437898,0.03490617,0.02518813,0.016943034,0.0099383965,0.007412672,0.006069007
0.7457433,0.63832533,0.581148,0.50707626,0.46842694,0.38180974,0.28201157,0.13919002,0.020916924,-0.12006751,-0.20849419,-0.2729513
0.14765811,0.12755702,0.09342663,0.058108628,0.034475,0.02031888,0.011899009,0.013205975,0.024705067,0.042525843,0.054325104,0.0639939
-0.08286834,-0.107412644,-0.0981926,-0.103529036,-0.10773466,-0.09973207,-0.08533128,-0.09444704,-0.0933639,-0.11329186,-0.117219165,-0.111790605
0.5015109,0.4893207,0.44506615,0.3994176,0.36441067,0.3247488,0.2670728,0.22546086,0.1923565,0.16780029,0.1569493,0.15224962
0.50764656,0.4391465,0.36441565,0.286978,0.240026,0.18397334,0.13693243,0.10921794,0.10628207,0.12004224,0.13089707,0.14384887
-0.86717474,-0.8891063,-0.81224513,-0.63707304,-0.5405483,-0.4213221,-0.34067726,-0.23207903,-0.19899376,-0.18659982,-0.18202968,-0.18444115
-0.14812607,-0.20837055,-0.20812486,-0.17019978,-0.13856138,-0.11794245,-0.10088393,-0.069330975,-0.05497403,-0.04072993,-0.029975489,-0.031275738
0.20348652,0.1651051,0.15448143,0.15416278,0.16689065,0.15038925,0.12140693,0.10324712,0.07705013,0.058258183,0.043166436,0.02605825
0.22022349,0.17847736,0.14374128,0.1369529,0.12951854,0.113546036,0.08223538,0.06016759,0.039923567,0.020705458,0.015393104,0.010713305
0.5058868,0.45930248,0.40976077,0.36985445,0.34470737,0.28915837,0.21410197,0.1444619,0.09264657,0.03883798,0.020087488,0.0016124621
-0.48689255,-0.5257462,-0.5071738,-0.49091014,-0.46185088,-0.42282674,-0.3466528,-0.264643,-0.1871894,-0.093431905,-0.046781577,-0.024856418
-0.03575393,-0.028928325,-0.022513457,-0.03778314,-0.043574333,-0.039372854,-0.030073456,-0.035241414,-0.036468916,-0.039339222,-0.04110215,-0.03493353
-0.05674587,-0.053954743,-0.037772425,-0.029956248,-0.025703674,-0.015628919,-0.0039795246,0.011053901,0.013940654,0.02120393,0.019482441,0.018124048
-0.11245767,-0.13699569,-0.12515609,-0.10131979,-0.08581776,-0.07431275,-0.062039465,-0.050169535,-0.046560775,-0.046245813,-0.045080464,-0.047639795
0.39384532,0.35538167,0.29983345,0.24905924,0.21293986,0.17658141,0.13484636,0.10459717,0.096255094,0.081648074,0.085810095,0.094570115
-0.14424922,-0.14054188,-0.13300332,-0.12489876,-0.11726573,-0.103667594,-0.08475794,-0.06867231,-0.056207113,-0.043581933,-0.03770351,-0.033145048
-0.14508039,0.004592538,-0.045273423,-0.1532605,-0.1717406,-0.1330249,-0.09228036,-0.07022538,-0.00038011372,0.06967059,0.11120667,0.15324369
-0.038159527,-0.062019784,-0.02461401,0.029997483,0.06380929,0.07769261,0.06983178,0.05701362,0.01778926,-0.030377768,-0.058785394,-0.08135863
0.1921795,0.16768412,0.14804812,0.120862834,0.09270728,0.07354805,0.05883214,0.05083684,0.052979164,0.053635508,0.060643613,0.07197176
-0.09538925,-0.13202927,-0.14044407,-0.1067139,-0.08752172,-0.086469576,-0.08357978,-0.07038255,-0.061290767,-0.04472899,-0.036063753,-0.040858723
0.0027975477,0.012878874,0.024685167,0.015015006,-0.0027710274,-0.004952848,0.0029004067,0.008861043,0.01447357,0.026032904,0.02575785,0.029460188
0.08528867,0.098369144,0.13281098,0.15579091,0.15505728,0.13779065,0.11952565,0.093469776,0.063858464,0.033795074,0.013945693,0.00020837132
-0.07566046,-0.10363525,-0.12910879,-0.14486992,-0.14829269,-0.14889853,-0.13543601,-0.11550324,-0.088775575,-0.053957693,-0.033377558,-0.023290005
0.11926236,0.10556198,0.08636536,0.059691936,0.04870023,0.03455177,0.021029837,0.0112077445,0.01020851,0.0070411265,0.00793708,0.0067004636
-0.6469047,-0.533448,-0.42971689,-0.38226393,-0.33517396,-0.26812404,-0.18325841,-0.1391156,-0.113048404,-0.09105113,-0.09526305,-0.097198926
0.39115515,0.35762408,0.30832443,0.24812108,0.21306959,0.17712578,0.15066093,0.13813664,0.12705055,0.14035916,0.13499476,0.13281254
-0.35591388,-0.22435841,-0.14444989,-0.09942478,-0.06448603,-0.02244839,0.01058346,0.009399444,7.805228e-05,-0.023942031,-0.050309956,-0.06231612
-1.1241337,-1.1788964,-1.1737638,-0.90378106,-0.7749156,-0.62050015,-0.5558151,-0.3911757,-0.31173578,-0.26690495,-0.22679725,-0.2240574
0.03651376,-0.057911277,-0.16002768,-0.19340947,-0.21818005,-0.22009885,-0.22533005,-0.19438463,-0.13993508,-0.08596519,-0.0348453,-9.953976e-06
0.2599978,0.22218418,0.1786967,0.14560074,0.11655155,0.09867208,0.070590496,0.05575168,0.058061294,0.05612519,0.06854452,0.0859627
0.24804896,0.2542178,0.21975505,0.16792378,0.13870275,0.11188726,0.09143342,0.07887004,0.082346775,0.094398424,0.100906,0.10448067
-0.0560444,-0.01815039,-0.011565313,-0.03054832,-0.027928755,-0.026224185,-0.014884442,-0.02075241,-0.009310227,-0.0024277046,-0.0009011291,0.0006539002
0.27071935,0.26746404,0.21253306,0.15899679,0.13693498,0.1116029,0.077811,0.068091825,0.07048599,0.07626274,0.09039016,0.09350541
0.2767337,0.23684023,0.20576087,0.1639716,0.13898994,0.111275926,0.090418234,0.077109545,0.07678713,0.08299258,0.08974223,0.098083474
-0.16030557,-0.13280909,-0.09181604,-0.08193533,-0.076182775,-0.0690041,-0.042579778,-0.033846434,-0.023547433,-0.010128818,-0.010331113,-0.007875061
0.072832264,0.04771866,0.036998257,0.02593293,0.02222193,0.014951054,0.011212055,0.003903821,-0.0005311873,-0.001605941,-0.002548838,-0.0017304458
-0.0041637123,-0.11175093,-0.18340357,-0.2158332,-0.2405132,-0.24958219,-0.23910949,-0.2045969,-0.14513113,-0.085345075,-0.03429759,0.00015147775
0.09780997,0.045914546,0.0017257035,-0.018299304,-0.028357029,-0.03256944,-0.037892945,-0.015668534,0.01632984,0.049250066,0.07571284,0.094380274
-0.037167624,-0.019672953,0.024355426,0.036302775,0.0463823,0.044336356,0.05399092,0.042720947,0.025103344,0.009432754,-0.00845629,-0.018339183
0.3528946,0.33009198,0.36019725,0.40383303,0.41838235,0.38356858,0.3219027,0.2515485,0.14466012,0.051181264,-0.019045591,-0.073218144
0.50986594,0.46914256,0.4279602,0.33489457,0.28491044,0.23811828,0.20320916,0.17091975,0.1556166,0.15905026,0.15849376,0.16463605
0.25656942,0.25337443,0.23283313,0.17663382,0.14797658,0.1113483,0.09094387,0.057120107,0.0452253,0.037669793,0.032298397,0.029922891
-0.12493082,-0.15773287,-0.16290487,-0.15429512,-0.16407022,-0.17664519,-0.16201882,-0.13774762,-0.09891643,-0.05500392,-0.024841245,-0.0059537366
0.32975197,0.23265833,0.13761818,0.0379619,-0.022907108,-0.06698114,-0.082206994,-0.09014493,-0.058170006,-0.021103457,0.0073246434,0.037995145
-0.051791362,-0.03714268,-0.03052789,-0.056318816,-0.061805017,-0.059029095,-0.041262906,-0.03663356,-0.024683129,-0.0107107535,-0.0067802127,0.00076668896
0.051467434,-0.010871619,-0.09559867,-0.15436721,-0.17923433,-0.19815025,-0.1982156,-0.14624262,-0.08951734,0.0028891116,0.07133216,0.090834245
0.034599904,0.04123716,0.051014975,0.0443248,0.044193834,0.043566898,0.042317335,0.03722216,0.03131582,0.02218711,0.016693287,0.01709689
-0.7676035,-0.7690438,-0.6948408,-0.57301486,-0.5064812,-0.4311365,-0.35794073,-0.2776256,-0.24150291,-0.21363127,-0.19794194,-0.19903423
-0.26042178,-0.32707208,-0.37154704,-0.44174254,-0.47254893,-0.467933,-0.40342325,-0.3605082,-0.26336843,-0.17656872,-0.11344068,-0.060314074
-0.51839197,-0.46484324,-0.35420468,-0.24497607,-0.1737481,-0.117120445,-0.08075994,-0.08381185,-0.136143,-0.21103841,-0.2708948,-0.3145491
-0.043866288,-0.039972745,-0.029325664,-0.026589874,-0.026698243,-0.024767775,-0.015233763,-0.0067115137,0.0010841722,0.013213877,0.01773733,0.020165037
0.34884223,0.3303035,0.31045586,0.2440367,0.21124353,0.17074534,0.13857552,0.09738493,0.06547168,0.047032706,0.03832862,0.038580395
0.008155119,0.01415142,0.008104023,-0.02126196,-0.034227207,-0.040717423,-0.032019403,-0.02643234,-0.009570595,0.014260267,0.025181651,0.033763625
-0.32100803,-0.54666394,-0.5921619,-0.5528512,-0.51176775,-0.40819496,-0.33756363,-0.19601814,-0.112985566,-0.0020802803,0.014929958,0.02186611
-0.13300896,-0.099691324,-0.06370269,-0.050790697,-0.0347687,-0.016123146,-0.00044742227,0.00044805557,-0.010595962,-0.025050025,-0.037092827,-0.041851576
0.3048245,0.32315555,0.36577186,0.4066844,0.43074095,0.37946528,0.27686673,0.087690115,-0.11468828,-0.3824032,-0.551604,-0.6808614
-0.3546412,-0.32473758,-0.29418012,-0.25540853,-0.2361183,-0.1966854,-0.15710494,-0.11120548,-0.07945229,-0.05047297,-0.033660516,-0.023499701
0.003316423,-0.0053247134,-0.024181457,-0.040021956,-0.045843557,-0.038007773,-0.033586863,-0.02361498,-0.0104132835,-0.00094782165,0.0075256713,0.018787581
-0.004684292,0.0109160915,0.01768661,0.020422868,0.016583167,0.00670141,0.014331769,0.031312138,0.05445234,0.08179155,0.09115029,0.09687045
-0.08942561,0.111277,0.09605208,0.0066357255,-0.02727577,-0.016807362,0.016888961,0.036141723,0.091190144,0.17364916,0.20205697,0.23292026
-0.076585785,-0.07951837,-0.06434707,-0.037147924,-0.026955757,-0.020590547,-0.018608011,-0.02384616,-0.036991753,-0.05440879,-0.0657574,-0.07563722
-0.035965372,-0.07094684,-0.12251361,-0.17835808,-0.20242871,-0.20830229,-0.18552533,-0.15079448,-0.084126785,-0.013619455,0.037280828,0.07464461
-0.25777406,-0.3035407,-0.31838503,-0.32882443,-0.32474732,-0.31227434,-0.26930624,-0.22388622,-0.16905464,-0.10680027,-0.073683515,-0.05880575
-0.062898576,-0.09557752,-0.11575477,-0.11822582,-0.12008965,-0.115767494,-0.10558307,-0.08231749,-0.05853714,-0.03244564,-0.014540153,-0.0037761796
-0.058813877,-0.0064944476,0.03497842,0.066217154,0.08564894,0.09246774,0.08753018,0.062919,0.031694602,-0.010210976,-0.03842418,-0.057795636
0.06856936,0.04088208,0.017126486,-0.017007574,-0.029675528,-0.03686235,-0.027830932,-0.017536186,0.002635546,0.027004292,0.04153888,0.057167783
0.14096808,0.12392347,0.08845258,0.040028334,0.0077144057,-0.0103649795,-0.013228759,-0.020515706,-0.005273711,0.009973696,0.020973768,0.036938377
-0.009846991,-0.011231994,-0.0019822381,0.02963409,0.040860727,0.04548364,0.029638713,0.024138507,-4.972052e-05,-0.02624672,-0.040727727,-0.05679962
0.2600907,0.2776113,0.2542842,0.2067807,0.18700281,0.1909209,0.1748374,0.14830062,0.13135351,0.09400774,0.07357651,0.07951243
0.55741745,0.47557124,0.44309413,0.46417975,0.45455956,0.39121476,0.30522257,0.24008873,0.18930441,0.14599438,0.13887776,0.13197938
0.23181868,0.21242212,0.16047372,0.103395134,0.07122977,0.05916527,0.03481379,0.013042478,0.007464323,-0.010896508,-0.013728384,-0.006694624
0.015366134,0.01506647,0.0079369005,0.013491934,0.015845206,0.013179891,0.007758662,0.00463475,0.0050342893,0.004565987,0.006042418,0.0047539603
-0.01833348,-0.057642408,-0.042766698,0.020399861,0.05082918,0.071012914,0.05241067,0.03889756,-0.012857016,-0.07482493,-0.10542564,-0.12454527
-0.21597674,-0.18676597,-0.12702322,-0.047156185,0.001233995,0.04243189,0.045642793,0.038928434,-0.0061809123,-0.0692085,-0.10976116,-0.137997
-0.13738129,-0.13918847,-0.11673659,-0.10998082,-0.100865796,-0.09012142,-0.072754264,-0.08240609,-0.08585726,-0.10467007,-0.10986275,-0.10974637
0.13002512,0.11987468,0.11171828,0.0960368,0.098710306,0.10280587,0.08823785,0.069116205,0.049918685,0.01357149,0.001019137,-0.00016855076
0.04040884,-0.017238721,-0.06566572,-0.078134045,-0.07712211,-0.07579916,-0.077398516,-0.052514244,-0.021557301,0.013464421,0.04286488,0.056221947
0.38686126,0.36111876,0.30494213,0.23232716,0.1743288,0.11689627,0.08335227,0.04698199,0.045453727,0.05394635,0.061533805,0.07024582
0.023852156,0.022432657,0.022223413,0.034828734,0.037267808,0.038233157,0.029089784,0.027858725,0.019670319,0.010194018,0.0062496606,0.000484718
0.5900723,0.47807655,0.35063648,0.20724612,0.103925824,0.03608775,-0.008588493,-0.023122758,0.020852998,0.11956519,0.21754538,0.31211394
0.18220297,0.23932114,0.23576131,0.17927453,0.13617451,0.091613516,0.080081135,0.047258563,0.057418242,0.069927774,0.07817623,0.088965535
-0.12545846,-0.12834176,-0.096688405,-0.06410691,-0.04103832,-0.016477972,-0.004253924,0.009603195,0.0043885075,-0.007851381,-0.015845113,-0.021494672
-0.2440146,-0.23757373,-0.22728291,-0.16563511,-0.12299253,-0.08880837,-0.074695095,-0.054604962,-0.04967946,-0.050309345,-0.049950033,-0.058939386
-0.051153786,-0.05694822,-0.038959175,-0.0097396895,0.0067479387,0.0161319,0.017882295,0.02003429,0.009010825,-0.0029298929,-0.012432649,-0.019759148
0.031516407,0.030359149,0.051382124,0.07040083,0.074782014,0.05484593,0.037490875,-0.00859425,-0.05589759,-0.1018954,-0.13302247,-0.16215126
0.22455016,0.1827358,0.17650831,0.14230886,0.12894145,0.106245816,0.09166223,0.07588765,0.058515526,0.062012497,0.061472476,0.058225255
-0.06306644,-0.14134166,-0.18373337,-0.20261267,-0.2129751,-0.21167397,-0.19721791,-0.14060767,-0.09208705,-0.018987138,0.018168941,0.034337144
-0.40555164,-0.38449907,-0.36969674,-0.3515193,-0.33109134,-0.28377646,-0.23280865,-0.18243231,-0.14245185,-0.103901684,-0.08207979,-0.067246445
-0.136137,-0.16249497,-0.17826913,-0.1675719,-0.16460595,-0.15546237,-0.13826117,-0.10884385,-0.0762957,-0.03939585,-0.0149521995,-0.00035014376
0.08557112,0.095310256,0.07309743,0.06579732,0.06494643,0.06314553,0.048870236,0.049426116,0.046683006,0.04865215,0.04940253,0.043850612
0.034118444,-0.028925851,-0.06287978,-0.053281397,-0.037844896,-0.036807984,-0.047481,-0.009541944,0.012424983,0.044594795,0.065428406,0.063247554
0.25945854,0.10910219,0.0045058727,-0.075197905,-0.10535824,-0.13954142,-0.1387518,-0.08636966,-0.01663196,0.08107312,0.13591728,0.16920954
0.29021174,0.1983679,0.0778836,-0.086060345,-0.16533417,-0.2249,-0.213148,-0.18952326,-0.09259039,0.027319167,0.10543193,0.1578095
0.06497148,0.09025426,0.07775976,0.04674859,0.027835187,0.011174671,0.009261828,-0.0034392104,0.009227978,0.0212595,0.02845308,0.035963207
-0.016095717,0.013275228,0.014653243,0.022677936,0.03740466,0.040737532,0.034613043,0.021127222,0.008529618,0.0024413504,-0.0014636591,-0.0148053
-0.026194649,-0.032619253,-0.037948202,-0.083979346,-0.106602006,-0.11988841,-0.10257621,-0.092859045,-0.05872088,-0.018662386,0.0077784583,0.029550068
0.0022083549,0.0043361727,0.023454338,0.0316626,0.044412717,0.050543427,0.047469907,0.035028834,0.011756824,-0.015942257,-0.03245924,-0.044522498
0.073939115,0.037848994,0.08016973,0.06782736,0.0744417,0.07347883,0.067576155,0.030158252,0.0025676265,-0.05349621,-0.07023722,-0.06526657
0.28846917,0.2766869,0.27147138,0.30077273,0.30266505,0.29709825,0.24498773,0.20060423,0.13037187,0.041383386,-0.005468324,-0.026336513
0.09951148,0.061898857,0.026697949,-0.012861222,-0.035523623,-0.053316846,-0.053221643,-0.031561077,0.0025764033,0.050154574,0.080527924,0.100199446
0.087101825,0.08087239,0.13037564,0.16654983,0.18813959,0.17199093,0.15558097,0.12234531,0.070573926,0.024526693,-0.0155114345,-0.045713987
-0.23218305,-0.21948716,-0.19652286,-0.1723465,-0.1607223,-0.13291444,-0.10338433,-0.07121718,-0.054058462,-0.035059754,-0.026500808,-0.022814939
0.20982294,0.3208978,0.33876067,0.3547362,0.34101808,0.29796624,0.2610746,0.24123959,0.2309455,0.24019301,0.23492861,0.22723943
-0.36201477,-0.52780885,-0.6326697,-0.6007047,-0.53988796,-0.49259955,-0.48056462,-0.39158273,-0.32314453,-0.25140065,-0.18529652,-0.17015715
-0.2389292,-0.21476191,-0.17858574,-0.11966312,-0.09483454,-0.058774278,-0.03832367,-0.019033015,-0.03206439,-0.045728844,-0.057573006,-0.06827496
0.08925854,0.04561428,0.01708886,0.00970982,0.010625929,0.018995613,0.0032501668,-0.0075738654,-0.023366898,-0.045385137,-0.04786148,-0.04531222
0.023329891,-0.019275911,0.0177241,0.047841825,0.059699647,0.062268436,0.051850528,0.032034576,-0.008345034,-0.052540183,-0.08348764,-0.10277578
0.05044979,0.018408403,-0.0047834814,-0.020628743,-0.02661777,-0.028124996,-0.028745804,-0.022327334,-0.015797654,-0.0062461253,-0.0026717102,0.0005934434
-0.28775787,-0.27792826,-0.24603574,-0.19510368,-0.16014412,-0.12362532,-0.10034228,-0.06478581,-0.051376652,-0.039281074,-0.03423257,-0.039718967
-0.26339325,-0.24838766,-0.2784185,-0.30929503,-0.31353068,-0.28929895,-0.24119046,-0.1738846,-0.09091862,0.002900049,0.055793762,0.08798792
0.6361823,0.6548003,0.6442516,0.59664494,0.5626852,0.5224358,0.43536818,0.32177353,0.20855995,0.076411024,0.0046238527,-0.023561567
-0.286399,-0.16060883,-0.23419103,-0.42078927,-0.49177822,-0.47635972,-0.3785915,-0.32366252,-0.19442347,-0.037257306,0.035421707,0.09931128
0.1767978,0.12679468,0.08662827,0.053191453,0.033653498,0.017599672,0.009565651,0.01932501,0.042832524,0.07035449,0.08996953,0.107289925
0.26113343,0.24996285,0.22618641,0.1914447,0.16038623,0.1270586,0.10140358,0.077917635,0.0678217,0.062383942,0.061095502,0.06406679
-0.29870024,-0.30659252,-0.30701008,-0.2875334,-0.2697013,-0.23935017,-0.20405999,-0.16533512,-0.13147576,-0.09773819,-0.07505306,-0.061502088
0.37032354,0.5040394,0.4787845,0.39691362,0.3208807,0.2799303,0.2559836,0.21717566,0.21143432,0.23039892,0.22542547,0.2329999
0.020544533,0.05923655,0.07024588,0.041895438,0.020278327,0.011206314,0.019533195,0.018596888,0.022412602,0.034566622,0.03845956,0.04145499
0.075533144,0.052878946,0.007597968,0.010552384,0.020192608,0.020029537,0.002432093,0.011096433,0.019848075,0.03824173,0.04367833,0.039852247
0.17862351,0.30037725,0.4248438,0.5475398,0.60207,0.60598296,0.5293866,0.41726267,0.2407679,0.032379445,-0.10273496,-0.2028488
-0.15475039,-0.15996064,-0.16829662,-0.19289242,-0.19194919,-0.17801213,-0.14821014,-0.12021633,-0.08818188,-0.049316846,-0.03138174,-0.016690768
-0.20678593,-0.18367639,-0.09922126,0.061980665,0.13845485,0.18940845,0.16305497,0.12890318,0.03207548,-0.099265076,-0.17640606,-0.22927162
0.047383927,0.036132827,0.014256429,-0.009975264,-0.021570595,-0.024187252,-0.024178945,-0.02818928,-0.017498463,-0.0126610035,-0.0030533858,0.010621605
-0.88581854,-0.7831209,-0.6395885,-0.5465089,-0.46679556,-0.36823848,-0.2586022,-0.18407857,-0.16969498,-0.13217032,-0.14082633,-0.14824218
-0.15565649,-0.13328518,-0.073236555,-0.011189342,0.030857146,0.055141702,0.05373244,0.04100558,0.0014235601,-0.051131126,-0.07837072,-0.09823633
-0.12295993,-0.12747826,-0.13617285,-0.12999305,-0.12815887,-0.121280685,-0.10552615,-0.08129938,-0.05546601,-0.01637234,0.005933078,0.016041059
0.0011212602,-0.040156335,-0.0928932,-0.0871062,-0.05692581,-0.042193566,-0.05418142,-0.02585162,0.0040299147,0.02475064,0.053313155,0.061156277
-0.028730342,-0.017596144,-0.01829433,-0.0007239841,0.002900634,0.019546166,0.02049784,0.034517676,0.035591684,0.037686124,0.039465763,0.040976763
0.035869665,0.017450757,0.009172305,-0.0063347444,-0.016131848,-0.017032444,-0.0122216195,-0.00653968,-0.0064386465,-0.0050759576,-0.006576674,-0.004703488
-0.7430532,-0.6847483,-0.5677285,-0.5192776,-0.47312546,-0.41848916,-0.31562582,-0.24900134,-0.18626487,-0.128543,-0.10526413,-0.087065265
0.10545708,0.08627744,0.088306025,0.09121986,0.084258094,0.067638874,0.05867172,0.051515117,0.053936213,0.058329623,0.063968934,0.070549116
0.12522998,0.095719166,0.072434574,0.056962073,0.042258814,0.02450227,0.009532608,-0.0031070746,-0.0041096136,-0.0046186037,0.0014592707,0.005224265
-0.32525286,-0.31358188,-0.30446815,-0.25557503,-0.2204886,-0.18831646,-0.16207936,-0.104215726,-0.0642702,-0.016568065,0.010313828,0.012726553
0.115825295,0.15111901,0.11544928,0.0906758,0.07842021,0.07471371,0.062246144,0.05665873,0.061975665,0.07250059,0.078355215,0.084048815
0.04132642,0.019418456,-0.022935448,-0.02469384,-0.027436439,-0.028116645,-0.052641205,-0.053665012,-0.027690392,-0.007037446,0.031265806,0.05032299
0.2437641,0.14587118,0.058398128,-0.021738142,-0.059346497,-0.09080601,-0.09655903,-0.08203496,-0.033448547,0.027211659,0.07390705,0.10702856
0.08400817,0.093226805,0.075471535,0.056993708,0.05022955,0.045186494,0.03062629,0.019802783,0.01859271,0.015681855,0.019769058,0.019011814
-0.3161861,-0.3005886,-0.21621671,-0.13106957,-0.082031995,-0.047830224,-0.017261267,0.0020202845,-0.005059555,-0.020662457,-0.043412335,-0.060486875
0.12831654,0.21224192,0.23077491,0.2255821,0.221758,0.20215493,0.16839784,0.10158991,0.03869351,-0.03334868,-0.0805219,-0.1160974
0.06366622,0.11498569,0.13551834,0.12406514,0.10806909,0.09732262,0.09766834,0.087019295,0.08173715,0.08379707,0.07869274,0.081520356
-0.7760936,-0.77905387,-0.65910584,-0.5485071,-0.46734557,-0.38741377,-0.2930709,-0.23086071,-0.21565664,-0.21005185,-0.22647098,-0.24152526
-0.13981956,-0.14601533,-0.12545323,-0.12450522,-0.13266999,-0.13372241,-0.10674119,-0.085000776,-0.053937234,-0.01379808,0.009697292,0.02851415
0.08609043,0.05392503,0.031639963,0.005726643,-0.010461725,-0.01643388,-0.019370504,-0.019180063,-0.011678547,-0.0051790513,0.0014476329,0.011347469
0.13034286,0.16942558,0.12853771,0.10689297,0.0964209,0.083594784,0.06256471,0.040843002,0.037957568,0.031174496,0.023869118,0.018511482
-0.27117676,-0.34398183,-0.34546936,-0.33230388,-0.32641092,-0.3050627,-0.25921237,-0.19595055,-0.12870845,-0.055521328,-0.005017124,0.026268471
-0.44454205,-0.45136315,-0.43659252,-0.3957187,-0.36833087,-0.32767525,-0.27252403,-0.21050759,-0.16052347,-0.10233591,-0.075571746,-0.064289644
0.091287784,0.07308983,0.0380468,-0.002957046,-0.018641464,-0.024896085,-0.028811622,-0.023148369,-0.0022607408,0.012529674,0.02820028,0.040484853
0.62458163,0.3654523,0.19451523,0.085047305,0.02095157,-0.044409513,-0.07411808,-0.061015964,0.00570482,0.10493165,0.13196424,0.14835605
-0.026758825,-0.03944502,-0.07369867,-0.10758147,-0.124560155,-0.12679602,-0.112918906,-0.09084979,-0.049583245,0.0006495868,0.03278181,0.057177287
-0.04006625,-0.045743912,-0.08016915,-0.09317392,-0.1146482,-0.11958788,-0.107293025,-0.07891561,-0.024625896,0.028454274,0.06502552,0.09477776
-0.12383743,-0.14086083,-0.12123661,-0.07976775,-0.048792124,-0.03341173,-0.024853582,-0.0036872178,-0.0030409135,0.0033522714,0.0010108687,-0.01541651
0.3508035,0.34080154,0.36659968,0.36014748,0.35048097,0.30895016,0.2580275,0.1860117,0.10510399,0.030133724,-0.014640663,-0.043142468
-0.012464285,-0.028745558,-0.035052985,-0.031678155,-0.028192893,-0.025189737,-0.02594985,-0.01943941,-0.014518014,-0.011545273,-0.006700595,-0.005834025
0.32811317,0.3582655,0.35718694,0.32844532,0.3156597,0.28446835,0.24929342,0.2022802,0.16492915,0.13143982,0.10514361,0.087190196
-0.027906004,-0.04751821,-0.060957063,-0.09422095,-0.10029878,-0.1013854,-0.078819,-0.0546846,-0.023266725,0.02374766,0.048437737,0.06516898
0.32241175,0.37354973,0.4080761,0.42609483,0.42710018,0.39844674,0.33774585,0.2466442,0.13888273,0.023435999,-0.05118595,-0.10454774
-0.42340153,-0.4017012,-0.36831105,-0.3050241,-0.25185728,-0.19242002,-0.15569016,-0.109213084,-0.09468934,-0.08587299,-0.08243672,-0.08535738
-0.23895538,-0.2576584,-0.23695761,-0.19673258,-0.16961649,-0.14645177,-0.12483747,-0.10458365,-0.10112519,-0.100009695,-0.10381627,-0.11470399
0.07428001,0.14444096,0.15567079,0.12864977,0.12038767,0.1122674,0.09647318,0.06905133,0.048267268,0.02727964,0.01395516,0.006788101
-0.48512277,-0.3439379,-0.34834808,-0.30209705,-0.28283432,-0.2202214,-0.16780686,-0.1120057,-0.07375905,-0.0123967305,0.0044028014,0.016598333
0.20728645,0.20142636,0.19611728,0.15586041,0.13628009,0.111637145,0.09515607,0.06071101,0.04658766,0.027472805,0.02193008,0.022285543
0.080061965,0.23574124,0.39662704,0.512942,0.57003784,0.5760048,0.5187558,0.3948419,0.1980285,-0.014614832,-0.16242704,-0.2674681
-0.29049677,-0.24257283,-0.19729105,-0.14368829,-0.10985318,-0.07329255,-0.052387074,-0.03928727,-0.046323508,-0.060568985,-0.07135331,-0.08175297
-0.3182214,-0.28127784,-0.2875106,-0.23378569,-0.19763958,-0.13589254,-0.1146279,-0.07128696,-0.05772111,-0.053653117,-0.052384254,-0.056318276
0.1786027,0.13011968,0.087998554,0.05441016,0.038688466,0.017482072,0.0030552149,0.0016666651,0.011702202,0.03108026,0.04598146,0.052336738
0.09196174,0.1249289,0.17706956,0.19280967,0.20993522,0.21157587,0.19619815,0.15287988,0.09023565,0.019637287,-0.03149558,-0.060418077
-0.14354168,-0.0496504,0.09240386,0.1410645,0.18228325,0.19712913,0.21782671,0.18326297,0.12290862,0.061762366,0.009884868,-0.018241808
0.18601269,0.14374137,0.09853172,0.067113355,0.037273407,0.017993927,0.0047628805,0.0005567521,0.016766198,0.03452871,0.049818248,0.0702724
-1.2432034,-1.1526864,-1.0572616,-0.83750767,-0.69794273,-0.5264338,-0.42884606,-0.30163938,-0.2735727,-0.24910735,-0.2357181,-0.24386925
0.24262215,0.22774553,0.19273722,0.1361077,0.10567728,0.08021256,0.07098353,0.068643585,0.08086945,0.10886983,0.12185006,0.13284679
-0.08070731,0.10043211,0.13563228,0.16127124,0.17454709,0.18765447,0.17321365,0.14409907,0.107324794,0.06497529,0.023821775,-0.01279401
0.12659472,0.05658865,0.07559535,0.13188817,0.17089431,0.17546982,0.14535719,0.11924682,0.053720623,-0.010501385,-0.042380806,-0.074817285
0.1296937,0.12593272,0.124084234,0.075299084,0.0569375,0.038086586,0.041207105,0.0361297,0.0463848,0.062287785,0.069731124,0.07779816
0.051203046,0.045140382,0.06746676,0.07960053,0.08888464,0.085984014,0.080006234,0.060327433,0.032688707,0.0017615668,-0.017653186,-0.027659971
0.07879561,-0.0018064454,-0.0055828914,0.008006021,0.016022712,0.028505757,0.01966016,0.017043233,0.010138549,-0.004222885,0.008920144,0.026368298
-0.30261078,-0.062170267,0.013383269,-0.07818401,-0.08587262,-0.061569855,-0.00039988756,-8.946657e-05,0.023544148,0.060310543,0.05945462,0.06370063
0.0010804515,-0.017945558,-0.029116366,-0.023090119,-0.015659384,-0.01309274,-0.015132274,-0.011753443,-0.0051752594,-0.0005801106,0.00061995967,0.0012291188
0.31391478,0.31289744,0.29580045,0.25508556,0.22677872,0.19746268,0.1666548,0.13041067,0.10403751,0.08227852,0.07062499,0.06783939
0.4493345,0.39057904,0.32601768,0.24518706,0.19645321,0.15402928,0.11184591,0.06368052,0.04684025,0.026962858,0.02632052,0.03850919
0.023330431,0.037747744,0.03309499,0.08122129,0.10135919,0.112528555,0.07963187,0.051542237,0.012094386,-0.04718253,-0.07277958,-0.09030413
-2.8963249,-2.8979995,-2.6225207,-1.8845831,-1.4574153,-1.0814328,-0.9121852,-0.6309232,-0.66305745,-0.75144124,-0.8320769,-0.9678549
0.12466143,0.109456755,0.10769124,0.12278409,0.1227872,0.11771043,0.097150795,0.087297454,0.073959105,0.05445302,0.0503297,0.049569167
0.5726922,0.48701555,0.41957712,0.37325692,0.33618933,0.32195547,0.2625687,0.2285988,0.20766905,0.16230378,0.17545801,0.22193694
-0.062827304,-0.062110994,-0.08165511,-0.11516814,-0.12883192,-0.13010952,-0.10791418,-0.07353021,-0.025857195,0.03274218,0.06767879,0.0892878
-0.07709426,-0.028557688,0.025654942,0.06564903,0.064314075,0.04285055,0.048406035,0.03887914,0.03827008,0.046361905,0.04357815,0.041547164
0.31537575,0.27861732,0.21551704,0.13687229,0.10869849,0.08611731,0.05339282,0.010745652,-0.0060672313,-0.041894745,-0.048935145,-0.04604228
0.101741634,0.10695432,0.10585324,0.08102995,0.06743717,0.051225007,0.04265638,0.030445755,0.024801698,0.021373715,0.011698899,0.012768829
-0.2930707,-0.2729459,-0.24269794,-0.20579898,-0.1845465,-0.15845188,-0.12744318,-0.09596355,-0.075055756,-0.05604816,-0.04622096,-0.04313924
0.09686116,0.022687659,-0.012411892,-0.007980734,-0.0132146515,-0.025925368,-0.04616651,-0.072129175,-0.08700744,-0.121170074,-0.12926763,-0.13596496
0.103818424,0.1275358,0.10215083,0.06255196,0.026860252,0.02185388,0.016931988,0.019113097,0.03056853,0.043496832,0.050077915,0.06308487
0.2784492,0.2752597,0.2669883,0.22344968,0.20470347,0.18649824,0.17116976,0.15633781,0.14498909,0.14512976,0.13881369,0.14146064
0.09464641,0.04222501,0.032901555,0.023593783,0.017839663,-0.006860558,-0.024202082,-0.050102733,-0.06450911,-0.07813241,-0.083776355,-0.08730549
0.1497639,0.12316479,0.10614453,0.08657522,0.076517984,0.05745014,0.042527452,0.029425327,0.024764985,0.019210517,0.020751338,0.025045622
-0.0040993327,-0.019941665,-0.02096225,-0.03958866,-0.05001328,-0.06481762,-0.05288241,-0.03473957,-0.012131199,0.02499617,0.042185035,0.050631296
0.1499541,0.16302142,0.18157937,0.1638094,0.1455222,0.12981653,0.12261786,0.09820591,0.06703307,0.048118796,0.025123753,0.018226665
-0.67673934,-0.6674536,-0.6072193,-0.4952883,-0.42801446,-0.346248,-0.28159916,-0.20459196,-0.16230217,-0.14046344,-0.12684461,-0.12044501
-0.14831041,-0.15349793,-0.14864995,-0.15538439,-0.16294539,-0.15767819,-0.12996939,-0.10930994,-0.087366134,-0.057042316,-0.043207694,-0.032931015
0.064071976,0.06363924,0.08049902,0.042743586,0.026365854,0.00824718,0.01414807,-0.009123911,-0.006203362,-0.010583844,-0.010732748,-0.0024770014
-0.06156059,-0.016273037,0.0051385164,0.020996183,0.03332317,0.046667434,0.046581805,0.038111184,0.02401542,0.008641414,-0.004425685,-0.01334521
-0.20890225,-0.2529847,-0.2930262,-0.2986529,-0.2833741,-0.26711732,-0.22729965,-0.17152834,-0.10653224,-0.027141556,0.018006276,0.034696884
0.20915946,0.19192661,0.17411073,0.16303167,0.14545983,0.12510306,0.10187076,0.08501907,0.070950754,0.056125015,0.048594914,0.048149545
-0.12565662,-0.06249197,-0.03421651,-0.07483983,-0.087939784,-0.07681455,-0.03842865,-0.0028474554,0.030224834,0.08304378,0.10092379,0.1108958
0.07954597,0.039776072,0.016752467,0.0074812695,0.0026718304,0.0006928444,-0.0062616467,0.0001553297,0.005045291,0.007135894,0.011859499,0.01439066
0.17165196,0.09296976,0.028513998,-0.013732851,-0.022668123,-0.06697315,-0.08755103,-0.0574459,0.023092598,0.098836295,0.15917437,0.18925807
-0.13569683,-0.15662152,-0.14261234,-0.10858141,-0.099045575,-0.09767664,-0.08935778,-0.08608487,-0.0870975,-0.091475144,-0.09491187,-0.099441424
-0.21281093,-0.20766862,-0.19021472,-0.16586992,-0.15074901,-0.1298348,-0.1052873,-0.08225265,-0.06454203,-0.04864053,-0.039886255,-0.033645112
0.19300218,0.20628446,0.21338806,0.20174906,0.19681235,0.18538004,0.16395555,0.13664614,0.103572816,0.069712415,0.046584543,0.032320306
-0.06218742,-0.05468771,-0.06028553,-0.06849957,-0.06770417,-0.05651211,-0.04611572,-0.034234673,-0.017000431,-0.0049965307,0.0061967187,0.017872809
0.4123717,0.4129886,0.39785004,0.37503767,0.3427631,0.3088852,0.26560006,0.22509748,0.1960672,0.16477874,0.15060681,0.14987251
-0.47472394,-0.25567356,-0.29651254,-0.23174095,-0.13878042,-0.021601737,-0.03522724,-0.007951885,-0.017882884,-0.055312127,-0.073512234,-0.108694635
-0.4722866,-0.4552194,-0.45740587,-0.411285,-0.38072795,-0.32716256,-0.28322035,-0.22021016,-0.16877082,-0.124806404,-0.093833536,-0.081352174
0.072290435,0.056134276,0.04800152,0.025335036,0.012860224,0.0023192167,-0.0034362897,-0.025281578,-0.039150823,-0.053632073,-0.060652792,-0.06467565
0.06265249,0.11800188,0.13971102,0.12824544,0.11054215,0.09595925,0.08843755,0.08016383,0.0681297,0.061312295,0.05387565,0.046230275
-0.030678663,-0.013293847,-0.0042724907,-0.009861849,-0.0034813136,0.0025415942,0.008433215,0.0057114437,0.0028767958,0.0015156828,-0.002532885,-0.0033347467
0.19790122,0.1421129,0.090299964,0.031799734,0.0023174584,-0.0211467,-0.028605223,-0.023559451,-0.0057540685,0.031178858,0.05315288,0.067866385
-2.2820604,-2.272455,-1.9934359,-1.5357807,-1.2920749,-1.054292,-0.87367356,-0.6761786,-0.66058475,-0.66365415,-0.6799775,-0.73562115
0.10395387,-0.0045823753,-0.06545287,-0.10543634,-0.13247237,-0.14475943,-0.15494175,-0.16156271,-0.15292367,-0.16581005,-0.16344438,-0.15355477
-0.22650522,-0.26660392,-0.27329206,-0.2380918,-0.22662982,-0.2041871,-0.1821259,-0.14577237,-0.12018317,-0.09519767,-0.0774635,-0.06816362
0.43033454,0.48610637,0.56608427,0.64380646,0.6718497,0.6570653,0.5632144,0.4303171,0.26022214,0.056970462,-0.047832265,-0.10559917
0.121343926,0.06488626,0.008901268,-0.04263313,-0.08054501,-0.10945457,-0.112347245,-0.094998956,-0.047839873,0.0063966196,0.051471148,0.08440164
0.054434016,0.054167382,0.056906037,0.046956807,0.043312058,0.04085133,0.037429824,0.0332166,0.024233945,0.020008918,0.015798261,0.013850462
-0.027265973,0.06094323,0.1437941,0.27240327,0.3331473,0.36648953,0.31535318,0.2549699,0.13435249,-0.022360504,-0.12146105,-0.19593404
-0.17408217,-0.13148512,-0.09238976,-0.067611724,-0.04869376,-0.025512293,-0.009625509,-0.004287027,-0.010731071,-0.025830515,-0.0370692,-0.044295903
-0.37353125,-0.39572394,-0.3779564,-0.33160025,-0.29672277,-0.2535995,-0.2157498,-0.17666282,-0.15434615,-0.13784464,-0.1276687,-0.12461097
0.16322374,0.09560555,0.017389864,-0.030837178,-0.060185105,-0.079743624,-0.08955154,-0.076177776,-0.037523918,0.0073805377,0.04365129,0.0675953
0.14451641,0.2217729,0.20946386,0.23104143,0.22827688,0.20884906,0.17597805,0.1565083,0.14441434,0.13869706,0.12838306,0.11726931
0.289417,0.25291485,0.21220228,0.18322407,0.16444133,0.13476917,0.09619269,0.06876111,0.050543547,0.031297147,0.030875823,0.0289508
-1.1266253,-1.1020707,-1.0178891,-0.86414343,-0.76360184,-0.6396756,-0.5243237,-0.39907783,-0.32952645,-0.26871648,-0.24217686,-0.23764978
0.51143134,0.47907084,0.39130038,0.24134195,0.14456373,0.07755798,0.055988908,0.043615818,0.095020235,0.171386,0.22610521,0.2769555
-0.19170718,-0.17348242,-0.16248563,-0.1589596,-0.15719053,-0.15234485,-0.12683934,-0.11016209,-0.071936816,-0.035543744,-0.011637405,0.0019814149
-0.56236243,-0.4991988,-0.42718792,-0.36965805,-0.32319027,-0.2649954,-0.2005279,-0.16739003,-0.15015537,-0.14365499,-0.14851114,-0.1502971
0.16584611,0.07175778,-0.002804339,-0.074303776,-0.11268479,-0.15257886,-0.15909784,-0.1546327,-0.117892236,-0.06615162,-0.025330707,-0.008148767
-0.1622277,-0.15092783,-0.13454555,-0.13321744,-0.13303578,-0.12952341,-0.106670134,-0.09223949,-0.067388475,-0.045275815,-0.03212956,-0.021058932
-0.14600071,-0.17158346,-0.17439069,-0.14907594,-0.13158163,-0.1036114,-0.08922836,-0.06443906,-0.05524707,-0.05058763,-0.04637183,-0.04329437
-0.0072597936,0.08985995,0.14578018,0.15005109,0.15178944,0.14648801,0.1459446,0.11717692,0.07835842,0.043358512,0.010265602,-0.010543605
-0.06053915,-0.09345012,-0.103134885,-0.06871498,-0.052834243,-0.033888504,-0.028701764,0.0001773471,0.0051282607,0.017645404,0.020377804,0.019255504
0.52387047,0.5255638,0.526495,0.4934944,0.46020734,0.40375042,0.34106857,0.26040375,0.19864295,0.12757438,0.09008171,0.07115479
0.32765275,0.3340483,0.3181499,0.24951991,0.20401147,0.16609234,0.1422633,0.09562511,0.07271422,0.04837086,0.032977715,0.03479065
0.5911782,0.57437336,0.48815995,0.43002442,0.393413,0.3338002,0.25013345,0.1927363,0.16546856,0.13892286,0.13573028,0.12498019
-0.15503563,-0.17845173,-0.195612,-0.19973037,-0.19928485,-0.18554415,-0.15911487,-0.11981254,-0.077481925,-0.027922735,0.002267694,0.020667821
0.26066384,0.31602,0.36271644,0.36898333,0.3391359,0.31274906,0.28105858,0.21917754,0.14967874,0.076295994,0.02678955,0.0063594803
0.40201953,0.4458718,0.505815,0.55310494,0.582394,0.5699835,0.48930818,0.3796843,0.2374619,0.06674006,-0.035323605,-0.09779797
0.012908157,0.008111321,0.018885326,-0.000753738,-0.01104749,-0.023852177,-0.015450511,-0.017057396,-0.013448614,-0.0024609352,-0.002427312,-0.0017627329
0.34365648,0.37164113,0.37448704,0.31269133,0.2887569,0.26151884,0.23388326,0.1822921,0.14721751,0.1076927,0.08799625,0.08320392
-0.2613164,-0.19987439,-0.14814535,-0.13336834,-0.10736814,-0.08302732,-0.049017996,-0.03585939,-0.02231332,-0.0038977414,-0.0012194365,0.0026202574
0.09091065,0.06263726,0.028000072,-0.012597114,-0.034561306,-0.047245353,-0.047253147,-0.040585905,-0.01969397,0.0060888994,0.024376266,0.038787603
0.106497146,0.10205756,0.06882979,0.044073634,0.028235942,0.018020116,0.0058334917,0.0010323599,0.010005016,0.013604366,0.021315757,0.029136322
0.09750882,0.0533991,0.01862073,-0.014748223,-0.034022763,-0.042902336,-0.047615275,-0.046259113,-0.03143894,-0.021981027,-0.008749487,0.0053825863
-1.9894489,-1.72243,-1.586063,-1.3592967,-1.2143059,-0.98851633,-0.78720874,-0.5972079,-0.48065418,-0.37829015,-0.3440401,-0.34121424
-0.37442565,-0.4502064,-0.51301086,-0.5359975,-0.5415355,-0.51794815,-0.46108377,-0.36811632,-0.24950226,-0.12474152,-0.037386984,0.013294533
-0.9179226,-0.81626713,-0.6893605,-0.5958459,-0.5191584,-0.42656803,-0.31776518,-0.25634938,-0.2298556,-0.20549344,-0.20373172,-0.20479652
-0.5775302,-0.24775815,0.13747025,0.1172896,0.1044392,0.053726763,0.18713605,0.099968076,0.06822443,0.059501693,-0.0046381354,-0.017940551
0.099139065,0.11363293,0.13104583,0.15148951,0.15579613,0.15600628,0.13408229,0.10760139,0.068724975,0.018557869,-0.010155886,-0.02660381
-0.44663626,-0.5970797,-0.5679745,-0.47291735,-0.40616813,-0.36697048,-0.31168398,-0.2261649,-0.15232304,-0.105573215,-0.05418609,-0.03776795
0.8446707,0.89202744,0.7265692,0.64267874,0.6609878,0.6169716,0.46404728,0.39637852,0.38140142,0.335981,0.33833444,0.3198253
0.20132923,0.2734393,0.28277802,0.25356594,0.23430145,0.22728981,0.20445253,0.1590982,0.1238264,0.075303115,0.052713566,0.053496856
0.08056538,0.026296467,0.02046375,0.03757462,0.05687969,0.075311616,0.07018304,0.06929532,0.051453374,0.025919482,0.011501975,0.0071002096
0.33831948,0.2923767,0.26202354,0.25002939,0.24417381,0.22549285,0.16870247,0.108583786,0.044024393,-0.032422,-0.06387168,-0.08139205
-0.11999725,-0.17082222,-0.1988595,-0.20775706,-0.20652723,-0.19585651,-0.1761021,-0.15277101,-0.12302791,-0.096123435,-0.081213295,-0.07265466
0.2295657,0.27413076,0.28874165,0.23005332,0.20563106,0.1713908,0.1506982,0.103481114,0.0771926,0.050617754,0.033775285,0.027321868
-1.6968696,-1.4675398,-1.2418381,-1.1161964,-1.0134366,-0.8366927,-0.6132256,-0.45991236,-0.363051,-0.25756237,-0.23605606,-0.21456808
