0.368505,0.36711782,0.36446258,0.3450907,0.32625026,0.3604358,0.30579877,0.31246722,0.20175943,0.20803027,0.16940215,0.15051776
-0.41217652,-0.40494573,-0.4035709,-0.39194936,-0.38233817,-0.37689757,-0.34484327,-0.32250136,-0.27518633,-0.24232289,-0.20148386,-0.1589581
0.30114323,0.27262777,0.25850624,0.24077922,0.22551505,0.20672354,0.18267922,0.16550994,0.14908965,0.13074347,0.11503584,0.1006037
0.07090626,0.058546834,0.051819917,0.04824991,0.037398316,0.036375217,0.0341515,0.039491184,0.036920093,0.03780093,0.04092964,0.049470164
0.2071772,0.20742202,0.20341396,0.2014842,0.19520995,0.19183755,0.17507562,0.1730373,0.16215898,0.14569615,0.12342157,0.10869583
0.34735522,0.3202238,0.29850358,0.29637513,0.27645415,0.2612764,0.25017893,0.2503676,0.24284409,0.24758682,0.24675949,0.25879496
0.6204769,0.57461345,0.5445663,0.5316116,0.4989033,0.46696228,0.4311792,0.419195,0.4065085,0.38692832,0.36578938,0.36132675
-0.1507658,-0.14797488,-0.14519626,-0.1446198,-0.14664747,-0.14540629,-0.13594113,-0.13139667,-0.12394646,-0.11768323,-0.09843462,-0.08587007
-0.3087491,-0.2855025,-0.2738033,-0.2612914,-0.25029984,-0.24694648,-0.22775888,-0.2138874,-0.18920864,-0.1708051,-0.15464605,-0.14078131
-0.4388334,-0.38176548,-0.36104658,-0.31615147,-0.3020358,-0.27256736,-0.24996501,-0.21007898,-0.1634486,-0.14523189,-0.14503174,-0.12376936
0.08277432,0.099840984,0.11089322,0.110245116,0.11770478,0.122327775,0.10374594,0.090372115,0.083344445,0.066156894,0.048954245,0.032083243
0.540033,0.4800065,0.42935878,0.3951693,0.35118744,0.31678656,0.28110993,0.26612103,0.24719162,0.2298953,0.19721021,0.19355544
0.13304764,0.1406902,0.14718525,0.14615534,0.14516278,0.1445092,0.13192506,0.12633373,0.106813915,0.092381135,0.07682574,0.05652253
-0.21872067,-0.20045912,-0.18674117,-0.17434764,-0.15684913,-0.15360335,-0.13824168,-0.13537802,-0.115050495,-0.104322515,-0.08893361,-0.08421075
-0.8201907,-0.7421374,-0.68517864,-0.65119773,-0.60779864,-0.58062774,-0.53426933,-0.51339555,-0.4612256,-0.43262553,-0.40245667,-0.393514
-0.11496269,-0.11217249,-0.109543696,-0.11473876,-0.115107015,-0.11751621,-0.11347165,-0.11070673,-0.105754495,-0.10370684,-0.100818515,-0.09779159
0.09072716,0.084080465,0.0777679,0.07465165,0.07046795,0.06381697,0.05738484,0.053900164,0.055342525,0.049529277,0.040244363,0.036476444
-0.08675285,-0.05466878,-0.03673824,-0.02009581,-0.01617492,0.0007994473,0.0009078607,0.0017193407,-0.014582232,-0.01827246,-0.030764427,-0.047177374
-0.019800037,-0.033941608,-0.042223014,-0.06040302,-0.06795923,-0.07904242,-0.081743866,-0.08626807,-0.08488534,-0.0908267,-0.08366026,-0.0770027
0.24945727,0.20958105,0.18445988,0.16719916,0.15413967,0.14122543,0.12966992,0.12443104,0.1167656,0.11047232,0.10748072,0.1134268
-0.15624931,-0.11171323,-0.09044023,-0.07497739,-0.06938228,-0.063615054,-0.06184055,-0.055745393,-0.05966241,-0.05797122,-0.0641308,-0.074148074
0.17473784,0.14800695,0.13017155,0.116240054,0.103657946,0.09993172,0.09121176,0.086296014,0.07265004,0.07191588,0.076395825,0.081858344
0.100219764,0.09317336,0.085400485,0.08021252,0.075416654,0.06945249,0.06423196,0.06065221,0.05096929,0.049372412,0.04190631,0.034001634
0.48387295,0.43440244,0.40646824,0.38074717,0.35346663,0.3328737,0.30469236,0.28947675,0.25998318,0.23498869,0.21291935,0.20276184
0.21246949,0.1990515,0.1888938,0.18476883,0.17107755,0.16391756,0.1519141,0.14920963,0.14115073,0.13099547,0.115838766,0.10961453
-0.12294537,-0.11258453,-0.10567622,-0.101758085,-0.08991978,-0.0816369,-0.079057306,-0.078499526,-0.0826695,-0.081329525,-0.07529071,-0.07717453
0.19580485,0.17085123,0.15721792,0.15120655,0.14292984,0.13878432,0.13218923,0.12720916,0.12517692,0.12166061,0.11644159,0.11796084
-0.0490401,-0.053756118,-0.058495052,-0.05760096,-0.06285794,-0.06929326,-0.06452992,-0.060381334,-0.047536768,-0.0428252,-0.03514102,-0.025453307
0.6157275,0.57513314,0.5440446,0.52010614,0.49495992,0.46838707,0.424631,0.40713653,0.37240618,0.34164086,0.30283645,0.27915695
0.13573053,0.12260208,0.115682185,0.10810656,0.101976365,0.093000576,0.08644125,0.08049214,0.07242654,0.06494154,0.06050375,0.057200495
0.20680204,0.17809458,0.15637676,0.13764553,0.116816476,0.107223116,0.08399181,0.089293644,0.075927995,0.06979526,0.06560907,0.07513729
-0.098466195,-0.067157194,-0.050450224,-0.040576898,-0.022583071,-0.018656328,-0.025400743,-0.0381153,-0.043221563,-0.05051112,-0.07262923,-0.096294105
-0.16998066,-0.12326123,-0.08722319,-0.06595208,-0.040926322,-0.023430206,-0.0179355,-0.020113766,-0.023344368,-0.034379866,-0.0459039,-0.07219423
-0.3330836,-0.29318818,-0.26575997,-0.25052416,-0.22823681,-0.21720676,-0.20205685,-0.19544618,-0.18856342,-0.18131535,-0.17138778,-0.17397726
0.018695168,0.032635055,0.039128616,0.04634638,0.045911007,0.052802682,0.04891576,0.048968136,0.046579465,0.04238997,0.032910503,0.025962958
-0.07302969,-0.059432182,-0.051300146,-0.041036814,-0.031466797,-0.028032778,-0.022329085,-0.019259227,-0.008261145,-0.0022248412,0.0014001913,0.0017599596
0.32001486,0.29237908,0.27921957,0.25922492,0.24109703,0.20890608,0.19769503,0.1832774,0.19374534,0.16454811,0.13924819,0.12081365
0.040562913,0.04332032,0.04506245,0.04949919,0.062291704,0.052445445,0.04944489,0.04849185,0.049562342,0.040436164,0.03508538,0.022653446
-0.006377098,-0.010098474,-0.013167288,-0.0049680527,-0.009753786,-0.0096656345,-0.001829125,0.0025249198,0.016483262,0.024882365,0.035590343,0.04903683
-0.17240942,-0.16206074,-0.15673195,-0.16166078,-0.15946993,-0.1564425,-0.15227659,-0.15204796,-0.14959428,-0.14699198,-0.13697302,-0.13301595
-0.17256106,-0.1596524,-0.15496576,-0.14918908,-0.14167477,-0.13826565,-0.12751643,-0.12093263,-0.119783275,-0.10518542,-0.0923191,-0.0824706
-0.48551273,-0.4709264,-0.45917252,-0.4508475,-0.43122885,-0.43055055,-0.39076343,-0.37228307,-0.3349828,-0.30746624,-0.27021366,-0.24192163
0.059130065,0.054611444,0.052386813,0.049386,0.046439823,0.04485326,0.0411807,0.039338082,0.03170994,0.029150197,0.02737302,0.026551154
0.13233222,0.11227073,0.09873886,0.08894164,0.078510605,0.0806637,0.07228575,0.07132625,0.061954293,0.05675094,0.05880847,0.06253939
-0.319565,-0.32172078,-0.32310045,-0.32292622,-0.31746644,-0.32271364,-0.30017748,-0.28747395,-0.2507717,-0.2252135,-0.19340833,-0.16095008
0.13688686,0.118202284,0.10498107,0.097881585,0.082337506,0.078237504,0.07444204,0.07323543,0.070114814,0.07261473,0.07113723,0.07765479
0.2412204,0.25324225,0.26003,0.26401842,0.2631523,0.27076423,0.25436485,0.243557,0.2106449,0.18639025,0.15377519,0.11908273
-0.07463444,-0.0648097,-0.05658921,-0.057284158,-0.044491004,-0.04702115,-0.043588508,-0.042636696,-0.03950952,-0.04499487,-0.048275493,-0.05642794
-0.08260089,-0.081188865,-0.0831495,-0.08075217,-0.08301971,-0.08098739,-0.07530734,-0.06983983,-0.061029676,-0.055321902,-0.048053253,-0.037762262
-0.17832184,-0.14571422,-0.12559393,-0.103673816,-0.08647158,-0.078066096,-0.06639073,-0.06317769,-0.054849833,-0.053035416,-0.05106246,-0.06452995
0.08072363,0.07591761,0.07404946,0.07264636,0.07242033,0.07134734,0.06723923,0.06546916,0.05734541,0.057275485,0.05541774,0.054362252
0.12735678,0.1022903,0.08687256,0.07425038,0.064602144,0.057977386,0.052248545,0.04793895,0.03847028,0.042268597,0.046630185,0.053664472
-0.22024389,-0.19200103,-0.16996957,-0.16597946,-0.15111712,-0.1396907,-0.13300408,-0.13527127,-0.14429526,-0.13667393,-0.13628533,-0.14438757
0.28158286,0.25888753,0.2391194,0.23395185,0.22001973,0.2182265,0.20484482,0.20990345,0.20434342,0.19718497,0.19034578,0.19904543
0.1380785,0.13745728,0.12912835,0.13197745,0.118016,0.11893288,0.109932095,0.124694765,0.11793634,0.107261956,0.08898268,0.08655871
0.55154496,0.50045484,0.46166518,0.44308895,0.4162526,0.39742866,0.375749,0.36439234,0.33400115,0.32715374,0.31106615,0.30966893
0.064408585,0.032913074,0.0074903127,-0.0015608901,-0.028588327,-0.017746728,-0.015461447,-0.0052640075,-0.032553166,-0.01033471,0.01710804,0.044347387
0.10092889,0.07286851,0.05416507,0.04322575,0.033452015,0.026865318,0.021034272,0.017526291,0.013996329,0.015450958,0.019680243,0.026403803
-0.34028047,-0.29747972,-0.27136943,-0.2458985,-0.20744197,-0.17811105,-0.16800931,-0.1463663,-0.15804833,-0.16911519,-0.17199855,-0.20007579
0.37945202,0.36193833,0.3429394,0.3666529,0.35875288,0.352481,0.3456217,0.33954817,0.32711846,0.32764852,0.30710927,0.29521394
0.075878024,0.0891325,0.096521944,0.10026245,0.106779195,0.11076532,0.10082365,0.09365231,0.06679141,0.061108246,0.045750685,0.024800569
0.14068694,0.113501996,0.101096414,0.08488168,0.072744,0.0661913,0.06575989,0.063011594,0.061485894,0.061751977,0.06781393,0.07941713
-0.30780956,-0.28378403,-0.24562185,-0.2263602,-0.19726822,-0.17568377,-0.13580191,-0.11221615,-0.07240801,-0.05909544,-0.024954986,-0.00917806
-0.06178168,-0.049346246,-0.043304436,-0.037635446,-0.032841608,-0.025245434,-0.023835445,-0.02478699,-0.029952955,-0.028109387,-0.031707034,-0.034670852
0.28858155,0.22948179,0.19051528,0.16209349,0.13423258,0.106571525,0.095352024,0.08795874,0.09345279,0.09717253,0.108785726,0.13142091
0.0030299872,-0.023629393,-0.039715603,-0.057438612,-0.070850834,-0.07879026,-0.07791616,-0.083010375,-0.07161173,-0.06430887,-0.049254794,-0.032028206
-0.07989929,-0.072241694,-0.06854345,-0.06549065,-0.06251531,-0.06596883,-0.063963234,-0.06672588,-0.058457084,-0.052277934,-0.050346572,-0.04962673
0.4412642,0.4121862,0.39758706,0.38888925,0.37832418,0.36623523,0.34522069,0.33799565,0.32859778,0.3056742,0.28972128,0.2729236
0.20967834,0.20392583,0.20450401,0.19808485,0.194273,0.19047613,0.17905876,0.16608481,0.14930531,0.13193995,0.11139802,0.08773392
0.010075679,0.0014096294,-0.0053921863,-0.0038718246,-0.003168758,-0.0056969915,0.0010250378,0.0071968045,0.016530504,0.024472998,0.032677103,0.041943982
0.13050786,0.13077205,0.13139321,0.13344021,0.13229132,0.13569053,0.12663428,0.118178815,0.10151386,0.09096951,0.08007477,0.068893865
-0.058129296,-0.055745237,-0.053205192,-0.0482487,-0.04795984,-0.044283293,-0.038852204,-0.03711822,-0.031585705,-0.024081431,-0.0168502,-0.012208041
0.1138189,0.106329285,0.09203162,0.09346293,0.08628039,0.08127645,0.07477403,0.074021265,0.083683,0.08910316,0.085124716,0.09360995
0.08764477,0.055793602,0.041957725,0.02579213,0.009652197,0.0043831393,0.0075537115,0.011842746,0.020633109,0.029140398,0.046179764,0.06842076
-0.058096662,-0.059635747,-0.058736764,-0.054405008,-0.05229672,-0.050483137,-0.044442065,-0.044095352,-0.034019053,-0.026026238,-0.01691372,-0.0107184695
-0.19541197,-0.17902797,-0.16735706,-0.15797365,-0.14894499,-0.14267057,-0.12786794,-0.12040504,-0.107384115,-0.09479783,-0.08335255,-0.07235956
-0.06368788,-0.04617249,-0.033977322,-0.030515742,-0.020786703,-0.012215968,-0.015175462,-0.017010454,-0.025607415,-0.03247702,-0.037699632,-0.053106267
-0.334041,-0.28015366,-0.23506995,-0.21480456,-0.1780066,-0.15705575,-0.13994846,-0.12665465,-0.118360355,-0.12736511,-0.13127927,-0.14974594
0.102353394,0.081719376,0.06938718,0.060253598,0.05279158,0.04128795,0.036288127,0.024571415,0.025503779,0.021178206,0.018836774,0.017377406
0.30000237,0.2570051,0.22590531,0.2166565,0.1970752,0.18252188,0.17569791,0.1740797,0.17794406,0.18426457,0.18906726,0.20316333
-0.4616081,-0.41172332,-0.3801244,-0.36623797,-0.3455594,-0.3315745,-0.3122217,-0.3060304,-0.29140356,-0.28273928,-0.27401283,-0.27278233
0.093676105,0.08198452,0.08042921,0.07717086,0.07317311,0.06589685,0.06664591,0.059202243,0.064206,0.058326982,0.057419363,0.057166938
-0.50065815,-0.4473499,-0.4275714,-0.40678605,-0.38402966,-0.36314976,-0.34093437,-0.32493833,-0.300729,-0.2740725,-0.25883713,-0.24890259
-0.09200634,-0.08530844,-0.08062443,-0.07320016,-0.06863765,-0.06526029,-0.054558888,-0.043548174,-0.036843162,-0.031056006,-0.025706053,-0.02111142
0.19382708,0.16855894,0.14819409,0.13640524,0.11960735,0.1035301,0.09311472,0.08025761,0.0765969,0.069290765,0.05252381,0.042882808
-0.1748642,-0.1953128,-0.21176396,-0.21692583,-0.22715695,-0.23357262,-0.21552597,-0.20128858,-0.17203237,-0.14612935,-0.108274475,-0.0650139
-0.39141446,-0.34428492,-0.3131116,-0.2994386,-0.2750816,-0.26256317,-0.24963994,-0.24843341,-0.23978163,-0.23660657,-0.22980307,-0.23940574
-0.013521291,-0.010085318,-0.0050248746,-0.0036013685,0.0012764365,0.005498419,0.0061364495,0.0062497384,0.005506017,0.008089333,0.008932415,0.009073272
-0.040830947,-0.017427541,-0.0023673233,0.006756341,0.010022346,0.019165268,0.02153448,0.018508447,0.009105156,0.012422659,0.008281325,0.0018248924
0.19750464,0.18368953,0.18289076,0.18726653,0.19137964,0.20554042,0.19743842,0.18999575,0.1738835,0.16478087,0.16273469,0.15105483
0.0791699,0.08100681,0.087793626,0.07694478,0.07686339,0.079769574,0.07033386,0.06241681,0.032679267,0.020727493,0.007302175,-0.008493174
0.4167339,0.35114524,0.30406708,0.26156384,0.2243783,0.19764408,0.16788119,0.16108063,0.14097744,0.13105312,0.12504773,0.14075208
0.12070856,0.12672505,0.12799346,0.13338098,0.13498911,0.1445021,0.1347391,0.13029182,0.11735819,0.10256738,0.08617021,0.066061296
-0.09217715,-0.099448174,-0.09726243,-0.10371402,-0.10341345,-0.1084041,-0.09924494,-0.10121671,-0.092910446,-0.083799295,-0.06465786,-0.047815997
0.0927462,0.07510451,0.06283551,0.057156175,0.04705462,0.042892724,0.043413043,0.046647944,0.049160723,0.04605051,0.048213337,0.058839545
-0.04347112,-0.04264327,-0.040615924,-0.03924568,-0.038243853,-0.03539131,-0.030998718,-0.031589534,-0.025469963,-0.021561952,-0.015205618,-0.012294458
0.061535403,0.05756753,0.04512255,0.048154768,0.041861236,0.036875434,0.03645765,0.040730912,0.052374512,0.063124396,0.054774497,0.058637332
-0.062029667,-0.020656072,-0.0045042336,-0.029753774,-0.031274393,-0.02517265,-0.056401074,-0.07822177,-0.11680406,-0.13079554,-0.15252152,-0.16382192
0.018374354,0.017268095,0.019254714,0.022978742,0.027870405,0.025928836,0.030781358,0.037251852,0.040149115,0.037568703,0.03942441,0.040422868
-0.4425787,-0.4145442,-0.39637196,-0.375641,-0.3518465,-0.33489293,-0.30767095,-0.28714496,-0.24955149,-0.22479844,-0.19137958,-0.16283175
-0.5609997,-0.5216235,-0.4919849,-0.47516134,-0.44975895,-0.42860729,-0.39448068,-0.37960124,-0.35208377,-0.32760984,-0.29771402,-0.28252488
-0.7163038,-0.6463055,-0.5910481,-0.56814593,-0.52278364,-0.49153194,-0.4589652,-0.44944355,-0.40624267,-0.39419258,-0.36893407,-0.3632863
0.26451683,0.22522338,0.18960328,0.16777842,0.14005703,0.12889878,0.11180544,0.105839744,0.0962605,0.098406404,0.09464034,0.109420106
0.23006655,0.21714002,0.20878522,0.20512791,0.19932644,0.19416967,0.17935853,0.17446281,0.16554208,0.15167709,0.134025,0.12317945
0.23399359,0.19818489,0.1735764,0.16393085,0.1393301,0.14101651,0.1294784,0.12899509,0.1190116,0.12412812,0.12070381,0.13260777
0.19163546,0.17452134,0.16385916,0.1606771,0.149952,0.15008226,0.14197865,0.13167088,0.11802481,0.11495588,0.10316848,0.09445824
-0.28091684,-0.25753286,-0.24056986,-0.2186207,-0.1914334,-0.18550691,-0.16418733,-0.16162655,-0.13981916,-0.12296602,-0.11229022,-0.1067704
-0.32788554,-0.2831866,-0.25636938,-0.23303336,-0.2118728,-0.19619091,-0.17860273,-0.17151496,-0.1626836,-0.15748456,-0.15625757,-0.16551313
-0.1279578,-0.104447275,-0.08610997,-0.07679692,-0.059135266,-0.05161413,-0.046041552,-0.045214802,-0.05285202,-0.052334573,-0.055403847,-0.0673444
0.025460694,0.013152529,0.0054935515,0.0065268725,0.0013631508,0.0019114204,0.008850563,0.01191932,0.019113757,0.027947336,0.036925077,0.049830146
0.21534291,0.16039692,0.11992542,0.10600344,0.07571248,0.06758454,0.06467113,0.07105121,0.07365261,0.08740927,0.10532881,0.13906977
-0.03296194,-0.023081306,-0.01088157,-0.005766158,-0.00042798556,0.0027929954,0.010460297,0.010647503,0.01679856,0.01777292,0.014030179,0.012917692
0.047992203,0.025448818,0.010815516,0.004911486,-0.0065062046,-0.014089111,-0.013744507,-0.013292611,-0.0012971982,0.0058977287,0.019392043,0.03808001
-0.06786502,-0.057339534,-0.04847402,-0.04628229,-0.045437954,-0.046226293,-0.03998783,-0.039205115,-0.040920246,-0.036935743,-0.037196867,-0.0435102
0.37566197,0.40009487,0.42060977,0.41505378,0.4162466,0.42914295,0.38982895,0.359625,0.2885849,0.24896808,0.18654877,0.11986132
0.08525456,0.0902407,0.10486251,0.12181352,0.13485357,0.16356575,0.17983942,0.17884606,0.15058738,0.13487689,0.122259766,0.09049559
0.07475765,0.074221,0.07858116,0.08266491,0.09044522,0.08635558,0.084626466,0.07616868,0.07226901,0.062982306,0.049506873,0.033623025
-0.36278793,-0.33124012,-0.30746433,-0.2906133,-0.2687939,-0.25703666,-0.23195001,-0.22557624,-0.20775971,-0.19448313,-0.18273775,-0.18265787
-1.0390176,-0.94768053,-0.8900419,-0.84751785,-0.795452,-0.7637306,-0.698972,-0.66874593,-0.61378074,-0.56625193,-0.5161261,-0.4902075
0.05255728,0.025393136,0.008792613,-0.00036128983,-0.0070691407,-0.018097654,-0.0129240155,-0.00802571,0.0090015605,0.015618755,0.028825391,0.046924736
0.3495503,0.3460802,0.34667987,0.3249349,0.32009953,0.31374505,0.27225673,0.24204308,0.18260519,0.13757576,0.0919363,0.040681664
0.0069692843,-0.0042035244,-0.011616271,-0.01597348,-0.014850449,-0.028953059,-0.030638155,-0.027556298,-0.013665928,-0.0067593716,0.0007297415,0.0088950675
-0.4649814,-0.39127338,-0.3391349,-0.31824642,-0.28716436,-0.27273998,-0.26126966,-0.263169,-0.2566987,-0.26255465,-0.27142912,-0.30095035
0.3486861,0.3101577,0.2876755,0.25910538,0.23733082,0.22316748,0.19277506,0.17971233,0.15459374,0.13037238,0.11355665,0.10435202
0.19207458,0.18159182,0.16894001,0.17264837,0.16353574,0.16802177,0.1596819,0.15842502,0.1542067,0.15254816,0.1416778,0.13944635
0.2105594,0.20291343,0.20164756,0.18442988,0.17693068,0.16850016,0.15039636,0.13530698,0.106502086,0.08254969,0.058279596,0.034332253
0.38195783,0.34302238,0.32041034,0.29397994,0.2709603,0.26965514,0.25440356,0.24854115,0.21000458,0.19094613,0.18221486,0.1809417
-0.038475323,-0.04106081,-0.038970333,-0.043472312,-0.044997133,-0.04705522,-0.04426942,-0.03978821,-0.03984048,-0.03492692,-0.027912337,-0.02163131
0.15711117,0.12275914,0.09941906,0.07875634,0.061381664,0.047453277,0.03990427,0.036416538,0.035583787,0.034540884,0.04062963,0.054286066
0.589023,0.5588118,0.5312526,0.5333802,0.5218943,0.5038065,0.4733772,0.4593371,0.4416769,0.43776658,0.4186797,0.4194393
0.009321444,0.012639259,0.01573837,0.019880718,0.025007896,0.031761914,0.032058515,0.033352293,0.027742097,0.022461606,0.01995151,0.013409567
-0.0039349794,-0.036344744,-0.06347407,-0.072292015,-0.088475764,-0.0957835,-0.08534911,-0.07909413,-0.053738024,-0.036630582,-0.011534692,0.022489876
0.010304168,-0.026668776,-0.052826777,-0.056547206,-0.07360266,-0.0898333,-0.07957967,-0.062503785,-0.02783667,-0.009575266,0.010403754,0.051073235
-0.05905835,-0.032593407,-0.01707746,-0.008809209,0.002191484,0.00927034,0.00387007,0.0047663674,-0.00898286,-0.024298294,-0.04079385,-0.06351671
0.7975774,0.71266025,0.65604436,0.62516314,0.56886435,0.55004704,0.500102,0.49555904,0.4565251,0.42181364,0.38434878,0.39011568
0.34768084,0.30850282,0.27845502,0.25252467,0.22493213,0.20546757,0.17655648,0.17029499,0.1541119,0.14722396,0.13308746,0.13614422
0.047218323,0.014688265,-0.0150625855,-0.03303981,-0.0531257,-0.06688166,-0.07400349,-0.06752895,-0.05571749,-0.049833134,-0.04059132,-0.0154323615
-0.013160463,0.0020477078,0.012727786,0.02623171,0.037654445,0.041502893,0.04516922,0.042720053,0.04632159,0.04933415,0.043385986,0.036382467
-0.22525942,-0.20736122,-0.20188574,-0.18591127,-0.17320864,-0.17346458,-0.1600999,-0.14653277,-0.13113558,-0.1199105,-0.109100446,-0.107947506
-0.21293898,-0.19554307,-0.18732035,-0.18587995,-0.18355389,-0.17819162,-0.17131305,-0.16914761,-0.16604525,-0.16166562,-0.15580077,-0.15084313
-0.5979672,-0.5483565,-0.5230184,-0.49189806,-0.46842194,-0.4425712,-0.408322,-0.38509938,-0.34878695,-0.3137288,-0.2770599,-0.25080597
-0.1914513,-0.1669598,-0.14803883,-0.14110531,-0.12677583,-0.11963597,-0.11263819,-0.109840885,-0.10661663,-0.10774314,-0.10399861,-0.11135577
0.06923001,0.064002156,0.062159307,0.052950166,0.048160426,0.046422243,0.03868393,0.037237376,0.028282953,0.018621746,0.01202725,0.0077627976
0.08831756,0.07621007,0.071784995,0.06799531,0.06527217,0.058892712,0.05902836,0.058467813,0.064193696,0.06833513,0.07247175,0.07840651
0.028668538,0.03126961,0.03678158,0.03681486,0.04007236,0.044768184,0.042411942,0.039506357,0.032929502,0.022284288,0.015830543,0.003069106
0.08180698,0.0522252,0.030232634,0.025319248,0.0128874555,0.0067508966,0.01371479,0.021061745,0.02436217,0.03854731,0.053067252,0.07487811
0.055883393,0.052804496,0.050251957,0.048620004,0.047395933,0.05046583,0.044843137,0.04228469,0.032976337,0.030880896,0.027948715,0.024370609
-0.199669,-0.20587724,-0.2120816,-0.20901015,-0.20398226,-0.20826261,-0.18989742,-0.16967008,-0.1325723,-0.115796536,-0.08748323,-0.05625473
-0.056803603,-0.05802603,-0.06091722,-0.060964137,-0.064030364,-0.06762434,-0.06277362,-0.05739159,-0.04838601,-0.04181712,-0.034901876,-0.027751038
0.31705716,0.2961398,0.27152425,0.25693357,0.24008217,0.22917387,0.19568068,0.18677492,0.15887573,0.13747427,0.109994955,0.09388718
0.06333594,0.05631074,0.051360346,0.048104174,0.04244841,0.039017603,0.03648096,0.032634616,0.029308038,0.027760448,0.025449257,0.022880524
0.10584597,0.10131512,0.09475313,0.094198294,0.0898418,0.08633379,0.07909061,0.0752064,0.07117306,0.06958931,0.059765644,0.057818823
0.2729111,0.23172978,0.21489586,0.20365334,0.1880065,0.16103563,0.1522045,0.1430398,0.1495955,0.13814609,0.144712,0.1541201
0.31474483,0.27125868,0.24028578,0.21570785,0.18980482,0.1682105,0.14527735,0.13361965,0.11906588,0.10330199,0.093855575,0.095187135
0.30859184,0.27479255,0.25748092,0.23443054,0.22133946,0.21454088,0.19745359,0.1854122,0.1429223,0.121578336,0.111728705,0.0916964
-0.17108083,-0.16556339,-0.16493325,-0.16484013,-0.15809402,-0.1656304,-0.1574862,-0.14892024,-0.1261195,-0.11684441,-0.10531024,-0.090710476
0.20752558,0.18087938,0.16412126,0.14560573,0.13350199,0.11947736,0.10697144,0.09708657,0.08220954,0.06776217,0.061597895,0.055529293
-0.009969519,-0.004830106,0.00079737324,0.0038548457,0.0034554033,0.010207919,0.008519456,0.011738425,0.0075120847,0.0009619538,-0.0015008436,-0.005613233
0.22610688,0.19499762,0.17748293,0.17018372,0.15585625,0.14768651,0.13986035,0.13767016,0.13262029,0.14048678,0.14265518,0.1532107
-0.05984395,-0.04055263,-0.028899362,-0.016026897,-0.011115641,-0.0009287186,0.008177076,0.019135464,0.016101299,0.026910674,0.02527028,0.026666986
0.44175214,0.42004776,0.41017315,0.39364183,0.39885962,0.39473003,0.37743932,0.36176834,0.34340507,0.3135043,0.27497217,0.23745373
-0.80342627,-0.7263301,-0.6661422,-0.62645566,-0.5803719,-0.5480598,-0.48990834,-0.46802863,-0.4261295,-0.39589003,-0.36163476,-0.35464358
-0.003750937,0.0009236606,0.00073303934,0.005728808,0.004298103,0.009307141,0.008734876,0.0081346575,0.003871603,0.0028146645,0.00022057118,-0.004466341
-0.37802458,-0.3338765,-0.30340368,-0.29599005,-0.27921206,-0.26498973,-0.2574585,-0.2603283,-0.26205578,-0.25613278,-0.25018024,-0.25914624
-0.26748493,-0.24524382,-0.23198529,-0.22360638,-0.21047541,-0.20662726,-0.19187918,-0.18331988,-0.16607134,-0.15518662,-0.14237894,-0.13320404
-0.0370977,-0.023621257,-0.013402918,-0.0041473354,0.004922917,0.007102467,0.01009142,0.013996884,0.024071312,0.023137921,0.0205914,0.019143771
-0.11951482,-0.112276666,-0.10814905,-0.1057188,-0.10016085,-0.100710176,-0.09128094,-0.09235196,-0.09571768,-0.09395162,-0.08958851,-0.09445252
-0.09210323,-0.09135736,-0.08848619,-0.099933796,-0.098511614,-0.104469955,-0.10662544,-0.116381645,-0.11702364,-0.11988538,-0.121820964,-0.12735295
-0.19884467,-0.19182765,-0.18970716,-0.18362862,-0.17643136,-0.1705295,-0.1558315,-0.14697208,-0.13062252,-0.116938695,-0.09959396,-0.08411444
-0.08610454,-0.07184376,-0.060836572,-0.041795403,-0.034154925,-0.024633674,-0.015937261,-0.009289703,-0.0046136584,-0.0019805352,0.004944319,0.008353754
-0.42726752,-0.3913599,-0.3719725,-0.35619053,-0.34431803,-0.32842973,-0.30442995,-0.29452148,-0.27610925,-0.2595348,-0.23852594,-0.2255451
0.2432829,0.21057048,0.18674032,0.17540371,0.15789837,0.14455768,0.13224962,0.13664857,0.13522696,0.12615596,0.118905604,0.12519068
-0.09039209,-0.07436325,-0.060644172,-0.053237982,-0.043407213,-0.034419753,-0.029605351,-0.025445702,-0.023584265,-0.025041357,-0.026341183,-0.030361487
-0.0007639453,0.019490087,0.031832356,0.03800676,0.047579173,0.0592224,0.052124634,0.04870247,0.032312233,0.023171859,0.012367777,-0.0072438186
0.19381285,0.17177415,0.15794964,0.14654963,0.13595243,0.12644182,0.11458531,0.12208601,0.120895326,0.1136778,0.109510705,0.118113
-0.13052583,-0.11502458,-0.10572842,-0.11651299,-0.116146065,-0.12178197,-0.12717287,-0.14517008,-0.15337528,-0.16198456,-0.17057107,-0.18442258
0.1382859,0.1195503,0.09568687,0.08523209,0.067071736,0.0681833,0.04597314,0.048917398,0.009790688,0.022229282,0.015286445,0.024946328
-0.26107463,-0.24106434,-0.23027934,-0.21348506,-0.20771414,-0.19836053,-0.17687134,-0.16908261,-0.14870985,-0.121793106,-0.10428324,-0.09424433
-0.09204044,-0.09798546,-0.105119295,-0.111154355,-0.10914105,-0.11433405,-0.10819512,-0.109401666,-0.10729064,-0.0958827,-0.08172612,-0.06980205
0.4197955,0.39441085,0.37489957,0.36377683,0.33882514,0.3460656,0.32287818,0.31035775,0.26699314,0.25602713,0.23032813,0.2217186
-0.011096802,-0.030926287,-0.04765192,-0.048519995,-0.055812918,-0.06512113,-0.055963513,-0.05124749,-0.0281568,-0.010001918,0.011120599,0.03808994
0.4847339,0.42555162,0.3857255,0.35812208,0.3230527,0.2928872,0.2574701,0.24822044,0.23380707,0.20604649,0.19338699,0.19341284
0.08609329,0.08302348,0.079459585,0.0763812,0.07298064,0.06933723,0.059598587,0.055121124,0.046712764,0.037321802,0.028196901,0.018390244
-0.23892808,-0.20461282,-0.18695745,-0.17340206,-0.15846995,-0.1497884,-0.14247584,-0.14130889,-0.13586777,-0.13363391,-0.1350656,-0.14317773
0.20776667,0.20651764,0.20916732,0.20673987,0.19450618,0.20912766,0.20822227,0.20785007,0.17599416,0.15378357,0.14601818,0.1383299
0.30086187,0.25124198,0.21209568,0.1954917,0.16880915,0.14938504,0.140729,0.14356439,0.14900915,0.15622208,0.15731111,0.18292305
-0.39226058,-0.33990797,-0.30085886,-0.30158213,-0.27764982,-0.28005993,-0.2809202,-0.29866996,-0.3045474,-0.31248313,-0.32467368,-0.3550141
0.4837612,0.44367874,0.41188315,0.39648688,0.36780196,0.35055786,0.32128963,0.3137959,0.2976549,0.2883624,0.2714282,0.272742
0.08059625,0.08473059,0.08977758,0.0924411,0.092403114,0.088430345,0.08563699,0.08001506,0.07748629,0.070788,0.058127504,0.045149937
-0.08094668,-0.07608881,-0.07290526,-0.06887282,-0.064418904,-0.061798163,-0.054667346,-0.049015053,-0.039701056,-0.03361196,-0.026576031,-0.019938167
0.033608317,0.0015961602,-0.02081881,-0.040510576,-0.052922558,-0.071128614,-0.07566523,-0.08129962,-0.074962795,-0.06809534,-0.05443859,-0.037384268
0.17524917,0.17088367,0.16597505,0.16202474,0.15887538,0.15988985,0.14268363,0.13295805,0.11427592,0.10385622,0.085808896,0.07069081
-0.027422488,-0.006687861,0.0055908933,0.0016037449,0.0073440596,0.007207975,-0.0055893287,-0.017835658,-0.038537297,-0.05246214,-0.071040206,-0.095468864
-0.018812958,-0.011218562,-0.0064847395,-0.0060222987,-0.0015847981,-0.0052872226,-0.0060256068,-0.009316526,-0.011371908,-0.015289239,-0.021954093,-0.028357854
-0.7305201,-0.64966697,-0.5983716,-0.56651676,-0.513348,-0.49113527,-0.45496595,-0.4278119,-0.38497823,-0.36911714,-0.34689203,-0.3389534
0.20429777,0.18010469,0.16400298,0.15138412,0.13946056,0.13037826,0.117585965,0.11099551,0.10561804,0.10178232,0.096223265,0.09918275
0.07759728,0.06839584,0.06661442,0.06700599,0.06666766,0.071256906,0.075647935,0.07945003,0.07715163,0.07413055,0.078785665,0.080704294
0.01811516,0.024880819,0.032248303,0.035831384,0.037661877,0.04060041,0.03982404,0.043530025,0.03401632,0.0306826,0.025206767,0.017730577
-0.08268712,-0.09180349,-0.100183964,-0.10825056,-0.114557445,-0.113828376,-0.1078725,-0.10073114,-0.093911014,-0.085776515,-0.07267693,-0.052722212
-0.06687598,-0.04375961,-0.032093436,-0.019008592,-0.005459495,-0.00291639,-0.0042116437,-0.0029625604,-0.0032175956,-0.0037281169,-0.011179239,-0.01778649
0.19904883,0.18468197,0.17097136,0.16984105,0.15856676,0.15549235,0.14637801,0.14667544,0.14195679,0.14032893,0.13091724,0.13230902
-0.07419369,-0.062114455,-0.062238652,-0.058130592,-0.056889273,-0.051270504,-0.05409628,-0.048256703,-0.04890888,-0.038397733,-0.03207768,-0.0275072
-0.29252586,-0.26323116,-0.24598579,-0.2268314,-0.22025526,-0.21352908,-0.19221637,-0.1836767,-0.15686397,-0.13652268,-0.11386091,-0.09790838
-0.103355184,-0.076654226,-0.062444,-0.050931707,-0.03847116,-0.03692587,-0.03561356,-0.03822484,-0.03806724,-0.037590034,-0.044060208,-0.053229637
0.4197272,0.37182128,0.33798647,0.32450256,0.3036267,0.28706768,0.2696486,0.26155618,0.25392058,0.24778278,0.24204125,0.24959731
-1.2270601,-1.0973722,-1.0092772,-0.94986373,-0.8677808,-0.8071807,-0.74690896,-0.707928,-0.64478976,-0.61587834,-0.5680681,-0.56211597
-0.08519848,-0.07992615,-0.07617417,-0.07749414,-0.07488626,-0.07494627,-0.07307208,-0.07601454,-0.07643778,-0.0762717,-0.07296996,-0.07586073
-0.039388686,-0.04691155,-0.055339985,-0.060593322,-0.067067266,-0.07799963,-0.07259088,-0.068025276,-0.054785054,-0.049471,-0.04092985,-0.031658232
0.23994371,0.20608836,0.18641138,0.16469184,0.14696404,0.14043531,0.13302845,0.12491294,0.10625345,0.09854216,0.097371675,0.101467274
0.010631611,0.010816521,0.008585493,0.016883194,0.020547105,0.024713008,0.02656778,0.031287234,0.03305036,0.039461,0.044358775,0.050276335
0.13366403,0.10298897,0.084750324,0.07316597,0.06445089,0.053905886,0.052578717,0.052300133,0.05718864,0.05886891,0.0682246,0.0824637
0.33892968,0.31032148,0.2869963,0.28267524,0.271249,0.2538075,0.23768046,0.23289454,0.22964993,0.22449465,0.20950815,0.21091416
-0.103284754,-0.089308426,-0.08224231,-0.08015206,-0.07651776,-0.073558316,-0.07397138,-0.07012948,-0.068335876,-0.07338517,-0.0706639,-0.07071006
0.28750375,0.2517305,0.23212972,0.2174793,0.19873309,0.17494607,0.15731218,0.14133427,0.14043522,0.12960531,0.12609057,0.12966487
0.17220569,0.2009047,0.21991071,0.22009154,0.22352403,0.23625755,0.21520682,0.20410818,0.16179341,0.12330412,0.08214938,0.03706743
-0.49382186,-0.4149028,-0.35977113,-0.33829904,-0.30680782,-0.28549182,-0.27284992,-0.276959,-0.27351117,-0.2806607,-0.29338777,-0.32475302
-0.02348847,-0.015510293,-0.013092913,-0.013711555,-0.015227707,-0.012208121,-0.017456936,-0.021920312,-0.026165776,-0.028181631,-0.037097607,-0.041987125
-0.29199454,-0.26798707,-0.25360292,-0.24004528,-0.22630873,-0.22057997,-0.2035412,-0.18753983,-0.16235983,-0.15397844,-0.135596,-0.1238457
0.05084619,0.031431787,0.018976752,0.011184316,0.0022268407,-0.0016975626,0.0006050132,0.0016132016,0.004492052,0.0133765405,0.024715811,0.03763961
0.06652962,0.06672874,0.066925086,0.06594488,0.062061965,0.06199499,0.056894865,0.06574446,0.07392685,0.0647546,0.056259338,0.057894804
0.17271149,0.14390945,0.12712252,0.11293821,0.10252782,0.09149802,0.0819016,0.07498194,0.07433936,0.075558,0.07138167,0.07578708
0.69835955,0.63661355,0.59544957,0.56012815,0.52586925,0.50392485,0.46750644,0.4465457,0.4096942,0.37367952,0.3464076,0.33484206
0.20228836,0.1807406,0.1708774,0.1681974,0.15980995,0.15824091,0.14821765,0.14298627,0.14355066,0.14217429,0.14210455,0.14904702
0.31600606,0.27564314,0.24683744,0.23033997,0.20344043,0.18823753,0.17300174,0.17374313,0.16760917,0.16279033,0.15486334,0.1624503
-0.711913,-0.65818214,-0.6279515,-0.60047096,-0.5708009,-0.5538777,-0.5100014,-0.48671326,-0.4446784,-0.40103662,-0.35986254,-0.3293278
-0.3161135,-0.29111528,-0.2738451,-0.2573552,-0.24269801,-0.23392318,-0.20969065,-0.19494756,-0.16966696,-0.14820652,-0.12657662,-0.10954967
-0.27828732,-0.24860162,-0.22856349,-0.2160087,-0.20007843,-0.19139504,-0.1755623,-0.1670388,-0.14801149,-0.13797483,-0.12525684,-0.118821755
0.22753973,0.18484151,0.15726237,0.1334491,0.105681375,0.098757274,0.08298338,0.07367149,0.05218757,0.032873146,0.030607224,0.03358133
0.17515257,0.18772171,0.19596744,0.18910672,0.19242413,0.1848922,0.16006276,0.13946003,0.107090175,0.08159698,0.046798527,0.005500136
-0.15581897,-0.13033041,-0.1153187,-0.095632315,-0.0829455,-0.07051628,-0.055037744,-0.041801725,-0.029456204,-0.0271228,-0.031511758,-0.033988964
0.20794643,0.18508223,0.16790582,0.15723088,0.14865525,0.14043707,0.123871356,0.1141734,0.10237743,0.092101894,0.07978273,0.074781045
-0.27678567,-0.25844017,-0.24552542,-0.23481968,-0.21871734,-0.21721171,-0.19656679,-0.18443519,-0.16194274,-0.14727351,-0.12807396,-0.11499992
0.7315146,0.6301217,0.54695195,0.48959285,0.42696738,0.39937428,0.3188353,0.31597197,0.22710867,0.24591371,0.22209708,0.24068655
-0.33422756,-0.3000891,-0.2658335,-0.25506794,-0.22321795,-0.20910746,-0.19246787,-0.18964058,-0.17095067,-0.15335768,-0.1359551,-0.13278452
-0.0049630627,-0.022669822,-0.034546092,-0.041866094,-0.048065353,-0.055105418,-0.05180872,-0.056284525,-0.04994016,-0.043788034,-0.035682373,-0.027976098
0.57476354,0.50610566,0.46337125,0.43050274,0.3924929,0.36877817,0.3369868,0.3224235,0.30759385,0.28498495,0.25906017,0.25473335
0.22277503,0.1874209,0.16224642,0.14528303,0.12799843,0.111386806,0.10033822,0.098604664,0.09080241,0.08501127,0.08134745,0.08358906
0.17322886,0.1470199,0.1302527,0.12213005,0.10786775,0.10363663,0.09813675,0.10025117,0.09388661,0.094082005,0.096183956,0.10441239
-1.0432278,-0.965412,-0.91304326,-0.8801983,-0.84383786,-0.82354444,-0.7615078,-0.7395735,-0.6795267,-0.6324838,-0.5784586,-0.5448888
0.00010727858,-0.011293477,-0.020818334,-0.03737395,-0.043324042,-0.05452262,-0.060903057,-0.0630289,-0.06561827,-0.06929809,-0.069671296,-0.066360936
0.14189586,0.16785055,0.18209633,0.18922162,0.1965616,0.19802693,0.1774377,0.16147074,0.12755929,0.10875103,0.071312755,0.027453227
-0.44714236,-0.41491473,-0.386438,-0.36628133,-0.33163226,-0.3254816,-0.28607762,-0.2592703,-0.21487261,-0.19488022,-0.16521189,-0.14395134
-0.23483795,-0.22086693,-0.21509486,-0.2082549,-0.20249209,-0.19794315,-0.18835168,-0.18282776,-0.16812015,-0.14807323,-0.1322008,-0.11943107
-0.17218369,-0.1488829,-0.13624859,-0.12370184,-0.1151638,-0.10874803,-0.09780377,-0.09293464,-0.08712522,-0.08302703,-0.08060397,-0.084789485
0.67276514,0.6025481,0.5427266,0.5217978,0.48075533,0.46336427,0.42162204,0.413623,0.3823808,0.37423155,0.35439995,0.36752218
1.0491314,0.9608259,0.90331435,0.8873554,0.82865816,0.8102655,0.76221347,0.7503608,0.7004529,0.6630964,0.6187748,0.62061787
-0.053625904,-0.051741965,-0.04924016,-0.050533302,-0.04976185,-0.051037546,-0.048359443,-0.048467267,-0.045631573,-0.044561546,-0.041527964,-0.040380754
-0.21731612,-0.2127874,-0.21547982,-0.21833687,-0.22121768,-0.22454828,-0.22101685,-0.20976757,-0.20097277,-0.18579134,-0.17175765,-0.15247855
-0.19493698,-0.15835953,-0.13754122,-0.112846866,-0.09473874,-0.073904105,-0.06151942,-0.057027593,-0.058762312,-0.051183704,-0.048914492,-0.059626978
-0.366718,-0.34262612,-0.32741377,-0.31881875,-0.30685413,-0.30379364,-0.28639117,-0.28064382,-0.2552251,-0.24097948,-0.22238614,-0.21023823
-0.014010448,-0.012004646,-0.010769586,-0.008658841,-0.0071606105,-0.009273672,-0.0066746017,-0.00094725564,0.007274448,0.00779166,0.009848973,0.013041885
-0.25263223,-0.22888969,-0.21347494,-0.20665099,-0.19391434,-0.1861698,-0.17874283,-0.17966661,-0.17417818,-0.1665012,-0.15876448,-0.16123848
-0.09836285,-0.077886716,-0.06698471,-0.06088759,-0.054613087,-0.047468778,-0.04735395,-0.04452092,-0.0508505,-0.056254737,-0.062474795,-0.071058474
-0.6043775,-0.53902346,-0.49154365,-0.47168267,-0.43798804,-0.41991216,-0.3909678,-0.38090113,-0.3619436,-0.34434342,-0.32567948,-0.32201254
0.29404595,0.24156706,0.20875904,0.177743,0.15247706,0.13313195,0.11531531,0.103831336,0.09061931,0.0904279,0.09174122,0.10063791
0.44974884,0.398287,0.3711356,0.35351807,0.32118958,0.3104362,0.2800701,0.2786388,0.25173515,0.2512068,0.24257141,0.2610536
-0.5680829,-0.50923675,-0.47343215,-0.44872603,-0.42299882,-0.40245694,-0.37248963,-0.3634362,-0.33246192,-0.3094789,-0.29407048,-0.29095095
-0.26291266,-0.23395878,-0.21646577,-0.20594947,-0.19201152,-0.18707152,-0.17743245,-0.17151117,-0.15431361,-0.14699383,-0.14032131,-0.13656104
-0.096273474,-0.0859446,-0.079963244,-0.06796021,-0.056804195,-0.04197444,-0.030942818,-0.028570155,-0.028233944,-0.01940118,-0.009545509,-0.009088876
-0.033734784,-0.019781565,-0.019628176,-0.006418826,-0.00038061407,0.012455904,0.014954716,0.029425187,0.034051757,0.043502472,0.044705193,0.054642733
-0.059743077,-0.034061518,-0.018451627,-0.011949174,-0.0022691563,0.0039313734,-0.0022077635,-0.007524293,-0.023140114,-0.03200499,-0.050114587,-0.07302878
-1.041949,-0.9555237,-0.8997025,-0.8645032,-0.8209379,-0.7966402,-0.73653835,-0.70704126,-0.64761657,-0.60172105,-0.5496949,-0.5182469
-0.12815827,-0.11887585,-0.11371793,-0.09277052,-0.079903044,-0.074782535,-0.053320263,-0.033760484,-0.005886793,0.015147932,0.034490425,0.05760873
0.045651812,0.034160092,0.027504345,0.02734002,0.025057612,0.022115724,0.024546856,0.030368438,0.035625786,0.03689012,0.042308148,0.051341686
-0.028422838,-0.03554769,-0.040539913,-0.037387587,-0.037505925,-0.0377395,-0.03098036,-0.026492152,-0.016158355,-0.008601637,0.002034844,0.013409655
-0.28737634,-0.25150174,-0.22724387,-0.20625588,-0.18440719,-0.16913025,-0.1501044,-0.14178638,-0.13188668,-0.12236548,-0.11194855,-0.11312306
0.013746874,0.004156472,0.0008065663,0.0064600613,0.0037088431,0.014555497,0.020842787,0.019093735,0.027783588,0.031065587,0.034265123,0.039707817
-0.5276375,-0.4748229,-0.43920863,-0.4112264,-0.38140845,-0.3597005,-0.32537374,-0.30625275,-0.27423912,-0.25276166,-0.23190619,-0.22036126
-0.029002845,-0.03090509,-0.031168757,-0.022973025,-0.019998247,-0.012827015,-0.0023395922,-0.00013420545,0.0073089823,0.016901225,0.027317336,0.03518943
-0.31097284,-0.28022838,-0.2615805,-0.25358596,-0.23830083,-0.23241931,-0.22225647,-0.21645641,-0.19868566,-0.1946885,-0.18992333,-0.19065695
-0.12534492,-0.11908432,-0.11418652,-0.11809768,-0.11733001,-0.1096737,-0.10705568,-0.10554463,-0.10780932,-0.103512295,-0.09793207,-0.09032414
0.039545827,0.04437084,0.04487252,0.04408434,0.043529768,0.037547447,0.032161072,0.028223086,0.02364667,0.019412793,0.013359542,0.006144899
-0.26882255,-0.2475054,-0.23731115,-0.21784164,-0.20451334,-0.19151431,-0.17291494,-0.16293429,-0.15012604,-0.13290474,-0.116414994,-0.10898178
-0.38124523,-0.3291985,-0.3004058,-0.2815418,-0.2616024,-0.2449041,-0.2290378,-0.2247469,-0.21210468,-0.19877891,-0.19549006,-0.19488099
-0.0015171873,-0.0036976256,-0.006708271,-0.0083829835,-0.011055976,-0.013148598,-0.0145980315,-0.012967825,-0.01587822,-0.01575204,-0.014537298,-0.013485419
0.6592401,0.55921686,0.49491316,0.43529123,0.3878847,0.3535676,0.30799156,0.28506994,0.24938346,0.24467489,0.2351197,0.2471699
-0.22740355,-0.19225258,-0.17194614,-0.15495746,-0.13898443,-0.122276925,-0.111162886,-0.10756313,-0.0996895,-0.091826096,-0.08414571,-0.089245245
0.14929087,0.13532935,0.12900098,0.12146181,0.11677803,0.104483955,0.09483774,0.081165604,0.079248905,0.0693361,0.058182392,0.051139228
-0.010757274,0.00084148813,0.0072136624,0.018844124,0.021250816,0.03494383,0.036937468,0.042884275,0.03650175,0.041432124,0.037429966,0.03834355
0.48768848,0.43662244,0.40189728,0.38896334,0.3625596,0.33247054,0.31351745,0.30526358,0.30415815,0.29997605,0.2894817,0.28516737
0.32179615,0.29115024,0.27347672,0.2691375,0.25202277,0.25051063,0.2382826,0.23557815,0.22443141,0.21822517,0.21800733,0.21758641
-0.304468,-0.2752567,-0.25711456,-0.25758883,-0.24533646,-0.24030426,-0.2335647,-0.2349569,-0.23143588,-0.23112078,-0.22404297,-0.22600713
0.762364,0.68305975,0.629707,0.58160186,0.53426206,0.51030236,0.47477424,0.45025492,0.3960098,0.36690897,0.3422176,0.3257437
-0.074960016,-0.07394011,-0.07730946,-0.067521274,-0.06451084,-0.061453186,-0.051705565,-0.040760353,-0.025930371,-0.014612328,-0.004322769,0.010398647
-0.21978414,-0.22887073,-0.22351983,-0.23970713,-0.24169579,-0.2329677,-0.21356374,-0.21247518,-0.19717133,-0.19053549,-0.16403419,-0.14568356
-0.05177374,-0.03411639,-0.022808533,-0.015715268,-0.0031041838,0.0032728575,0.0027747564,0.00028426945,-0.0071465746,-0.010922905,-0.023256522,-0.040640816
0.12983155,0.13647719,0.1412804,0.14506353,0.14999104,0.15300871,0.14202844,0.1364647,0.12577692,0.112693004,0.09313583,0.069559604
0.343188,0.3217767,0.29951414,0.29242346,0.2685678,0.26638314,0.24319226,0.24459137,0.21889779,0.21015172,0.19232336,0.19232805
0.02829516,-0.014498778,-0.031465843,-0.041408062,-0.043696694,-0.06479697,-0.046282075,-0.03275609,0.0010056794,0.012998428,0.04040568,0.07133831
-0.6575666,-0.6080339,-0.578223,-0.5405834,-0.50871503,-0.48502374,-0.4401898,-0.41468015,-0.3679392,-0.33489054,-0.29757312,-0.27809364
-0.25065994,-0.22094466,-0.20595372,-0.18552901,-0.17210479,-0.15805611,-0.13993792,-0.13075492,-0.12324879,-0.108015314,-0.10301732,-0.09893591
-0.11040406,-0.10252477,-0.10236383,-0.10880379,-0.1051216,-0.10034141,-0.10381182,-0.0978769,-0.117153555,-0.10706321,-0.1017073,-0.10019568
-0.6517184,-0.5844164,-0.5350816,-0.50983,-0.477896,-0.46182922,-0.42396587,-0.41265252,-0.38012248,-0.3597852,-0.34143353,-0.33851966
-0.6684227,-0.6074641,-0.55130595,-0.5237781,-0.48299402,-0.4681904,-0.41913792,-0.38224673,-0.32152855,-0.30789265,-0.27812612,-0.2562485
0.08409135,0.091609746,0.09900317,0.1002929,0.10343461,0.10683623,0.09717569,0.09113728,0.07909174,0.06563056,0.05035786,0.03343685
-0.45907792,-0.3991943,-0.35616288,-0.33953446,-0.3129099,-0.29137504,-0.2750212,-0.27168947,-0.26757303,-0.2708623,-0.27602082,-0.29377577
0.27803588,0.27444586,0.27241382,0.26608884,0.262364,0.26160508,0.23935404,0.22645092,0.19962314,0.17749053,0.14920908,0.124299504
-0.1991489,-0.17290853,-0.15187003,-0.13991003,-0.12301253,-0.11266757,-0.10334127,-0.10192669,-0.09784061,-0.096476525,-0.09110928,-0.101704486
-0.17488508,-0.1810249,-0.1891106,-0.1894044,-0.1889894,-0.19475526,-0.18345499,-0.17528225,-0.15102929,-0.13097617,-0.109901555,-0.083458394
-0.11924204,-0.111738816,-0.10739632,-0.104257405,-0.100389756,-0.09761698,-0.09114697,-0.09031787,-0.0811547,-0.074415274,-0.065427765,-0.059426997
-0.14964075,-0.11418964,-0.0891082,-0.07002701,-0.047502704,-0.029784415,-0.022534702,-0.020887766,-0.022466712,-0.028392272,-0.03572146,-0.057285726
0.01331294,0.018096434,0.017524414,0.019794883,0.01968905,0.019622741,0.017521942,0.019534232,0.0136006195,0.016638145,0.010549675,0.007158784
0.08056572,0.09955774,0.10589489,0.11145064,0.113999784,0.10914147,0.100429624,0.09897804,0.091083944,0.0756055,0.053226672,0.03373317
-0.017561253,-0.03713063,-0.050156042,-0.058370043,-0.06518869,-0.06750329,-0.06544244,-0.067549795,-0.06605205,-0.056857456,-0.043322496,-0.032391176
0.15474997,0.11177777,0.08387183,0.07021386,0.055065922,0.04712466,0.048344344,0.049055107,0.056026153,0.06910689,0.08471737,0.10892494
0.21557567,0.1993696,0.17924002,0.17240797,0.15676755,0.15200187,0.13402762,0.12507471,0.10802317,0.10808173,0.08978518,0.08428383
-0.08579823,-0.07085649,-0.060295545,-0.056250524,-0.052092247,-0.040309258,-0.038331497,-0.0396593,-0.04915783,-0.050320853,-0.054300766,-0.06190759
-0.19859093,-0.17900732,-0.16928715,-0.1415149,-0.13266039,-0.1076107,-0.08620322,-0.07869135,-0.067283496,-0.043509293,-0.03048265,-0.02233158
-0.0680078,-0.07521423,-0.08324832,-0.079895444,-0.08416559,-0.08045851,-0.068246566,-0.059630677,-0.048247427,-0.03279189,-0.016413447,0.0006853258
0.50289035,0.45894122,0.42335737,0.39224648,0.35997054,0.3414156,0.2984171,0.2744236,0.22395922,0.19872884,0.16768064,0.14844276
0.20629573,0.18806772,0.17212044,0.15801556,0.14551102,0.13681045,0.12018209,0.11563358,0.099076465,0.09123752,0.07592976,0.07003141
-0.41783166,-0.37902543,-0.35277632,-0.3441366,-0.32929388,-0.31700608,-0.30240887,-0.2932033,-0.28219095,-0.27253753,-0.2584969,-0.2526817
0.30030242,0.27634853,0.2618237,0.2519909,0.24112286,0.23481482,0.215623,0.20359641,0.18279575,0.16908635,0.1479814,0.13246207
-0.062449,-0.06064122,-0.058632,-0.05594985,-0.05485686,-0.05075367,-0.04347865,-0.041895255,-0.036529265,-0.027593296,-0.018347159,-0.009988826
0.08043784,0.061761595,0.053095702,0.04695205,0.03828758,0.030220263,0.032707695,0.034684613,0.048285726,0.05278801,0.060840413,0.077212796
0.10673685,0.121727236,0.12519675,0.13458577,0.14155467,0.14821462,0.13563243,0.12793058,0.108342245,0.09830472,0.07468412,0.051635496
0.040780637,0.027293311,0.019327335,0.009162642,0.0013170969,-0.008655345,-0.01471169,-0.020301284,-0.021708798,-0.027601173,-0.02671359,-0.026007598
0.4361004,0.38615584,0.36108854,0.36274502,0.3513662,0.36690944,0.36255103,0.35099143,0.3272746,0.3328948,0.33222088,0.34018213
0.19232409,0.17723534,0.17022826,0.16348216,0.15657899,0.14505678,0.13809247,0.1258998,0.11916453,0.115077935,0.10829986,0.103355564
0.32814655,0.31645542,0.3080131,0.30626577,0.30215183,0.30362913,0.28533688,0.2735974,0.25041193,0.2356222,0.21007328,0.18811247
0.010938074,0.023162864,0.031718254,0.031851817,0.03562074,0.038580783,0.033483088,0.024922227,0.007086087,-0.00406277,-0.012694558,-0.030197386
-0.12535413,-0.12061157,-0.11874102,-0.11426903,-0.11378349,-0.111828275,-0.09979749,-0.09421015,-0.08454157,-0.07604871,-0.06703507,-0.059764203
-0.28439096,-0.27265313,-0.26034388,-0.25727102,-0.23990093,-0.2414052,-0.22174627,-0.20748281,-0.18277009,-0.17399602,-0.15280667,-0.13771579
0.35385913,0.30211157,0.27203786,0.24105072,0.21805367,0.194334,0.1638588,0.15163368,0.13589212,0.1176144,0.11301502,0.10721708
-0.08902222,-0.08081092,-0.07787055,-0.076545425,-0.07444073,-0.073839694,-0.07053679,-0.0716527,-0.070712164,-0.06712612,-0.06801378,-0.07019836
-0.41828027,-0.36252135,-0.33660114,-0.30639958,-0.29292703,-0.278993,-0.25710428,-0.2473368,-0.22067966,-0.1986267,-0.18246181,-0.16961974
-0.09642291,-0.07458384,-0.061275836,-0.04074292,-0.019752467,-0.00710823,0.0013944763,0.015261547,0.033515986,0.03748866,0.042190604,0.04139453
0.12869349,0.1301388,0.12222964,0.10542482,0.094355464,0.079953894,0.053619668,0.036967352,0.0106706545,0.0019449871,-0.024213778,-0.040623184
-0.0114098415,-0.0066018812,-0.003961905,0.0010679755,0.00063202064,-0.0015737936,-0.0015075877,-0.0014886446,-0.0071714763,-0.010486083,-0.012071181,-0.019160405
-0.08706948,-0.057286993,-0.037630383,-0.024710387,-0.010945946,-0.0011129752,0.002822969,0.0042241737,0.00028395094,-0.0036319364,-0.013298477,-0.02890859
0.09715826,0.08250076,0.06857732,0.07148448,0.06572022,0.058545843,0.057420105,0.056096755,0.06266465,0.07185859,0.076024614,0.08261202
0.10863597,0.08872189,0.08145913,0.06328595,0.05850234,0.04186578,0.032511465,0.02055585,0.016118959,0.004948842,0.0014942084,-0.0013293289
-0.40080586,-0.34168756,-0.30820572,-0.28870642,-0.25847444,-0.2395665,-0.23252246,-0.23292221,-0.22284752,-0.22166026,-0.221985,-0.23563412
-0.5714835,-0.5173171,-0.48083478,-0.4473717,-0.40681127,-0.39296415,-0.35634035,-0.3337278,-0.29999128,-0.27662346,-0.25183433,-0.24248631
-0.01721595,-0.037498455,-0.053304665,-0.05949211,-0.067160964,-0.073424235,-0.06647864,-0.06687498,-0.053635903,-0.043954268,-0.029920802,-0.016134486
0.008877823,0.018218214,0.024580022,0.021882694,0.029447274,0.030869968,0.022051929,0.01781392,0.011775127,0.0066116704,-0.0047209635,-0.01751348
0.086240746,0.05813764,0.039639283,0.024225071,0.010244779,0.000831075,-0.0002480559,-0.0011934601,0.005953919,0.011238104,0.022726214,0.040936034
-0.034739092,-0.01998412,-0.009087747,7.039867e-05,0.007286759,0.014590457,0.016665976,0.013889577,0.005637886,0.0066300556,-0.0013223137,-0.014213944
0.21244933,0.20654832,0.20425475,0.19711617,0.1891153,0.19011128,0.17353791,0.16630371,0.14076619,0.12915905,0.11212373,0.096798316
0.14519346,0.1221727,0.09952209,0.09929545,0.086527094,0.08802904,0.089448765,0.09509178,0.098882675,0.11554201,0.12058168,0.13949765
-1.6455246,-1.500936,-1.3903848,-1.3344539,-1.2820835,-1.2156163,-1.1289655,-1.1004163,-1.0147536,-0.9626415,-0.90860397,-0.87948185
0.24852042,0.24040116,0.23904487,0.25235978,0.25402382,0.25692055,0.25128004,0.2425795,0.2302503,0.21961643,0.20222984,0.18177888
0.119167306,0.09482894,0.07570578,0.060151167,0.041780926,0.022615904,0.011057656,0.004524553,0.0046093464,-0.00036167726,-0.00172746,0.0028034067
-0.2922811,-0.2946309,-0.29254997,-0.2855094,-0.2934888,-0.2898687,-0.26172283,-0.24421932,-0.21432132,-0.19936752,-0.16125953,-0.1302288
-0.3465523,-0.30279315,-0.2737405,-0.2619605,-0.24067205,-0.22547558,-0.21440037,-0.20816092,-0.20256287,-0.19902407,-0.19499241,-0.1996993
0.2710266,0.25114816,0.23506248,0.22999893,0.21874148,0.21823624,0.20025446,0.1929229,0.17263277,0.16222122,0.1479344,0.1388243
0.05814526,0.03264206,0.017799288,-0.0040126126,-0.012275396,-0.02905608,-0.037844792,-0.043268632,-0.04016665,-0.045935858,-0.043418113,-0.0355846
0.50067514,0.45693308,0.42412832,0.42338678,0.3981371,0.39437458,0.37685224,0.37549606,0.36542603,0.3566039,0.33523896,0.3350653
-0.3952691,-0.3691729,-0.36463752,-0.34336415,-0.32855755,-0.3221505,-0.29908147,-0.278896,-0.2384646,-0.22001885,-0.1968053,-0.17528817
0.12276924,0.10164358,0.09005427,0.087839216,0.07590089,0.07607758,0.07951282,0.08099908,0.08200159,0.085219905,0.09056599,0.09917009
-0.20544758,-0.19887283,-0.19253531,-0.18200918,-0.174526,-0.16623709,-0.14616089,-0.13358387,-0.112339765,-0.09812507,-0.07820995,-0.0608019
0.5636087,0.5225469,0.48950502,0.48044533,0.44352716,0.43436226,0.40710837,0.3974296,0.3815165,0.36237475,0.33563268,0.3329879
0.5936938,0.54869515,0.52814126,0.505212,0.4874395,0.4759754,0.44448048,0.4306317,0.39677665,0.37053385,0.34289566,0.3265722
0.1878226,0.18841098,0.18680131,0.1845966,0.1826964,0.1811631,0.16848834,0.1617959,0.1409927,0.13112918,0.11376912,0.09606101
-0.30778566,-0.27985522,-0.2625494,-0.26348397,-0.25180948,-0.24785174,-0.2374625,-0.23280306,-0.22897735,-0.23419084,-0.225885,-0.22627026
0.36098883,0.32797614,0.3049434,0.29421744,0.27422076,0.26890704,0.25011513,0.24230115,0.2214434,0.20354444,0.18952055,0.18569589
0.23467618,0.2129211,0.19523674,0.19349682,0.18205526,0.17415695,0.16496688,0.16662759,0.16053392,0.1654752,0.16492835,0.17553724
0.30904317,0.2980744,0.2938229,0.29221126,0.2866441,0.2848403,0.269142,0.25822258,0.24087681,0.22591099,0.20540157,0.1855534
-0.0026347358,0.0027953144,0.0055542924,-0.0007891208,-0.0059293993,-0.002973821,-0.007610582,-0.009030614,-0.022040866,-0.031131597,-0.038058206,-0.04604463
-0.34558883,-0.30756906,-0.28417814,-0.26504332,-0.24467921,-0.2367086,-0.21911323,-0.20129319,-0.17810369,-0.17418781,-0.16050714,-0.15715161
0.14765313,0.11379222,0.09204647,0.08485335,0.07109389,0.06365535,0.06308627,0.06288037,0.064087495,0.06654388,0.07201556,0.083878584
0.09001185,0.077818684,0.064178854,0.06255323,0.056435157,0.04546057,0.04106433,0.044759832,0.058967974,0.07392245,0.08069122,0.09718387
-0.015573807,-0.0037603006,0.0027132388,0.009453718,0.015528136,0.018572947,0.017379194,0.01406389,0.008926134,0.0041098497,-0.003705374,-0.014746602
0.06776875,0.06272085,0.061369583,0.056750383,0.053670473,0.049021687,0.044623177,0.038999062,0.036608238,0.02799014,0.0204368,0.014328151
0.07269524,0.061281487,0.05614808,0.06739632,0.065922365,0.075779535,0.08460756,0.09053185,0.09017371,0.095127955,0.10436252,0.10730515
-0.07466795,-0.0672954,-0.058557965,-0.049451675,-0.038770407,-0.040916413,-0.02410364,-0.0026791077,0.019364577,0.020242289,0.02410509,0.029938132
-0.05193886,-0.0352304,-0.022295773,-0.022121523,-0.014116827,-0.013184227,-0.01456926,-0.017816026,-0.023919106,-0.03217977,-0.040485144,-0.05422678
0.60202503,0.56891686,0.547491,0.54479426,0.5308747,0.50925183,0.47608426,0.45704737,0.4172281,0.39017794,0.36033764,0.3309344
0.41847852,0.37936473,0.35912803,0.3402523,0.32500947,0.31797674,0.29143444,0.27633613,0.25143567,0.22894636,0.21121864,0.19763565
0.13858797,0.10604855,0.0791749,0.07277635,0.05579579,0.046522982,0.044734187,0.042401157,0.056614764,0.06785669,0.07098929,0.090418555
0.100415125,0.10463912,0.10720418,0.124072924,0.12301393,0.12378537,0.123937845,0.11403222,0.108947545,0.109843224,0.1005747,0.088936135
0.40310723,0.35539055,0.32703704,0.31726485,0.29809895,0.28384027,0.27209568,0.26818416,0.2654755,0.26400042,0.2641614,0.27413806
0.10899925,0.13447967,0.15224978,0.16007385,0.1679571,0.17480499,0.15958542,0.14677042,0.115000546,0.0946199,0.0647483,0.022956256
-0.19127107,-0.18838306,-0.1814782,-0.1828299,-0.17677635,-0.17416298,-0.15995008,-0.16013037,-0.14309824,-0.13225289,-0.11655084,-0.10603699
-0.14669816,-0.10905812,-0.08715201,-0.064737745,-0.05236716,-0.031362828,-0.027312636,-0.019937936,-0.025710858,-0.025337784,-0.026557736,-0.036140442
-0.29404402,-0.27635184,-0.26387542,-0.27611795,-0.26574433,-0.27694982,-0.27534923,-0.27927905,-0.26255718,-0.26092267,-0.25158268,-0.2540183
0.26790386,0.243803,0.22563599,0.21075717,0.20130257,0.18415083,0.1625209,0.15044862,0.13596904,0.12481991,0.10779485,0.09672082
0.13295075,0.104770906,0.0844807,0.07393879,0.059010442,0.051358823,0.050384574,0.05491995,0.056955375,0.061598245,0.06845855,0.085135624
-0.0026033407,0.02801793,0.04491499,0.07975606,0.09715898,0.10992275,0.10910776,0.12188503,0.11796744,0.11271191,0.10619156,0.10358996
-0.25259954,-0.1984541,-0.15677974,-0.12529075,-0.09868893,-0.06424806,-0.05111038,-0.047896273,-0.06997841,-0.07378858,-0.08380709,-0.118343994
-0.050879683,-0.0430781,-0.033802383,-0.025960619,-0.016169168,-0.011199963,-0.0023974166,-0.0051406226,-0.0014823237,-0.002593861,-0.0025048791,-0.005000041
0.064834416,0.04486485,0.03808211,0.0298834,0.02264655,0.010113925,0.007905688,-0.0063084774,0.0020540059,0.0026538,0.014743827,0.018044125
-0.1397753,-0.120414525,-0.1193728,-0.104965605,-0.09583454,-0.08786839,-0.083513714,-0.07273318,-0.057082735,-0.041575387,-0.028239569,-0.012255205
-0.17813843,-0.1390856,-0.11571732,-0.09910688,-0.07964711,-0.068470284,-0.064137764,-0.05823609,-0.06522706,-0.06878343,-0.07508434,-0.0922778
0.27213812,0.21903543,0.18379422,0.15382664,0.12998134,0.102235734,0.08564159,0.07524252,0.07236761,0.07001527,0.068933986,0.0779666
-0.038346134,-0.028489787,-0.020046629,-0.016425418,-0.010126074,-0.008620936,-0.008972474,-0.0025878279,-0.0017631408,-0.008128522,-0.013759604,-0.016922964
0.1916689,0.1998127,0.20903742,0.21058366,0.21308568,0.2185241,0.20358032,0.19132313,0.16543727,0.14313492,0.11346602,0.08179678
0.08520827,0.05241815,0.029987749,0.016938247,0.0016155764,-0.0077293813,-0.0077060647,-0.0057665557,0.0028757304,0.013434293,0.028802007,0.053799912
0.24148083,0.22502808,0.21897183,0.20076352,0.19188136,0.19125964,0.1749143,0.16098139,0.12539132,0.10832145,0.093083456,0.07514296
0.20122316,0.17912328,0.16321567,0.15184,0.13853829,0.12736365,0.11375652,0.10758228,0.09856431,0.0859763,0.08005334,0.074921034
0.13195562,0.12006602,0.1126112,0.10883617,0.10119511,0.10395346,0.09712458,0.09664312,0.085375614,0.08096119,0.07433074,0.071994826
0.19859043,0.18610844,0.17831142,0.17348209,0.16857852,0.16242075,0.150332,0.14115676,0.12592667,0.11902318,0.10383556,0.09109213
0.14860658,0.13146348,0.11791661,0.10731866,0.09535084,0.090964876,0.080223985,0.070780136,0.058097485,0.057449527,0.052666303,0.051242188
0.23951791,0.22315319,0.2174889,0.2097497,0.20741916,0.21408787,0.19966972,0.18739268,0.16989227,0.15922387,0.14552107,0.13529098
0.06501143,0.05021298,0.04193802,0.041126326,0.036328286,0.038624212,0.042427853,0.044902787,0.052034058,0.05309073,0.057958793,0.06356161
0.34871054,0.31533673,0.28989714,0.2662113,0.24131317,0.21910556,0.18826647,0.1760467,0.15943886,0.13863564,0.11680745,0.1069959
0.63735515,0.5843223,0.5330994,0.5019134,0.45748115,0.4183328,0.36902156,0.34859732,0.3167002,0.2979323,0.27059963,0.25833184
0.061390106,0.06139539,0.061372,0.06996682,0.06764177,0.0692199,0.07294249,0.07555224,0.07430498,0.075265005,0.07420042,0.07301579
-0.033825748,-0.04867146,-0.049972508,-0.056267396,-0.059916206,-0.053932786,-0.046991818,-0.043298684,-0.04374503,-0.045993492,-0.035153136,-0.032522436
-0.7865951,-0.71729606,-0.6726311,-0.65291417,-0.61694133,-0.6006304,-0.55911094,-0.54350924,-0.50369734,-0.477168,-0.44080332,-0.42492077
-0.25524566,-0.23328492,-0.21357659,-0.2122777,-0.20348004,-0.19853303,-0.1877939,-0.1936792,-0.1891266,-0.18149184,-0.175817,-0.17998676
0.16337726,0.13837689,0.12338979,0.114153825,0.10105759,0.09588471,0.09132997,0.09089869,0.0912881,0.08853167,0.089707784,0.09752657
-0.043329008,-0.058334284,-0.07108615,-0.07969198,-0.08562638,-0.09441977,-0.092637755,-0.091504484,-0.08043136,-0.07617764,-0.064065196,-0.04904092
-0.2798229,-0.24850258,-0.22331914,-0.20789567,-0.17437917,-0.1554914,-0.13875428,-0.1292995,-0.09847058,-0.08944701,-0.08019327,-0.077835724
-0.018484576,-0.035421602,-0.044873934,-0.053590417,-0.05696404,-0.069721214,-0.06924249,-0.07359898,-0.06147393,-0.05762569,-0.047548864,-0.03834201
-0.051363297,-0.050408006,-0.044271506,-0.037745103,-0.03358492,-0.033763163,-0.024526723,-0.025335047,-0.022632565,-0.019814325,-0.017746773,-0.024040852
-0.58308256,-0.52094775,-0.48659477,-0.45497808,-0.42463765,-0.40611598,-0.37138578,-0.3495464,-0.31715193,-0.29423636,-0.27231663,-0.26311243
0.023788346,0.027763953,0.033020597,0.029345805,0.03724479,0.029200781,0.022213662,0.016632088,0.012151499,-0.00011347607,-0.01170876,-0.025765091
-0.039130554,-0.04266683,-0.044190433,-0.050242163,-0.052175827,-0.056866392,-0.05599969,-0.054497927,-0.052497316,-0.05278037,-0.048167255,-0.042179383
-0.10715922,-0.09543439,-0.08581684,-0.08411875,-0.076662704,-0.07279134,-0.06651786,-0.067584634,-0.0675367,-0.06226608,-0.05788754,-0.063057594
0.02674726,0.018734809,0.015931135,0.008785069,0.008843269,0.0026747868,-0.0011181866,-0.007825924,-0.008276928,-0.012216955,-0.012524052,-0.014860558
0.13764183,0.12041592,0.10777582,0.10849084,0.10382559,0.1042189,0.100329295,0.10193879,0.10250488,0.102972426,0.10479615,0.11047057
-0.03918915,-0.06645335,-0.08052564,-0.088454925,-0.10194347,-0.095068246,-0.082311735,-0.07873192,-0.050880324,-0.03971884,-0.0102694305,0.01716843
0.33563325,0.27762535,0.2334349,0.20537664,0.2058691,0.1677723,0.14617945,0.1347363,0.1284774,0.10329959,0.09558401,0.08684855
0.13321142,0.12251603,0.11835176,0.11562371,0.10914968,0.108182795,0.101855196,0.09972555,0.093135,0.08849006,0.085007235,0.08497922
0.6042618,0.553857,0.52232623,0.5182701,0.48958245,0.482672,0.46312842,0.46194792,0.43859497,0.42193183,0.42310092,0.4249935
0.1840029,0.16440886,0.14883357,0.14067759,0.12789312,0.11885735,0.11337782,0.11243603,0.114055455,0.10999068,0.10257383,0.10593767
0.25259095,0.20816045,0.17765757,0.1648053,0.14155045,0.13422602,0.124391906,0.12665866,0.12276468,0.12701154,0.1309245,0.14867835
-3.3216524,-2.9832048,-2.758873,-2.6385245,-2.498052,-2.392811,-2.2196293,-2.1794658,-2.078256,-1.9686714,-1.8687444,-1.8608339
0.21771275,0.20644327,0.20293142,0.21544039,0.2069998,0.2043609,0.1974799,0.1970168,0.19580889,0.18910976,0.18782704,0.18961392
-0.08833274,-0.082148105,-0.082817465,-0.07155213,-0.06258849,-0.061484978,-0.05437449,-0.050061885,-0.038242,-0.025781393,-0.017389063,-0.012378294
-0.2149551,-0.19023168,-0.17433451,-0.1619297,-0.15011218,-0.1367482,-0.12446429,-0.121641934,-0.12523375,-0.11425102,-0.10679177,-0.112101495
-0.061432704,-0.05943159,-0.061563335,-0.05624848,-0.053045616,-0.056993887,-0.052463893,-0.04881634,-0.036079645,-0.031171743,-0.025412017,-0.020236902
-0.07694671,-0.068974786,-0.06373421,-0.061846748,-0.05914148,-0.048911996,-0.044396784,-0.041762553,-0.043688662,-0.042114038,-0.039479777,-0.042546697
-0.0948854,-0.09336642,-0.09547092,-0.08782497,-0.08816564,-0.08263366,-0.06930375,-0.060712725,-0.045593053,-0.034120686,-0.023790631,-0.013319517
-0.16365251,-0.13685909,-0.11451504,-0.10900442,-0.09863789,-0.09506084,-0.08697029,-0.085158564,-0.08740802,-0.09108389,-0.096683875,-0.10809212
0.034364387,0.04195024,0.04930242,0.053326182,0.06410708,0.060593974,0.05334337,0.044772845,0.048712477,0.04151024,0.036528002,0.022616368
0.13134412,0.12631324,0.12547162,0.11863243,0.11942874,0.117586106,0.10720034,0.098425135,0.0850701,0.07347979,0.06136449,0.046005193
-0.534822,-0.46810338,-0.41635436,-0.38426584,-0.3472465,-0.32309067,-0.29352129,-0.2715509,-0.23856886,-0.23291308,-0.21556255,-0.2171681
0.018612579,0.04656061,0.07804401,0.0915876,0.118169084,0.1396927,0.14471845,0.13822973,0.10604145,0.090517685,0.06807025,0.032949742
-0.20093209,-0.17854384,-0.17019956,-0.15657285,-0.14528872,-0.1369733,-0.12587337,-0.11463415,-0.108278185,-0.099927396,-0.09428592,-0.091320805
0.010976229,0.04009336,0.052940134,0.06252627,0.048554327,0.07377235,0.072702885,0.085923016,0.069333725,0.07009196,0.053889636,0.060386274
-0.452759,-0.4015637,-0.36459357,-0.3451405,-0.31765494,-0.30474,-0.27943245,-0.2751372,-0.25921232,-0.24703501,-0.23537643,-0.23847137
-0.4588748,-0.42465913,-0.40153033,-0.3810451,-0.36035255,-0.34438476,-0.31667396,-0.30375677,-0.27782637,-0.25591278,-0.23120439,-0.21795511
-0.055232152,-0.05652062,-0.064124376,-0.053621475,-0.057496198,-0.04903866,-0.039154023,-0.027381158,-0.014225138,0.003757813,0.014490011,0.030790217
0.064319976,0.08171164,0.09566058,0.0960798,0.102629885,0.10469705,0.09214728,0.0861615,0.06874322,0.04748378,0.024064366,-0.002785082
0.20151566,0.18444517,0.17210247,0.16674219,0.15516636,0.15453427,0.14407232,0.14445253,0.13234134,0.12506086,0.114060685,0.11076112
-0.027358428,-0.013610625,0.0005664448,0.008338731,0.01628521,0.022233766,0.02636809,0.027978845,0.03371433,0.032401003,0.027088253,0.02250953
-0.045324095,-0.05119484,-0.052812964,-0.062255677,-0.06460838,-0.06782545,-0.070456006,-0.07107198,-0.07157557,-0.07200086,-0.070146695,-0.06657575
-0.10604792,-0.111721665,-0.117924646,-0.11577247,-0.113836735,-0.11441395,-0.10545702,-0.09971914,-0.08467668,-0.071092606,-0.055719156,-0.03908973
-0.17638439,-0.13178822,-0.10178802,-0.08662145,-0.06573825,-0.05062855,-0.04762516,-0.05232501,-0.0639408,-0.0722311,-0.08820863,-0.11691466
0.0293081,0.042625114,0.0521561,0.067946225,0.074877806,0.084332645,0.08423197,0.08341238,0.070915155,0.066160984,0.06462038,0.05201903
-0.16874354,-0.15056224,-0.13723785,-0.123577096,-0.113751285,-0.105562955,-0.09327804,-0.094115004,-0.09431721,-0.08575376,-0.080580816,-0.08635582
0.15891038,0.15828755,0.16319296,0.17398176,0.17943199,0.19513255,0.1904099,0.18614815,0.18778625,0.17494936,0.16308396,0.14807871
0.5179527,0.4505095,0.41206992,0.39052382,0.3602546,0.35112864,0.3404874,0.3381551,0.3331227,0.3282965,0.33496505,0.35204938
0.07635768,0.0696625,0.061057996,0.055917814,0.04846578,0.043102577,0.034701813,0.029378355,0.023055866,0.017300723,0.008364746,0.0039402125
-0.27045247,-0.23812285,-0.21223827,-0.20099261,-0.1830597,-0.16632926,-0.15161295,-0.15231109,-0.14320996,-0.13755637,-0.13104548,-0.13760686
0.06627054,0.05965641,0.053250503,0.047146443,0.042116046,0.03903317,0.030534388,0.026823603,0.023471672,0.018610083,0.013239036,0.010654001
-0.36063722,-0.32579526,-0.30310607,-0.28418228,-0.26689103,-0.25809005,-0.23266678,-0.21478644,-0.18436702,-0.16800411,-0.14782488,-0.1328972
-0.039597444,-0.020746844,-0.0069941203,0.010328366,0.020382993,0.030686291,0.03456285,0.03891012,0.045994736,0.043794125,0.040355764,0.030767161
0.0870951,0.09224766,0.099176764,0.11030547,0.109854095,0.12109733,0.12154254,0.123758696,0.11396269,0.10449601,0.09301719,0.079869725
0.31276157,0.25870958,0.23216957,0.21373972,0.19493775,0.1725533,0.16557246,0.15243132,0.16533831,0.15936154,0.16576897,0.18182856
0.03236474,0.047032334,0.0583685,0.06018184,0.06633019,0.071996786,0.06369495,0.06113356,0.047546756,0.030206747,0.013234462,-0.0057519265
0.3236224,0.28995514,0.2669426,0.26735625,0.25447115,0.24735892,0.23915057,0.24088156,0.23215248,0.22927493,0.21441686,0.21820726
0.19293864,0.18336573,0.17638518,0.18005188,0.17453332,0.16511697,0.16390558,0.1686302,0.17179735,0.17071347,0.16930485,0.17811485
-0.55929947,-0.53437144,-0.518926,-0.5060127,-0.49024862,-0.48188245,-0.44312093,-0.4206116,-0.37801918,-0.34295496,-0.2996784,-0.2615853
0.23923305,0.23974359,0.24995086,0.2589276,0.26349515,0.29021898,0.28986403,0.2935881,0.2731268,0.25270241,0.22917381,0.21909077
0.32111582,0.28397933,0.26170006,0.23948267,0.2186864,0.20335843,0.1799677,0.1659493,0.14868048,0.13910092,0.12399255,0.12109865
-0.06784351,-0.050605297,-0.03950718,-0.028081816,-0.022934588,-0.011232877,-0.009672264,-0.007256858,-0.009669506,-0.010585251,-0.011508359,-0.015412205
0.10730588,0.10175774,0.099200934,0.098252445,0.09227872,0.09137536,0.08513884,0.078323446,0.07649953,0.06923796,0.06042778,0.053840447
-0.16532476,-0.14282201,-0.12734234,-0.116547085,-0.10728561,-0.098136485,-0.088508315,-0.08755096,-0.0815078,-0.072688885,-0.069680795,-0.072000235
0.11471212,0.10254749,0.095196016,0.08338423,0.07848566,0.06676222,0.055439424,0.05292908,0.046104077,0.03322218,0.020766662,0.013958536
0.0066148276,-0.0033457428,-0.0013893144,-0.0074987113,-0.003667418,-0.012640046,-0.004137636,-0.007966576,-0.007374333,-0.0022209762,0.003065534,0.009042263
-0.08722895,-0.08877422,-0.08922942,-0.08794396,-0.08771397,-0.08680579,-0.077598445,-0.07364294,-0.063841075,-0.05656638,-0.04671926,-0.037751503
0.9861233,0.8806366,0.8113705,0.7774913,0.7273691,0.68528974,0.63966227,0.60088056,0.57790977,0.56587076,0.5276122,0.5254778
-0.1345073,-0.107053645,-0.08616042,-0.07646106,-0.059935935,-0.052390367,-0.049359284,-0.052765243,-0.06048674,-0.060012788,-0.0683837,-0.08384024
0.2532612,0.23127751,0.21800314,0.20924649,0.1969893,0.20185089,0.1895603,0.18431951,0.16435768,0.15419526,0.14213003,0.13670015
0.16583447,0.16328914,0.16073589,0.15665914,0.15437676,0.15417933,0.14213565,0.1402837,0.1263603,0.11631718,0.10005214,0.088666745
-0.098025344,-0.0876039,-0.07757807,-0.08135811,-0.07497362,-0.07421426,-0.07191954,-0.076870315,-0.07933426,-0.082710125,-0.08321039,-0.09014728
-0.34944865,-0.30624175,-0.27935,-0.25678444,-0.2427826,-0.22114143,-0.19881853,-0.18858108,-0.17962761,-0.1643975,-0.15918954,-0.15503733
-0.11175841,-0.096051455,-0.08657549,-0.06347,-0.048465885,-0.04136778,-0.02039897,-0.00971643,-0.005949486,0.0023616548,0.006679883,0.0009742486
-0.02773682,-0.026334878,-0.02841162,-0.03445648,-0.038876534,-0.03684999,-0.04284402,-0.04882051,-0.056305736,-0.06388702,-0.06527736,-0.06793058
0.010018991,-0.02600072,-0.050915964,-0.08078675,-0.09486419,-0.11703486,-0.12811503,-0.1304732,-0.13026507,-0.12896042,-0.115984984,-0.09876324
0.24398871,0.21884356,0.19573537,0.18620172,0.17252365,0.16143112,0.14746867,0.14818819,0.13432702,0.13482735,0.12910122,0.13458644
0.2736428,0.2440252,0.22227904,0.1940242,0.17412505,0.15458244,0.12656923,0.10634463,0.08108136,0.06542428,0.053477988,0.044267558
0.31796587,0.26678815,0.23016174,0.21388839,0.19016585,0.17599355,0.17031574,0.16636902,0.15907297,0.16415292,0.16533358,0.17905788
-0.22636083,-0.20949274,-0.19738194,-0.18941073,-0.18129887,-0.17541684,-0.16324046,-0.1562165,-0.14276293,-0.1338894,-0.11977539,-0.110004105
0.16931286,0.15362622,0.14165182,0.14005911,0.13134752,0.12744056,0.119939834,0.11626144,0.11001531,0.10441244,0.09907503,0.095788784
0.16418721,0.15952462,0.150318,0.14669071,0.14038679,0.14304619,0.12716001,0.12454754,0.10227739,0.093461014,0.078228995,0.070693865
-0.11144528,-0.09646897,-0.09150871,-0.08887619,-0.08226711,-0.07872178,-0.08150844,-0.07863468,-0.08383334,-0.083704114,-0.08553824,-0.088417046
-0.77305853,-0.6801037,-0.6120395,-0.5692147,-0.52141577,-0.48911878,-0.43854305,-0.41548038,-0.3763417,-0.35173172,-0.32767615,-0.32751065
0.0056649023,0.005221133,0.0028927727,0.009259025,0.009606303,0.0061426647,0.0064531574,0.013818401,0.012898039,0.0089291455,0.01148557,0.012510643
-0.0025279224,0.04635404,0.08560618,0.1148748,0.13958904,0.17825899,0.17337063,0.16208139,0.1365907,0.1248478,0.09628323,0.05285497
-0.05008187,-0.03186658,-0.01830449,-0.02212875,-0.014251325,-0.017843716,-0.024281874,-0.030922469,-0.0415888,-0.055351067,-0.06765069,-0.08512023
0.94726515,0.85698545,0.8102048,0.7678737,0.72712255,0.67732424,0.62632304,0.60276717,0.5481037,0.507692,0.49377656,0.4733009
0.027449701,0.023375683,0.020421688,0.021257814,0.018478889,0.01583992,0.016904134,0.016062565,0.014493068,0.016873585,0.01791461,0.019742226
0.47230121,0.4034955,0.35619158,0.30627248,0.27315813,0.2464601,0.19959453,0.1710569,0.12718076,0.097914994,0.07538802,0.053591397
-0.31107914,-0.2699564,-0.2399831,-0.23518686,-0.21717337,-0.21258906,-0.20260707,-0.20567062,-0.19384366,-0.19963036,-0.20619877,-0.22047213
-0.05911064,-0.07301624,-0.08472855,-0.09067528,-0.09718275,-0.106187604,-0.10149972,-0.09550801,-0.07712648,-0.06861752,-0.052838027,-0.03095223
0.108867675,0.07635197,0.05538798,0.037400782,0.024839878,0.010970227,0.0005235411,-0.010463636,-0.011320107,-0.012340099,-0.006980544,4.444993e-05
0.13394864,0.115972064,0.10664868,0.10233271,0.09798821,0.09654562,0.096420944,0.09495306,0.09580652,0.09616469,0.09252239,0.09623981
-0.33598214,-0.31142536,-0.29691878,-0.28619993,-0.27606475,-0.26788095,-0.24864541,-0.23642254,-0.21464364,-0.19702345,-0.17824887,-0.16212948
0.25352016,0.22517233,0.21769385,0.21188223,0.20818254,0.19932143,0.19823681,0.1900664,0.19230789,0.19218914,0.19792444,0.19711797
-0.7147011,-0.6163084,-0.54730654,-0.51946205,-0.4642923,-0.43286943,-0.4059133,-0.39408073,-0.3889314,-0.3839925,-0.37678546,-0.39864013
-0.032414533,-0.014199983,-0.0014425404,0.007008534,0.015210984,0.019555688,0.0199416,0.023177458,0.016970588,0.011387955,0.0051489403,-0.0039002532
0.14533387,0.14198866,0.13810447,0.1328459,0.1286581,0.12374102,0.11086795,0.10478525,0.09416041,0.0783097,0.062030114,0.04804817
0.056554392,0.03213309,0.015283894,0.008398019,0.00010301173,0.0021880828,0.005575016,0.008631058,0.013230674,0.023198068,0.038660664,0.056777783
0.17854752,0.15750775,0.13864574,0.13181198,0.11759143,0.11188934,0.100231625,0.09782927,0.09087464,0.090700686,0.08360824,0.08437653
-0.07353332,-0.073245056,-0.072666876,-0.06794628,-0.067068204,-0.06189004,-0.05333025,-0.05238641,-0.04179836,-0.027105838,-0.015748426,-0.0039619356
0.009907547,0.018575218,0.0296618,0.026741661,0.02547358,0.03190351,0.028064221,0.020766424,0.0046179034,-0.007842055,-0.019645724,-0.03652717
