0.2532937,0.1908642,0.17150715,0.14248416,0.112249166,0.09311907,0.09977104,0.0944204,0.082145706,0.14674923,0.16036607,0.18475164
-0.30736765,-0.27429196,-0.2507149,-0.23227835,-0.21907064,-0.19344853,-0.19246826,-0.19209251,-0.20531636,-0.21168448,-0.22380467,-0.24742787
-0.30378273,-0.28393653,-0.27311555,-0.25544357,-0.24145204,-0.22781931,-0.21965905,-0.21153323,-0.20341258,-0.20540911,-0.20497476,-0.20893636
0.05388277,0.051664107,0.043067947,0.05734028,0.058106244,0.049490362,0.058224097,0.068325944,0.061517157,0.06778903,0.054149363,0.049382515
-0.15177307,-0.19942898,-0.24803402,-0.28160954,-0.30605707,-0.29670703,-0.2879362,-0.26498085,-0.21385145,-0.16609497,-0.09666963,-0.008995395
-0.097918555,-0.100315854,-0.09477515,-0.10543631,-0.11058226,-0.09886239,-0.10164893,-0.0987019,-0.11221965,-0.08342561,-0.07538687,-0.06730053
-0.026250707,-0.028214896,-0.026512388,-0.017521607,-0.0329971,-0.038695976,-0.021269463,-0.018236581,-0.033347584,-0.032156978,-0.036853813,-0.023216948
-0.01895202,-0.023778893,-0.022943182,-0.016947906,-0.017796716,-0.020142645,-0.013213557,-0.0071072364,-0.005785626,-0.005664768,-0.010083573,-0.00096779503
-0.06919317,-0.06835579,-0.054234114,-0.039921764,-0.02961804,-0.023363817,-0.03746792,-0.03335955,-0.031743266,-0.03391089,-0.0468792,-0.07617202
0.18660462,0.20344445,0.20770025,0.21621743,0.20706522,0.19421612,0.20939003,0.19131984,0.1666606,0.14272837,0.10180241,0.083114326
-0.5221923,-0.5467478,-0.5569507,-0.55178386,-0.5601152,-0.5409563,-0.5278669,-0.4807608,-0.451375,-0.4036777,-0.34877768,-0.2967747
0.33075407,0.2680849,0.21849078,0.19529985,0.14146765,0.1267235,0.110891014,0.13727787,0.1582422,0.17267042,0.21170187,0.2614881
-0.38418645,-0.41952395,-0.44491804,-0.45973748,-0.47180933,-0.45222223,-0.44427255,-0.40552813,-0.36777413,-0.30726165,-0.24111146,-0.17242305
0.37485123,0.39541084,0.41154456,0.42101994,0.41117692,0.4020978,0.3903938,0.3567617,0.3174756,0.26704583,0.214537,0.16666546
-0.026570253,-0.005480781,-0.0007487461,0.00624913,0.015102513,0.027594104,0.016085349,0.010258436,0.0061528757,-0.0028030612,-0.019905008,-0.049584705
-0.3569621,-0.3597544,-0.35740206,-0.34955227,-0.34223953,-0.3277491,-0.31979328,-0.2956296,-0.2817799,-0.25663757,-0.22726075,-0.20634419
-0.17287791,-0.09197505,-0.039106876,0.02144076,0.055508748,0.07680942,0.07920429,0.04633233,0.0025759041,-0.054165997,-0.13584545,-0.22975007
0.16938905,0.17354785,0.16233742,0.15340199,0.15750125,0.1498892,0.15332954,0.14634757,0.1442527,0.13587472,0.13120641,0.12930962
0.32627752,0.35423818,0.37303957,0.40600213,0.40112418,0.38730878,0.38768268,0.35081807,0.30996105,0.26778835,0.1908796,0.12581992
0.4505505,0.38159376,0.31305045,0.24940449,0.21434635,0.17700827,0.17951909,0.20335904,0.22595307,0.24913879,0.31798753,0.3922115
0.34998232,0.48038542,0.572945,0.63382107,0.6751702,0.6810355,0.6640467,0.5685495,0.4765709,0.34426805,0.16330424,-0.027847141
-0.01600803,-0.05731235,-0.09313694,-0.11671867,-0.13589877,-0.13607424,-0.14064184,-0.110130064,-0.080764666,-0.038515795,0.0057123713,0.053268734
0.25136876,0.2608323,0.24542668,0.24755615,0.24436697,0.23458657,0.24182981,0.23351319,0.20408005,0.1794285,0.16272771,0.14648983
-0.49895194,-0.49052808,-0.4732603,-0.44773212,-0.44046324,-0.4135864,-0.4071496,-0.38942602,-0.3841006,-0.3681538,-0.347583,-0.33310172
0.12574147,0.10141574,0.09921612,0.07791342,0.068086095,0.05326038,0.059911005,0.064080805,0.059547372,0.06764124,0.081280224,0.10624115
-0.447973,-0.4497925,-0.44990295,-0.44006914,-0.43362957,-0.42331368,-0.39921516,-0.3714323,-0.3488847,-0.33303022,-0.29656455,-0.25603545
0.488112,0.45541883,0.4316322,0.39820677,0.36306044,0.34315667,0.32454047,0.3234493,0.31585264,0.3028775,0.29656047,0.29467985
-0.21848488,-0.2325626,-0.24273449,-0.24046129,-0.24040654,-0.23575318,-0.23275113,-0.20305057,-0.17876893,-0.16191623,-0.12943196,-0.100534976
0.15267858,0.13071325,0.1004909,0.0761621,0.07098193,0.05990558,0.06540451,0.0815358,0.08192684,0.092857435,0.12064581,0.14646447
-0.058004513,-0.042278558,-0.035857387,-0.028088935,-0.014739923,-0.0069297925,-0.010713138,-0.022853233,-0.021067709,-0.027012937,-0.040454205,-0.06283312
0.07280468,0.057915665,0.051824015,0.044707276,0.04003108,0.035910543,0.030765893,0.026970068,0.042290743,0.04622878,0.051307715,0.062233377
0.16514122,0.14310822,0.12749676,0.119823195,0.103214264,0.08651644,0.09065384,0.09966295,0.09964125,0.10442571,0.11747112,0.13649127
-0.053414118,-0.11121538,-0.1472684,-0.16676973,-0.18181123,-0.1825611,-0.1864461,-0.15605712,-0.114315175,-0.063183464,-0.0021428838,0.064679354
0.21181053,0.23401523,0.24259152,0.22994193,0.24048594,0.23893924,0.22528423,0.19754034,0.19732223,0.17871475,0.13418646,0.095954746
0.013180714,-0.032133013,-0.07006084,-0.09796645,-0.12319045,-0.13405931,-0.1270743,-0.08935321,-0.06719677,-0.021451399,0.023780245,0.082949616
0.113016054,0.107664034,0.098289,0.08934429,0.08503706,0.07589821,0.08045899,0.08138878,0.07516341,0.072057225,0.07843687,0.0836068
-0.10903404,-0.08908648,-0.10036078,-0.11062157,-0.10046609,-0.10082933,-0.06250082,-0.06942715,-0.07487176,-0.073441744,-0.06105379,-0.029825984
0.56444263,0.4991163,0.43597788,0.39810652,0.36348435,0.3465961,0.32655635,0.34019107,0.34191972,0.35582548,0.39566445,0.43283084
0.10344369,0.08074217,0.067007445,0.04955996,0.03752893,0.03038532,0.026272558,0.03839652,0.04440326,0.048994116,0.07189435,0.092521966
0.0023300461,-0.025148112,-0.042937078,-0.05030819,-0.062731214,-0.066857524,-0.07129196,-0.05279086,-0.030112736,-0.014242601,0.0077095665,0.035078607
0.0491904,0.10637233,0.11848606,0.139025,0.16083586,0.14969313,0.18656018,0.15458205,0.124297276,0.07483789,0.032090895,0.009987976
0.14468372,0.1444098,0.14770909,0.1418425,0.13458799,0.12775986,0.12202708,0.11762324,0.10944882,0.09315255,0.08126563,0.07056907
-0.8443184,-0.81567127,-0.8062957,-0.7553314,-0.73941875,-0.6960108,-0.672537,-0.63150287,-0.6200413,-0.58030033,-0.55216527,-0.5281803
0.25174037,0.17480269,0.11439127,0.052533463,0.02729939,0.008102149,0.005481139,0.045598596,0.0838016,0.13599409,0.21090384,0.3048372
0.14836253,0.09537929,0.053027302,0.023637742,-0.009738058,-0.010604605,-0.0253326,-0.007768631,0.010356322,0.046553507,0.11143664,0.17543808
0.23710704,0.16032618,0.10599983,0.068403065,0.010673761,-0.0019587874,-0.008716166,0.034553364,0.05985208,0.11025083,0.155887,0.23870595
0.2192734,0.23402306,0.23796543,0.24926,0.24648654,0.24364324,0.23157217,0.21621846,0.19345638,0.17655402,0.14224067,0.103830166
-0.5024672,-0.51940614,-0.48900846,-0.47327638,-0.45475233,-0.4541613,-0.4432286,-0.4154916,-0.386552,-0.34178323,-0.31217262,-0.28249788
0.14781371,0.1293152,0.12257752,0.12297836,0.107176036,0.09087443,0.0934421,0.10712248,0.097318485,0.10381208,0.10955911,0.11978945
-0.40841538,-0.42038423,-0.43561956,-0.4374383,-0.4351225,-0.41069323,-0.4085695,-0.38186514,-0.34826374,-0.31413254,-0.25661242,-0.21110046
-0.038569562,-0.08011198,-0.10739219,-0.12506247,-0.14675508,-0.14837968,-0.1466436,-0.12216221,-0.09997511,-0.06327834,-0.017100058,0.03699479
-0.36544183,-0.3634197,-0.3633341,-0.35661507,-0.3492332,-0.33202258,-0.3177785,-0.30394936,-0.2895122,-0.27333266,-0.23756707,-0.20711946
-0.51193726,-0.48700678,-0.4778834,-0.45468605,-0.43026522,-0.40041032,-0.39473698,-0.38319835,-0.36543056,-0.34433183,-0.33880836,-0.34522876
0.002403766,-7.2469236e-05,-0.00487746,-0.0063948026,-0.010252111,-0.012965407,-0.011194202,-0.013711626,-0.008433989,-0.0010524578,-0.00445098,-0.0025787624
0.049268328,0.0333845,0.026801512,0.020798441,0.011469707,0.0120321065,-0.00022643805,0.009887647,0.012579992,0.023637913,0.03076809,0.03485579
-0.061819796,-0.08025122,-0.10036408,-0.13627404,-0.1322315,-0.12847736,-0.12591639,-0.12675616,-0.0912314,-0.051908217,-0.023252549,0.020542677
0.008438274,-0.048934326,-0.08665286,-0.12444139,-0.14942156,-0.15548813,-0.15504915,-0.12443524,-0.09290853,-0.04396484,0.022441482,0.09753373
-0.03514321,-0.03898485,-0.045319527,-0.05964109,-0.05885355,-0.048149087,-0.051743627,-0.057931084,-0.048746336,-0.0288251,-0.014234763,0.003509581
-0.18926914,-0.23785271,-0.25871795,-0.2733177,-0.28908,-0.28990614,-0.28722155,-0.24893013,-0.21187498,-0.16291377,-0.103677616,-0.035862066
-1.3414683,-1.2553239,-1.1805711,-1.1082325,-1.0247204,-0.96266824,-0.92946887,-0.92421067,-0.91114396,-0.8729059,-0.87041104,-0.8986199
0.06838997,0.076356485,0.09235884,0.08943842,0.086637825,0.081430435,0.081906855,0.07715714,0.06009962,0.046555426,0.03317069,0.022971444
-0.02901896,-0.036160454,-0.058081463,-0.08579476,-0.08242646,-0.06746963,-0.08055459,-0.08559786,-0.04819122,-0.018817559,-0.007047314,0.010319874
0.06759527,0.0647553,0.05517215,0.042457644,0.041602764,0.046025805,0.038033243,0.03423395,0.04185101,0.04398097,0.04662209,0.053990077
-0.069439165,-0.060566925,-0.04801432,-0.036165085,-0.02596895,-0.020640038,-0.02431804,-0.03339979,-0.033616632,-0.03719292,-0.048877932,-0.06641829
0.3221076,0.3620311,0.3809529,0.39093798,0.40739906,0.39214998,0.3960042,0.35828385,0.3219679,0.2728727,0.21036638,0.14947346
-0.56559855,-0.56520206,-0.5573674,-0.53814006,-0.5380421,-0.50922966,-0.4953124,-0.4657726,-0.4493864,-0.417633,-0.38474298,-0.34445578
-0.21504797,-0.15534608,-0.11639991,-0.0660692,-0.046032935,-0.046233878,-0.016696647,-0.02192545,-0.052725025,-0.07083639,-0.13508229,-0.16420539
0.03147303,0.07298073,0.10293646,0.12088287,0.13638984,0.14364249,0.13747916,0.11086173,0.071103714,0.036125254,-0.004520415,-0.062581465
0.32504374,0.31807697,0.2828058,0.2743074,0.27251482,0.25483868,0.26212782,0.27169865,0.23765875,0.24842083,0.24826956,0.23533684
0.5193909,0.5234176,0.5153736,0.48999274,0.46944192,0.44637004,0.4396305,0.4285234,0.40093368,0.36465544,0.33111763,0.30643266
-0.079035744,-0.099605784,-0.12780626,-0.14888266,-0.15218338,-0.14065382,-0.13647625,-0.1382317,-0.12390095,-0.09959349,-0.05086117,-0.011532066
0.11598804,0.097195715,0.087757595,0.08735367,0.0980205,0.07684721,0.0702994,0.057201497,0.10630654,0.07248247,0.09716803,0.11413117
0.076579496,0.071144834,0.07769929,0.09385807,0.0956648,0.08079952,0.08953394,0.08675987,0.072895415,0.061688237,0.05120041,0.04654959
0.15238164,0.14373702,0.13910766,0.13684487,0.1263236,0.118229784,0.11762433,0.117322475,0.10966201,0.10207767,0.09512848,0.09968129
0.069817245,0.06592943,0.053918023,0.03826093,0.0351747,0.036878407,0.034513026,0.03133772,0.030655887,0.034944788,0.044791427,0.047600765
-0.52127826,-0.506533,-0.4767515,-0.4595774,-0.4486992,-0.42574897,-0.4044094,-0.3984626,-0.41172686,-0.39208564,-0.36219507,-0.3334159
-0.054379825,-0.024440005,-0.0035095438,0.009911068,0.026341364,0.026800565,0.035016015,0.02492971,0.012320071,-0.011840969,-0.034083,-0.05449558
0.17901249,0.10554084,0.052142724,0.010555506,-0.023549229,-0.036135525,-0.047002748,-0.010601491,0.026914269,0.07222452,0.13968843,0.2148408
-0.06070786,-0.03753778,-0.0180526,-0.0034719892,0.006058246,0.010698564,0.006735962,0.00096507743,-0.017095722,-0.034124024,-0.055598576,-0.08981441
-0.6304544,-0.5811157,-0.55340946,-0.50543964,-0.47554314,-0.453921,-0.42532682,-0.41577524,-0.40974918,-0.4069804,-0.4147352,-0.42376944
-0.10531663,-0.1259529,-0.13698712,-0.14460725,-0.15266123,-0.15796682,-0.1481578,-0.12556705,-0.114101656,-0.09665374,-0.060185622,-0.024840005
-0.9506577,-0.90864325,-0.8930362,-0.8147718,-0.7829759,-0.72792584,-0.7088855,-0.6736916,-0.6641806,-0.6298155,-0.59854996,-0.59085715
-0.17366216,-0.12531894,-0.08994441,-0.061681718,-0.04451117,-0.027725086,-0.028479502,-0.044454247,-0.06817688,-0.08155971,-0.13361053,-0.18799615
0.10907952,0.10553403,0.104388215,0.10955836,0.10154346,0.09601298,0.096843444,0.088925764,0.07287111,0.0745912,0.06888783,0.06625082
0.010519557,0.05349741,0.07644949,0.10028925,0.12936643,0.12625545,0.13207243,0.109495655,0.0930229,0.07017845,0.014677037,-0.046857662
0.25717798,0.24895409,0.2287526,0.20305565,0.19890395,0.19521627,0.1830734,0.17231771,0.18260306,0.18636079,0.18280908,0.18362898
-0.09598868,-0.08455615,-0.08467299,-0.07140373,-0.056059286,-0.06078752,-0.03753019,-0.03839799,-0.036865715,-0.04990536,-0.054489408,-0.05047756
-0.010571266,-0.032475647,-0.0465857,-0.059443124,-0.06229981,-0.06318493,-0.06481269,-0.057470698,-0.039248694,-0.015480713,0.0053769266,0.03035408
0.18556792,0.16093776,0.13942395,0.113028064,0.09649387,0.09283388,0.084283546,0.0876577,0.08953843,0.093437895,0.12368028,0.14366943
0.0722657,0.04713888,0.028945856,0.009876464,-0.0018183887,0.00066047907,-0.006841734,-0.0017623231,0.00444939,0.039234504,0.059165396,0.08006718
-0.33549565,-0.38122535,-0.42393288,-0.44968593,-0.46563882,-0.4452967,-0.44247934,-0.3984323,-0.34390903,-0.28170714,-0.21034552,-0.1329599
-0.36487022,-0.34815878,-0.34400845,-0.3230381,-0.32133126,-0.28507718,-0.2905294,-0.29379928,-0.27264136,-0.2497698,-0.25400892,-0.24845237
0.25391498,0.260491,0.27568975,0.2977165,0.29411837,0.27220395,0.27108258,0.257692,0.23597042,0.19017267,0.16335273,0.13506722
0.42391,0.5837153,0.6850751,0.75710905,0.8193761,0.82213247,0.79738504,0.68079877,0.5869605,0.43385786,0.23037261,0.0026281476
-1.0177178,-1.0116538,-0.984297,-0.9568818,-0.9408437,-0.9381124,-0.8434916,-0.7998862,-0.78665084,-0.76095754,-0.69172,-0.59521013
-0.19587414,-0.20298262,-0.21160567,-0.21407416,-0.2112514,-0.1992408,-0.19810492,-0.1867387,-0.17973936,-0.14787811,-0.11921219,-0.10065251
-0.7380963,-0.6361344,-0.5530654,-0.47349057,-0.41204584,-0.37332058,-0.35393852,-0.37789693,-0.40889305,-0.44354036,-0.5059092,-0.59141743
0.06564858,0.09243302,0.11970448,0.13121904,0.143421,0.13245343,0.14332472,0.111425646,0.08503774,0.042174146,0.024530817,-0.0046353852
0.18536153,0.14702806,0.12733486,0.10013918,0.085311115,0.071267486,0.064012334,0.07113074,0.086312436,0.105285496,0.13505442,0.16721302
-0.55094665,-0.49288845,-0.45364186,-0.40621662,-0.37615734,-0.34387168,-0.32967168,-0.33271337,-0.34645993,-0.35447115,-0.37895027,-0.4119928
-0.06360548,-0.09703451,-0.11425924,-0.13734715,-0.1478935,-0.14652047,-0.1539649,-0.13187604,-0.11054991,-0.07849837,-0.03199433,0.00452267
0.093610205,0.08539856,0.087160155,0.07450413,0.069766134,0.055701487,0.060695566,0.0656353,0.059069067,0.07618503,0.075764656,0.08461933
0.13249046,0.12301634,0.11928571,0.11477555,0.108095005,0.104345925,0.09051905,0.0884224,0.085344575,0.103110984,0.09350633,0.07603966
0.07853755,-0.013520703,-0.07547811,-0.12966368,-0.1751746,-0.189684,-0.19208857,-0.12814501,-0.0922969,-0.022137165,0.0683493,0.1664209
0.14930257,0.17326564,0.1768251,0.2092912,0.20915897,0.21704192,0.20255363,0.18290582,0.16478021,0.13380165,0.09566578,0.04626651
-0.25383967,-0.24306378,-0.2332303,-0.22744009,-0.22182007,-0.2007331,-0.19919403,-0.19882545,-0.19119626,-0.18944654,-0.18880999,-0.18600823
0.21435827,0.22049455,0.23261175,0.21891662,0.22419609,0.21915469,0.20116289,0.17566887,0.17692065,0.16980147,0.1437005,0.11942433
0.23481221,0.2199933,0.1918397,0.17456202,0.16394377,0.1368986,0.16161232,0.16517335,0.16611677,0.14991564,0.16420338,0.20339414
0.05306309,0.015177935,-0.015943244,-0.037697833,-0.053306546,-0.057465088,-0.056683786,-0.041510142,-0.01748338,0.0070956685,0.05334692,0.105551265
0.19396064,0.09978798,0.025748163,-0.033272117,-0.09227389,-0.107774794,-0.115418196,-0.052173853,-0.019079983,0.03358248,0.14614208,0.25240105
-0.014743693,-0.09919204,-0.15415078,-0.18822436,-0.24308571,-0.23412603,-0.24681489,-0.2019259,-0.15668571,-0.09731688,-0.009710446,0.09644094
-0.24620928,-0.24492247,-0.24534607,-0.23400459,-0.23317942,-0.21835724,-0.21425186,-0.20253819,-0.193581,-0.17325488,-0.16022742,-0.14950038
-0.12862551,-0.17431593,-0.21218678,-0.2391926,-0.26291823,-0.2585746,-0.25135773,-0.21508944,-0.17880303,-0.12836975,-0.072809964,0.0008676844
0.029874168,-0.0143354535,-0.04587472,-0.058898684,-0.081363626,-0.08026646,-0.082714364,-0.05656804,-0.03833622,-0.007723896,0.014377635,0.052332748
-0.4545793,-0.40319657,-0.35012704,-0.3029288,-0.26758763,-0.23762816,-0.25467736,-0.25816476,-0.27948514,-0.29216427,-0.31017804,-0.36585468
0.094513014,0.06505415,0.0529956,0.031104974,0.009300701,0.008434802,-0.006576635,0.0006638169,0.008966371,0.020370755,0.051106837,0.07685487
0.043407045,0.009170592,-0.006251842,-0.019998275,-0.035147727,-0.041775763,-0.047198884,-0.023226641,-0.011735208,0.015599258,0.04100199,0.07641418
0.3953519,0.41853338,0.42343688,0.41954973,0.4297996,0.42594844,0.39858717,0.37101555,0.3474543,0.30861276,0.27174062,0.21985826
-0.15227975,-0.1204399,-0.10027353,-0.07265136,-0.07000142,-0.0615099,-0.04602641,-0.033731133,-0.06124405,-0.11189909,-0.13533777,-0.16070881
0.07823596,0.047724646,0.027178802,0.0008416921,-0.011556484,-0.01652117,-0.020309024,-0.0047764927,0.005656466,0.028842308,0.058815323,0.08810758
-0.97384083,-0.96935165,-0.9571636,-0.92070127,-0.907662,-0.8628003,-0.8333092,-0.792912,-0.7598138,-0.7092937,-0.6465514,-0.5872564
0.7231368,0.7227276,0.7254721,0.6987793,0.6913306,0.6373295,0.62057847,0.60271776,0.5981875,0.56683934,0.52345,0.49416694
-0.92374223,-0.93384606,-0.87953717,-0.8509667,-0.8399574,-0.8019431,-0.7690383,-0.7736615,-0.7626525,-0.72518647,-0.6556914,-0.57007205
-0.49674568,-0.46905485,-0.4591496,-0.4335513,-0.4172094,-0.39168462,-0.36452395,-0.34763348,-0.3506386,-0.33278206,-0.31632444,-0.29726776
-0.21180224,-0.18341571,-0.15900113,-0.12419897,-0.1202337,-0.10986961,-0.102992386,-0.10691293,-0.12477993,-0.14264399,-0.16075172,-0.18318859
0.23642725,0.2589314,0.27757072,0.2852182,0.29589805,0.28153375,0.27631417,0.25670958,0.24427485,0.21396144,0.15822463,0.11365536
0.1429276,0.1713245,0.19510031,0.20904829,0.21555305,0.20312077,0.21379782,0.19698834,0.1635865,0.12660643,0.07874483,0.042422682
-0.43500513,-0.4193172,-0.41021788,-0.38865736,-0.37996855,-0.3500101,-0.3498314,-0.32512125,-0.31616586,-0.3012921,-0.28698522,-0.27594677
-0.11736761,-0.12783813,-0.12920353,-0.12224617,-0.12601426,-0.12488301,-0.1302934,-0.11268988,-0.10030788,-0.07178877,-0.06556204,-0.06330438
-0.05207422,-0.1058014,-0.13815384,-0.1640334,-0.18921709,-0.19519794,-0.19086784,-0.1594492,-0.12446175,-0.08280789,-0.029262286,0.037825525
0.7015731,0.71683055,0.72283757,0.72625,0.66656035,0.65867466,0.63171804,0.58733004,0.53065616,0.40789825,0.32062814,0.24553914
0.22539678,0.14584112,0.07707851,0.014323086,-0.032404393,-0.042147577,-0.04474044,-0.0056055784,0.02713056,0.08115724,0.17977315,0.28712952
-1.7741857,-1.7120892,-1.6285676,-1.5150361,-1.4044477,-1.3294318,-1.363337,-1.2976861,-1.1988238,-1.0901101,-1.1211433,-1.2505095
-0.009799719,0.09442145,0.1564033,0.184946,0.24326938,0.25645345,0.25166363,0.18728909,0.16202837,0.09029858,-0.022868745,-0.13579553
0.016749643,0.08414877,0.12993512,0.15766703,0.18438065,0.2035594,0.18572064,0.1404255,0.09026803,0.03751228,-0.023822315,-0.11666318
-0.046786737,-0.053819876,-0.051794186,-0.051981434,-0.06035238,-0.06184694,-0.061435904,-0.05125252,-0.04625816,-0.03424852,-0.028859451,-0.013533759
0.28026396,0.25409043,0.23309605,0.19808048,0.18236758,0.16332236,0.16052899,0.16541356,0.17805497,0.18588342,0.19461174,0.21641997
0.19719446,0.14897567,0.12265618,0.07989381,0.05425045,0.03915204,0.021782383,0.068188876,0.07423742,0.11576653,0.15073615,0.17722547
-0.17823008,-0.15229629,-0.12468268,-0.10315716,-0.09134887,-0.076463245,-0.081812076,-0.09781716,-0.107877314,-0.11630732,-0.13434105,-0.16441575
-0.09049277,-0.08476107,-0.077343926,-0.07806983,-0.071584,-0.062457815,-0.066794336,-0.06795203,-0.06180428,-0.058770746,-0.0688839,-0.076711714
-0.047332305,-0.11256485,-0.13930832,-0.18158332,-0.2107086,-0.21424396,-0.22109513,-0.18505411,-0.15030912,-0.096897,-0.023357997,0.05366493
0.2683845,0.19330099,0.16118228,0.110957414,0.091575086,0.06176041,0.045930803,0.07295065,0.11809601,0.1766622,0.21085106,0.25943866
-0.42762253,-0.435093,-0.43191603,-0.39872152,-0.4016204,-0.3755284,-0.36187145,-0.3515487,-0.32148874,-0.29044262,-0.2747012,-0.23476474
0.4124649,0.35481566,0.30282226,0.26108605,0.23056647,0.21284863,0.20104516,0.21192467,0.23457322,0.26965374,0.29994434,0.34200162
0.31341967,0.2546684,0.21896297,0.18191999,0.14492379,0.13057114,0.1142032,0.13444224,0.15464804,0.17226306,0.21403173,0.2633855
0.14520322,0.10327226,0.08331094,0.062272005,0.056608938,0.054383144,0.03481918,0.03887658,0.0609063,0.08014947,0.105899714,0.12413456
0.07176354,0.01485379,-0.029487818,-0.06351034,-0.09371863,-0.10251789,-0.093400985,-0.068878055,-0.040535018,-0.012203321,0.056498677,0.13884327
0.13477206,0.18596894,0.22191761,0.24852538,0.27181542,0.27209815,0.26442707,0.23172906,0.19005845,0.13882795,0.071901605,-0.005811356
0.4819917,0.4525073,0.43789357,0.42033532,0.39270732,0.36783925,0.35217792,0.34231207,0.32969537,0.33379644,0.31679797,0.30586648
-0.22808853,-0.22409452,-0.21223663,-0.1953572,-0.19480573,-0.18342991,-0.1722782,-0.16612864,-0.17895406,-0.17411521,-0.1686426,-0.16235583
0.046525992,0.03781139,0.025768032,0.02585454,0.013583655,0.014024875,0.0071645444,0.012144648,0.022373416,0.028520426,0.02676712,0.026363222
0.25375617,0.23354307,0.22848107,0.2063206,0.19350433,0.18113016,0.16363987,0.15624502,0.15836164,0.16346142,0.1572918,0.15103425
0.29155964,0.22235799,0.18513148,0.13554345,0.105086,0.0827712,0.07453832,0.10130952,0.123573154,0.16656378,0.21804534,0.2859559
-0.29259455,-0.28029704,-0.27551213,-0.2571459,-0.24564448,-0.23291318,-0.22365427,-0.20740274,-0.2088943,-0.18431965,-0.18227635,-0.18615884
0.19857848,0.1792413,0.1701803,0.15379906,0.14927572,0.11868703,0.14193213,0.1162313,0.12735815,0.1107474,0.13595922,0.18293643
0.8618021,0.81139374,0.756655,0.7174988,0.67363715,0.6279443,0.6095238,0.6082269,0.5991482,0.5629583,0.5613605,0.5586942
-0.33252338,-0.3509421,-0.36991405,-0.37310117,-0.37233114,-0.35613498,-0.3484506,-0.31833348,-0.2926204,-0.25347775,-0.20067033,-0.15820669
-0.42666763,-0.3881767,-0.3591059,-0.31653887,-0.28523746,-0.27628443,-0.25991982,-0.2469553,-0.24330243,-0.25608227,-0.2659438,-0.29055694
0.62257177,0.6141646,0.6036259,0.61149013,0.58655757,0.5604696,0.53032154,0.5172461,0.50052327,0.41761026,0.3990597,0.37023395
-0.23731035,-0.28859538,-0.32133734,-0.33590916,-0.3639564,-0.35968864,-0.3522719,-0.30584443,-0.26929474,-0.21436632,-0.1476701,-0.06764665
-0.92967117,-0.8449724,-0.7578486,-0.6788897,-0.6550579,-0.5934981,-0.58911437,-0.6003336,-0.6740578,-0.66407037,-0.6773483,-0.702889
0.28855053,0.26894996,0.25453377,0.24133375,0.22526267,0.20866103,0.19868176,0.19975741,0.19983348,0.19549197,0.19160232,0.1899228
0.3371312,0.31979135,0.30426753,0.275491,0.2687528,0.25700685,0.24064869,0.23019734,0.23673035,0.24234827,0.23048161,0.22164252
-0.039343487,-0.065412715,-0.0825081,-0.09262087,-0.108756095,-0.10963523,-0.11144243,-0.09388169,-0.077243455,-0.061194774,-0.029200692,0.006046595
-0.87201077,-0.8023195,-0.74179834,-0.67782426,-0.6144095,-0.55738217,-0.5591831,-0.54685336,-0.58209,-0.54339224,-0.55873185,-0.6209947
0.10076185,0.043298498,0.011911541,-0.012624636,-0.04135458,-0.057089075,-0.061693296,-0.027517796,-0.0077742636,0.024096519,0.07456373,0.12191285
0.0027666017,-0.0033555105,-0.03383091,-0.026609994,-0.04990609,-0.05170738,-0.01743193,-0.009706542,-0.0104902685,-0.012836203,-0.0014182441,0.04574758
-0.21505442,-0.23699993,-0.2491382,-0.25817466,-0.2576068,-0.25078964,-0.24659714,-0.22725405,-0.20106462,-0.17462704,-0.13207862,-0.09170765
-0.12987207,-0.115505755,-0.10902733,-0.09455258,-0.079458944,-0.073000744,-0.063321784,-0.069278225,-0.072283536,-0.074787036,-0.08032462,-0.08986218
0.6855108,0.67510945,0.68856466,0.67530304,0.6557446,0.61939347,0.5956442,0.56830925,0.5258431,0.4855712,0.4367205,0.3920542
-0.026082415,-0.036805063,-0.043446586,-0.039929777,-0.054533686,-0.049194317,-0.057993248,-0.042436756,-0.037172787,-0.030717209,-0.020343138,-0.008242869
-0.41347733,-0.4136004,-0.4038777,-0.3896082,-0.37895045,-0.36588165,-0.350745,-0.3276838,-0.31895688,-0.29185808,-0.26923296,-0.24828528
-0.08578233,-0.09695606,-0.11936495,-0.13724296,-0.1378345,-0.13153622,-0.13135773,-0.11174248,-0.081316076,-0.058132704,-0.03338771,-0.0013197968
-0.17848146,-0.18117349,-0.1895014,-0.18064995,-0.18438156,-0.16930789,-0.16871604,-0.15250023,-0.1437091,-0.12784952,-0.11403991,-0.09684919
0.31206927,0.29995215,0.2819942,0.26113468,0.25688064,0.23849055,0.24022338,0.22542398,0.23359509,0.2165587,0.21879938,0.23133972
-0.122915015,-0.028614938,0.03984788,0.09659782,0.14401269,0.16264938,0.16354139,0.10646288,0.054390356,0.00044740736,-0.0941042,-0.21100685
-0.026381332,-0.06364006,-0.08346328,-0.1016401,-0.12025676,-0.12591054,-0.1177688,-0.096773304,-0.08234324,-0.062568694,-0.021305544,0.024929984
0.2145693,0.1627098,0.14092082,0.11976737,0.08845894,0.063246384,0.05431485,0.083997265,0.09550738,0.13886,0.15704843,0.18156052
-0.21639839,-0.23630318,-0.23046222,-0.23774034,-0.23699276,-0.23757613,-0.24537212,-0.2122025,-0.18970077,-0.14568633,-0.1215602,-0.09840966
0.14409496,0.079933375,0.022542015,-0.03530693,-0.060408182,-0.05640822,-0.075528525,-0.05922991,-0.0030976832,0.051095266,0.11365245,0.18220255
-0.14992736,-0.16794449,-0.16963264,-0.17778468,-0.1791428,-0.17489028,-0.1701633,-0.15886968,-0.14922386,-0.12958214,-0.09705135,-0.06679509
0.19575626,0.22211912,0.23829126,0.23394638,0.24519704,0.24388433,0.2365174,0.20481926,0.18179864,0.1594707,0.122896165,0.08670853
0.18638518,0.15390895,0.12615095,0.11569817,0.0972366,0.08011089,0.092656255,0.09112704,0.1027472,0.0963103,0.13178077,0.18440422
-0.08629921,-0.06525317,-0.04267706,-0.04408273,-0.033632994,-0.019398421,-0.022988036,-0.054331094,-0.0479626,-0.06930201,-0.08318109,-0.10195032
-0.109203145,-0.0932053,-0.062371496,-0.050327916,-0.04421603,-0.042695675,-0.046762165,-0.048833665,-0.058106687,-0.06762278,-0.082350686,-0.10206626
0.34700435,0.39579576,0.4417323,0.47812855,0.4823774,0.4534707,0.4548944,0.41682687,0.36593598,0.2888804,0.1917051,0.09367802
-0.14625491,-0.124455035,-0.10863972,-0.10700721,-0.08874613,-0.084449284,-0.072792925,-0.083284706,-0.081685245,-0.09346497,-0.09614258,-0.101597756
-0.08942569,-0.14048803,-0.17719673,-0.19811447,-0.22739159,-0.22726008,-0.22821987,-0.18765406,-0.15308458,-0.10920191,-0.052308142,0.013144275
-0.133905,-0.11887274,-0.075734794,-0.052462503,-0.04646869,-0.04619945,-0.056114703,-0.035051614,-0.07422847,-0.04490871,-0.067930914,-0.099509194
-0.122705236,-0.1756821,-0.20657139,-0.2284404,-0.24847205,-0.24785364,-0.24987754,-0.21636845,-0.1739927,-0.13447955,-0.06337631,0.008251272
-0.028856823,-0.036043026,-0.043846942,-0.05016239,-0.054578274,-0.053296003,-0.053990692,-0.04579441,-0.03316974,-0.028536927,-0.020507198,-0.010720981
-0.050677516,-0.025486335,-0.013320148,-0.0020557716,0.012341768,0.016158953,0.015576646,0.012215547,0.0005612299,8.548796e-05,-0.022763452,-0.047323965
0.00046800822,-0.08648251,-0.12568864,-0.16616394,-0.19891542,-0.20878354,-0.21542194,-0.17914794,-0.13213533,-0.07102116,0.018006168,0.11856291
0.5738636,0.5630874,0.5580173,0.52819407,0.50049454,0.48986274,0.44662398,0.4280563,0.407823,0.38560933,0.3323823,0.2746124
0.0750759,0.040646,0.022875324,0.005504884,-0.008119769,-0.0136420205,-0.016556084,-0.009522483,0.0074829385,0.046946593,0.05930131,0.08063165
-0.2424021,-0.23580395,-0.22615886,-0.22476502,-0.21003903,-0.20107163,-0.19864604,-0.19890223,-0.17338508,-0.15030468,-0.15564159,-0.15141594
-0.2797378,-0.25817803,-0.2466782,-0.23700626,-0.2255911,-0.21245603,-0.19951496,-0.19785729,-0.19541332,-0.18756947,-0.19390622,-0.1918891
0.09778011,0.024970695,-0.013620168,-0.049220234,-0.09210707,-0.10794553,-0.105176285,-0.07838315,-0.048247673,-0.015527636,0.046308935,0.12623781
-0.37505212,-0.33569235,-0.30787048,-0.27996963,-0.2628613,-0.24271716,-0.23250201,-0.22864127,-0.23558743,-0.23907405,-0.2647817,-0.2859024
0.114020914,0.078389205,0.055486277,0.040318802,0.017015591,-0.0065216273,0.0033835173,0.027288556,0.043055475,0.059684098,0.08543717,0.122903764
-0.1632891,-0.10331654,-0.05809538,-0.020180956,0.008236855,0.018116385,0.024542093,5.6952238e-05,-0.030992687,-0.06772601,-0.12299971,-0.18883426
0.3677245,0.3242115,0.300874,0.2846513,0.24952313,0.22518063,0.2194342,0.22827688,0.23442778,0.23866776,0.2406192,0.26289442
-0.18217248,-0.21053314,-0.21586204,-0.23001799,-0.24014744,-0.24019659,-0.23338184,-0.21066795,-0.19125047,-0.16630663,-0.12361617,-0.07733299
0.1862054,0.18798693,0.17711812,0.15878755,0.15541294,0.15632814,0.14936227,0.13693139,0.1288215,0.127035,0.11785149,0.110782325
0.3057594,0.2447048,0.18635574,0.1802572,0.14182323,0.13106659,0.124325454,0.15036589,0.15723538,0.19544482,0.23077379,0.27746803
0.116398476,0.04672566,-0.0057311878,-0.055094942,-0.079954416,-0.09187606,-0.097373635,-0.065526195,-0.0045438185,0.049488895,0.11068747,0.19195223
0.55793154,0.53264135,0.49064398,0.45524698,0.41790807,0.36596096,0.3985799,0.3975739,0.40039027,0.35649064,0.3446557,0.3811214
-0.24634528,-0.25748956,-0.26422006,-0.26296082,-0.2624213,-0.25031096,-0.25315273,-0.22862232,-0.20900364,-0.17692947,-0.15025038,-0.13072015
-0.029943742,-0.006300768,-0.008986734,0.00562793,0.019810528,0.014239285,0.040080573,0.035572655,0.027017057,0.012810094,-0.010445538,-0.015323708
0.098504454,0.056167975,0.04463079,0.0076519623,-0.013113104,-0.01319059,-0.031598747,-0.030117236,-0.011334144,0.0030599684,0.047957398,0.087858856
-0.11625668,-0.117454834,-0.124386236,-0.12459075,-0.12614042,-0.12186574,-0.113458425,-0.10719643,-0.10093051,-0.0912378,-0.07583262,-0.05683337
-0.25310752,-0.22143987,-0.19759956,-0.16031289,-0.14305829,-0.14002052,-0.11831036,-0.1057986,-0.1374976,-0.17025909,-0.17357582,-0.16525629
0.066308364,0.020368088,-0.030964255,-0.070065945,-0.099711835,-0.09227162,-0.11006907,-0.089578524,-0.04545158,-0.014857922,0.034624707,0.07592725
-0.6165732,-0.5523003,-0.5039218,-0.44469726,-0.4130086,-0.3822865,-0.36427593,-0.36983988,-0.38468522,-0.4052295,-0.43730816,-0.47513258
0.12449572,0.07293219,0.07543306,0.045590654,0.030938134,0.0052555352,-0.016160592,0.0014529675,0.03266619,0.028218739,0.07849445,0.11272767
-0.028508367,-0.08586474,-0.1357588,-0.1782236,-0.2015876,-0.20180047,-0.19646466,-0.16311888,-0.11886151,-0.06628056,6.5082684e-05,0.08511448
0.054260377,0.07042999,0.0784841,0.10500121,0.11167614,0.12441248,0.107799925,0.09260118,0.0623111,0.060024098,0.032158803,-0.00912382
-0.0022509433,-0.028174032,-0.051396914,-0.06746963,-0.07640852,-0.08204961,-0.07916542,-0.059382558,-0.0326422,-0.010340167,0.01772336,0.05368431
0.1366997,0.13352415,0.12568983,0.10724778,0.11025797,0.10302965,0.09987597,0.09608917,0.1037492,0.09536272,0.10772478,0.116324924
-0.103124484,-0.18172081,-0.23123798,-0.26962525,-0.31165153,-0.3150728,-0.31008565,-0.25526574,-0.21247445,-0.14858435,-0.059872437,0.048547916
-0.36889675,-0.35193646,-0.3362202,-0.30311623,-0.2954826,-0.278158,-0.2723952,-0.25320745,-0.25450826,-0.24850065,-0.24501102,-0.24551864
-0.1954135,-0.23228142,-0.24757683,-0.26134953,-0.2807494,-0.26971993,-0.27663237,-0.24801207,-0.2231127,-0.18419364,-0.13930462,-0.09556901
-0.15570572,-0.12633392,-0.09067023,-0.07203445,-0.05629483,-0.04729007,-0.0597077,-0.05237402,-0.06444886,-0.05660042,-0.09358555,-0.132382
0.52019405,0.43201363,0.38386142,0.3252904,0.2606303,0.21319306,0.21685532,0.2520424,0.27098864,0.29050842,0.35108867,0.449234
0.90226597,1.0170326,1.0443166,1.0693412,1.0961859,1.0950673,1.0515678,0.9468971,0.8828059,0.75172734,0.58635074,0.4061771
-0.43211177,-0.42570645,-0.39492527,-0.37872112,-0.36537275,-0.33853078,-0.33567473,-0.33817002,-0.33753058,-0.3118379,-0.3079318,-0.3088508
0.4045254,0.45892864,0.49029228,0.5009321,0.5200405,0.50480783,0.49291122,0.44568065,0.403619,0.3374983,0.25078067,0.15895128
0.34344596,0.36045927,0.37305397,0.3815922,0.3754835,0.35101825,0.35119256,0.33744448,0.3042307,0.26323482,0.21186896,0.16602708
0.013316991,0.013593461,-0.0069173723,-0.019010782,-0.013806298,0.00068692863,-0.013583645,-0.021217577,0.005664952,0.02307881,0.026239762,0.025884498
-0.10110173,-0.06247478,-0.039566725,-0.021426827,0.006925747,0.01443693,0.021565393,-0.005085036,-0.01705473,-0.037423737,-0.07174172,-0.1124721
-0.34114796,-0.32620332,-0.319767,-0.31889892,-0.312755,-0.28511378,-0.2929409,-0.2739484,-0.26536426,-0.24798208,-0.2362077,-0.23302211
-0.22089538,-0.281682,-0.3347224,-0.36628178,-0.39533293,-0.38592952,-0.37794834,-0.3291853,-0.2839148,-0.22536463,-0.1194135,-0.00848338
-0.5617032,-0.5015409,-0.45628673,-0.4077078,-0.3764751,-0.344849,-0.33282483,-0.33069858,-0.3492797,-0.35138655,-0.38333684,-0.42880923
-0.5905518,-0.54225206,-0.4985757,-0.45389074,-0.42059532,-0.39130235,-0.38018382,-0.3830825,-0.38373134,-0.38190904,-0.39669183,-0.42535326
-0.3057123,-0.20072591,-0.16061774,-0.12287301,-0.062184393,-0.023018122,-0.013667762,-0.07833713,-0.08689377,-0.118336976,-0.20688283,-0.29770142
0.381832,0.38539904,0.36799118,0.33882427,0.32753047,0.31759918,0.30269188,0.27290797,0.28171313,0.26591778,0.23500557,0.21034959
0.19810745,0.12128486,0.0717279,0.031676203,0.0018737316,-0.0200755,-0.027062237,0.012521714,0.04662384,0.099121206,0.160959,0.22081172
0.052720387,0.031160742,0.024178423,0.017670408,0.011945739,0.0009740889,-0.00010879338,0.017760254,0.019104257,0.029264364,0.047743134,0.061704133
0.08775267,0.024559364,-0.024516016,-0.066330165,-0.10714409,-0.124943495,-0.11655274,-0.0827494,-0.045477375,-0.003483668,0.05318599,0.13273749
-0.37704363,-0.45611405,-0.49324334,-0.5377017,-0.5568688,-0.5417822,-0.5367267,-0.4913024,-0.42611068,-0.33643654,-0.2309378,-0.11533091
0.07866861,0.07396532,0.06095513,0.06906022,0.06318557,0.049681887,0.06049244,0.07267631,0.060302123,0.06087262,0.06483785,0.06743727
0.20701577,0.15757783,0.12811226,0.10012235,0.06570333,0.055123776,0.04118119,0.06749971,0.08209608,0.10530671,0.1371887,0.17567356
-0.03378463,-0.08744256,-0.12727544,-0.15710342,-0.18292184,-0.18195388,-0.18801524,-0.1464251,-0.11439536,-0.07462001,-0.013554871,0.045970216
-0.90501493,-0.8712755,-0.83154756,-0.7984998,-0.75385886,-0.7096282,-0.70101124,-0.68219364,-0.65286165,-0.610465,-0.58649075,-0.5822458
-0.29529333,-0.2845028,-0.27770352,-0.26564008,-0.26307902,-0.23843496,-0.24264568,-0.23682332,-0.23408665,-0.22079057,-0.20475687,-0.2038683
0.5149892,0.49311355,0.46773475,0.43285406,0.41698194,0.38527268,0.39652255,0.38025758,0.36752626,0.35122284,0.34618184,0.36700562
-0.09980591,-0.09541456,-0.107798524,-0.1056489,-0.098357975,-0.0804844,-0.08111241,-0.087393306,-0.07995102,-0.0683578,-0.057026085,-0.050593186
-0.056342356,-0.065840684,-0.07934925,-0.08744931,-0.09682028,-0.089481406,-0.08236177,-0.08536106,-0.07511193,-0.086599946,-0.0598906,-0.032333467
-0.09544477,-0.15157743,-0.17980242,-0.21730945,-0.23504227,-0.23315714,-0.22949159,-0.20248613,-0.19368324,-0.1329115,-0.04997894,0.021226753
-0.5532477,-0.54647017,-0.54849106,-0.5352747,-0.5192749,-0.4932506,-0.47649214,-0.44661134,-0.42548445,-0.381674,-0.34919894,-0.31857836
-0.58830446,-0.5605903,-0.5368953,-0.50934714,-0.49121934,-0.46504933,-0.44753584,-0.4355095,-0.42463577,-0.4205765,-0.40112108,-0.3876783
-0.2848368,-0.30114055,-0.3108923,-0.31275317,-0.31344315,-0.3066099,-0.29420316,-0.27015084,-0.24710576,-0.22647764,-0.18171231,-0.13944505
0.1394131,0.16190091,0.16833058,0.17075275,0.18247893,0.19651082,0.17437279,0.14767247,0.12742361,0.1158057,0.083106816,0.028835718
-0.05690924,-0.06095887,-0.049288273,-0.037828792,-0.047896493,-0.04822945,-0.051361673,-0.03768019,-0.046392765,-0.043609012,-0.039649077,-0.034261756
-0.83765346,-0.7747499,-0.7389271,-0.67275023,-0.6381668,-0.57916677,-0.5653999,-0.57171553,-0.56113726,-0.55775386,-0.57666224,-0.6028106
-0.09101565,-0.041697323,-0.022161514,-0.0029920042,0.03244829,0.056764156,0.043191656,0.009817123,0.002142176,-0.010262847,-0.059506427,-0.12891078
-0.21799788,-0.24103197,-0.2556055,-0.26430923,-0.27811566,-0.2676924,-0.25684988,-0.23890272,-0.220317,-0.19719511,-0.15752263,-0.11014427
0.4083472,0.38994515,0.368591,0.33216697,0.3249684,0.3131989,0.29185897,0.2655326,0.27723873,0.27855164,0.2770269,0.27888554
0.13608094,0.16938928,0.19230942,0.19882692,0.21185462,0.20958827,0.20676805,0.17201187,0.15101083,0.11401674,0.06734941,0.015354469
-0.158047,-0.15370281,-0.13888533,-0.121450916,-0.12249935,-0.10982562,-0.11538699,-0.11537342,-0.12152648,-0.1356799,-0.12006493,-0.116786614
0.116247185,0.102558866,0.08751318,0.07517187,0.06394694,0.071645916,0.05347455,0.051931337,0.060752727,0.059472423,0.068977185,0.07256688
0.25027573,0.3110909,0.3493628,0.37855977,0.39257795,0.38080695,0.37895128,0.3446126,0.29460508,0.22730133,0.13452786,0.04062485
0.08065733,0.049240757,0.021512374,0.00029524416,-0.015130781,-0.012112789,-0.020341612,-0.012948245,0.0033516586,0.028493352,0.05498269,0.080363184
0.43569344,0.3932833,0.36633283,0.32266462,0.28301972,0.21554404,0.27288425,0.28200254,0.2864405,0.26445904,0.27267027,0.35393235
-0.38306296,-0.39551017,-0.3995866,-0.39769152,-0.3990233,-0.37764862,-0.3763603,-0.3451914,-0.33165163,-0.29241225,-0.24192964,-0.19890265
0.659671,0.7737621,0.8425138,0.8857992,0.92842,0.90217555,0.8984758,0.79793084,0.7024473,0.56190956,0.4026971,0.23291774
-0.26711822,-0.24596572,-0.21511273,-0.18992479,-0.18809329,-0.16663492,-0.16587013,-0.18002987,-0.20059296,-0.21953824,-0.22357166,-0.23614736
-0.29279935,-0.29827267,-0.29903305,-0.2960554,-0.29313245,-0.2773457,-0.28228605,-0.25731796,-0.23931973,-0.20245634,-0.18255104,-0.17133766
0.41105762,0.41404638,0.42464143,0.43422318,0.41285312,0.4091389,0.37893176,0.36396033,0.3240968,0.25672352,0.20779334,0.14128774
0.07825974,0.0031229258,-0.038206384,-0.07989578,-0.11314815,-0.13266024,-0.13644905,-0.08885914,-0.048966676,0.0095478,0.07367379,0.14751634
0.2709527,0.20353483,0.16219994,0.11592777,0.07890776,0.047083408,0.055369675,0.08148247,0.114389345,0.14112137,0.19129522,0.27844977
0.19073012,0.12368214,0.075920224,0.025659531,-0.007053554,-0.021812052,-0.006743133,-0.0004091859,0.026684687,0.05438839,0.128126,0.22015193
-0.1869696,-0.23426421,-0.26711774,-0.28197336,-0.30665246,-0.3021391,-0.2964136,-0.25264195,-0.22236946,-0.19121334,-0.12182081,-0.049179308
0.09430394,0.13308074,0.15546136,0.1685447,0.18872225,0.19468035,0.18466678,0.15245467,0.130831,0.11704372,0.07793884,0.030412156
0.15061645,0.13326567,0.12141386,0.10409816,0.09600687,0.089556746,0.083756156,0.08204416,0.08551295,0.08666097,0.09844727,0.10983713
0.09774468,0.22975166,0.32155094,0.39658377,0.44392312,0.45260596,0.46294042,0.3849049,0.2778807,0.15620977,0.0015170649,-0.15959182
0.07104242,0.042977825,0.028507061,0.002451226,-0.005437702,-0.015533268,-0.026411772,-0.010548696,0.009711459,0.025986973,0.061064117,0.084456645
0.05413906,0.05368582,0.05535679,0.05084911,0.044352934,0.04464251,0.03909476,0.03780581,0.034460843,0.033486918,0.02776815,0.02347753
0.043280166,0.002065435,-0.022598475,-0.04522851,-0.06416376,-0.07496698,-0.07034187,-0.041026942,-0.026831023,-0.0074890554,0.038578622,0.09265299
-0.03118693,-0.061427392,-0.07431185,-0.08842849,-0.095334895,-0.094696686,-0.0961025,-0.08478293,-0.07162433,-0.044586927,-0.012093494,0.01919552
-0.19050802,-0.18744037,-0.18944702,-0.17835873,-0.18243945,-0.1671736,-0.16752672,-0.155087,-0.1505101,-0.14243913,-0.13170856,-0.12649709
-0.18346043,-0.22336194,-0.2477028,-0.2715118,-0.27361718,-0.27370292,-0.26977846,-0.24395835,-0.20180592,-0.15153041,-0.088803194,-0.026416384
0.16369261,0.17708363,0.21721253,0.21837386,0.21835412,0.21095696,0.19793251,0.17620024,0.12816557,0.10928108,0.09089361,0.059571147
-0.49127308,-0.46494114,-0.4562177,-0.4258908,-0.4031012,-0.38026103,-0.36012763,-0.3514272,-0.33454728,-0.32527825,-0.3086173,-0.2989895
0.12997754,0.06832588,0.031761535,-0.0056091025,-0.028268911,-0.039094888,-0.046258457,-0.03091706,0.022679612,0.04824049,0.098844595,0.17032439
0.6265121,0.6144497,0.6029535,0.57046556,0.5588064,0.5324147,0.51208806,0.5018417,0.47588703,0.4339854,0.4289623,0.4256434
0.026657768,-0.004661359,-0.015586063,-0.022544086,-0.04290019,-0.06788103,-0.048432946,-0.015216872,-0.0066795424,0.014793955,0.023545153,0.06527467
-0.30355185,-0.27496064,-0.25709882,-0.24682346,-0.22325034,-0.19988942,-0.19665527,-0.20329699,-0.20380887,-0.2016215,-0.19683157,-0.20250525
-0.18154034,-0.18370545,-0.17882995,-0.17137255,-0.1663585,-0.17411439,-0.15108849,-0.13613373,-0.13523644,-0.1319131,-0.11442384,-0.0906609
0.26025638,0.23936209,0.21767165,0.18478705,0.17511897,0.14804195,0.14315534,0.1630478,0.1793869,0.18024251,0.19710799,0.22174215
0.29310167,0.27031156,0.24730927,0.22136804,0.21890335,0.20783068,0.18193619,0.18298087,0.20532806,0.21508533,0.2241281,0.22317155
-0.03104575,-0.022672608,-0.014484551,0.0034050941,0.00230385,0.0017439928,0.0062974095,0.008710152,-0.0049822666,-0.012054844,-0.023317166,-0.03670499
0.13951227,0.1324163,0.1195616,0.1056691,0.10121321,0.094481304,0.09671196,0.09124327,0.10108709,0.094887875,0.094008364,0.10880454
-0.2203731,-0.16569774,-0.108050734,-0.06290349,-0.033354193,-0.01904574,-0.03000623,-0.056967825,-0.072410375,-0.110871956,-0.17206505,-0.2487903
-0.20285985,-0.20331554,-0.1987778,-0.19691873,-0.18838379,-0.17520116,-0.17881182,-0.17199704,-0.16200377,-0.14623907,-0.13036497,-0.12309545
-0.23789378,-0.2411719,-0.243043,-0.23833811,-0.23523298,-0.23166433,-0.21113089,-0.20045507,-0.18585496,-0.16854271,-0.15660082,-0.12882653
-0.16502517,-0.21226418,-0.25418717,-0.29291928,-0.31663072,-0.29847723,-0.31698388,-0.26712596,-0.23404737,-0.18778385,-0.090211414,-0.020419456
0.18860723,0.1730457,0.16676652,0.16312382,0.14803945,0.1349565,0.12617216,0.13095245,0.12967062,0.1190451,0.11771526,0.1107335
0.047644943,0.1368344,0.18536796,0.22602472,0.26937568,0.2868244,0.27879637,0.23056139,0.1795369,0.11845828,0.030739037,-0.067732476
-0.10215767,-0.09912335,-0.09863851,-0.103044525,-0.101796806,-0.09362046,-0.09247398,-0.088745154,-0.0867355,-0.08067351,-0.06887823,-0.060400806
0.49995002,0.5652953,0.6096426,0.61763704,0.6401299,0.6284758,0.60876983,0.54695165,0.49698088,0.4201917,0.30733964,0.19964856
-0.16338952,-0.17575237,-0.18426806,-0.18164228,-0.18339844,-0.17762372,-0.17603143,-0.15183826,-0.13949545,-0.116304256,-0.09996805,-0.08579529
0.3434888,0.3492662,0.3443872,0.3222818,0.31065232,0.31939745,0.2920433,0.2552975,0.24487899,0.21957628,0.20903869,0.19641349
-0.23276466,-0.2071627,-0.16530395,-0.1404979,-0.10599694,-0.097401455,-0.089727074,-0.118402064,-0.11797912,-0.13097359,-0.15343305,-0.181684
-0.13568255,-0.15660107,-0.16783267,-0.17567673,-0.18624797,-0.18015099,-0.1772533,-0.15839724,-0.14424375,-0.12160435,-0.093012184,-0.061199054
-0.42668214,-0.4872507,-0.5184586,-0.5450467,-0.54614115,-0.5300458,-0.52680737,-0.48116186,-0.4421407,-0.35103062,-0.24039534,-0.15099236
0.13745835,0.13813499,0.15165876,0.14811172,0.14548625,0.13856639,0.12521346,0.12060558,0.11293501,0.10741149,0.084373,0.060547903
0.00097251683,0.008124039,0.0051905513,-0.0049489886,-0.012086108,0.003276974,-0.024296567,-0.02186291,-0.0036708862,-0.0071501955,-0.011503635,-0.021361127
-0.28835,-0.28145796,-0.27044606,-0.24949041,-0.23714612,-0.22181827,-0.2211717,-0.21479818,-0.20334738,-0.19316095,-0.18844873,-0.19475594
-0.47916102,-0.4446851,-0.42817056,-0.39630836,-0.37454376,-0.34938756,-0.337403,-0.3184128,-0.31505162,-0.30043352,-0.3075405,-0.31940782
0.46559122,0.4495497,0.42594996,0.39520228,0.38021424,0.37150958,0.34604457,0.33748445,0.3354745,0.33853438,0.31588525,0.2998132
0.10145834,0.114782676,0.11985798,0.12121263,0.1256288,0.12341987,0.11527559,0.10768253,0.09888014,0.09271063,0.069630705,0.041038603
0.66452754,0.82108283,0.93211794,0.9708679,1.0405802,1.0271051,1.0048958,0.88043267,0.7610802,0.6308551,0.41475892,0.18227592
0.10537909,0.07431933,0.051049925,0.023877278,0.00516282,0.0013440475,-0.0008137524,0.005943507,0.022987898,0.040696766,0.06859939,0.10632342
-0.05088581,-0.09868393,-0.13335243,-0.15047102,-0.1795193,-0.18670064,-0.1764366,-0.1364738,-0.11689995,-0.08677264,-0.028100505,0.040380873
-0.5142886,-0.5088246,-0.50420785,-0.4874542,-0.46687448,-0.44043627,-0.43638092,-0.4124691,-0.382472,-0.34969926,-0.3250286,-0.3112335
0.40746436,0.41601574,0.4283425,0.43453494,0.42536572,0.40532184,0.39724934,0.38671467,0.3408832,0.31976148,0.28378612,0.25583762
0.004849259,-0.033602025,-0.06355764,-0.08803607,-0.104115054,-0.11216849,-0.10154612,-0.0868008,-0.05457764,-0.026503943,0.020071043,0.08974231
-0.18180683,-0.19771475,-0.19647574,-0.19260707,-0.19861285,-0.19162017,-0.19412287,-0.17955354,-0.16211322,-0.14923461,-0.124431066,-0.10161042
-0.18498817,-0.28324246,-0.34929672,-0.39470428,-0.44193158,-0.4406639,-0.4360813,-0.37000465,-0.30727854,-0.22183356,-0.10485783,0.02602522
0.100841165,0.101443976,0.09948863,0.08684388,0.08588795,0.08667576,0.08256908,0.064494185,0.06337167,0.060043734,0.054096933,0.046960652
-0.091916084,-0.13277414,-0.15787332,-0.1766251,-0.19347012,-0.19759268,-0.19076881,-0.16613102,-0.14107294,-0.11444251,-0.057191312,0.0003386326
-0.009598816,-0.005102306,-0.004548548,-0.0015340112,-0.0024555689,-0.0034136893,0.003648336,0.0058947983,-0.0003902528,-0.004065978,-0.010579281,-0.011341591
0.25924602,0.2165785,0.18978322,0.16124135,0.14048283,0.113902405,0.11800216,0.13121067,0.14344293,0.16071475,0.17726116,0.21229547
0.1268999,0.048537895,-0.016096964,-0.07427259,-0.11389899,-0.13413978,-0.11786711,-0.06710608,-0.013345525,0.046884485,0.12970771,0.2659212
-0.15160272,-0.14296465,-0.123951696,-0.097650275,-0.09183569,-0.07831484,-0.08190874,-0.099835254,-0.09857156,-0.084245026,-0.09600128,-0.11779922
0.036688793,-0.0135676935,-0.048369892,-0.08061686,-0.09082669,-0.09338184,-0.10191053,-0.082435355,-0.056745656,0.0022833943,0.04926693,0.08898859
0.031218002,0.04330168,0.05844049,0.06609394,0.07960443,0.077830315,0.07548087,0.059636373,0.053000707,0.042897027,0.021454744,-0.005388982
0.003982138,-0.0045554824,-0.019642718,-0.03891193,-0.04757639,-0.056146882,-0.04339234,-0.026520468,-0.015113497,0.00074958056,0.017293843,0.04566501
-0.15009095,-0.13850762,-0.13811055,-0.13656968,-0.12516674,-0.10994827,-0.11304158,-0.109644495,-0.098992035,-0.09318423,-0.08765785,-0.0883483
-0.2998401,-0.27982408,-0.2629397,-0.24619612,-0.2302494,-0.2157836,-0.20759204,-0.20656428,-0.20248948,-0.20154178,-0.20352194,-0.20710354
0.3973692,0.47962126,0.53456795,0.5500441,0.585654,0.584423,0.5714067,0.4906564,0.43238613,0.3530892,0.23971397,0.12380033
0.70172894,0.6545327,0.55594885,0.5461273,0.5023765,0.4543681,0.46690732,0.4661345,0.3840833,0.5252751,0.4890812,0.41007447
0.12169144,0.09830511,0.08016612,0.06614916,0.052842334,0.061651662,0.046896234,0.042305708,0.03887523,0.05453623,0.08490591,0.09939016
-0.07010521,-0.12628816,-0.15956114,-0.18531208,-0.21379514,-0.22300173,-0.22117296,-0.18263982,-0.14585817,-0.0967086,-0.042143665,0.02736405
0.28129977,0.27562764,0.26059824,0.24697122,0.23519112,0.21868473,0.22417215,0.22234826,0.207587,0.19839188,0.18791118,0.1878507
0.12590137,0.07365651,0.058128744,0.028908327,0.013005927,-0.009029672,-0.030307263,0.019661143,0.048417218,0.09982173,0.122169815,0.14776708
-0.14478706,-0.16806269,-0.19908947,-0.20971955,-0.22388324,-0.2085127,-0.21108824,-0.18804586,-0.15639043,-0.12543125,-0.08436776,-0.034817927
0.378774,0.31469232,0.27399582,0.23550786,0.21356952,0.19348417,0.169939,0.18875083,0.21358788,0.2330899,0.278155,0.31414366
0.03492459,0.0531766,0.06378922,0.070304476,0.07290013,0.08352551,0.07173124,0.05318891,0.048080094,0.036465187,0.01796348,-0.0041926913
0.05593209,0.02908101,0.0012028962,-0.021123126,-0.04115647,-0.058242127,-0.0371321,-0.014074042,-0.0023403168,0.01978714,0.04746571,0.101774186
-0.21101278,-0.21175359,-0.21006149,-0.20145127,-0.18858835,-0.18550989,-0.17634489,-0.1568838,-0.1571143,-0.14484376,-0.122237,-0.11226272
0.22750035,0.20988053,0.18857074,0.17426817,0.14866415,0.14166534,0.13543968,0.13400364,0.14184868,0.14584522,0.13738936,0.1453923
-0.057502624,-0.06588802,-0.06765749,-0.07091427,-0.07784693,-0.07372255,-0.07186252,-0.071937606,-0.0597325,-0.057737693,-0.05046636,-0.032365248
-0.46755913,-0.49607018,-0.49791136,-0.510035,-0.51542556,-0.49936593,-0.4896651,-0.4598934,-0.42163253,-0.37434748,-0.31259444,-0.25016534
0.08354243,0.13630226,0.19136357,0.2151768,0.23043957,0.2469544,0.22076511,0.17138731,0.13080437,0.068457335,-0.020937385,-0.13507068
0.29722142,0.28094804,0.27245635,0.2667061,0.24611278,0.22617558,0.22503914,0.22613212,0.2156964,0.20152771,0.18437752,0.18053487
0.24113242,0.26004452,0.26706848,0.27662897,0.28333026,0.27732247,0.26834846,0.25185734,0.22988337,0.19550052,0.15855229,0.11889666
-0.30753514,-0.3060513,-0.3051824,-0.29227835,-0.2760779,-0.26635948,-0.25163135,-0.23684233,-0.2201612,-0.19501112,-0.18723874,-0.17579558
0.037578225,0.036397733,0.030468022,0.023471858,0.02729648,0.021869602,0.027043961,0.023089256,0.03521596,0.029332714,0.03091595,0.040015265
-0.12200889,-0.14650115,-0.16587582,-0.16629459,-0.1623474,-0.16501655,-0.1641701,-0.13563815,-0.11343025,-0.10404305,-0.05225589,-0.018075742
-0.06830382,-0.087684944,-0.093728945,-0.1108305,-0.11634476,-0.11558383,-0.11016251,-0.108823046,-0.09562822,-0.081355184,-0.047120012,-0.01016385
0.3453551,0.42617083,0.47111794,0.48875082,0.5172424,0.5205326,0.506992,0.43700245,0.38855767,0.31728548,0.1979032,0.08274233
-0.106699616,-0.13136865,-0.15153906,-0.16299179,-0.17235488,-0.16919217,-0.16240162,-0.14447606,-0.12606528,-0.10577237,-0.067129225,-0.024388164
-0.11621969,-0.16569823,-0.18274064,-0.20635372,-0.2258013,-0.23019168,-0.21936145,-0.1957808,-0.18462986,-0.14334628,-0.0780523,-0.012602728
0.05072294,0.00853923,-0.029293835,-0.038839832,-0.060510397,-0.073235154,-0.068440616,-0.026095033,-0.006571166,0.020586416,0.0628456,0.11176488
-0.21637395,-0.20208251,-0.189229,-0.17060511,-0.16533789,-0.1541708,-0.15088841,-0.14545986,-0.15305996,-0.1529612,-0.14970525,-0.15319093
0.10287225,0.0446375,0.00763043,-0.019137979,-0.03869514,-0.04271303,-0.05540809,-0.035307407,0.004330136,0.052075014,0.091556914,0.14087275
-0.005931817,0.057599016,0.10481477,0.13556567,0.15573996,0.16544656,0.16427624,0.12229633,0.081446394,0.026720263,-0.041466236,-0.111505836
0.019736875,-0.018187784,-0.044345215,-0.061650127,-0.083513856,-0.0865641,-0.0884887,-0.06336135,-0.0490506,-0.019731682,0.019529138,0.060547106
-0.45264536,-0.49217868,-0.5197386,-0.52874887,-0.5454657,-0.53062093,-0.512879,-0.4614488,-0.42849195,-0.36252427,-0.28276533,-0.19997203
-0.29692748,-0.2697206,-0.2558794,-0.2340103,-0.21440434,-0.19368266,-0.18456702,-0.19227359,-0.19313768,-0.19128625,-0.19687773,-0.20461929
-0.2579475,-0.27040255,-0.27927083,-0.271627,-0.27440584,-0.2635646,-0.2556429,-0.23148471,-0.20992093,-0.1884043,-0.16295552,-0.1311558
-0.051900268,-0.078413986,-0.078518614,-0.08678002,-0.09321188,-0.10180611,-0.09869237,-0.08014651,-0.07054067,-0.050561216,-0.023962462,0.009468164
-0.04131245,-0.04520749,-0.04530192,-0.047992036,-0.049457837,-0.047328696,-0.052176006,-0.04300639,-0.034476034,-0.022945654,-0.023724131,-0.025005233
0.29943314,0.31072843,0.31731614,0.3354601,0.31900185,0.31555533,0.3072938,0.28620943,0.249685,0.22390255,0.17185529,0.1279583
-0.01228583,-0.02754233,-0.030136928,-0.04393273,-0.047271773,-0.05767428,-0.05073091,-0.046494603,-0.032648124,-0.01094302,-0.0019393787,0.014329113
-0.11601927,-0.121307544,-0.12383151,-0.12609097,-0.12421706,-0.11377905,-0.11267261,-0.11492126,-0.09976216,-0.09121537,-0.08406756,-0.07170824
0.07864234,0.024397641,-0.04818687,-0.07649428,-0.10426,-0.12972179,-0.07678598,-0.053103626,-0.033385247,-0.015369311,0.05736007,0.16207074
0.59577763,0.6415544,0.6699133,0.6803693,0.6580327,0.6409333,0.62483484,0.60498995,0.5239658,0.43955305,0.33515328,0.22501665
0.02203874,0.030409984,0.041142855,0.043495193,0.041129,0.0334716,0.046302415,0.043753147,0.02653872,0.011048128,0.0011148744,-0.00018947106
-0.028226035,-0.019622428,-0.0008469112,0.018307064,0.021668922,0.020790957,0.008965593,0.0101642385,-0.0034408942,-0.008056466,-0.0249963,-0.057165314
0.65808433,0.59578574,0.57883507,0.55130315,0.49456316,0.44147894,0.42741013,0.441281,0.43747917,0.39640412,0.4176586,0.44476822
-0.057603292,-0.08652012,-0.11250666,-0.13265274,-0.14678398,-0.14322701,-0.14050367,-0.12697777,-0.10634361,-0.07092476,-0.03301835,0.010275258
-0.70329326,-0.6032637,-0.515741,-0.41165367,-0.37703687,-0.33522186,-0.297766,-0.33205628,-0.4042238,-0.45253205,-0.5204419,-0.59444815
0.11902409,0.06349632,0.046409413,0.024496883,0.006965056,-0.009806916,-0.0043712854,-0.0040517747,0.01640372,0.040097184,0.08976313,0.14774404
-0.12527488,-0.119738676,-0.094292656,-0.090356566,-0.078031614,-0.09084125,-0.08472658,-0.059577942,-0.050319828,-0.034996405,-0.06664869,-0.056545246
-0.016598027,-0.021682976,-0.017921824,-0.012898134,-0.010672763,-0.0100838505,-0.013148446,-0.017317748,-0.012897193,-0.013037461,-0.007935651,-0.0065823197
0.013532472,0.00025921315,0.0075429156,0.0027734488,0.0053373575,0.0006697662,-0.008402944,-0.008480784,0.0063562766,0.01976153,0.020608682,0.020498753
0.122699335,0.071150005,0.038713604,0.019880623,-0.001057595,-0.009380937,-0.025853202,-0.0023426116,0.018654093,0.061713606,0.10044234,0.12646353
-0.20235708,-0.19406784,-0.19078098,-0.1832097,-0.16823359,-0.16007619,-0.15875655,-0.15752392,-0.13505551,-0.11304738,-0.11381587,-0.1105524
0.24775133,0.23202407,0.20917264,0.18914653,0.19415998,0.18383437,0.18420994,0.16959783,0.16672333,0.16938238,0.1866822,0.20145388
-0.5169369,-0.543104,-0.5528747,-0.54127324,-0.5472482,-0.5371581,-0.50565827,-0.4663752,-0.44588464,-0.39941442,-0.331647,-0.25376895
-0.104123116,-0.14955592,-0.18580985,-0.20876911,-0.22758353,-0.22449684,-0.21746466,-0.18887419,-0.16865496,-0.123762846,-0.06079428,0.0008163266
0.19784003,0.18216108,0.17073935,0.16029471,0.14241871,0.12996976,0.12725863,0.1312872,0.12401424,0.12942797,0.127459,0.13124709
-0.11931129,-0.16231385,-0.20043002,-0.22489591,-0.2448064,-0.23529226,-0.23224555,-0.20575452,-0.17195787,-0.119737834,-0.06453509,0.0021544565
-0.37679008,-0.38957798,-0.3859507,-0.38695234,-0.3827879,-0.3671308,-0.3616915,-0.3393399,-0.31492412,-0.28890747,-0.24851859,-0.21722257
-0.0017808713,-0.048794642,-0.0843775,-0.1064973,-0.13094687,-0.134296,-0.13306409,-0.10488511,-0.0835647,-0.048755966,0.0075398143,0.067908034
0.3641212,0.31768483,0.25449455,0.22198474,0.20501104,0.19396134,0.19455937,0.18735099,0.20153783,0.23538096,0.27405712,0.3163885
-0.066750586,-0.08307386,-0.09398906,-0.09272293,-0.09750494,-0.108845934,-0.075632885,-0.089241594,-0.10078261,-0.08080447,-0.053194933,-0.03309874
-0.42818713,-0.44201294,-0.4306196,-0.44077793,-0.41773906,-0.4185793,-0.3939811,-0.38889447,-0.3450393,-0.31329075,-0.27394515,-0.23070243
-0.06903602,-0.03531109,-0.019110635,-0.00075732917,0.015727624,0.021476798,0.020912543,0.010320023,-0.0047084205,-0.017700747,-0.041925248,-0.076603994
0.12946759,0.09361216,0.063612446,0.027824372,0.008859038,-0.0032496005,0.004962668,0.016503423,0.024298504,0.035704404,0.08917996,0.14087306
-0.53232324,-0.51235795,-0.4966093,-0.47411025,-0.4525094,-0.42779213,-0.41346735,-0.4014944,-0.38724518,-0.36255065,-0.3434254,-0.33173075
-0.7175748,-0.6596653,-0.62715816,-0.5647812,-0.5361248,-0.49914697,-0.47892964,-0.47063228,-0.46545634,-0.4572416,-0.4788673,-0.4989466
0.2513625,0.25494352,0.24766189,0.25600934,0.22947635,0.22783591,0.22155449,0.21051142,0.1889852,0.15106632,0.12068796,0.09692633
-0.16841781,-0.12913895,-0.100592025,-0.073810376,-0.06322846,-0.049303837,-0.0524588,-0.05401534,-0.07920102,-0.09793799,-0.13557518,-0.1888267
0.24854285,0.2110255,0.19046055,0.15155974,0.14230539,0.12975816,0.11067189,0.11468383,0.14639829,0.1713837,0.18119052,0.19774874
1.1279368,1.0909501,1.1038651,1.0506952,1.0182928,0.90809727,0.93733424,0.9037181,0.85026836,0.8085256,0.7529245,0.7588856
-0.22180875,-0.22458482,-0.2273111,-0.21985026,-0.2193563,-0.2106363,-0.20241119,-0.18731551,-0.17674465,-0.16712156,-0.14766052,-0.13013746
-0.2089189,-0.24967647,-0.2689557,-0.2725472,-0.28461933,-0.27768308,-0.28413978,-0.24539673,-0.21106854,-0.16405982,-0.11532846,-0.066446394
-0.12828556,-0.16545387,-0.17457692,-0.19907591,-0.19880405,-0.20151153,-0.1931001,-0.19134244,-0.1626868,-0.14139526,-0.080083646,-0.027900523
-0.23136228,-0.21703531,-0.20422788,-0.19480589,-0.18232724,-0.17044847,-0.16882773,-0.16759425,-0.16839123,-0.14990221,-0.15191114,-0.16381794
-0.19384097,-0.17667913,-0.16028577,-0.13999389,-0.12585449,-0.11522938,-0.10832229,-0.11441801,-0.12321598,-0.12309012,-0.13270779,-0.14702868
0.19811183,0.16819258,0.14857665,0.12930752,0.10902123,0.09625466,0.09907629,0.101310104,0.10987805,0.10619615,0.121208064,0.15142897
-0.6455397,-0.62298197,-0.6065344,-0.5841106,-0.5677403,-0.531801,-0.5153102,-0.5022885,-0.4881141,-0.46401653,-0.43444014,-0.41842934
-0.0666993,-0.013995603,0.027136624,0.054581285,0.08661105,0.096635,0.09638887,0.06899287,0.034092963,-0.0024167225,-0.04339359,-0.106789306
-0.2797622,-0.3004923,-0.3095429,-0.3154655,-0.32021537,-0.30732626,-0.3073744,-0.27562898,-0.2529552,-0.20234187,-0.16762577,-0.13035446
0.11431018,0.16202089,0.18257913,0.18586014,0.20646358,0.2095255,0.21374433,0.1749956,0.1510245,0.11066134,0.065948226,0.023654118
-0.19823346,-0.1831487,-0.1734029,-0.16882798,-0.15449099,-0.14937036,-0.14131512,-0.14122394,-0.13328458,-0.13066722,-0.12529846,-0.12415477
0.45030296,0.49235612,0.50771886,0.480885,0.5021734,0.48611292,0.4644222,0.42046213,0.41815507,0.39467686,0.29926103,0.21600515
-0.16073115,-0.20218363,-0.2319598,-0.25089148,-0.2671594,-0.26687992,-0.25927383,-0.22842449,-0.1985817,-0.16601464,-0.086122215,-0.0072188564
0.15073319,0.1425,0.1353198,0.133979,0.11825576,0.10907036,0.11105418,0.11763768,0.1075838,0.101686455,0.10767459,0.120475575
-0.019182201,-0.00418225,0.008557957,0.01952664,0.020816915,0.013979569,0.030929264,0.022456774,6.2828185e-05,-0.000764695,-0.019932032,-0.037034135
-0.47447103,-0.49805418,-0.50654995,-0.5067404,-0.4964575,-0.4784856,-0.46810165,-0.44180226,-0.40050244,-0.3419769,-0.28754562,-0.23482111
0.17322823,0.16518846,0.15551104,0.13435118,0.1326421,0.12930869,0.11931488,0.118075155,0.12110741,0.116831295,0.120981626,0.12460321
0.22782883,0.24741033,0.2569141,0.2506473,0.25605583,0.25315872,0.24413827,0.21621922,0.1986889,0.17356059,0.13965404,0.10167689
0.049175978,-0.08362301,-0.08648056,-0.171211,-0.18059215,-0.20707218,-0.21153256,-0.22332421,-0.13769269,-0.08281407,0.03881824,0.15842646
0.15405604,0.15340713,0.1668478,0.18904278,0.17967445,0.17582306,0.16563107,0.15474698,0.12356303,0.11373977,0.08404409,0.04296176
0.46589327,0.45343024,0.46452406,0.440979,0.4295892,0.4142747,0.38583064,0.35687816,0.33647224,0.33569592,0.2912017,0.24662744
-0.27836934,-0.24207851,-0.22382736,-0.18925405,-0.18770821,-0.1858061,-0.14323288,-0.14977577,-0.16945408,-0.20379084,-0.2304766,-0.22903755
0.01715924,0.018510696,0.025083935,0.04199785,0.04274026,0.043163385,0.034321047,0.03135973,0.027205724,0.019786065,0.023382174,0.014679575
-0.09621219,-0.051758006,-0.02647689,-0.0057982355,0.018862143,0.029642917,0.0344496,0.015750088,-0.0060618967,-0.039135356,-0.069420636,-0.11209881
0.061784808,0.07010806,0.07925512,0.08688875,0.08408089,0.076478936,0.079403624,0.083150774,0.06776894,0.06494593,0.04238274,0.029056383
-0.16472302,-0.12735924,-0.10353184,-0.08972451,-0.072045326,-0.079439804,-0.044906963,-0.04876259,-0.06040194,-0.083694234,-0.116810076,-0.1216616
0.03946995,0.008312136,-0.028247073,-0.05106379,-0.076883495,-0.07407825,-0.07619718,-0.046916276,-0.0460658,-0.006801635,0.036582388,0.08355268
-0.15277787,-0.18947111,-0.21428055,-0.22487564,-0.24502504,-0.24535482,-0.23926216,-0.20301893,-0.18204896,-0.15315881,-0.095535144,-0.03469141
-0.2879277,-0.30980316,-0.31374592,-0.3244108,-0.32602,-0.31573555,-0.31840217,-0.28904057,-0.25975552,-0.2166981,-0.18257526,-0.15112999
0.23256226,0.24652806,0.24162602,0.24287501,0.24709852,0.23481931,0.24005313,0.2202025,0.21030083,0.18217732,0.15815914,0.14187081
0.0022468828,0.013912249,0.021572582,0.034538656,0.03655193,0.03656693,0.03902869,0.035284303,0.027175318,0.01827231,0.00015902333,-0.012110247
-0.6748529,-0.6543693,-0.6366441,-0.5981135,-0.58524054,-0.5585391,-0.5364091,-0.5022325,-0.49907383,-0.46614686,-0.4402936,-0.41304046
-0.009026453,-0.04367266,-0.060461596,-0.059819892,-0.09285845,-0.0885535,-0.097812444,-0.061766952,-0.076258525,-0.057721924,-0.03284218,-0.019606773
-0.20564733,-0.19872043,-0.19302264,-0.18706703,-0.1816811,-0.16643025,-0.17218332,-0.16603845,-0.15404512,-0.14521565,-0.14287932,-0.150675
0.3785235,0.34734172,0.32456312,0.2986724,0.27874786,0.25774127,0.24640638,0.24828988,0.24939704,0.2524571,0.26153535,0.27086002
-0.08787547,-0.05136162,-0.030070677,-0.012357138,0.008853197,0.016754925,0.01806362,0.009309515,-0.00074671954,-0.021933384,-0.058102764,-0.092541605
-0.8055975,-0.76206964,-0.71668035,-0.65848815,-0.6439841,-0.60433465,-0.586479,-0.5586536,-0.5738078,-0.5605763,-0.55973077,-0.5687447
0.34726414,0.32792827,0.31602508,0.30028397,0.28254128,0.25628668,0.25865656,0.25128362,0.25070116,0.24170026,0.23610689,0.24731776
-0.20276487,-0.26387253,-0.3021963,-0.32804888,-0.35493138,-0.35371643,-0.35223684,-0.31471366,-0.25110656,-0.18918012,-0.10837914,-0.014809128
0.41693026,0.39692608,0.37078294,0.3511311,0.32505766,0.31512114,0.30226856,0.2849464,0.28645173,0.27119508,0.26356107,0.2688563
-0.16672382,-0.19891489,-0.22138369,-0.22689827,-0.23631355,-0.23157549,-0.22697157,-0.20106372,-0.17273703,-0.14461654,-0.09409489,-0.038149714
-0.457398,-0.41702384,-0.40028387,-0.3763804,-0.34581098,-0.3175682,-0.31745023,-0.31095797,-0.2857566,-0.28241038,-0.29748183,-0.3230554
0.2379137,0.13164742,0.053804964,-0.014165103,-0.066312164,-0.080575585,-0.08894926,-0.040927887,0.013539091,0.07729477,0.17820668,0.2985001
-0.06610791,-0.046266966,-0.052021384,-0.04124798,-0.019543946,-0.0063499957,-0.015354142,-0.012467451,-0.006386131,-0.014885545,-0.01957741,-0.04734702
0.23471344,0.25274527,0.2602737,0.27059403,0.2735999,0.27808845,0.26217377,0.23099935,0.21707807,0.18674958,0.13969721,0.08785311
-0.36347505,-0.34806225,-0.33563274,-0.31672296,-0.29921314,-0.27995092,-0.27498162,-0.26319832,-0.25829586,-0.24179207,-0.23797141,-0.246645
0.029105574,0.12535152,0.20289469,0.25270677,0.30482697,0.31049615,0.29963166,0.24051802,0.18381372,0.11258566,-0.0022631101,-0.1392106
-0.109013095,-0.06751888,-0.039342448,-0.010178715,0.009088621,0.0121729,0.020646915,0.008255847,-0.010782331,-0.03729999,-0.07715277,-0.11699353
0.0953465,0.09428886,0.093153834,0.10331019,0.08927704,0.08622864,0.08502061,0.08938324,0.07514048,0.07188155,0.0559632,0.046917
0.16742316,0.14465252,0.13301542,0.11688648,0.09115095,0.077942684,0.069300525,0.091764785,0.08588802,0.09255309,0.10521542,0.114846215
0.28816205,0.22330311,0.16412154,0.12720545,0.083325446,0.07702902,0.07115905,0.09006333,0.11480495,0.15599065,0.20169611,0.27126616
-0.3188458,-0.30375183,-0.28745702,-0.27178872,-0.25692028,-0.24404463,-0.2339307,-0.23491737,-0.22176039,-0.21845539,-0.21422443,-0.20736969
-0.061226346,-0.060215384,-0.06525642,-0.07953895,-0.07484718,-0.070134774,-0.07573147,-0.069507375,-0.05158261,-0.043819264,-0.035706118,-0.036509812
-0.8412851,-0.7914366,-0.732051,-0.6782714,-0.63595486,-0.5911232,-0.58464754,-0.58401275,-0.5960774,-0.57585746,-0.56772727,-0.58989537
0.35003138,0.27988422,0.23194626,0.18650283,0.15776221,0.13861437,0.11754687,0.13331498,0.16478668,0.22045,0.25576967,0.29844818
0.16930625,0.1863218,0.19383267,0.19602707,0.19619423,0.19233243,0.19297269,0.17556939,0.15352875,0.13359976,0.09778707,0.071440786
-0.014011005,-0.0063865893,0.004130721,0.00123588,0.0044030473,0.0033389851,0.00096886605,2.9735267e-05,-0.0035319552,0.000609912,-0.0042547192,-0.013109106
-0.36066762,-0.34349912,-0.3340838,-0.31502703,-0.30062255,-0.28085762,-0.27043208,-0.25789168,-0.25669816,-0.2477068,-0.23377177,-0.22749053
0.3737191,0.32867676,0.28749374,0.2399405,0.19779907,0.1732502,0.17883056,0.19831207,0.21286781,0.22681129,0.23654035,0.28347147
-0.13604023,-0.14112248,-0.13549434,-0.13789937,-0.13602954,-0.1338977,-0.12948212,-0.11864264,-0.10843521,-0.0870116,-0.079309635,-0.06466875
1.0555656,1.019905,0.95714116,0.92956126,0.85872185,0.83972204,0.8395674,0.81201226,0.7892956,0.7240737,0.7130377,0.78188574
-0.36738542,-0.3822319,-0.3747911,-0.36129117,-0.36619964,-0.3584813,-0.34113225,-0.3191122,-0.30707508,-0.29472739,-0.2540286,-0.21112084
-0.17514679,-0.21625428,-0.25073788,-0.2705903,-0.28800943,-0.2849239,-0.27652472,-0.23892362,-0.20474958,-0.15162325,-0.09388983,-0.029995985
0.419961,0.38210616,0.34625447,0.3114313,0.28458604,0.26113558,0.2597122,0.25934428,0.2652539,0.2852529,0.29312685,0.327726
0.088305846,0.1418128,0.17485821,0.20425333,0.2262074,0.22572878,0.22365361,0.19550613,0.16221394,0.112494215,0.052193172,-0.01523946
0.5773686,0.5967024,0.60845906,0.59840614,0.603247,0.5626792,0.5604228,0.5318544,0.49290204,0.43587562,0.3744579,0.31554973
0.066480726,0.068845406,0.072932124,0.07888581,0.08282879,0.076902226,0.073016204,0.06820672,0.06832556,0.052929834,0.045540325,0.032947503
0.022516888,0.063439846,0.09424494,0.11927997,0.13306506,0.13190405,0.13551979,0.11254278,0.08205594,0.045526214,-0.006709872,-0.0611107
-0.045373924,-0.06062896,-0.06725307,-0.08000864,-0.09182627,-0.089452915,-0.08630347,-0.07810728,-0.07109952,-0.07135894,-0.047193676,-0.018606756
0.30665046,0.26609573,0.2394053,0.2072362,0.18612066,0.17595792,0.15458581,0.16576496,0.17726484,0.19021434,0.2150582,0.24247044
-0.053125184,-0.07705751,-0.09682086,-0.10957951,-0.12707788,-0.12782325,-0.1254484,-0.103655696,-0.085860714,-0.06458469,-0.03192322,0.005415312
-0.26249114,-0.25438392,-0.2566144,-0.24437363,-0.23706557,-0.22119635,-0.21077247,-0.19759224,-0.18628383,-0.17355311,-0.1611097,-0.14104751
0.14549106,0.15981711,0.1716938,0.17184407,0.1752682,0.16960257,0.16047376,0.14402325,0.13756862,0.11271156,0.08406697,0.05330614
-0.6198572,-0.63010556,-0.6296833,-0.6177139,-0.627539,-0.60121316,-0.58567125,-0.53416723,-0.52323186,-0.48003596,-0.42260408,-0.3643446
0.24363826,0.25029585,0.26164973,0.2538991,0.26241902,0.26350546,0.24634513,0.21439686,0.195404,0.16708492,0.15395439,0.12378002
0.24752542,0.16322097,0.11537632,0.07460721,0.022539258,0.0099797845,-0.005834192,0.037675574,0.059130207,0.12320762,0.18258443,0.2579409
0.07503602,0.1061632,0.13242368,0.14908582,0.16243504,0.16656241,0.15027088,0.13309126,0.11391435,0.10454847,0.042641856,-0.024793498
-0.24842657,-0.076508105,0.04231304,0.12894458,0.20740217,0.23066747,0.24560827,0.16046646,0.069619626,-0.043030202,-0.20851746,-0.39116523
0.5141152,0.4649755,0.4277293,0.37774912,0.3367378,0.31888953,0.29790878,0.29485458,0.30653387,0.31205034,0.33338454,0.36557785
-0.3402359,-0.3206163,-0.3207192,-0.32037395,-0.29891276,-0.27072477,-0.2654336,-0.27298856,-0.24618857,-0.2325571,-0.22739679,-0.21873641
0.28400803,0.3416813,0.3544084,0.40162998,0.3878005,0.39926818,0.383542,0.38068432,0.3049151,0.21831931,0.1263373,0.01573396
0.15620124,0.23241857,0.27647972,0.30695102,0.34485486,0.3638449,0.33329394,0.2709547,0.23722644,0.18991539,0.09063791,-0.036700733
-0.21823162,-0.20227444,-0.20125175,-0.19154061,-0.17593765,-0.16841774,-0.15837803,-0.15203334,-0.14058025,-0.13798068,-0.12984444,-0.12119854
-0.0074979775,-0.017042084,-0.023972603,-0.028486371,-0.03623514,-0.033590816,-0.03334948,-0.024997924,-0.020831343,-0.015223916,-0.01141749,0.0045114597
0.34396708,0.38136008,0.38558787,0.39204717,0.398745,0.41352707,0.39280683,0.34168124,0.31629485,0.26502153,0.20809639,0.15243405
0.0014698347,0.014693857,0.045233976,0.06381746,0.08293373,0.06976897,0.07525093,0.061056226,0.045453027,0.019989308,0.008006093,-0.01473573
0.51507926,0.7097945,0.84773153,0.9460054,1.0285162,1.0249785,1.0049329,0.8554261,0.7323622,0.5294696,0.2800919,0.007511005
0.016119897,0.0054187365,-0.013017267,-0.017768245,-0.023648031,-0.029792804,-0.022596247,-0.011104137,0.0051901005,0.010946909,0.024610927,0.049138542
0.093422964,0.12086885,0.13619867,0.14758512,0.1531104,0.15494038,0.153064,0.13175069,0.11144979,0.07229639,0.038558684,0.002761431
-0.36157778,-0.37607506,-0.37770772,-0.37902105,-0.3678203,-0.3471258,-0.33861223,-0.32590014,-0.3145314,-0.26597723,-0.22239663,-0.19006233
-0.025994964,-0.05524996,-0.061274935,-0.07496225,-0.07599077,-0.07670977,-0.07279349,-0.06976685,-0.06739673,-0.0399259,-0.006969272,0.026393717
0.5390992,0.59074026,0.637896,0.6648257,0.690297,0.6369425,0.6371286,0.58717436,0.5567324,0.4327942,0.35998562,0.27413166
0.20065254,0.28471482,0.3435366,0.3891163,0.41611993,0.41700113,0.40992224,0.34557042,0.28206727,0.19812621,0.09000918,-0.031806972
-0.02731227,-0.055090927,-0.06674008,-0.09773336,-0.09739965,-0.10759298,-0.094909035,-0.090489626,-0.07220116,-0.038432132,-0.00057200715,0.041152738
0.5626021,0.55184615,0.5619109,0.55067736,0.51776075,0.4761251,0.46660528,0.47285193,0.42969635,0.39385653,0.35116073,0.31304988
-0.12190347,-0.10894488,-0.10137978,-0.08888495,-0.08136134,-0.07022835,-0.07754657,-0.07201267,-0.07470749,-0.072285995,-0.07629923,-0.09291964
0.18040518,0.116800874,0.10071316,0.06352125,0.017651826,-0.019139618,-0.001644507,0.054901063,0.023717254,0.11403926,0.15102407,0.21147539
0.007902795,0.0073752645,0.006984636,0.0074871853,0.0055053607,0.0077674016,0.008933105,0.0064950697,0.0067854,0.00030439347,0.00046435464,0.0033360925
-0.10943502,-0.074758016,-0.044208147,-0.021223463,-0.007606268,0.0023336932,0.0023212582,-0.016228333,-0.037308365,-0.062465973,-0.096132286,-0.13869727
-0.2108648,-0.22921199,-0.23517221,-0.21922258,-0.2266038,-0.22198793,-0.22777894,-0.19360682,-0.17871553,-0.15809484,-0.12472726,-0.10712871
-0.05683435,-0.072632775,-0.07156375,-0.07940773,-0.08595883,-0.08721846,-0.085826114,-0.077576414,-0.07420334,-0.06453574,-0.04401316,-0.024557553
