0.22250168,0.14256383,0.12241876,0.08601855,0.045453534,0.023179293,0.014761731,0.020521298,0.036787465,0.10539054,0.10208158,0.133167
-0.30855608,-0.27464312,-0.2547113,-0.24308456,-0.22870071,-0.2190934,-0.20925666,-0.22401363,-0.23914906,-0.26030016,-0.2928348,-0.31620526
-0.26548752,-0.22145675,-0.2036475,-0.17978203,-0.15854348,-0.14798418,-0.13291793,-0.12328229,-0.11689193,-0.12901664,-0.12069677,-0.12416742
0.102064885,0.12805669,0.14339331,0.16819553,0.17685238,0.1985369,0.18196224,0.2085402,0.20474193,0.23357946,0.23129551,0.25068784
-0.15393114,-0.2080975,-0.25926536,-0.2974561,-0.32993737,-0.3253605,-0.32637998,-0.2889862,-0.23236717,-0.19372985,-0.11604051,-0.031472296
-0.08551342,-0.0891897,-0.07779021,-0.08320606,-0.09580327,-0.07685757,-0.08311874,-0.09065145,-0.08136604,-0.05530076,-0.072766036,-0.047014162
-0.0505291,-0.058925852,-0.07185922,-0.07894956,-0.09217374,-0.11382494,-0.092304304,-0.10464735,-0.11167191,-0.111153126,-0.120523125,-0.11937533
-0.010693589,-0.00827173,-0.0011830991,0.0032223705,-0.00022787787,0.006407328,0.003106283,0.0074690133,0.011208139,0.021435797,0.015639164,0.028666938
-0.07401034,-0.070958845,-0.05062047,-0.04114057,-0.038922425,-0.02809235,-0.0412471,-0.04252432,-0.06603606,-0.06289757,-0.0807516,-0.106039286
0.13193247,0.12681614,0.10745113,0.09471172,0.0886353,0.056007937,0.06540303,0.027716957,0.0026281253,-0.027071033,-0.0673057,-0.09782293
-0.5026353,-0.50695556,-0.51951504,-0.5234764,-0.5351984,-0.5292767,-0.49835315,-0.46194506,-0.4419737,-0.39259416,-0.34334227,-0.29947
0.22896746,0.10676625,0.025541216,-0.01975204,-0.083175,-0.123273626,-0.14981264,-0.12506467,-0.13216986,-0.11335713,-0.07144803,-0.027333092
-0.3528585,-0.3731008,-0.38810942,-0.40058634,-0.41532034,-0.39558387,-0.38356996,-0.3326745,-0.28263092,-0.2216394,-0.1639592,-0.09128736
0.29438043,0.2666311,0.26295358,0.2517831,0.23891641,0.21475467,0.18665624,0.13605759,0.085380815,0.02661642,-0.03976522,-0.087794065
-0.037384264,-0.023912843,-0.019798025,-0.015217453,-0.0073187724,0.0020316392,-0.009067185,-0.01800301,-0.03487425,-0.05103518,-0.07217862,-0.09600903
-0.30913708,-0.28324723,-0.2664443,-0.25276688,-0.24068713,-0.22045203,-0.20507611,-0.17447859,-0.15679802,-0.12766907,-0.10223556,-0.07749805
-0.1557802,-0.056599602,0.012963757,0.059226766,0.10999918,0.13799973,0.12809357,0.09594937,0.038674966,-0.027022786,-0.12109226,-0.2078162
0.18351628,0.19786379,0.18910244,0.18871166,0.19854233,0.2045105,0.19735229,0.20359355,0.20376068,0.20635399,0.20903109,0.20898522
0.28277642,0.29487792,0.3100059,0.32156822,0.32468545,0.3111348,0.28785557,0.25201726,0.19872102,0.15282038,0.07952348,0.016476315
0.44108745,0.3637096,0.2669868,0.22579935,0.18367127,0.14920601,0.14414355,0.16992688,0.18457532,0.2290412,0.33032206,0.4026309
0.23729375,0.31954357,0.3810806,0.40042657,0.44583768,0.4263988,0.3961789,0.25194085,0.120147705,-0.04665324,-0.25368538,-0.45315439
-0.02257414,-0.071685664,-0.11050668,-0.13014689,-0.15826558,-0.15971969,-0.16296963,-0.13018176,-0.10319844,-0.053729355,-0.0048674685,0.0486877
0.23350185,0.23281962,0.2064894,0.20661432,0.20494854,0.18925329,0.18703099,0.1730317,0.13852979,0.12716657,0.11629945,0.099807516
-0.45996156,-0.43141228,-0.39763117,-0.3773473,-0.3717748,-0.3476021,-0.3291017,-0.31686324,-0.30671772,-0.29802024,-0.28964886,-0.27468604
0.11721875,0.09189542,0.07993595,0.060354486,0.042456396,0.03380025,0.033482432,0.024877511,0.027551614,0.049289845,0.053021926,0.07619208
-0.39898506,-0.37008655,-0.36007023,-0.35070753,-0.33518252,-0.3253913,-0.29987025,-0.2706889,-0.24558353,-0.22985025,-0.18775548,-0.1477434
0.33761504,0.2265063,0.14277813,0.0794135,0.02146931,-0.03901343,-0.05967495,-0.104331926,-0.15172873,-0.16593792,-0.18371966,-0.20130515
-0.19589534,-0.1951744,-0.20020509,-0.19519728,-0.19462606,-0.18852389,-0.17557515,-0.14470935,-0.12935716,-0.10327308,-0.06357623,-0.036645874
0.14549658,0.118542984,0.07713622,0.059057303,0.04696741,0.032998167,0.042611033,0.050684392,0.04992491,0.08346902,0.11523092,0.13756123
-0.05769918,-0.042115703,-0.035204798,-0.026779115,-0.014676757,-0.01782415,-0.00738807,-0.017791413,-0.018090911,-0.037137207,-0.043326974,-0.074385576
0.056271814,0.03110016,0.026289668,0.013028494,0.002515453,0.00044453703,-0.0068203034,-0.00623657,0.005329157,0.007829167,0.016801197,0.023215236
0.15682559,0.129459,0.11016296,0.10385643,0.09396452,0.07771717,0.075364366,0.09336636,0.09624629,0.11067709,0.13084519,0.15137495
-0.022492237,-0.06272426,-0.08778471,-0.09282591,-0.12023391,-0.11242439,-0.09766011,-0.045191035,0.006795123,0.073946685,0.14817882,0.2017303
0.15113698,0.14039956,0.129637,0.10627659,0.10202016,0.089753374,0.0801692,0.026549578,0.01509209,-0.01832024,-0.06492234,-0.10887897
0.007087864,-0.044016305,-0.09182149,-0.11476533,-0.1467911,-0.16036853,-0.15258455,-0.124012694,-0.09611027,-0.036929477,0.014189476,0.080620155
0.11320492,0.106430024,0.09400739,0.08835267,0.08917778,0.08236096,0.0776314,0.082197025,0.076690346,0.08014481,0.089039244,0.09914862
-0.037905283,0.018940996,0.026542384,0.026463037,0.058905926,0.08400036,0.08681986,0.102387264,0.13026151,0.13762018,0.152478,0.20128042
0.48984915,0.37572175,0.30009767,0.24988964,0.19126394,0.17865217,0.13939413,0.15763311,0.13610901,0.19088477,0.22457074,0.2619289
0.06719752,0.0263068,-0.0053908825,-0.028185286,-0.047388207,-0.06620035,-0.06256817,-0.061268978,-0.06546591,-0.05236702,-0.03391762,-0.0240112
0.0035831295,-0.025587894,-0.039027754,-0.045285895,-0.062390715,-0.05806326,-0.07295374,-0.050101683,-0.03778985,-0.01599262,0.0146878995,0.051455937
0.09374133,0.17350453,0.19731066,0.22028157,0.26952887,0.26725224,0.2861847,0.26425636,0.26184794,0.21052834,0.18637688,0.16650322
0.10272871,0.08366681,0.06688878,0.052740704,0.039998945,0.024690624,0.015110522,-0.007497823,-0.0322449,-0.04960869,-0.06623217,-0.08070966
-0.7374254,-0.64976144,-0.60258615,-0.54525626,-0.5129084,-0.46826428,-0.4197525,-0.36489797,-0.32909024,-0.2939438,-0.26620102,-0.23615119
0.23643105,0.13879728,0.07560533,0.023863703,-0.027593449,-0.030541241,-0.038574845,-0.006516069,0.04328707,0.13531668,0.20839551,0.30969873
0.1521602,0.082351,0.047830805,0.031106561,-0.0074599683,-0.0024917126,-0.01707998,0.026872635,0.064690635,0.1064585,0.17129178,0.2413195
0.17457728,0.059797585,-0.020029008,-0.061056957,-0.14289176,-0.16296658,-0.18381527,-0.15842499,-0.13206124,-0.067406364,-0.02668005,0.06490534
0.19242367,0.1904779,0.19192891,0.19904459,0.19731045,0.1924144,0.17941657,0.1643095,0.13732797,0.12040328,0.08444465,0.049101576
-0.37921795,-0.32516727,-0.24866818,-0.20756625,-0.18415707,-0.14382155,-0.119583905,-0.07770146,-0.024348322,0.029901259,0.0674023,0.10975443
0.1439493,0.12855133,0.118683435,0.1197031,0.10956177,0.0989859,0.10175873,0.11834155,0.110282436,0.13634501,0.14184314,0.15115331
-0.3543211,-0.34270918,-0.33982843,-0.33073264,-0.32327718,-0.29746807,-0.28400058,-0.23430346,-0.19211346,-0.16461076,-0.104903616,-0.05807456
-0.030198438,-0.070566446,-0.09678616,-0.108442895,-0.13387352,-0.1348737,-0.13319057,-0.0982195,-0.06650298,-0.024936736,0.023922373,0.07943818
-0.31372422,-0.28439182,-0.26529223,-0.2572143,-0.23917294,-0.21463083,-0.20304859,-0.1711643,-0.14672783,-0.13182664,-0.10074588,-0.06789717
-0.45492506,-0.40054977,-0.36967695,-0.34206384,-0.31646997,-0.28824192,-0.26671088,-0.25315133,-0.23346314,-0.2277303,-0.21552785,-0.2163129
0.00084495475,-0.0065046772,-0.008180946,-0.01264682,-0.015934952,-0.017323501,-0.023418467,-0.02575491,-0.019639365,-0.020059671,-0.016132817,-0.005622019
0.030876597,0.0045948885,-0.009607177,-0.014770418,-0.03579776,-0.038728118,-0.043307334,-0.044273783,-0.049975302,-0.035250075,-0.03145968,-0.02766425
-0.030241402,-0.042292938,-0.053725764,-0.06994356,-0.07706854,-0.06610933,-0.057478458,-0.051549338,0.015581918,0.041918773,0.080146,0.12768485
0.015491404,-0.042777076,-0.08487663,-0.1109188,-0.14592086,-0.14996043,-0.14473557,-0.10812102,-0.06346269,-0.0047416836,0.06374208,0.1375654
-0.022975415,-0.026925772,-0.024965052,-0.03333212,-0.03709848,-0.021580178,-0.020293009,-0.015928943,0.0152047165,0.02896424,0.034995254,0.052025016
-0.1440827,-0.16926616,-0.17552769,-0.17530543,-0.19454119,-0.18012264,-0.17310302,-0.12014224,-0.07032832,-0.00911393,0.055352088,0.12774564
-1.124975,-0.9183508,-0.76265085,-0.6656773,-0.55536485,-0.47088933,-0.38409662,-0.3511326,-0.28439978,-0.27141732,-0.27005926,-0.29754993
0.037002176,0.031770952,0.034412,0.020322412,0.015880287,0.008575145,0.0050667375,-0.020557746,-0.04159922,-0.051253255,-0.08294849,-0.09434505
-0.055674776,-0.08944917,-0.11052224,-0.14199051,-0.15520416,-0.14632925,-0.15459546,-0.16094196,-0.11874953,-0.108326696,-0.095653646,-0.075409874
0.050561734,0.031682186,0.019502353,0.006376922,-0.006024014,-0.0023023002,-0.0095491335,-0.020407282,-0.010874242,-0.010937633,-0.010906522,-0.0027997885
-0.055600822,-0.03745118,-0.017029835,-0.0035388432,0.005498521,0.012088273,0.01592651,0.011492608,0.010549899,0.0008414751,-0.0076486976,-0.029612312
0.30128282,0.33457714,0.3478455,0.3524198,0.3770951,0.3667,0.35606915,0.31378853,0.27273703,0.22740412,0.16715351,0.106293716
-0.52235365,-0.4959481,-0.4735247,-0.46021172,-0.46159416,-0.43301648,-0.40933362,-0.38541493,-0.35741344,-0.32978204,-0.31119007,-0.27106094
-0.11673519,-0.0040046573,0.079819486,0.14198864,0.18781698,0.23276745,0.23431581,0.23550592,0.24631044,0.23874505,0.1763584,0.18424599
0.029068224,0.07192005,0.09313921,0.11350118,0.1303683,0.12883948,0.1326529,0.09164905,0.047890123,0.0019776542,-0.046898082,-0.10969275
0.3299985,0.32657272,0.28599995,0.28860116,0.28818125,0.2701658,0.28836495,0.29765904,0.2687601,0.3169822,0.32644022,0.3134887
0.4201233,0.37136576,0.3165359,0.2838241,0.2651064,0.21866027,0.19133686,0.15538138,0.11233167,0.07514613,0.030680563,0.010519743
-0.051714864,-0.06505212,-0.08571284,-0.09978573,-0.105652526,-0.09434648,-0.09099456,-0.06984426,-0.043716982,-0.025134608,0.027209654,0.061841972
0.11346623,0.07542865,0.09576377,0.08148431,0.10212794,0.09571931,0.07277118,0.0962307,0.12174195,0.08643773,0.14840434,0.16432855
0.11867098,0.13306206,0.16557632,0.18663213,0.19447783,0.20825511,0.19141379,0.2016289,0.19244921,0.19964793,0.19736543,0.21134442
0.13058427,0.11048059,0.10015939,0.09192434,0.07507904,0.07075553,0.05955708,0.049887404,0.038469423,0.04026299,0.030071862,0.03657712
0.06278968,0.050478283,0.03332149,0.021818824,0.019860558,0.01818398,0.0066495426,0.008946743,0.008227598,0.0074367747,0.014841593,0.024627998
-0.43632358,-0.37901258,-0.32880506,-0.29612768,-0.2770332,-0.25487053,-0.20946538,-0.19935007,-0.16361251,-0.15554518,-0.14373028,-0.12155168
-0.040946297,-0.00029598176,0.024569616,0.03639041,0.06032738,0.06531602,0.075325325,0.060236335,0.05201141,0.030439276,0.0048073377,-0.018889809
0.15499204,0.061263517,-0.0014549643,-0.036741436,-0.0891404,-0.10101476,-0.111495316,-0.07225862,-0.039812416,0.023857266,0.09937941,0.17498003
-0.06248623,-0.040211808,-0.02363827,-0.010000482,0.0013819784,9.2644244e-05,0.00030033663,-0.018479668,-0.04544331,-0.068810515,-0.09440488,-0.12431567
-0.53821594,-0.43310732,-0.3755763,-0.32475984,-0.26966223,-0.24530116,-0.198281,-0.17729406,-0.15472889,-0.16562952,-0.15793782,-0.16804266
-0.08060855,-0.08269778,-0.09595043,-0.096446365,-0.09845985,-0.10250433,-0.086265616,-0.058488347,-0.04526858,-0.01854736,0.023429612,0.05355164
-0.78524363,-0.65193796,-0.57564807,-0.47104615,-0.40897623,-0.35350624,-0.2787791,-0.18836595,-0.13761343,-0.108862266,-0.063745104,-0.06868611
-0.18253651,-0.13347813,-0.10107374,-0.08189142,-0.062740564,-0.057630748,-0.045856744,-0.081267014,-0.10310213,-0.13398093,-0.1995527,-0.25482684
0.110577896,0.10327804,0.10439505,0.11356036,0.108043015,0.09736542,0.10634443,0.10562895,0.10822896,0.10839969,0.10498339,0.09841353
0.042998165,0.10901811,0.15000531,0.17613918,0.21801725,0.23305577,0.22518505,0.20988181,0.18743683,0.16472462,0.120521374,0.07337521
0.21319692,0.17580298,0.14277402,0.1159537,0.100961894,0.08969603,0.07985316,0.0668291,0.07669772,0.07692199,0.07498539,0.07134745
-0.053482763,-0.0123014245,0.00247847,0.015328977,0.039880212,0.04986554,0.05830858,0.067285575,0.06836505,0.068123706,0.077679105,0.0821026
0.003647443,-0.012714386,-0.018133309,-0.026846677,-0.037874777,-0.028046189,-0.029429572,-0.016520023,0.0063198023,0.036151323,0.061235003,0.08786957
0.15415895,0.111361615,0.068901815,0.047502413,0.029246718,0.010514826,0.0047986507,0.015123419,0.012394138,0.015557487,0.04142853,0.051694352
0.07136513,0.040418327,0.025669515,0.013164602,-0.0066299513,-0.0007173419,-0.005404763,0.008479048,0.030314948,0.0677938,0.080259055,0.105190024
-0.3374732,-0.38634795,-0.4329086,-0.46176806,-0.49244365,-0.48496318,-0.47516242,-0.4311884,-0.3807795,-0.32176298,-0.2505327,-0.17492397
-0.38092777,-0.38003206,-0.36494264,-0.36424083,-0.37089938,-0.35349733,-0.33985013,-0.34244624,-0.30883414,-0.31601462,-0.329842,-0.33307052
0.23683757,0.23689055,0.25342175,0.26671675,0.27613214,0.25943765,0.24745996,0.24261603,0.20660609,0.17217217,0.15371592,0.121422514
0.3683111,0.504833,0.5987701,0.65147656,0.73336005,0.7329351,0.69516474,0.5576629,0.4294055,0.23558968,0.03064482,-0.19485325
-0.88989544,-0.7879721,-0.7459423,-0.72968984,-0.6774374,-0.6761912,-0.58042115,-0.54072404,-0.49307203,-0.4601807,-0.38957554,-0.31452775
-0.14895925,-0.1372428,-0.13115737,-0.11772269,-0.11342792,-0.09994969,-0.082767844,-0.057786465,-0.029948391,-0.0012828559,0.029360667,0.051032417
-0.634996,-0.46427774,-0.34351242,-0.26346406,-0.17415908,-0.12993234,-0.08666083,-0.104248166,-0.12270066,-0.18110508,-0.25143316,-0.34126666
0.08566656,0.12433723,0.15259,0.16751482,0.20070058,0.18789202,0.19388369,0.17653736,0.1565302,0.101188935,0.08974177,0.052659433
0.17805965,0.13016045,0.10951765,0.08968438,0.06804475,0.061348587,0.050852135,0.06533384,0.08483403,0.112097055,0.14521582,0.17941564
-0.4813498,-0.38167465,-0.31812394,-0.26940835,-0.22445895,-0.19006275,-0.1642722,-0.1653649,-0.16673091,-0.19131991,-0.22213024,-0.2510495
-0.048556123,-0.07749963,-0.09422454,-0.104787886,-0.119402826,-0.11417766,-0.118436776,-0.08909848,-0.06768967,-0.032609247,0.012359626,0.05450157
0.09732741,0.092924766,0.091100425,0.08509905,0.08095274,0.07210693,0.08687545,0.08314288,0.09597079,0.12296313,0.118413076,0.12707722
0.10683152,0.08364785,0.07321576,0.068841346,0.057553574,0.044798058,0.046565853,0.04361017,0.039849784,0.054057226,0.04452259,0.023829283
0.058296055,-0.04803586,-0.12971057,-0.17375466,-0.23863325,-0.25391814,-0.26477292,-0.2131722,-0.18560782,-0.088075675,0.00026834197,0.11212841
0.12595388,0.13442177,0.14719291,0.1686667,0.17982769,0.18342683,0.15965751,0.16532214,0.13317928,0.09598257,0.06096352,0.01383297
-0.28020495,-0.28324762,-0.27846953,-0.29263243,-0.29755077,-0.29067108,-0.28811193,-0.30647883,-0.3073291,-0.3183591,-0.3351176,-0.33723605
0.18123132,0.16539672,0.173093,0.15767856,0.15244399,0.14983012,0.13824302,0.10517417,0.10928944,0.09215425,0.06124303,0.03345488
0.24056324,0.22872463,0.18984011,0.17944379,0.17504954,0.14959262,0.16055211,0.1645695,0.17502034,0.17413181,0.21254997,0.24656561
0.052429274,0.007417552,-0.018637508,-0.039946247,-0.059126846,-0.058911175,-0.061277844,-0.03008534,0.0014605075,0.036477093,0.085825175,0.13573194
0.165628,0.047062725,-0.052669585,-0.096781224,-0.15546569,-0.1800111,-0.20384389,-0.12476358,-0.10236889,-0.029015735,0.08305104,0.20264459
-0.07469026,-0.19553345,-0.2721122,-0.3181252,-0.3974244,-0.41119218,-0.41072613,-0.36494556,-0.3198297,-0.25665683,-0.18085867,-0.09450884
-0.22760493,-0.21411575,-0.2074989,-0.19756165,-0.19329949,-0.18476729,-0.1681517,-0.14876828,-0.13309923,-0.11849105,-0.107561715,-0.10151365
-0.14711057,-0.20579456,-0.2515496,-0.28438836,-0.31908265,-0.3248359,-0.31551784,-0.28361177,-0.2394827,-0.18380684,-0.1326582,-0.06064524
-0.027732257,-0.105477124,-0.14308892,-0.18230283,-0.230757,-0.23219632,-0.25461516,-0.25080353,-0.25411114,-0.20561242,-0.19551328,-0.14821735
-0.35744205,-0.25895178,-0.17118347,-0.098141946,-0.056895807,-0.011274233,0.006389536,0.0048390776,-0.0077082627,-0.031912953,-0.053583797,-0.10035172
0.06402518,0.010169048,-0.0143723115,-0.03489922,-0.0637943,-0.07305086,-0.08893755,-0.08287085,-0.07748822,-0.07339267,-0.05119189,-0.023703866
0.048242044,0.012082428,0.0010759458,-0.0057465285,-0.03361655,-0.027947813,-0.03300602,-0.016625918,0.0012780875,0.046425715,0.06865499,0.112971485
0.35906073,0.356475,0.3540877,0.3545416,0.35597342,0.3551187,0.3358224,0.3020327,0.26778817,0.23597798,0.19552284,0.139916
-0.17149967,-0.12999755,-0.13294494,-0.12164627,-0.10892216,-0.10794781,-0.12558693,-0.13719234,-0.20796627,-0.24974348,-0.28976598,-0.30958557
0.060944233,0.02033177,-0.014266916,-0.0349325,-0.057972226,-0.070465825,-0.067040466,-0.059498616,-0.049028262,-0.019268403,0.007905858,0.03343332
-0.86880016,-0.8006091,-0.75468946,-0.71838367,-0.692091,-0.6507716,-0.59492344,-0.5335821,-0.47662827,-0.4382674,-0.3817939,-0.33398905
0.6636458,0.62890005,0.612291,0.5934562,0.5964523,0.5510542,0.54566836,0.5221404,0.5226029,0.50648415,0.48134953,0.4471793
-0.7839566,-0.73346317,-0.6263769,-0.57967913,-0.56599855,-0.52802837,-0.4615682,-0.43767312,-0.3318916,-0.33177355,-0.28618264,-0.2223543
-0.39833236,-0.3179208,-0.27116084,-0.23438394,-0.19498459,-0.14814931,-0.13352428,-0.090063125,-0.061028074,-0.038569294,-0.03307046,0.0050029634
-0.1956071,-0.1556679,-0.12426801,-0.09724218,-0.07882351,-0.07409313,-0.06501201,-0.06580092,-0.08328167,-0.11195918,-0.13315071,-0.15618119
0.20504248,0.21481974,0.22788334,0.22876966,0.2354477,0.2269246,0.2156403,0.17812724,0.15553373,0.12899435,0.07650435,0.03409828
0.1189183,0.14300168,0.15358369,0.1572856,0.16632287,0.15172754,0.15422863,0.113319695,0.075911075,0.04510756,-0.009113132,-0.048261426
-0.3774838,-0.33416203,-0.29844028,-0.27148488,-0.2606005,-0.21080682,-0.22035298,-0.19202223,-0.18092854,-0.16309315,-0.16290185,-0.12848295
-0.07785271,-0.067365825,-0.051066786,-0.031678386,-0.029198296,-0.011696897,-0.019912139,0.011947848,0.026255425,0.055556443,0.06957398,0.09082
-0.070463955,-0.13438135,-0.17632756,-0.20689519,-0.24316573,-0.25660387,-0.25128305,-0.22350916,-0.19050439,-0.14341503,-0.08614369,-0.023643803
0.37196463,0.2237641,0.102118544,0.009653946,-0.07878612,-0.18692647,-0.2629187,-0.40214252,-0.57651275,-0.74396896,-0.866155,-0.9700767
0.20046383,0.09984742,0.00940156,-0.039506257,-0.092346996,-0.111457914,-0.11052701,-0.05198072,-0.0010826737,0.07009728,0.16402858,0.261927
-1.5949998,-1.3884679,-1.2449317,-1.1107304,-1.0074052,-0.94195306,-0.82410514,-0.76674634,-0.7439649,-0.67414457,-0.6452043,-0.80275893
-0.031108305,0.062083364,0.12884825,0.13997048,0.19676334,0.21509671,0.20609432,0.10928181,0.07279003,-0.025207952,-0.14405324,-0.25290647
0.009876952,0.07016532,0.11611812,0.14084065,0.1718567,0.18719606,0.17027627,0.11508219,0.054022856,-0.02030053,-0.09963512,-0.18697187
-0.03109571,-0.029165877,-0.023067111,-0.01747421,-0.024023574,-0.016007755,-0.017540433,-0.0068970826,0.0070554353,0.02038668,0.024302328,0.04643064
0.24119821,0.19486117,0.15220174,0.12032349,0.098222,0.07722182,0.06431679,0.059910376,0.06814271,0.08044684,0.09259072,0.116323516
0.1598289,0.08989895,0.031149775,0.011468336,-0.026867777,-0.056938276,-0.06013748,-0.039850146,-0.038406223,0.020012401,0.044059925,0.08350309
-0.15759063,-0.121321954,-0.08366118,-0.060575463,-0.042465106,-0.030558802,-0.025981799,-0.034662098,-0.038572267,-0.06705517,-0.08985122,-0.12149766
-0.11913645,-0.12648335,-0.12677327,-0.14041758,-0.14844923,-0.1474331,-0.1453414,-0.1695771,-0.17420271,-0.17602132,-0.19564131,-0.20828192
-0.057424903,-0.13150182,-0.17050543,-0.20324959,-0.2457357,-0.2541018,-0.25202274,-0.21794464,-0.17496099,-0.11736114,-0.054159913,0.020239096
0.2573451,0.17209458,0.14312024,0.10520379,0.060517117,0.057779625,0.032512262,0.05144362,0.09188686,0.17260627,0.21806997,0.28567007
-0.37965113,-0.35869864,-0.3135809,-0.29522896,-0.29050356,-0.2461057,-0.24484795,-0.19450961,-0.14228334,-0.114575684,-0.10621201,-0.06631928
0.3746119,0.29166996,0.23229288,0.19409478,0.15222876,0.1425063,0.1131541,0.1411577,0.16245484,0.21346413,0.25046843,0.2992089
0.2536897,0.15785599,0.09951605,0.06303999,0.0137387365,-0.010037854,-0.033590242,-0.011580452,-5.4329634e-05,0.02636008,0.063591,0.11044526
0.11740103,0.056327995,0.03721392,0.012878522,-0.017801449,-0.01748588,-0.032071933,-0.028429665,-0.021568269,0.008646229,0.034001645,0.045198057
0.058283344,-0.010039359,-0.06660901,-0.09784976,-0.13172515,-0.15155423,-0.1450313,-0.1066771,-0.06831439,-0.032754116,0.041376274,0.11194739
0.11571095,0.16102579,0.1889788,0.21179108,0.23317695,0.22630917,0.22957043,0.17494445,0.12266496,0.067583784,-0.0028472831,-0.08808631
0.4060336,0.33603263,0.30158642,0.27021313,0.23420367,0.20468855,0.1814766,0.1647663,0.1411514,0.1527631,0.13286667,0.12080645
-0.2110664,-0.19472302,-0.1795805,-0.16681606,-0.16678053,-0.16237217,-0.14567599,-0.14550881,-0.14950605,-0.14537251,-0.15130232,-0.14979613
0.0114480555,-0.016225768,-0.036785144,-0.04731351,-0.060301606,-0.07063033,-0.08110526,-0.07571178,-0.08020464,-0.08167512,-0.07887724,-0.07798068
0.19617881,0.14094438,0.113209,0.08892921,0.05997596,0.031429507,0.024831783,-0.0026766416,-0.008031977,-0.012626598,-0.017887084,-0.029627468
0.26405418,0.17440063,0.1278721,0.084675014,0.033180416,0.023184702,0.0125653,0.030658886,0.062392995,0.13348293,0.17767501,0.24817143
-0.23799694,-0.19394116,-0.16937456,-0.14320028,-0.124797106,-0.10289616,-0.086130254,-0.0644619,-0.055321738,-0.025735512,-0.02333072,-0.016562998
0.24394216,0.24049598,0.24491686,0.24257365,0.25330845,0.23509899,0.2522237,0.2603618,0.3084009,0.2864827,0.34439918,0.37640154
0.72336715,0.5937903,0.48425275,0.43219498,0.38031274,0.303152,0.25648594,0.24362566,0.18414368,0.16012964,0.17964123,0.17557535
-0.29283544,-0.29037693,-0.2991293,-0.2945521,-0.29037562,-0.28060403,-0.25456733,-0.20818739,-0.17336082,-0.13169827,-0.07694809,-0.040491223
-0.35685533,-0.2730444,-0.21836546,-0.17198557,-0.11609858,-0.10065462,-0.07055546,-0.044519454,-0.043895885,-0.05413841,-0.05128926,-0.07558563
0.5251134,0.4601432,0.427224,0.41221428,0.38866764,0.36093503,0.30350468,0.29123905,0.21469042,0.14978002,0.13990146,0.106331415
-0.21649559,-0.2568338,-0.28700858,-0.29783553,-0.32967517,-0.3242526,-0.31434843,-0.26141623,-0.21750528,-0.15520114,-0.08590241,-0.0031283796
-0.75793093,-0.61671776,-0.47385573,-0.3460975,-0.31186688,-0.2586738,-0.17863639,-0.20026694,-0.15574631,-0.19585076,-0.23942114,-0.25184324
0.23869391,0.1918298,0.16116655,0.14089152,0.11938664,0.09719507,0.08122648,0.074688405,0.05826508,0.059935432,0.060327664,0.05870104
0.2704754,0.21554357,0.18185705,0.14329569,0.11830639,0.10173346,0.08307734,0.0566816,0.049199663,0.05803755,0.042895216,0.03193084
-0.04701551,-0.08317262,-0.10462537,-0.113693535,-0.13364525,-0.14244136,-0.14136778,-0.12414256,-0.107396446,-0.094016105,-0.05752691,-0.021934215
-0.6981358,-0.5373123,-0.41695657,-0.30877656,-0.24349272,-0.17152171,-0.100322545,-0.08536862,-0.06899943,-0.030396856,-0.064060085,-0.12006564
0.06755448,-0.009127453,-0.057275854,-0.08239822,-0.118087925,-0.148067,-0.1455194,-0.11509335,-0.10665202,-0.06252746,-0.0077468585,0.035661783
0.0049208626,0.008841239,-0.026369698,-0.031665735,-0.037827328,-0.04253,-0.038636565,-0.009388104,0.0018057972,0.0057351515,0.024115905,0.0657756
-0.178443,-0.18249908,-0.18490908,-0.18413156,-0.18696864,-0.17661287,-0.16367951,-0.13555114,-0.10290906,-0.07482268,-0.026445799,0.011290446
-0.098995164,-0.06438221,-0.043623,-0.03018907,-0.009655908,0.0027789474,0.013578154,0.018510751,0.019325346,0.01974003,0.017237559,0.0040630377
0.58398706,0.52381366,0.4984338,0.47347224,0.4360478,0.38980216,0.37405488,0.30935073,0.24932395,0.22310363,0.16436511,0.102890804
-0.044247486,-0.06563358,-0.077840075,-0.07801936,-0.095945194,-0.096360795,-0.10136417,-0.08962746,-0.09129757,-0.08411407,-0.07844953,-0.06607248
-0.3549641,-0.31799117,-0.29216713,-0.2719136,-0.25941327,-0.24087632,-0.2117896,-0.19011633,-0.16979817,-0.13750775,-0.11764847,-0.097348854
-0.069282465,-0.07417057,-0.08741491,-0.10171561,-0.10467705,-0.08016941,-0.09614016,-0.07100389,-0.04449049,-0.012803366,0.01312384,0.06156784
-0.1704141,-0.16867445,-0.17130816,-0.16588607,-0.17294154,-0.15959115,-0.15306947,-0.13572478,-0.12511507,-0.106346525,-0.09733445,-0.08112401
0.29644468,0.27446023,0.2517346,0.23216842,0.2290508,0.21854044,0.20441079,0.20223641,0.20858791,0.197812,0.21335979,0.22118561
-0.09807876,0.02079235,0.10720979,0.15467371,0.22404951,0.24478428,0.2568797,0.21015912,0.16290468,0.089644104,-0.017558224,-0.14362614
-0.036281157,-0.07569757,-0.102915555,-0.12773031,-0.14926039,-0.15409058,-0.1618293,-0.14075775,-0.13523002,-0.10539632,-0.06910276,-0.02126392
0.19502825,0.1378082,0.103207424,0.090200275,0.0546031,0.032730415,0.02726148,0.052414924,0.05922872,0.116511345,0.14259288,0.17523044
-0.13935763,-0.12006865,-0.09109237,-0.06622269,-0.06698796,-0.03471818,-0.038382173,-0.003612548,0.03258241,0.08522679,0.11328086,0.16438329
0.09481968,-0.0076876506,-0.07643579,-0.1359588,-0.18675935,-0.1894902,-0.2126385,-0.1888578,-0.13856778,-0.08957884,-0.025424812,0.042711742
-0.12385279,-0.13003649,-0.12182008,-0.12594233,-0.128939,-0.11714032,-0.11403631,-0.09653522,-0.0772561,-0.052937534,-0.028580107,0.0041408557
0.1862165,0.2035676,0.21201321,0.21826217,0.22580875,0.21892162,0.2217072,0.18287966,0.17682698,0.1420702,0.10226234,0.060579695
0.21851513,0.19984683,0.17837024,0.18369319,0.17460644,0.16495486,0.16772142,0.20247884,0.23387212,0.23317146,0.29344577,0.33479556
-0.12043771,-0.11678727,-0.09825766,-0.121132284,-0.108764336,-0.101878285,-0.121564955,-0.1488235,-0.15436743,-0.20377854,-0.23383884,-0.25831357
-0.09479282,-0.06862241,-0.032968547,-0.018982325,-0.007038206,0.0033117682,-0.0009562075,-0.009758733,-0.019213662,-0.03336318,-0.058794156,-0.07096691
0.2874789,0.31965864,0.34333405,0.35679588,0.38130388,0.3464445,0.32108152,0.2639114,0.17464343,0.089344725,-0.0011234018,-0.094438545
-0.11438099,-0.07532872,-0.049810044,-0.043925412,-0.013765015,-0.0027957782,0.0001957044,-0.0011217594,0.008895252,-0.010767497,-0.014858155,-0.016353503
-0.11201988,-0.17777258,-0.22544554,-0.2504582,-0.28884596,-0.3011238,-0.2968542,-0.2597092,-0.23059493,-0.18198776,-0.12280289,-0.05877452
-0.099513285,-0.059119456,-0.008477472,0.031261638,0.03469087,0.042772025,0.08835719,0.08111344,0.07592654,0.12840217,0.07669543,0.041531418
-0.11252299,-0.16343689,-0.1912039,-0.20831814,-0.23216927,-0.23238623,-0.22645758,-0.17544158,-0.1316673,-0.08607799,-0.009485425,0.055095814
-0.051007386,-0.068449624,-0.08676031,-0.0987969,-0.10637045,-0.115568474,-0.11487574,-0.11339112,-0.11104294,-0.11037434,-0.10097228,-0.09466862
-0.02192989,0.016007386,0.040974308,0.06081246,0.07797742,0.09276504,0.09948614,0.092005625,0.09238331,0.095101655,0.07212214,0.057454184
0.032293066,-0.046894386,-0.07327604,-0.09503588,-0.14417166,-0.13398094,-0.14265849,-0.08684255,-0.022994503,0.052930772,0.14732063,0.2520404
0.4099785,0.30585992,0.2393756,0.1913839,0.13168305,0.08076752,0.024695499,-0.049551584,-0.117499165,-0.1635477,-0.23299497,-0.28027204
0.068688646,0.031220593,0.018545479,0.00035879016,-0.021010742,-0.01740893,-0.03141886,-0.015234679,0.0061099418,0.048775066,0.06053474,0.090785414
-0.21364757,-0.19053388,-0.17259906,-0.1630909,-0.1555864,-0.14803164,-0.12475002,-0.13063751,-0.0910535,-0.085618556,-0.07942837,-0.08020577
-0.2384113,-0.19564272,-0.17052275,-0.15795043,-0.14248967,-0.11921242,-0.115804136,-0.11855555,-0.10444048,-0.10599363,-0.11426854,-0.097353056
0.036844276,-0.07241108,-0.1332579,-0.18865988,-0.24910991,-0.27855295,-0.28921294,-0.27670053,-0.26022476,-0.22308868,-0.16200517,-0.087223515
-0.34778455,-0.2890644,-0.25563356,-0.23048393,-0.21052256,-0.1934516,-0.17711578,-0.19236791,-0.19571036,-0.21191289,-0.2444542,-0.25942668
0.09692696,0.057324834,0.018740118,0.003568381,-0.0127506405,-0.044305548,-0.035081804,-0.010252133,0.0010467619,0.025870033,0.0673898,0.10074151
-0.13611794,-0.054420836,0.0003734231,0.03626214,0.08109334,0.09337896,0.1002406,0.07402834,0.04258748,-0.0061967075,-0.06625698,-0.12926103
0.28718302,0.20598005,0.15751606,0.12151859,0.07685526,0.043438718,0.024686724,0.023810126,0.011090539,0.027564278,0.029899841,0.044796884
-0.16806692,-0.18848258,-0.19706938,-0.20640638,-0.21919116,-0.22254011,-0.2107952,-0.1916455,-0.1659058,-0.14145207,-0.102032885,-0.05809741
0.1600809,0.140566,0.11956419,0.10429856,0.09268485,0.08881163,0.073330425,0.05402504,0.050202183,0.042472914,0.027647525,0.027781164
0.3169997,0.24958245,0.22273433,0.21619377,0.1760543,0.20212716,0.14987251,0.21770203,0.22573006,0.30281246,0.34292096,0.4233107
0.08704707,-0.00029494613,-0.06089046,-0.111411944,-0.1562236,-0.16366273,-0.17001696,-0.13565177,-0.080120444,-0.012920152,0.059673287,0.1362236
0.45256978,0.37779728,0.28112835,0.21892612,0.18899927,0.11684005,0.09011872,0.06149319,0.032048166,-0.006948989,0.0082504805,0.047818102
-0.21158412,-0.20458126,-0.19915956,-0.1890537,-0.18925261,-0.17094661,-0.16466069,-0.13408372,-0.11304954,-0.0791284,-0.051500507,-0.024496969
-0.001124762,0.04168324,0.050683416,0.06161394,0.083934985,0.08997973,0.100795805,0.095722325,0.094913244,0.09330076,0.08267975,0.0829098
0.055955626,-0.019477084,-0.046368316,-0.085139476,-0.12352127,-0.13300228,-0.1522986,-0.1567257,-0.14172375,-0.13811874,-0.10772695,-0.07209663
-0.09057464,-0.07916133,-0.08073283,-0.07572213,-0.072294414,-0.066094324,-0.058159474,-0.04427831,-0.028461719,-0.021637699,-0.0012935139,0.019317057
-0.14952108,-0.07424991,-0.023321452,0.04750623,0.072311066,0.08859652,0.123049386,0.12707196,0.13702588,0.11873458,0.1247826,0.14298071
-0.022854365,-0.12481871,-0.20858404,-0.26509017,-0.3093735,-0.33808672,-0.36072057,-0.34483048,-0.3358888,-0.32590568,-0.27171785,-0.23244591
-0.5534431,-0.4500524,-0.38286072,-0.32691586,-0.28122893,-0.26082638,-0.22091833,-0.23481119,-0.24086538,-0.28661132,-0.31669128,-0.3599128
0.11549168,0.059299707,0.042296574,0.030830547,0.007450983,-0.021309853,-0.023174256,-0.013408899,-0.005987093,-0.011536948,0.055369727,0.07546136
-0.034047678,-0.10138318,-0.15337884,-0.19346786,-0.2313222,-0.22792318,-0.23512462,-0.19799094,-0.14629938,-0.083567865,-0.016508698,0.07562319
0.07958877,0.09625402,0.13119768,0.16553088,0.16645755,0.19059195,0.17807211,0.17349634,0.15681918,0.1572919,0.12478557,0.09813376
-0.0044289213,-0.030477542,-0.05694005,-0.07065897,-0.08185931,-0.088290036,-0.082448736,-0.05854787,-0.033165783,-0.0041484833,0.03364657,0.06655326
0.13859358,0.13243128,0.12558243,0.1136058,0.12070012,0.12323891,0.11266661,0.118926995,0.1268856,0.12483632,0.13856314,0.14957151
-0.12053379,-0.21275994,-0.27407956,-0.31469163,-0.3733531,-0.3830935,-0.37729457,-0.33026347,-0.28239554,-0.20337486,-0.119650185,-0.011862196
-0.33218938,-0.29516864,-0.26529166,-0.23117241,-0.21706425,-0.20570001,-0.1783479,-0.1604409,-0.15331197,-0.14886187,-0.14714818,-0.15005237
-0.22100797,-0.27326086,-0.2985286,-0.32184383,-0.35626897,-0.35956153,-0.35601732,-0.3408692,-0.32454634,-0.2897771,-0.25601864,-0.2158502
-0.13794354,-0.09389362,-0.052279368,-0.025458127,-0.01544632,0.0034367293,0.016921133,-0.0018282384,-0.0064852685,0.0050929636,-0.046766408,-0.07902349
0.43697795,0.3032242,0.21164218,0.14935234,0.07797888,0.020575732,0.009363234,0.030749798,0.052584097,0.09603942,0.15603746,0.24636596
0.7796716,0.807595,0.8251215,0.83283377,0.8812587,0.87119514,0.7777277,0.69304407,0.60241735,0.43479443,0.2676215,0.115567446
-0.3951273,-0.3686836,-0.3180865,-0.30383277,-0.29777563,-0.269615,-0.25989452,-0.26336816,-0.24504098,-0.23573041,-0.25488082,-0.25334397
0.34639198,0.37240082,0.3820655,0.3841038,0.40347913,0.3798597,0.36565807,0.29142678,0.23002617,0.15495464,0.07053058,-0.02411668
0.28430265,0.2767754,0.26605994,0.25880054,0.25688124,0.22641616,0.21175739,0.17293024,0.11632264,0.083437406,0.032593917,-0.010463271
-0.0033942685,-0.021228798,-0.03614933,-0.04961329,-0.05147162,-0.04292255,-0.05093953,-0.04431364,-0.01703804,-0.014289815,-0.004695194,-0.005316872
-0.07788344,-0.023208834,0.009906262,0.026141658,0.058512136,0.06765653,0.07998207,0.05442355,0.04505669,0.014875423,-0.0146583235,-0.06138595
-0.3277622,-0.30797267,-0.3025749,-0.29867816,-0.30137047,-0.27540234,-0.27639484,-0.27892253,-0.2766712,-0.26899227,-0.2730428,-0.25710043
-0.17550838,-0.2178734,-0.26302642,-0.27918953,-0.3071607,-0.2916714,-0.27928582,-0.20104408,-0.13734674,-0.06576058,0.043518204,0.15139654
-0.51435584,-0.4200885,-0.3586803,-0.31639147,-0.27215403,-0.24657507,-0.2132091,-0.22160403,-0.23408368,-0.24936509,-0.2961041,-0.34115908
-0.5010863,-0.3986994,-0.3237366,-0.2698955,-0.21891604,-0.18260169,-0.15261972,-0.14072952,-0.12608615,-0.14439955,-0.1588268,-0.1870785
-0.26925316,-0.14442658,-0.077225,-0.04786855,0.02622354,0.0652051,0.074863315,0.026620924,0.034742683,-0.04204862,-0.12615508,-0.21710736
0.26484966,0.1973126,0.14476798,0.089000925,0.068508744,0.028312713,0.0010266602,-0.04781033,-0.06261003,-0.10736993,-0.13372248,-0.16002715
0.17543718,0.08707802,0.02584888,-0.007817388,-0.049183846,-0.072735876,-0.07575536,-0.030221745,-0.008230716,0.0676747,0.14143418,0.20007008
0.06882272,0.05669719,0.05521164,0.055783913,0.049832195,0.05371818,0.046253487,0.065524794,0.06165947,0.092227645,0.11095192,0.13443652
0.058925375,-0.019001558,-0.090092674,-0.13592373,-0.18464608,-0.20458971,-0.21840546,-0.1926663,-0.1677167,-0.122714974,-0.052485082,0.03547723
-0.33901495,-0.39924157,-0.4229246,-0.46081293,-0.50073755,-0.47274393,-0.4661144,-0.40750766,-0.3256485,-0.22849369,-0.13527194,-0.020795368
0.10135664,0.113729134,0.09717155,0.11759895,0.12307683,0.10441372,0.12775289,0.14773972,0.14120016,0.1543676,0.17706592,0.17308155
0.1486153,0.06401254,0.013019517,-0.01960729,-0.06696196,-0.0870481,-0.10839055,-0.09312961,-0.09182258,-0.059842184,-0.035600442,0.008258052
-0.06823299,-0.14331737,-0.19851094,-0.2327957,-0.2721026,-0.2831242,-0.29013264,-0.25613362,-0.24090481,-0.19001082,-0.13382114,-0.07212538
-0.7576509,-0.6415913,-0.552356,-0.4922962,-0.4404412,-0.37455207,-0.330723,-0.29594928,-0.23957497,-0.21472539,-0.1904048,-0.18097152
-0.26765046,-0.2418375,-0.22780827,-0.21256725,-0.20510238,-0.18465072,-0.17857668,-0.16231626,-0.15733936,-0.1583466,-0.15060364,-0.15015906
0.46217132,0.40941682,0.36205357,0.32225844,0.29966277,0.2656706,0.25727832,0.23190472,0.22939992,0.22962418,0.22681682,0.24110003
-0.07531148,-0.06614197,-0.061824277,-0.05389253,-0.046028554,-0.02877228,-0.027257616,-0.009837506,0.013242371,0.017254503,0.029806275,0.03666707
-0.08674504,-0.11361894,-0.1430038,-0.16424459,-0.17422928,-0.18948448,-0.18928619,-0.18940759,-0.1892067,-0.2149551,-0.18866809,-0.17581083
-0.04733084,-0.08554831,-0.10520582,-0.11996806,-0.14368692,-0.1335424,-0.12159786,-0.077916905,-0.03793265,0.0371079,0.1061981,0.18068348
-0.46570712,-0.41318744,-0.38489467,-0.3582394,-0.3368462,-0.29875055,-0.27179298,-0.23140012,-0.18851422,-0.14372274,-0.11075336,-0.067897476
-0.51500356,-0.44890034,-0.40030468,-0.37027073,-0.33598533,-0.3044557,-0.28532025,-0.26329046,-0.24120606,-0.25251183,-0.23600498,-0.21537557
-0.24581431,-0.23888545,-0.24087006,-0.23807892,-0.23326266,-0.22515672,-0.20882738,-0.17416152,-0.14907196,-0.12585767,-0.075940706,-0.036886528
0.10991858,0.11021553,0.11145973,0.11550445,0.11771516,0.117555425,0.10528167,0.076669864,0.051236555,0.024567572,-0.01624994,-0.07095012
-0.050552167,-0.046675593,-0.038059987,-0.022524595,-0.030086245,-0.031684004,-0.019840006,-0.010857098,-0.013671195,-0.0054900083,-0.009078041,-0.009523155
-0.76389575,-0.65747464,-0.5804275,-0.5302708,-0.48280174,-0.4245624,-0.40468082,-0.39043486,-0.37495226,-0.40503484,-0.430056,-0.45572218
-0.080363445,-0.028399155,0.0069906116,0.026184514,0.05874294,0.0827232,0.07634874,0.049678117,0.037640914,0.004960753,-0.043965183,-0.109311886
-0.2271648,-0.25245887,-0.27710247,-0.29483572,-0.31347948,-0.3193427,-0.30589956,-0.29142225,-0.27202216,-0.25593394,-0.22191648,-0.18533863
0.36604285,0.31276268,0.28480858,0.24916944,0.22456086,0.2184902,0.19379455,0.16829914,0.18022452,0.17579123,0.18141499,0.18205367
0.1043893,0.12532097,0.1350387,0.13178405,0.14685923,0.13601102,0.1263182,0.08124861,0.04670785,-0.00685782,-0.0548516,-0.11166167
-0.1340433,-0.12409245,-0.09459333,-0.07525402,-0.06924693,-0.052902795,-0.061841615,-0.046793822,-0.050140683,-0.070059605,-0.06383601,-0.056806013
0.0677794,0.02252269,-0.0026089903,-0.025966756,-0.0495841,-0.04952523,-0.075606585,-0.07978475,-0.09032416,-0.095831506,-0.09483083,-0.090667516
0.20393223,0.2484591,0.26744515,0.28217173,0.30489054,0.28794354,0.26757616,0.20304036,0.1252818,0.050758176,-0.042974327,-0.12736794
0.05134941,0.00055175275,-0.036010988,-0.05995815,-0.086707965,-0.09398247,-0.10317081,-0.0911655,-0.07958651,-0.057020433,-0.03159211,-0.008801462
0.38785315,0.33557463,0.2612869,0.20657589,0.17899467,0.108242095,0.11576623,0.09589806,0.107639134,0.102332115,0.13504525,0.2107721
-0.31193972,-0.29384708,-0.27344725,-0.2527704,-0.2521416,-0.21696642,-0.2048659,-0.16045496,-0.122912005,-0.07874954,-0.038758896,0.016273756
0.6118795,0.7091342,0.7603148,0.79354584,0.85658216,0.8293185,0.80917275,0.6926893,0.5784676,0.42574197,0.274573,0.09607037
-0.27793798,-0.26434153,-0.23835512,-0.22740194,-0.22725758,-0.229593,-0.21447042,-0.24039085,-0.25736454,-0.30061337,-0.32313836,-0.3510236
-0.26736623,-0.25982857,-0.25226665,-0.24181005,-0.24140339,-0.22775972,-0.21386686,-0.19034834,-0.16820166,-0.13495132,-0.11841433,-0.101653256
0.21210724,0.12004486,0.059498966,0.011050053,-0.04010631,-0.10272648,-0.13351709,-0.21590808,-0.34052104,-0.40989465,-0.4873322,-0.5822748
0.065269455,-0.017695561,-0.06832932,-0.103301436,-0.14875251,-0.161348,-0.17000794,-0.12729332,-0.094148055,-0.015740648,0.053643856,0.13805167
0.25563884,0.17767777,0.12273042,0.08347915,0.035143405,0.016743124,0.0055296123,0.026110664,0.066559896,0.1119709,0.17545615,0.26614574
0.19877511,0.1326446,0.08406827,0.03836295,0.0059256256,0.007732153,-0.020769924,0.019824028,0.058746293,0.09544252,0.17042321,0.26652807
-0.18127398,-0.22371548,-0.26093477,-0.27867693,-0.30826706,-0.3035015,-0.30566514,-0.2597851,-0.24316356,-0.19792894,-0.1297152,-0.056398675
0.12534563,0.17443757,0.21859212,0.2437339,0.27379754,0.2955995,0.29416642,0.28215307,0.28619823,0.2662825,0.22323014,0.18001097
0.13063917,0.099671334,0.079290956,0.06286996,0.04748702,0.03900367,0.030039325,0.026117217,0.025588911,0.028719839,0.04070776,0.05020137
0.06454838,0.19324192,0.26847786,0.32110485,0.3808253,0.36872154,0.38074192,0.25958782,0.14426391,0.0033772886,-0.17201003,-0.34729558
0.070188716,0.04011865,0.017859593,0.0026910752,-0.0083037615,-0.015513301,-0.018101513,-0.002193354,0.008148819,0.02941662,0.07145742,0.0947696
0.025313836,0.0110336505,0.0007370021,-0.010350093,-0.021320673,-0.027638072,-0.032060966,-0.04472251,-0.05422888,-0.058526188,-0.071791075,-0.07833526
0.041493837,-0.0013680384,-0.032090902,-0.051648974,-0.0776663,-0.08240433,-0.08455153,-0.060945973,-0.048761085,-0.0077313706,0.03602,0.09232411
-0.022460023,-0.050638337,-0.05730103,-0.06818139,-0.08301467,-0.078175575,-0.07706186,-0.058515362,-0.03802731,-0.0033413582,0.024370115,0.05429536
-0.18565296,-0.17731376,-0.18115482,-0.17108771,-0.17076766,-0.16625768,-0.16075854,-0.14294629,-0.14239655,-0.14230312,-0.13456166,-0.13159509
-0.119045734,-0.12571993,-0.13040344,-0.1341751,-0.13819414,-0.11771934,-0.103248976,-0.05471041,0.0030442923,0.06300004,0.13922733,0.20124386
0.17449124,0.19157302,0.22631747,0.24501501,0.24500723,0.2414319,0.24983178,0.21658064,0.19485544,0.17592798,0.13376372,0.09642016
-0.4089991,-0.33417353,-0.29710096,-0.25842854,-0.2130442,-0.18875997,-0.15276599,-0.11066199,-0.07615674,-0.07655788,-0.047455136,-0.046230193
0.08714257,-0.0048467517,-0.04657886,-0.09346662,-0.13596067,-0.14732754,-0.1622347,-0.14296049,-0.096224755,-0.06696078,-0.008319025,0.05485899
0.59154135,0.55883217,0.5254275,0.5083804,0.48355842,0.4765024,0.44671634,0.42130703,0.38632265,0.37840787,0.3657208,0.3602351
0.053354498,0.035331324,0.033065185,0.035216123,0.020227313,0.019582123,0.0026982725,0.028967813,0.04815942,0.08950921,0.10558167,0.18196344
-0.24921262,-0.19186027,-0.15947902,-0.13596255,-0.109460406,-0.08393161,-0.05961694,-0.058744848,-0.03910625,-0.04692829,-0.048230864,-0.061827186
-0.124878466,-0.08891947,-0.074115,-0.05781035,-0.041718885,-0.036311984,-0.014974669,0.003584899,0.013552636,0.029906552,0.056406848,0.07978289
0.27091277,0.2501098,0.21960345,0.21187502,0.20305017,0.19332725,0.17913966,0.1908619,0.20386454,0.2197479,0.25676063,0.3001839
0.27845398,0.24139285,0.21775147,0.20499495,0.19176418,0.19090198,0.17201084,0.18095458,0.19088122,0.20811391,0.2322742,0.2342715
-0.025725381,-0.009925303,-0.00054601766,0.01564509,0.023707345,0.019619089,0.025684418,0.032591894,0.018861672,0.0142665785,0.0024227486,-0.012314502
0.107189074,0.07894425,0.059225757,0.03543855,0.023273684,0.014683839,0.0074713826,-0.005820729,0.0023310818,-0.0021578223,-0.0008344315,0.011592722
-0.23297764,-0.17918499,-0.115326345,-0.08939338,-0.05826199,-0.051805645,-0.045684457,-0.0905292,-0.12628877,-0.18661848,-0.2539007,-0.3389099
-0.17608096,-0.16392694,-0.14989643,-0.14120582,-0.1374608,-0.12311017,-0.11167033,-0.10332099,-0.08729062,-0.074846536,-0.062052965,-0.057231072
-0.19781202,-0.17630333,-0.16557428,-0.15910068,-0.1513112,-0.1398012,-0.12881473,-0.112255916,-0.08507118,-0.06881239,-0.050883286,-0.01789564
-0.14133516,-0.18448424,-0.22953832,-0.24712986,-0.27219784,-0.24815024,-0.26768982,-0.20050837,-0.17786898,-0.12222246,-0.03752397,0.047222037
0.13746443,0.09750184,0.0716366,0.057702124,0.042718716,0.015539065,0.0044402033,0.002737414,-0.02300867,-0.032268405,-0.030616188,-0.04206553
0.07314432,0.17628364,0.23810661,0.2873482,0.3371595,0.3619816,0.36881554,0.3162491,0.27902576,0.21132813,0.11483211,0.012993395
-0.09485123,-0.08979713,-0.089530975,-0.09156537,-0.08894865,-0.08304006,-0.0802821,-0.07638957,-0.0689995,-0.06711782,-0.062642105,-0.0525874
0.43235594,0.46157283,0.48673177,0.48760477,0.502692,0.4938829,0.45636025,0.3610474,0.29737043,0.20894416,0.08455091,-0.014744453
-0.15279317,-0.15550166,-0.1614006,-0.15899724,-0.16470796,-0.15830414,-0.15237173,-0.1329578,-0.12862998,-0.09690779,-0.08058831,-0.06270128
0.28788748,0.24996206,0.23645113,0.20691486,0.1850163,0.19730997,0.14885916,0.11832606,0.105607,0.06502263,0.03435352,0.026175275
-0.1662161,-0.10273396,-0.01886312,0.0060061216,0.049374126,0.08905232,0.08185744,0.07976779,0.09196461,0.07439339,0.047145125,0.02494021
-0.14082368,-0.16304177,-0.18091446,-0.19058356,-0.20684665,-0.21038543,-0.20202759,-0.18764676,-0.1733444,-0.15174335,-0.12765476,-0.1002281
-0.29294702,-0.29316193,-0.27860084,-0.26242307,-0.26550636,-0.21777815,-0.19575475,-0.1064298,-0.025298595,0.08396615,0.19559707,0.29772225
0.09283151,0.074030325,0.0684654,0.06016194,0.04720474,0.028783798,0.03041429,0.0018982589,-0.015502587,-0.023744814,-0.053779755,-0.08586089
-0.07178115,-0.112871274,-0.14203073,-0.16077636,-0.18198428,-0.19870137,-0.2044099,-0.22666764,-0.22578584,-0.2564618,-0.2663311,-0.28233245
-0.26314646,-0.2401842,-0.21107662,-0.19660175,-0.18108536,-0.16331881,-0.15644625,-0.13968039,-0.13438872,-0.12754644,-0.123802625,-0.13086176
-0.42407715,-0.3546355,-0.3180899,-0.28500706,-0.2535771,-0.22416571,-0.20004414,-0.18230844,-0.17355275,-0.15976545,-0.17044283,-0.17473401
0.4065071,0.3505629,0.3132561,0.28658915,0.25484395,0.2528966,0.202322,0.18669048,0.17419018,0.18162534,0.15216568,0.15810737
0.09635528,0.107942134,0.10672201,0.11642846,0.12203947,0.11579554,0.115550265,0.10478492,0.09461637,0.08267811,0.064609975,0.037462242
0.59989536,0.7301687,0.82504755,0.85423076,0.93025637,0.9236803,0.90583014,0.73338985,0.61449194,0.46691635,0.22233528,-0.010957062
0.07061188,0.019007985,-0.019670814,-0.051404066,-0.079927616,-0.092803955,-0.097789355,-0.094154105,-0.07734232,-0.061460968,-0.03640765,-0.0050343582
-0.048382077,-0.09236117,-0.13988101,-0.15125887,-0.18132406,-0.19754025,-0.18433392,-0.14281073,-0.12232502,-0.07932766,-0.013922745,0.04889584
-0.45012915,-0.4071922,-0.3779383,-0.3538097,-0.33397767,-0.30151638,-0.27870157,-0.24613854,-0.21473843,-0.18510473,-0.156266,-0.1416425
0.403646,0.4123573,0.4165072,0.4414396,0.43526986,0.4204754,0.43076906,0.41661236,0.39758146,0.39710155,0.3543109,0.31840667
0.023552392,-0.012469355,-0.034744505,-0.051928334,-0.07061367,-0.07095614,-0.06429402,-0.034474608,0.021011405,0.05369617,0.1115672,0.17935345
-0.1734007,-0.18493524,-0.17933683,-0.17656474,-0.18371448,-0.17949337,-0.17615367,-0.15666282,-0.14182553,-0.13347483,-0.109904476,-0.09035001
-0.1858415,-0.2872349,-0.3617695,-0.4027098,-0.46394995,-0.47062695,-0.46333963,-0.38560265,-0.31919152,-0.22178927,-0.101900905,0.025722116
0.0698988,0.04983108,0.037526406,0.01950401,0.013493806,0.0016727187,-0.0038284287,-0.024518248,-0.024924934,-0.043505944,-0.05206865,-0.0637118
-0.079818994,-0.11749841,-0.14347406,-0.15792097,-0.17437527,-0.18192066,-0.17612728,-0.14087708,-0.11392392,-0.084041916,-0.019892674,0.035718076
-0.012450147,-0.0052830614,-0.0072314315,-0.009942267,-0.009940173,-0.00762121,-0.010826285,-0.01532614,-0.026137235,-0.024180481,-0.034353953,-0.03148847
0.2296947,0.17327443,0.12758724,0.10118383,0.067985,0.038003743,0.040395737,0.038456023,0.048040025,0.077920854,0.10827677,0.13923362
0.14736474,0.07470074,0.011440396,-0.030886903,-0.083918065,-0.07413167,-0.07681516,-0.021901906,0.0632391,0.15930337,0.24850549,0.39396042
-0.13326877,-0.10921635,-0.07096749,-0.049951673,-0.030655727,-0.022177354,-0.00733646,0.012703031,0.029664136,0.025796548,0.011905709,-0.026617587
0.058166046,0.015105985,-0.01108329,-0.02820453,-0.05338341,-0.044994578,-0.04587002,-0.0147263855,0.018412158,0.08899605,0.14195329,0.18710482
0.0445862,0.065821,0.091142304,0.100183696,0.11463143,0.12340337,0.116965495,0.1063828,0.09806974,0.08769415,0.06757137,0.043178286
0.014484493,0.01870456,-0.014219746,-0.01708164,-0.016246483,-0.0339201,-0.013927601,0.003855966,0.02798026,0.041822776,0.068069994,0.091687456
-0.13633704,-0.11794989,-0.108461075,-0.10733421,-0.09636801,-0.07545707,-0.07656746,-0.06851994,-0.05963575,-0.053699605,-0.054359,-0.052758887
-0.25731084,-0.21284127,-0.18184972,-0.16135411,-0.14122291,-0.122210056,-0.10960263,-0.10697765,-0.09622286,-0.10351794,-0.10518058,-0.10681256
0.37195984,0.43789023,0.48901176,0.50876045,0.5488039,0.55132616,0.5242792,0.43691525,0.38962322,0.2858572,0.16020395,0.04854419
0.7289579,0.6880264,0.60162973,0.61188215,0.59336305,0.5382678,0.5473748,0.588962,0.5341604,0.6884716,0.7104035,0.69053245
0.12949848,0.104627565,0.094473496,0.08843537,0.07383746,0.09154187,0.06901042,0.094821095,0.09728705,0.11636001,0.13495265,0.15159354
-0.07654137,-0.14065802,-0.18437934,-0.20367347,-0.24394701,-0.26388898,-0.24993214,-0.22076474,-0.17868862,-0.12934655,-0.06139929,0.007496558
0.24161609,0.2175383,0.18109484,0.16352992,0.15087211,0.12510066,0.124559775,0.11075986,0.09394531,0.0947138,0.085139565,0.08142775
0.13995221,0.09765975,0.08133173,0.07977982,0.04803115,0.05281119,0.036754638,0.06840326,0.08765356,0.16842881,0.19632827,0.24832833
-0.13772954,-0.16609928,-0.18771814,-0.19837232,-0.21716762,-0.1989519,-0.20808583,-0.17153013,-0.13511412,-0.1049766,-0.063743874,-0.005917499
0.3308315,0.23528826,0.18255752,0.14703824,0.105295226,0.08473897,0.06693369,0.08919388,0.09423908,0.13820957,0.18940948,0.21783745
0.025134342,0.033661164,0.050861098,0.052894797,0.05895069,0.073757306,0.05470839,0.047369093,0.04383817,0.019973865,-0.007968286,-0.025322076
0.07557672,0.06022401,0.029465511,0.014894456,0.00087577105,-0.0019830614,-0.004835874,0.018894374,0.043538764,0.07988663,0.116314545,0.18559632
-0.138652,-0.1003278,-0.07439851,-0.04935763,-0.028797254,-0.0036412627,0.0036854371,0.034808517,0.040394597,0.07155226,0.09697693,0.12022623
0.14928304,0.08898423,0.04232604,0.009052299,-0.023704175,-0.050522972,-0.06847649,-0.08055824,-0.08647372,-0.09339249,-0.10142773,-0.09488532
-0.07185357,-0.08717747,-0.09361283,-0.10440791,-0.116208956,-0.11689234,-0.12105993,-0.12361848,-0.11347513,-0.120255224,-0.115179785,-0.101118974
-0.43385237,-0.4360731,-0.43791083,-0.4493586,-0.4591088,-0.44685018,-0.41873792,-0.39022923,-0.3467633,-0.3080667,-0.25280568,-0.20395713
-0.036296763,-0.036961794,-0.022260144,-0.038314104,-0.0395315,-0.060817465,-0.098133,-0.1964684,-0.29737377,-0.3988088,-0.51746374,-0.6376631
0.23259312,0.18757245,0.1536938,0.13309637,0.10702157,0.07606886,0.062168695,0.04474932,0.014884874,0.008607532,-0.008323224,-0.015200961
0.20432511,0.2038289,0.20124146,0.20452748,0.2057223,0.19298877,0.18842259,0.15916917,0.12539148,0.09804865,0.060835473,0.013886161
-0.24807501,-0.21279967,-0.17980887,-0.16658604,-0.14740379,-0.11285726,-0.11304955,-0.086819135,-0.06580261,-0.029397923,-0.019463977,0.009848675
0.03966439,0.040044013,0.033842944,0.027553193,0.031687204,0.028802166,0.029405825,0.02835492,0.0395168,0.03296992,0.04485966,0.05082077
-0.084468424,-0.09470046,-0.09831581,-0.089042224,-0.081947125,-0.08032857,-0.064249516,-0.01939404,-0.0028149188,0.026888683,0.0939718,0.12321213
-0.051264197,-0.06606202,-0.06788571,-0.0798298,-0.08493914,-0.081348546,-0.07940915,-0.06673345,-0.038560804,-0.029182173,0.0016717743,0.03665767
0.27558708,0.31874508,0.3483366,0.34880698,0.37395713,0.3694411,0.33823752,0.2418061,0.18352005,0.08589009,-0.047507774,-0.15685785
-0.09995812,-0.122587524,-0.14432594,-0.15444554,-0.16754599,-0.17024514,-0.16035976,-0.13860038,-0.116395935,-0.09349336,-0.052012067,-0.014604177
-0.09300803,-0.13226672,-0.14887698,-0.16476548,-0.18735656,-0.19326085,-0.1771807,-0.14643478,-0.11551385,-0.06639479,-0.008921811,0.051562347
0.058521807,0.018390253,-0.015464902,-0.0194384,-0.037946597,-0.04367605,-0.046561062,0.006466165,0.021991104,0.07672484,0.1298127,0.18926786
-0.18165623,-0.1493763,-0.12618853,-0.102583036,-0.0907114,-0.0784222,-0.06575565,-0.05758562,-0.05743982,-0.06098676,-0.059832893,-0.06192451
0.090649754,0.021806844,-0.013100758,-0.032672636,-0.07124091,-0.07477632,-0.079621926,-0.046706297,-0.0029956177,0.051100798,0.10013679,0.14491513
-0.025535777,0.029033288,0.07050276,0.088412315,0.11318061,0.114225894,0.112537235,0.050838143,0.008489922,-0.068195045,-0.14897463,-0.22275731
0.006679807,-0.038830884,-0.07469553,-0.089634225,-0.1168204,-0.12781273,-0.124845445,-0.09836887,-0.08456853,-0.047993846,-0.009161655,0.029139452
-0.392313,-0.3986115,-0.41587135,-0.41138846,-0.421834,-0.41000518,-0.37658316,-0.30823272,-0.25154573,-0.18103345,-0.10154162,-0.01942192
-0.25359154,-0.20302597,-0.1706945,-0.1476821,-0.12420595,-0.10315625,-0.08035216,-0.07909701,-0.06357565,-0.07097213,-0.077077895,-0.09176513
-0.23788345,-0.23622549,-0.23432648,-0.23232204,-0.23553622,-0.21993619,-0.21390362,-0.18474029,-0.16598363,-0.13763428,-0.11301766,-0.08010498
-0.02086486,-0.029848568,-0.023270424,-0.01832205,-0.028479904,-0.02505833,-0.014810607,0.0033949614,0.026631922,0.059582632,0.08620335,0.119755246
-0.048093487,-0.054704707,-0.055667076,-0.058982547,-0.062284864,-0.058946956,-0.0665832,-0.061513867,-0.059289087,-0.048662968,-0.052748904,-0.04601145
0.22957978,0.2090077,0.19912244,0.19410564,0.17472917,0.16071637,0.13472787,0.10444253,0.05268174,0.026099667,-0.039863758,-0.08408875
0.013619924,0.013882946,0.014861647,0.014000699,0.016579881,0.014443137,0.014469221,0.028257541,0.053912293,0.06986731,0.088475555,0.11363544
-0.12499917,-0.13482292,-0.13678254,-0.1473516,-0.15414114,-0.14937611,-0.14888923,-0.1522601,-0.13898955,-0.1392357,-0.13490911,-0.12857544
0.10819216,0.068228245,-0.0047442615,-0.036754847,-0.053252786,-0.07538453,-0.065646976,-0.017883986,0.011790574,0.053510144,0.16008611,0.26581132
0.40449005,0.36735764,0.30290824,0.28134483,0.26004994,0.17632216,0.14795779,0.0591276,-0.07966854,-0.1750915,-0.31308216,-0.4314088
0.00810794,0.01527574,0.01176133,0.007910699,0.008997978,-0.006824228,0.004894726,-0.013566723,-0.02853178,-0.04168548,-0.057967395,-0.06650153
-0.0056923926,0.016840078,0.045427404,0.07105163,0.077369735,0.08885819,0.07974442,0.079853065,0.05535148,0.052877806,0.0380834,0.01707301
0.52028215,0.39327258,0.31463274,0.2643019,0.21031725,0.12601915,0.103934735,0.10078536,0.050741613,0.024380617,0.04862948,0.049798638
-0.05994363,-0.093803346,-0.12292145,-0.14234711,-0.16250819,-0.16602744,-0.1572837,-0.13871378,-0.108052656,-0.075991236,-0.036271386,0.0028992267
-0.6254745,-0.4713713,-0.3452062,-0.26593333,-0.19320318,-0.1547367,-0.11904055,-0.1370237,-0.17875934,-0.24906449,-0.3501861,-0.4300469
0.14931251,0.104310796,0.10951607,0.093556345,0.07839787,0.08627634,0.06931102,0.108725205,0.14810918,0.18331924,0.23593937,0.29630756
-0.035943255,0.01471362,0.07083388,0.11018403,0.1103188,0.15446033,0.13985904,0.13375455,0.16988423,0.20654242,0.18074049,0.23888457
-0.0021615913,0.00024123024,0.013610437,0.020968404,0.024070868,0.029761354,0.03033569,0.038994208,0.045850806,0.045520656,0.053800184,0.050335187
0.006072512,-0.009189535,0.00076815113,-0.004369054,-0.008301631,-0.0116076805,-0.0056916624,-0.005497776,0.010055188,0.023239154,0.024460945,0.015940577
0.12283845,0.0673738,0.03630729,0.030896738,0.0037788153,-0.0048595965,-0.012299418,0.029113248,0.045089543,0.095366985,0.14661735,0.17686051
-0.16435832,-0.14068797,-0.112472996,-0.10145992,-0.085664466,-0.065792695,-0.052570432,-0.041298173,-0.0034816265,0.01303082,0.02221052,0.029663261
0.2784092,0.27060157,0.25848264,0.2587762,0.2581315,0.2583028,0.26605192,0.27170527,0.2915407,0.30707574,0.3386529,0.3452782
-0.42328838,-0.40057454,-0.38381642,-0.35731184,-0.35054293,-0.33777708,-0.2890319,-0.2269526,-0.16583352,-0.11344015,-0.039158314,0.033469
-0.088689685,-0.13000448,-0.16337143,-0.18291958,-0.20654221,-0.20322049,-0.20006031,-0.16036966,-0.13392022,-0.07887581,-0.017213859,0.047737617
0.15270148,0.11235309,0.08233461,0.06535941,0.04408127,0.017400946,0.018138394,0.010428384,0.0013669003,0.008894684,0.0054876404,0.0058692642
-0.12935485,-0.18198806,-0.22304511,-0.25015587,-0.28168842,-0.2836138,-0.26933384,-0.23662463,-0.18900922,-0.13567278,-0.083175465,-0.025261723
-0.34892774,-0.34201065,-0.33370095,-0.33352596,-0.32896468,-0.31781983,-0.30110717,-0.27493742,-0.25182956,-0.2304978,-0.19713554,-0.17207746
-0.0051975176,-0.057686158,-0.10068838,-0.11780421,-0.14935899,-0.16125247,-0.15060787,-0.11750602,-0.09071001,-0.047840666,0.013684733,0.06681927
0.3801426,0.3305885,0.28019315,0.2634635,0.24315292,0.24031325,0.2326988,0.27218714,0.30908793,0.35451764,0.41770795,0.45777965
-0.013222255,0.00025226176,-0.0020270646,0.011456072,0.0348908,0.006414935,0.040610388,0.07392228,0.09763175,0.10025821,0.14912726,0.1572726
-0.34940335,-0.31508932,-0.2850166,-0.28123415,-0.254333,-0.24837156,-0.20688641,-0.18925434,-0.1250565,-0.107344195,-0.047420874,-0.017730758
-0.033984594,0.015939828,0.048066426,0.073075205,0.10119243,0.11882873,0.118066356,0.11451709,0.1042732,0.088464044,0.06720459,0.044046257
0.12763919,0.08538665,0.043260366,0.016706452,0.0025349706,-0.013708755,-0.017460138,0.0061276257,0.021066457,0.038200952,0.09240624,0.14421257
-0.44202584,-0.37355688,-0.32785854,-0.28961775,-0.25478473,-0.22380982,-0.19102667,-0.15877904,-0.11870888,-0.10607407,-0.083026804,-0.069786675
-0.6301839,-0.52107644,-0.45293793,-0.39130753,-0.34223908,-0.30522612,-0.26367104,-0.2431657,-0.21887569,-0.23268771,-0.24573793,-0.26396793
0.14168271,0.089403875,0.046652522,0.017643042,-0.01255076,-0.042835664,-0.07957257,-0.11155838,-0.17407699,-0.2225701,-0.26420102,-0.28821027
-0.18635629,-0.14870773,-0.13502383,-0.114964254,-0.09898408,-0.10606069,-0.09865812,-0.12227639,-0.1647277,-0.19789658,-0.24615283,-0.29871267
0.20359021,0.13886763,0.10582532,0.06942396,0.0391486,0.028091293,0.008195757,0.0024995278,0.023859799,0.049813278,0.063285775,0.08230181
1.0418332,0.9817034,0.93642277,0.87872106,0.8443075,0.748174,0.7719173,0.6832187,0.6526095,0.65757,0.6133702,0.58935624
-0.20544548,-0.19784124,-0.19605926,-0.1912781,-0.18643461,-0.18195182,-0.1722044,-0.15314144,-0.14452277,-0.1360068,-0.11599113,-0.099258944
-0.17580792,-0.20065758,-0.204193,-0.19726475,-0.21620947,-0.2001963,-0.19349116,-0.14232816,-0.103620894,-0.045153625,0.007424861,0.0594267
-0.093852565,-0.11396395,-0.1126483,-0.13131914,-0.12961604,-0.12634745,-0.11822362,-0.09071379,-0.0533488,-0.034091167,0.030514361,0.070560604
-0.20427258,-0.17439395,-0.15266976,-0.14056334,-0.12646477,-0.11645133,-0.096193545,-0.0972845,-0.088697195,-0.0782294,-0.083015725,-0.09574987
-0.15046243,-0.109985985,-0.0696449,-0.05001048,-0.03036112,-0.003377892,-0.006368624,-0.002498271,-0.00511924,-0.0039757956,-0.018522227,-0.022093847
0.1431058,0.085492395,0.045123503,0.010455526,-0.019677833,-0.04341635,-0.053042717,-0.06052687,-0.06423122,-0.06312377,-0.049064185,-0.029056232
-0.5841299,-0.5263755,-0.49169406,-0.46862796,-0.43604046,-0.4109079,-0.37890857,-0.3477381,-0.3171285,-0.31587282,-0.29580298,-0.28414264
-0.047515355,0.023116767,0.06852232,0.09878846,0.14259697,0.14790262,0.16921818,0.14472997,0.11521503,0.07567863,0.023147501,-0.056021158
-0.24188441,-0.24418087,-0.23971936,-0.23443356,-0.24370433,-0.2229756,-0.2109127,-0.17653781,-0.13714892,-0.08219698,-0.0542745,-0.007752695
0.105272554,0.14518246,0.16107497,0.16429272,0.19134347,0.18935071,0.18896152,0.1467535,0.13479793,0.078853905,0.029887196,-0.015320711
-0.14396048,-0.09917313,-0.07362201,-0.057416208,-0.031960092,-0.012251738,-0.00696076,0.004739279,0.020392993,0.01777709,0.030375024,0.039655715
0.37240586,0.36454946,0.3537905,0.33218163,0.34070045,0.31196785,0.2847972,0.20457396,0.19746244,0.14180715,0.056541342,-0.007344365
-0.1052611,-0.12805027,-0.13916886,-0.14187539,-0.14954957,-0.13577315,-0.12949544,-0.06833142,-0.018171161,0.02447623,0.11107531,0.1948729
0.13781516,0.12657511,0.10895114,0.10916715,0.10093252,0.08794735,0.093902096,0.10625787,0.10277114,0.107371286,0.11054265,0.11397178
-0.0055517014,0.021245101,0.031206999,0.046176627,0.065017395,0.047182173,0.06653109,0.06491732,0.062012278,0.05202538,0.034650654,0.016488599
-0.37392676,-0.34217837,-0.3134032,-0.29407007,-0.2827444,-0.24089564,-0.21820812,-0.162132,-0.0975385,-0.03636309,0.026817143,0.0823178
0.1510053,0.13023904,0.1087586,0.0916181,0.07883102,0.07777316,0.06536227,0.05439074,0.049635164,0.052250583,0.051780157,0.05464677
0.18640175,0.18386328,0.18013936,0.16604558,0.16843116,0.16070078,0.14359443,0.10678355,0.079890214,0.046679806,0.0052277315,-0.03373423
0.08584703,-0.024595276,-0.0068656504,-0.07546288,-0.106859446,-0.097744435,-0.13130802,-0.08618733,0.010724604,0.062548086,0.17653583,0.2754227
0.120415814,0.107676074,0.11653845,0.1258239,0.11663601,0.104689404,0.09430504,0.08421023,0.039840214,0.032621793,-0.006565692,-0.051303513
0.36174643,0.29577434,0.27667162,0.23457122,0.19635901,0.16957504,0.14542311,0.08174217,0.045733534,0.041148007,-0.024833597,-0.076153055
-0.2742951,-0.218124,-0.21678278,-0.20477797,-0.19041294,-0.20774464,-0.17471343,-0.2044133,-0.22826293,-0.27592558,-0.29322886,-0.30881083
0.03729488,0.048356947,0.07122854,0.08994914,0.099545,0.10975998,0.11096024,0.13080062,0.1282467,0.12770724,0.13390191,0.11893758
-0.07550636,-0.014615342,0.015386105,0.036266208,0.07090247,0.083863504,0.08741966,0.06989832,0.044029646,0.007501308,-0.028168786,-0.0728388
0.060073618,0.07204301,0.07889018,0.08651284,0.08602702,0.085127436,0.085016176,0.07686258,0.06444247,0.07087962,0.043933265,0.037657365
-0.103594765,-0.027346773,0.016006168,0.031105544,0.06654857,0.09703079,0.08039317,0.06904038,0.065890424,0.051171746,0.018109828,0.047414977
0.04846914,0.01629369,-0.026018977,-0.036083072,-0.06851846,-0.06267969,-0.06205246,-0.034723982,-0.02028644,0.033382155,0.07081936,0.12718046
-0.12473452,-0.14690341,-0.17108299,-0.173031,-0.19313264,-0.18991894,-0.18093666,-0.1399028,-0.11732626,-0.07767829,-0.013933735,0.04784382
-0.25538403,-0.25984854,-0.25837916,-0.2546528,-0.26187792,-0.24967441,-0.24140975,-0.2139655,-0.17943965,-0.1415092,-0.10822803,-0.06831184
0.22182456,0.22929536,0.22188349,0.22149855,0.2311633,0.22001562,0.21664555,0.20238057,0.19255625,0.16654901,0.15603925,0.13579002
0.0013672337,0.0147958435,0.024207985,0.033996284,0.03837733,0.03825715,0.042009644,0.03639879,0.030679874,0.022574002,0.00472036,-0.009211946
-0.5629069,-0.47987178,-0.43196988,-0.37384564,-0.34745675,-0.31521547,-0.25943944,-0.21910553,-0.17951573,-0.14773783,-0.119393095,-0.092245884
-0.076731294,-0.14061998,-0.19429168,-0.20752071,-0.25494236,-0.2880784,-0.28236336,-0.27692807,-0.31939238,-0.29352102,-0.2858282,-0.2824804
-0.21380979,-0.20973584,-0.20614067,-0.2066423,-0.20328668,-0.1987386,-0.19714579,-0.19582525,-0.19641912,-0.2006188,-0.20237932,-0.21059406
0.32045352,0.2588779,0.21464056,0.18269101,0.15521175,0.12733999,0.11741813,0.11409209,0.10243027,0.118375614,0.1287915,0.12942483
-0.064487875,-0.017158836,0.01769434,0.03941194,0.0640237,0.08499448,0.07439778,0.05991917,0.050474964,0.028230323,-0.010873862,-0.028435405
-0.7313331,-0.63941264,-0.57528174,-0.5181142,-0.4868121,-0.45574948,-0.4142584,-0.3952401,-0.39662305,-0.39811963,-0.4169197,-0.42277372
0.31243744,0.27942312,0.25467017,0.23170494,0.21658489,0.19651322,0.1850634,0.1801357,0.17541629,0.17689578,0.17833892,0.18395838
-0.18388434,-0.23483856,-0.26528907,-0.29056314,-0.31860465,-0.311199,-0.29987794,-0.2366901,-0.16615865,-0.103834406,-0.010483818,0.07322639
0.3263529,0.2527418,0.20036519,0.16258994,0.12675805,0.09684615,0.070696324,0.052807175,0.041295446,0.017562471,0.010533636,0.0057125
-0.13555664,-0.15635344,-0.16324773,-0.16415988,-0.17621322,-0.1639756,-0.15576044,-0.11417114,-0.07640979,-0.03797471,0.018194063,0.072907716
-0.4137897,-0.34449902,-0.31355163,-0.28614908,-0.2502626,-0.22099176,-0.21061085,-0.20368811,-0.19244027,-0.20872161,-0.21318756,-0.2330308
0.18402731,0.04052891,-0.059273094,-0.1276831,-0.20807888,-0.22721875,-0.24486634,-0.19723941,-0.14866722,-0.06246066,0.038861576,0.15581632
-0.04625439,-0.020411454,-0.009733576,0.006669894,0.033487413,0.05215987,0.04205818,0.06124014,0.052672688,0.050169706,0.05134358,0.03369946
0.17193815,0.16134284,0.15582749,0.14745378,0.14377072,0.1358002,0.11123151,0.079335146,0.040630303,-0.0008459352,-0.05287005,-0.11377839
-0.31042108,-0.2634963,-0.22987987,-0.20669606,-0.18474732,-0.15446904,-0.14894938,-0.13157506,-0.12793964,-0.1122016,-0.1117807,-0.108700424
0.03624452,0.14140126,0.2289177,0.2753057,0.33525077,0.3461258,0.34633178,0.26674262,0.20214233,0.11406259,-0.007451169,-0.1423582
-0.080953635,-0.017874353,0.02133444,0.04809369,0.07899916,0.093362115,0.09694325,0.08157631,0.06044118,0.03379567,-0.004636948,-0.039285827
0.059660904,0.043868296,0.03166414,0.029646302,0.01579212,0.0037196595,0.0008116709,-0.0032487488,-0.023942225,-0.022490855,-0.04535429,-0.05632607
0.10928304,0.05591365,0.014988586,-0.0073293597,-0.034989223,-0.06560663,-0.07208166,-0.071812436,-0.09384102,-0.08077268,-0.07726796,-0.06458566
0.2367794,0.14135092,0.065035924,0.023517072,-0.037398934,-0.051610395,-0.066749826,-0.037006542,-0.007943183,0.043308116,0.08969421,0.15186667
-0.2818614,-0.24771321,-0.21499884,-0.20027438,-0.18052791,-0.16677606,-0.14793074,-0.14327557,-0.11828901,-0.1273304,-0.12027086,-0.11745976
-0.07812697,-0.08464636,-0.09943355,-0.11640677,-0.11349311,-0.11459303,-0.119665936,-0.120512456,-0.11914298,-0.1185757,-0.11081379,-0.10915837
-0.6833009,-0.5543568,-0.4393071,-0.35369855,-0.2968217,-0.23643963,-0.1884908,-0.16690966,-0.13291228,-0.1359273,-0.13561754,-0.1521158
0.3213219,0.22064692,0.17548686,0.13908549,0.0882871,0.080080345,0.050891325,0.07380809,0.10923437,0.17560053,0.22121367,0.28157774
0.14166488,0.14409569,0.14406314,0.13826995,0.13519165,0.13258737,0.116353706,0.085029304,0.060625143,0.040293355,-0.0034758155,-0.022231689
-0.015533412,-0.007935587,-0.0014453568,-0.00075607747,0.006181948,0.0011520982,0.011565939,0.006509997,0.010774542,0.010807231,0.00066354766,-0.010701362
-0.3039868,-0.25443435,-0.22690384,-0.20117241,-0.17889707,-0.15352333,-0.13458845,-0.11327342,-0.10182719,-0.091537006,-0.08183389,-0.07418693
0.25665036,0.15258415,0.06041129,-0.011080556,-0.069665186,-0.11637878,-0.13996032,-0.15939382,-0.16491807,-0.14468709,-0.14281675,-0.09234733
-0.10760254,-0.095070444,-0.07985177,-0.074717134,-0.071107715,-0.057788737,-0.05270209,-0.038812455,-0.01516881,0.008577876,0.011626238,0.03266998
0.9476718,0.8577901,0.75138474,0.7268601,0.6589525,0.62853074,0.5821912,0.60567784,0.6212119,0.5770564,0.5523588,0.5844436
-0.3210793,-0.30580112,-0.2879227,-0.2735639,-0.2698518,-0.26115477,-0.24151684,-0.20921749,-0.18995716,-0.17756453,-0.1386126,-0.10235104
-0.16327822,-0.19723941,-0.23123826,-0.24921238,-0.26778692,-0.26784575,-0.2523489,-0.20550537,-0.16424143,-0.10291183,-0.042297386,0.020077301
0.389901,0.33019006,0.28267187,0.25533986,0.21906069,0.19987814,0.18898748,0.19064172,0.21478361,0.24444658,0.26113516,0.29829183
0.08900063,0.1461404,0.18067202,0.20947638,0.24302998,0.24303381,0.24305923,0.21087489,0.17350958,0.11926335,0.060040675,-0.008355025
0.5123485,0.5035869,0.47946674,0.4664768,0.4678783,0.41819417,0.41451308,0.34845632,0.2876136,0.24218914,0.19353709,0.12675786
0.062172838,0.061284896,0.06792931,0.072384596,0.078662194,0.07393458,0.0688581,0.067668565,0.05835319,0.04444726,0.044223588,0.030687457
0.0071168654,0.04852774,0.06895045,0.08491765,0.103648126,0.09255274,0.10175432,0.061045337,0.021695629,-0.023743331,-0.0766989,-0.13925901
-0.08099154,-0.11498907,-0.13957097,-0.16501002,-0.18445428,-0.1973869,-0.19616131,-0.20345472,-0.20521225,-0.20847163,-0.19487758,-0.17535898
0.25838542,0.18491143,0.1404011,0.113513425,0.0715892,0.055107392,0.044186987,0.04479851,0.052528057,0.077074066,0.0984224,0.11935944
-0.062655166,-0.09233073,-0.121349126,-0.1339407,-0.15001668,-0.15999159,-0.15546858,-0.13192281,-0.11440783,-0.094432406,-0.05940524,-0.023205005
-0.22731072,-0.2011607,-0.18813568,-0.17323177,-0.1625352,-0.14423358,-0.1269711,-0.10509595,-0.07791903,-0.063137606,-0.052249506,-0.033321068
0.104427755,0.096277155,0.096694216,0.08620847,0.08699791,0.07562538,0.0609722,0.030593313,0.007148452,-0.025914658,-0.055531822,-0.08565422
-0.56442356,-0.5458238,-0.54152155,-0.51970124,-0.5283813,-0.51433265,-0.47470555,-0.4378012,-0.4070719,-0.36688945,-0.32239217,-0.26149532
0.23059708,0.223472,0.23794925,0.23441789,0.23829883,0.24573788,0.21775769,0.19799168,0.17743118,0.14698002,0.12082554,0.09092364
0.18819107,0.07093042,0.00072696805,-0.04132417,-0.11649987,-0.13799174,-0.14155608,-0.106212296,-0.07908464,0.008475989,0.05311724,0.12160865
0.03064344,0.04426618,0.061906666,0.064580336,0.067284435,0.064576805,0.06091924,0.015973032,-0.019298524,-0.034492537,-0.10665819,-0.17423958
-0.22329898,-0.031199157,0.10336375,0.17476586,0.2870518,0.30487937,0.3221146,0.21370074,0.13368496,-0.017449409,-0.203565,-0.38062745
0.39358634,0.27438647,0.1945574,0.12633617,0.06731455,0.02661407,-0.003728971,-0.019705795,-0.024702556,-0.021415297,-0.011242237,0.009802548
-0.32532427,-0.30257156,-0.29078794,-0.297857,-0.2854808,-0.2625252,-0.25162446,-0.2607391,-0.22763321,-0.23462738,-0.23044203,-0.22503434
0.12288196,0.105302155,0.055496544,0.057186574,0.042527072,-0.0050465316,-0.045303673,-0.10551862,-0.25980687,-0.34764448,-0.4683614,-0.5727323
0.12987065,0.18981577,0.2403216,0.26671278,0.3066892,0.3213637,0.29569945,0.23770097,0.19014359,0.11084389,0.006469126,-0.11631381
-0.15726869,-0.10920966,-0.091214225,-0.06618859,-0.042266432,-0.024659563,-0.0056974273,0.011698833,0.03565502,0.037338115,0.060595673,0.07052447
-0.034395073,-0.0599052,-0.07369629,-0.088415176,-0.10855782,-0.110643275,-0.11325347,-0.122538164,-0.12139878,-0.111538246,-0.11593282,-0.09999103
0.27391255,0.2692723,0.26043516,0.25060764,0.24498835,0.24704334,0.21636316,0.1646241,0.12847549,0.061318286,-0.007413935,-0.075037956
0.053226758,0.094749495,0.1488767,0.17773071,0.21069658,0.21820177,0.22430632,0.2264976,0.22043101,0.20506057,0.19872132,0.17609891
0.45705402,0.63119876,0.7692287,0.8371181,0.9436245,0.9430451,0.9085523,0.7346618,0.5776466,0.33807862,0.08228375,-0.19977061
0.03286822,0.028663162,0.018212624,0.017328061,0.017691538,0.022596616,0.014706165,0.038648322,0.05593043,0.068267345,0.09506418,0.12957554
0.052601274,0.062592804,0.061214056,0.0577456,0.06250001,0.05069929,0.04498753,0.0082832575,-0.029616639,-0.07726621,-0.116144516,-0.16131452
-0.2762793,-0.25041366,-0.21641418,-0.19863161,-0.18494323,-0.14703256,-0.13304132,-0.08989651,-0.043998886,0.007556554,0.0403274,0.081444815
-0.02422759,-0.05666149,-0.054754313,-0.07276639,-0.08824187,-0.08972965,-0.06700029,-0.06521645,-0.041075822,0.0009988155,0.02007165,0.03724176
0.5008765,0.5327255,0.57072467,0.5898149,0.65145534,0.5950463,0.59059477,0.5481859,0.48916358,0.3661647,0.32837412,0.22615431
0.15475537,0.21965848,0.2658689,0.29241464,0.33102083,0.31439334,0.3084585,0.22701752,0.14801857,0.03840223,-0.07533852,-0.20672885
0.009414215,0.002221562,-0.005066231,-0.020685703,-0.0194202,-0.02061537,-0.003899552,0.012681939,0.054672375,0.09140289,0.1338073,0.17154865
0.4266467,0.35102156,0.30315194,0.2684383,0.2364473,0.16401453,0.14540796,0.101482764,0.025522517,0.00392046,-0.057704117,-0.09479231
-0.10340282,-0.08018752,-0.066073574,-0.047474343,-0.037594736,-0.025414523,-0.022150923,-0.014230078,-0.019534305,-0.01846718,-0.024209788,-0.03772239
0.17129076,0.11593646,0.06194988,0.05053027,0.00021228194,-0.058052853,0.01891628,0.03791693,0.06996867,0.19670348,0.21116967,0.2548385
-0.016716592,-0.030849902,-0.03565148,-0.046621624,-0.05050551,-0.055811476,-0.057888385,-0.062933944,-0.06652352,-0.07363973,-0.0804535,-0.08271988
-0.110483155,-0.072936974,-0.042820252,-0.02631437,-0.0069091767,-0.003785111,-0.0039545745,-0.02883102,-0.055278003,-0.09544526,-0.13712987,-0.18018883
-0.17488551,-0.17174545,-0.16339098,-0.14129241,-0.14058526,-0.12830375,-0.12318377,-0.07390999,-0.07054319,-0.03801875,0.0022324282,0.024082974
-0.06202201,-0.0810323,-0.085671075,-0.09385179,-0.103678465,-0.111880645,-0.1041548,-0.101563364,-0.09465685,-0.085611224,-0.07174282,-0.057351813
