0.1064154,0.09088721,0.11388531,0.11493382,0.10321141,0.07702182,0.066282585,0.053430505,0.042142123,0.031120962,0.025794148,0.027276292
-0.13281567,-0.18460023,-0.19909872,-0.19940624,-0.18339054,-0.1712262,-0.15179667,-0.12243937,-0.09249614,-0.06787486,-0.053746033,-0.044276364
-0.2588113,-0.31461203,-0.32827997,-0.29792508,-0.27814877,-0.24694756,-0.22348234,-0.18153611,-0.15867902,-0.1413266,-0.13109072,-0.12367548
-0.14198506,-0.13422953,-0.111111,-0.06652762,-0.03712547,-0.016373381,-0.009086296,-0.006206639,-0.019354586,-0.038843546,-0.053685207,-0.060269155
-0.0037415149,-0.010557823,-0.024102053,-0.020475369,-0.014662022,-0.007940177,-0.001879029,0.0063296463,0.011741747,0.018542245,0.021687325,0.01985181
-0.10089129,-0.05744165,-0.011563733,-0.009182937,-0.010489911,-0.015187852,0.009746924,-0.00022645295,0.00603031,0.012993775,0.024686143,0.03818748
0.009845894,0.010086651,0.008652976,0.005432673,0.005021123,0.0037974352,0.005172209,0.0050351964,0.010196488,0.014479537,0.01695308,0.016457641
0.09578594,0.084298134,0.0599847,0.04073909,0.028408848,0.014091544,0.00025638938,-0.0013387799,0.0043236557,0.011028754,0.014227549,0.013891184
0.102296755,0.14427292,0.16781774,0.13826656,0.13101564,0.11884637,0.120216794,0.09477799,0.08317685,0.07877146,0.07507547,0.07161714
0.7288034,0.73405933,0.6150454,0.5464556,0.49553624,0.4490521,0.40645164,0.39441955,0.37025052,0.35370857,0.3318314,0.308551
-0.17729399,0.09742397,0.17072034,0.08439095,0.052566797,0.07561383,0.0840022,0.008587778,3.144145e-05,-0.0058092475,-0.0029099584,0.0017434955
-0.049085185,-0.08138041,-0.081843145,-0.077831194,-0.073981866,-0.0743182,-0.06426053,-0.05728637,-0.06328143,-0.07241765,-0.07789665,-0.081943266
0.07893917,0.08964002,0.08070998,0.06478523,0.054884486,0.054528095,0.048677675,0.0493356,0.04821594,0.05398708,0.05802116,0.058557007
-0.5360039,-0.51779914,-0.47479862,-0.41972136,-0.37486893,-0.3122977,-0.2510765,-0.21121627,-0.18092637,-0.16383696,-0.1511217,-0.14179228
0.13585609,0.071764246,0.018674195,-0.0150369555,-0.03871356,-0.056031957,-0.060147077,-0.047302477,-0.03376618,-0.01427703,-0.0012613535,0.0023031384
0.12992632,0.13360015,0.12057586,0.1021942,0.09149676,0.08069147,0.068931654,0.061728656,0.05726826,0.056789014,0.055589527,0.052967187
0.17883515,0.17762955,0.1720379,0.1439076,0.12818013,0.102993555,0.0880825,0.06725006,0.06599365,0.067723155,0.07261946,0.079257764
0.13227051,0.13448878,0.1151994,0.092641965,0.072791286,0.04672453,0.015575528,0.006556429,0.008928882,0.012053836,0.0097188335,0.007932244
-1.9987996,-2.2153008,-2.1941552,-1.9158987,-1.7183486,-1.4767652,-1.28363,-1.0317329,-0.8959293,-0.8047956,-0.7650732,-0.7358962
-1.471806,-1.5624259,-1.5763903,-1.2494237,-1.1348975,-0.92590004,-0.8870312,-0.68751746,-0.62840164,-0.59158933,-0.5793901,-0.56817263
-0.28180638,-0.24155048,-0.1990245,-0.1660838,-0.13185953,-0.09452748,-0.079388976,-0.07088031,-0.069002524,-0.0731177,-0.07982235,-0.08248454
-0.1377796,-0.108790115,-0.07765654,-0.075867176,-0.058517426,-0.037665658,-0.022030406,-0.02355723,-0.030387938,-0.034689717,-0.041071355,-0.046674095
0.22032493,0.17110327,0.1686639,0.14473677,0.11811462,0.08522731,0.0698394,0.05385138,0.030741401,0.026701674,0.026830964,0.033048473
0.04458127,0.033104487,0.020530932,0.024831556,0.02537205,0.028586872,0.02157794,0.022746917,0.008194044,-0.004482189,-0.014834356,-0.023875684
-0.50994164,-0.506107,-0.46278262,-0.40582108,-0.3638317,-0.314465,-0.25397262,-0.22020012,-0.1990679,-0.1915124,-0.18420136,-0.17816451
0.022278711,-0.036715627,-0.06372692,-0.049366914,-0.05861152,-0.06159201,-0.082117714,-0.06704511,-0.076177105,-0.07880214,-0.08206645,-0.08054223
0.1867299,0.18141238,0.1654585,0.14033721,0.119219616,0.096793294,0.086931884,0.07616924,0.0741902,0.074016534,0.074836135,0.070485845
0.07547031,-0.013851002,-0.038836375,-0.0446207,-0.061377347,-0.098272406,-0.085293815,-0.07725896,-0.05135689,-0.026793383,-0.0014414042,0.020569347
0.09035283,0.081570916,0.0864169,0.07112807,0.06298138,0.05097993,0.044704698,0.03322924,0.020106792,0.0073804,-7.717125e-05,-0.005037533
-0.17869604,-0.14785491,-0.14500514,-0.14275429,-0.120725766,-0.1001987,-0.08674451,-0.08248846,-0.074192084,-0.07707195,-0.082936205,-0.0896032
0.7576118,0.6481561,0.5592903,0.47372013,0.39614356,0.30799562,0.25349623,0.23466346,0.22552675,0.2312911,0.2404261,0.23584816
-0.0358153,-0.054171365,-0.056918427,-0.049105056,-0.043019302,-0.03735204,-0.03297677,-0.023595653,-0.02338011,-0.022982318,-0.023560457,-0.023183845
-0.07543633,-0.06312745,-0.030046016,-0.029239804,-0.020282298,-0.01639495,-0.004185632,-0.012153264,-0.0067450553,-0.0033449586,0.0005807858,0.0068967044
-0.15671371,-0.21370046,-0.24024756,-0.21041448,-0.18323167,-0.15355274,-0.15342814,-0.11899096,-0.102187,-0.08977784,-0.087750494,-0.085744485
-0.24486217,-0.26199263,-0.26102862,-0.24393278,-0.2301901,-0.20634532,-0.1785518,-0.15268339,-0.13182798,-0.11647157,-0.10611914,-0.10036367
0.13900799,0.12953573,0.11226711,0.09062789,0.079897955,0.06706809,0.06457541,0.06023942,0.064734526,0.073684886,0.0801101,0.08118184
-0.2807633,-0.22911164,-0.19016173,-0.16368201,-0.14391175,-0.10950974,-0.089426324,-0.08247651,-0.07910102,-0.08123487,-0.0827366,-0.083182715
-0.08849235,-0.09858319,-0.11441435,-0.10790057,-0.1039919,-0.095205344,-0.089290574,-0.075861484,-0.061572436,-0.049134456,-0.04091403,-0.03814838
0.01687371,0.020425465,-0.0051283054,-0.012277918,-0.020222526,-0.017195664,-0.016845914,-0.0069870614,0.012895476,0.034271825,0.048805542,0.05411634
0.103748485,0.10319883,0.09110059,0.05691918,0.044997662,0.029711008,0.030641913,0.021087902,0.026221978,0.032169092,0.037770323,0.038947377
-0.10866142,-0.11233978,-0.09285363,-0.091525435,-0.07937103,-0.07396322,-0.059675127,-0.056948647,-0.05090268,-0.048493918,-0.048029777,-0.04688241
0.0536973,0.076347634,0.065511964,0.06554266,0.06334113,0.068686076,0.05587628,0.05172892,0.042353462,0.032620788,0.024268627,0.016399223
1.4766777,1.4031332,1.017837,0.980621,1.1457744,1.0622838,0.65150106,0.6029929,0.6026276,0.5640105,0.46936983,0.42990845
0.24855685,0.2691529,0.24473302,0.21841477,0.21301512,0.20256376,0.18688995,0.16801846,0.16660622,0.16919295,0.17242366,0.17307784
0.071060136,0.097223036,0.0997085,0.08619359,0.08274434,0.07786875,0.078708254,0.06543233,0.06390616,0.06286755,0.06432819,0.06118509
-0.01952118,-0.12361877,-0.17784342,-0.16484325,-0.16435204,-0.15708244,-0.1498819,-0.11269093,-0.09474007,-0.07142638,-0.05989992,-0.05596739
0.33832645,0.3465849,0.32118142,0.2994531,0.27058184,0.23576973,0.19408597,0.16797867,0.14351477,0.1271359,0.117121354,0.110632844
0.56634635,0.5863588,0.5615579,0.49649078,0.4552557,0.3864703,0.36797026,0.3250149,0.29593134,0.28503576,0.27761325,0.2579249
-0.12848094,-0.0797278,-0.05268079,-0.047630608,-0.041362643,-0.03194096,-0.014586687,-0.019512914,-0.008425422,-0.00064449385,0.00710243,0.009500459
-0.11410103,-0.1466529,-0.14706878,-0.11614598,-0.097747,-0.08755688,-0.084610894,-0.0703395,-0.07185097,-0.07759404,-0.08547189,-0.08914215
-0.5015387,-0.49315858,-0.41819555,-0.3483658,-0.28967497,-0.22517511,-0.1680159,-0.13163231,-0.13509385,-0.14427179,-0.15737188,-0.1687648
0.22265567,0.15506907,0.07244104,0.045133173,0.01666689,0.013481393,-0.003598094,0.026833594,0.045143187,0.07785425,0.09727358,0.1006369
-0.25438425,-0.23533447,-0.20156857,-0.1675151,-0.13920845,-0.11213271,-0.091473326,-0.08054557,-0.07386692,-0.07234428,-0.072907895,-0.06981499
-0.0039040074,-0.009962744,-0.02222877,-0.02016267,-0.023047216,-0.017376713,-0.016508242,-0.007494589,-0.0026077474,0.0037527508,0.0067640333,0.004238265
0.23975317,0.27992427,0.2608693,0.22780576,0.20666695,0.19720927,0.17007565,0.15347052,0.14120176,0.13716927,0.13239786,0.12377918
0.10404818,0.04933519,0.01580149,-0.007927522,-0.034139633,-0.05141607,-0.06080337,-0.04775308,-0.03628228,-0.024474557,-0.016523566,-0.012048643
0.09318383,0.054392487,0.027407318,0.013782613,-0.0014930516,-0.009876259,-0.012186632,-0.00081449,0.0035138428,0.011854477,0.01730961,0.018416278
-0.08724608,-0.07588872,-0.06406897,-0.06567304,-0.05894144,-0.052106977,-0.039264366,-0.036073767,-0.025640514,-0.017084595,-0.011325486,-0.00728995
-0.11187291,-0.11332507,-0.10734976,-0.080390975,-0.06120801,-0.04080997,-0.034009796,-0.022933036,-0.024936745,-0.031019054,-0.0382741,-0.042160816
-0.32041043,-0.304232,-0.25781864,-0.22219318,-0.19084218,-0.16393746,-0.12709805,-0.113376096,-0.099596396,-0.09168118,-0.084477454,-0.07582779
0.25566858,0.2100867,0.17682049,0.14880781,0.12192592,0.09359671,0.07101512,0.068704374,0.06266192,0.07107162,0.07423139,0.072644025
0.084408596,0.060914714,0.050889924,0.051423803,0.04072527,0.03477306,0.02123595,0.03427306,0.042494483,0.058157865,0.06824068,0.07436704
0.0031045964,0.0070537785,-0.0007964927,-0.0030539818,-0.007406488,-0.006869997,-0.006322572,-0.004455531,0.0035159588,0.011311932,0.018031575,0.02331415
-0.005379498,0.013347395,0.03547464,0.041353986,0.044627983,0.036350705,0.036286578,0.027257156,0.026313432,0.02338716,0.022571929,0.025501989
-0.2436707,-0.25398418,-0.23264727,-0.24022956,-0.22580217,-0.21241155,-0.1848832,-0.17535976,-0.16683301,-0.16704723,-0.1651938,-0.16114564
-0.09204536,-0.060736228,-0.038694784,-0.037078097,-0.02722305,-0.022979468,-0.013915643,-0.026516125,-0.03805831,-0.0566439,-0.066667184,-0.07222456
-0.1569668,-0.14682753,-0.14279538,-0.14194673,-0.13166979,-0.12032899,-0.10909635,-0.10596128,-0.09537761,-0.090916485,-0.088196725,-0.086702004
0.24340257,0.2339585,0.19671254,0.15351032,0.11744358,0.095167205,0.07958691,0.076659806,0.08158738,0.093839124,0.103476,0.10420579
0.28552645,0.2747612,0.27019447,0.23165143,0.22325467,0.19477308,0.18701431,0.15492502,0.12629963,0.10032196,0.08693384,0.075954765
0.05941861,0.03375523,0.02271907,0.01548335,0.012571871,0.01030945,0.007970177,0.014744438,0.013470963,0.016142633,0.016186317,0.014016915
0.089980476,0.092,0.096240506,0.086713284,0.08318263,0.0722935,0.06076482,0.050185572,0.043541428,0.03881231,0.034933075,0.034904283
-0.38088238,-0.38003865,-0.3626274,-0.30309704,-0.25661373,-0.19916663,-0.15599895,-0.1118961,-0.09212008,-0.07998387,-0.07713124,-0.07922762
0.1575718,0.15885946,0.14119698,0.12296894,0.11009537,0.09535805,0.08512801,0.07519325,0.061406266,0.053643607,0.048663117,0.043651946
0.17246827,0.14355105,0.10789657,0.09192018,0.072491735,0.057555445,0.043823533,0.045690008,0.04754918,0.054944776,0.058528125,0.055554383
-0.36618012,-0.4176619,-0.40339166,-0.40167135,-0.39390564,-0.35559648,-0.29222044,-0.2508039,-0.21039973,-0.1631105,-0.1237192,-0.09706099
-0.07107638,-0.057944745,-0.020113498,-0.012693331,0.0030931681,0.0058518127,0.018729627,0.00540768,-0.0031484738,-0.014850903,-0.02117664,-0.02085923
0.18953016,0.1891475,0.15568809,0.123155296,0.09971385,0.08268633,0.07650348,0.07475005,0.09135099,0.11071289,0.12787722,0.13501175
0.49642646,0.5169577,0.4882189,0.4304167,0.40115523,0.37113947,0.3085033,0.2613036,0.23487265,0.23083842,0.22496985,0.22736041
0.07117265,0.07733082,0.082571745,0.079115026,0.07473662,0.065628074,0.059783623,0.050517276,0.044617906,0.039243236,0.037101455,0.03853973
-0.01770299,-0.049432114,-0.066776976,-0.0555949,-0.04911084,-0.044556413,-0.04781362,-0.039142832,-0.05341147,-0.068959124,-0.07933979,-0.08530939
0.044740908,0.04126603,0.019859135,0.006031513,-0.0021545514,-0.0012483336,-0.010022007,-0.007970134,-0.004731104,0.0020564608,0.0055516446,0.00656648
0.00840093,0.010118018,0.010570131,0.010459724,0.010542519,0.00815103,0.0071552466,0.005350332,0.0053200703,0.005577503,0.0041224994,0.0025055013
0.55027413,0.53335536,0.4743026,0.42048582,0.36809412,0.31102926,0.2776268,0.25124717,0.22984678,0.21011238,0.20671819,0.19614825
0.059891686,0.06934504,0.078352794,0.0614886,0.06241602,0.056574848,0.05940519,0.04421156,0.03230478,0.019800877,0.0140320575,0.010158864
0.5168537,0.41978794,0.38205165,0.3445076,0.3180946,0.2640782,0.21624729,0.20391025,0.18384567,0.17743005,0.16976239,0.16263704
0.1976277,0.21163061,0.1923172,0.1752092,0.16370493,0.15599538,0.14541434,0.13794671,0.12875508,0.12710664,0.12574184,0.11873555
-0.11854875,-0.15127277,-0.16669407,-0.153174,-0.14640796,-0.14450367,-0.12117073,-0.10317611,-0.07582021,-0.06084849,-0.04871424,-0.04106447
-0.3792675,-0.3284817,-0.24806452,-0.22614992,-0.17915794,-0.15191862,-0.11234224,-0.12230693,-0.11941256,-0.12546149,-0.13094354,-0.12788422
0.13319992,0.14606875,0.15928745,0.12841661,0.12156614,0.10414773,0.09711495,0.080435194,0.08381457,0.092870735,0.09667386,0.101304576
0.25295803,0.22550914,0.18312937,0.15559919,0.13076723,0.10655166,0.08347078,0.07950763,0.08110673,0.088151634,0.094687395,0.095633246
-0.23322463,-0.23783578,-0.19672881,-0.14961983,-0.11121857,-0.08341958,-0.06576119,-0.054524682,-0.06593396,-0.078279234,-0.096336156,-0.107067905
0.58335,0.30082428,0.18137729,0.14475024,0.146337,0.10663691,0.07434374,0.105520844,0.13871291,0.18967992,0.21525554,0.22341447
-0.38461262,-0.32060468,-0.23098373,-0.19775805,-0.14748192,-0.1083207,-0.060477108,-0.064421475,-0.06324482,-0.070028454,-0.07683782,-0.077836804
0.10267993,0.09674435,0.07800954,0.08743866,0.07686402,0.07259558,0.055428505,0.056320608,0.051895846,0.049576495,0.048939917,0.048777122
0.05345448,0.07700879,0.099722505,0.10375174,0.10401218,0.088543504,0.08383216,0.05680633,0.03340672,0.008764796,-0.00022523478,0.006906474
-0.023774985,-0.064466126,-0.092577174,-0.10260079,-0.103469364,-0.099585354,-0.09920898,-0.08316635,-0.07506297,-0.065146156,-0.061308946,-0.06044792
0.07405532,0.06098806,0.067392915,0.06806299,0.06300262,0.049496654,0.04327284,0.033122513,0.019292517,0.0056005903,-0.0025816783,-0.007095825
-0.2042624,-0.19682305,-0.17002213,-0.125112,-0.09809441,-0.06974912,-0.05722703,-0.043038175,-0.048625242,-0.058175847,-0.06653635,-0.0713218
0.16581032,0.15365481,0.14676215,0.13219087,0.14225574,0.13242091,0.120693974,0.11890979,0.11244311,0.110626385,0.10425955,0.10424476
-0.45193052,-0.40992373,-0.3231666,-0.30479485,-0.25919977,-0.19496334,-0.13002196,-0.10737477,-0.10557884,-0.09318751,-0.094541885,-0.1060684
0.08805069,0.10275012,0.09620381,0.078048736,0.052574992,0.03321332,0.023456624,-0.0019285996,-0.0062161526,-0.011563612,-0.006990672,-0.0015281001
0.17418681,0.19860478,0.20228383,0.1896109,0.17836896,0.16364019,0.13732709,0.114135236,0.09512979,0.08417564,0.07645979,0.07434797
0.14008415,0.11969819,0.10057703,0.0820263,0.06472103,0.04538016,0.035948537,0.033559907,0.036663875,0.04416457,0.05092413,0.05407723
-0.20436566,-0.1999819,-0.18122189,-0.16272396,-0.145845,-0.13037674,-0.10369992,-0.09228553,-0.07796094,-0.07014284,-0.06392533,-0.05832986
0.04661074,0.039030433,0.029521078,0.014054988,0.010194626,-0.002646029,-0.008491358,-0.019437246,-0.022044774,-0.025798379,-0.025967164,-0.021788858
-0.06838752,-0.08143422,-0.047858626,-0.031664297,-0.013138246,-0.0077621825,0.0033394992,0.0048990212,-0.0022021234,-0.009382371,-0.017765675,-0.020926308
0.6805193,0.6697004,0.5858435,0.5203527,0.45475522,0.37472916,0.2944896,0.24304114,0.22940424,0.22191703,0.22530761,0.23414016
0.16276805,0.19667363,0.20872813,0.22846648,0.21722686,0.20101431,0.16180131,0.14521451,0.12858233,0.119434215,0.10941306,0.10458579
0.69436926,0.7403475,0.65190136,0.6012217,0.52528477,0.46731627,0.37794006,0.348762,0.31632352,0.29604548,0.28118834,0.26459226
0.27157378,0.26447314,0.25939637,0.21787779,0.19198465,0.15914622,0.14605552,0.12459772,0.124260396,0.12970309,0.13512701,0.14034685
-0.27867323,-0.27702397,-0.23706432,-0.19522728,-0.15998806,-0.13259724,-0.105179995,-0.08907703,-0.08446963,-0.086621955,-0.09043421,-0.08859291
-0.21692532,-0.14369753,-0.08293527,-0.025237605,-0.0011866987,0.029642522,0.03216487,0.020371765,-0.010534033,-0.047622398,-0.07216382,-0.08446587
0.057879128,0.046281535,0.029152073,0.008469485,0.00078790635,-0.010950673,-0.010658357,-0.021388736,-0.030188471,-0.03975536,-0.04477842,-0.049678426
-0.22057238,-0.22668628,-0.18715596,-0.14630172,-0.105259,-0.08829665,-0.0786681,-0.07788919,-0.084340475,-0.101074874,-0.1177907,-0.12193144
0.06806509,0.050661564,0.035009533,0.028804943,0.020636499,0.018022988,0.013420284,0.015460219,0.011184584,0.009102462,0.008236004,0.005630996
0.012161778,0.015877582,-0.004401844,-0.008827641,-0.011347833,-0.0067427065,-0.014465811,-0.011873147,-0.00398048,0.0026044343,0.0057312567,0.007024013
0.04646251,0.027468452,0.034389988,0.037024323,0.041088838,0.035287146,0.036359243,0.033488445,0.025110818,0.020179588,0.0167996,0.014853684
0.06838593,0.05531332,0.051698532,0.03689835,0.029914185,0.019351933,0.017581634,0.015619326,0.01721672,0.020777792,0.022712404,0.023337808
-0.102615625,-0.12487844,-0.121524036,-0.11078713,-0.10581321,-0.09822909,-0.084167525,-0.07277809,-0.06291936,-0.05482419,-0.0481288,-0.041484017
0.18149266,0.18672979,0.1734924,0.150487,0.13687912,0.1214319,0.10299816,0.08659409,0.07379729,0.06388883,0.058510706,0.052655645
0.6313841,0.961614,1.0280473,0.8968142,0.83324194,0.7854751,0.7349491,0.60157084,0.5418789,0.49516317,0.4601964,0.41971546
-0.109351955,-0.096913435,-0.09817884,-0.11635913,-0.11306645,-0.09602998,-0.075102255,-0.06450762,-0.045153894,-0.028812746,-0.017458543,-0.0154622905
0.1306657,0.11881614,0.1113555,0.09864642,0.08817011,0.0722612,0.060597405,0.05158751,0.046043728,0.04554658,0.04459111,0.044473484
-0.23983625,-0.24451457,-0.24204928,-0.20677151,-0.19192436,-0.1613466,-0.15260257,-0.12448376,-0.10925291,-0.09535895,-0.09055528,-0.08594054
0.042898368,0.057258822,0.061060313,0.05107621,0.048538942,0.047426403,0.039738633,0.033556335,0.03545861,0.041651413,0.044788487,0.048975736
-0.32227165,-0.3133949,-0.26349455,-0.24864699,-0.22131279,-0.20365897,-0.1544134,-0.15037018,-0.13796604,-0.13383858,-0.124800116,-0.11277143
-0.061054446,-0.046463065,-0.039429773,-0.027679138,-0.01483959,-0.0031123683,-0.00059127435,-1.2658536e-05,-0.0021652337,-0.0074769463,-0.012894541,-0.016610872
0.1053509,0.113872126,0.124277696,0.12614936,0.12250531,0.11046457,0.09703963,0.07966158,0.056594178,0.03532397,0.020805502,0.011834551
-0.049533922,-0.025891162,-0.011867665,0.011899911,0.03744349,0.05652283,0.052345388,0.050855324,0.038234003,0.022257244,0.0072851907,-0.0041310247
0.18212664,0.22424272,0.24121878,0.23863716,0.23056093,0.20833288,0.18208633,0.14333859,0.09897499,0.053900197,0.026797108,0.012963731
-0.033566542,-0.026661776,-0.03009381,-0.02223418,-0.018979173,-0.0103932265,-0.014245838,-0.011463556,-0.012961678,-0.014563279,-0.017146727,-0.01839651
0.32548493,0.33075517,0.3077168,0.2701701,0.22981785,0.19401102,0.17823336,0.16437343,0.15522356,0.16003442,0.16904593,0.17072588
0.055979677,0.05925544,0.0627982,0.048927587,0.04437362,0.03441962,0.030441048,0.024022799,0.026641004,0.027923048,0.029414823,0.032192845
0.07200618,0.052970987,0.038783327,0.046936065,0.046303056,0.034898937,0.016420603,0.013335958,0.01226186,0.009141963,0.0043822844,0.0038486905
-0.07554957,-0.060561802,-0.039481983,-0.033019334,-0.007964529,0.00430689,0.018427588,0.01349967,0.008657116,-0.001139529,-0.008830698,-0.013477668
0.15824194,0.16143954,0.14199217,0.1027961,0.08817562,0.07886953,0.07995687,0.073802516,0.07889134,0.096152075,0.10792602,0.11584665
0.65165627,0.56083053,0.50298274,0.44317144,0.4046703,0.34627253,0.29265437,0.27677107,0.25191003,0.2580753,0.24603724,0.22497047
0.055871774,0.060786597,0.041528065,0.032738544,0.020039193,0.01733645,0.0108867325,0.010248095,0.012995139,0.016770927,0.02183659,0.023116587
-0.04950316,-0.06843293,-0.052310355,-0.06226718,-0.056619447,-0.056190245,-0.041677903,-0.047474317,-0.053132724,-0.056587763,-0.05844959,-0.057200696
0.1532947,0.2075538,0.18163227,0.17146784,0.15534157,0.14800388,0.097027496,0.07067598,0.039406605,0.0125600705,-0.006740489,-0.019176837
0.5531695,0.4704374,0.39387035,0.30877256,0.24700099,0.17568511,0.12858135,0.10535249,0.07769625,0.06577539,0.053981274,0.039330944
0.055039622,0.040653978,0.016784646,0.0045198053,-0.0039485022,-0.006966602,-0.0009467453,0.0037587993,0.009816341,0.014332641,0.019248629,0.017512025
-0.8604889,-0.9374987,-0.9214129,-0.7701212,-0.67064685,-0.5348878,-0.45107335,-0.32980037,-0.25703782,-0.20158349,-0.17235717,-0.15332973
0.088079035,0.12959823,0.14782923,0.13177194,0.12096819,0.11027655,0.10317567,0.08017661,0.06953494,0.06634727,0.06783515,0.07378615
0.03321112,0.02415941,0.018235166,0.020899307,0.014948534,0.0071239825,0.008176107,0.0069088303,0.0081156995,0.0071920697,0.008728492,0.009310029
0.06588535,0.028271697,-0.014786959,-0.020867221,-0.041863717,-0.055802733,-0.07707311,-0.069633305,-0.067976534,-0.064833075,-0.06306329,-0.06179367
0.3954682,0.38923588,0.37445033,0.3472591,0.31578976,0.2730742,0.21244907,0.17920214,0.13895078,0.1119225,0.087833874,0.070707865
-0.0096261185,0.0013784096,0.014532836,0.019067109,0.024013575,0.024947604,0.03025918,0.024974603,0.018433409,0.009158699,0.0038709398,2.135057e-05
-0.26107243,-0.2821734,-0.27016574,-0.26112252,-0.24456856,-0.21467187,-0.19643742,-0.17906041,-0.16842042,-0.15977037,-0.15789601,-0.15482251
-0.24780661,-0.18403324,-0.14950076,-0.11537634,-0.09752017,-0.038711257,-0.026910111,0.007689126,0.03252183,0.05730757,0.061219897,0.05409482
-0.06625879,-0.08388825,-0.07606278,-0.0544732,-0.042942394,-0.030534934,-0.01602381,-0.00024250243,0.0073177796,0.016434979,0.020130053,0.019901799
0.00014384133,-0.0022162022,0.007282719,0.027367692,0.041652165,0.04335037,0.046600476,0.043364044,0.030119209,0.013797212,0.0038934816,-0.0009386055
-0.38806415,-0.38529527,-0.35346115,-0.3328628,-0.30019403,-0.25650772,-0.20197941,-0.17190978,-0.14852785,-0.13263497,-0.12074996,-0.113564394
-0.0013996474,-0.0125366915,-0.021767834,-0.02036538,-0.019735843,-0.01702197,-0.011740487,-0.0045154775,0.0021912567,0.009081695,0.013307519,0.013748454
0.08610144,0.15483767,0.1353608,0.13558564,0.11201623,0.10531543,0.072171286,0.049065758,0.031144232,0.012609638,0.0015762709,-0.010698162
-0.09992969,-0.09967748,-0.0866239,-0.071391255,-0.06191759,-0.053853806,-0.044872113,-0.039846495,-0.036942422,-0.035722755,-0.036346577,-0.03651212
-0.071137756,-0.024736203,-0.0059832186,-0.0048265755,0.0011194199,0.012423329,0.0181517,0.00923169,0.008094873,0.0026449263,0.0005130023,-0.001033729
0.64211166,0.6054918,0.49443403,0.45797604,0.35943592,0.27875426,0.18256187,0.16493747,0.16658925,0.1772261,0.19275549,0.20446643
-0.10682562,-0.13063495,-0.11764529,-0.09016441,-0.07324752,-0.061779365,-0.047172222,-0.03545627,-0.036497664,-0.03934697,-0.039634366,-0.03830148
-0.27705804,-0.26424572,-0.24065322,-0.21063069,-0.1886504,-0.15680477,-0.13635898,-0.1157857,-0.09993335,-0.09043904,-0.08354999,-0.07822555
-0.118031584,-0.15901819,-0.15121485,-0.13492547,-0.12269557,-0.11709016,-0.09664556,-0.08234395,-0.07951315,-0.08026693,-0.080112875,-0.08016667
-0.07604539,-0.08032395,-0.06476585,-0.07125,-0.06508351,-0.052231148,-0.029848639,-0.01815296,-0.015196852,-0.0050657205,-0.0030961968,-0.0046325866
-0.32693118,-0.3462045,-0.32842645,-0.2896321,-0.25912702,-0.22180688,-0.21350396,-0.1884551,-0.19057545,-0.19539203,-0.20807046,-0.21266036
-0.13534854,-0.15217371,-0.12882192,-0.115583405,-0.09508595,-0.08116906,-0.05396235,-0.042197537,-0.037360787,-0.037146106,-0.037665907,-0.037006352
-0.08038868,-0.046923667,-0.011464804,0.0017739311,0.010680795,0.006884761,0.006033838,-0.011241265,-0.024970435,-0.0459244,-0.05814594,-0.062414363
0.11795192,0.10449518,0.093916655,0.07930658,0.06445718,0.048071697,0.035538025,0.027025802,0.016700847,0.012267761,0.008289067,0.004805248
-0.09596347,-0.10366997,-0.087530516,-0.084392324,-0.0700538,-0.06542631,-0.041551564,-0.037792586,-0.032191757,-0.030947277,-0.028842002,-0.025608
0.19557078,0.17861266,0.13987832,0.11710454,0.09158261,0.07309739,0.047788344,0.04257305,0.035653725,0.03106387,0.028004088,0.023117434
0.14114603,0.12998444,0.11246363,0.08738898,0.06989252,0.05377821,0.040662885,0.035086885,0.034687318,0.037577864,0.03801742,0.03761096
-0.1174739,-0.12336831,-0.11732861,-0.11799221,-0.108334556,-0.09840931,-0.0831512,-0.07506979,-0.06667668,-0.061570797,-0.05803441,-0.05433262
0.085171044,0.09859432,0.09984615,0.09507988,0.085064135,0.06986347,0.057074226,0.043807723,0.03286602,0.021464512,0.015772883,0.013184517
0.23405091,0.16251388,0.10652545,0.06375867,0.042462617,0.021362618,0.014840543,0.026432559,0.04294341,0.06661586,0.08216164,0.08646643
-0.104972154,-0.118312165,-0.10314876,-0.10779554,-0.10392663,-0.098487936,-0.08352968,-0.07495047,-0.06482827,-0.053866424,-0.04626829,-0.038660243
0.01313249,0.028182976,0.03495449,0.04859254,0.04746763,0.039651528,0.028051846,0.01900355,0.01367656,0.0069677997,0.0044183675,0.0058309287
-0.096818954,-0.08920241,-0.07171808,-0.054397434,-0.044765323,-0.039851528,-0.03077086,-0.031503532,-0.035484448,-0.045515507,-0.0493814,-0.050893597
0.014908288,0.039869737,0.042532235,0.008337617,-0.0015367214,-0.0006230315,0.007123649,3.5203993e-06,0.0023360346,0.0104420595,0.015805716,0.014253687
-0.09483126,-0.14204797,-0.15709111,-0.14245816,-0.12726071,-0.11361062,-0.09691315,-0.07086055,-0.053688318,-0.036093995,-0.028816305,-0.028568681
-0.18505506,-0.1804133,-0.1754646,-0.15319192,-0.13226898,-0.10436256,-0.078424826,-0.062199693,-0.058018975,-0.057181194,-0.05593169,-0.058131255
0.18562904,0.12851894,0.091138124,0.06352639,0.0456865,0.022995353,0.016841665,0.020025231,0.021407425,0.03058638,0.037436698,0.041210923
0.8875735,0.83521104,0.76554734,0.69503504,0.62965906,0.55206096,0.50381035,0.46753186,0.430811,0.41342887,0.4175077,0.4143417
-0.055493068,-0.023496307,-0.02594103,-0.022357002,-0.013276152,-0.0006563626,-0.002306655,-0.0037013441,0.0038796123,0.008588092,0.010390855,0.010857236
0.2710054,0.253299,0.20576888,0.1646946,0.13200974,0.104411334,0.07552475,0.07140295,0.08302456,0.1003485,0.10998175,0.11224754
-0.14732097,-0.14481996,-0.13341752,-0.11087851,-0.090877555,-0.072825804,-0.06012915,-0.052634142,-0.05501822,-0.062332317,-0.069334224,-0.07368112
0.12947562,0.1231779,0.11244047,0.08769111,0.073283166,0.055914238,0.05543323,0.050733224,0.051119655,0.05832227,0.062046506,0.06334738
-0.10245666,-0.10609323,-0.105011664,-0.10013582,-0.091944516,-0.07912775,-0.06654234,-0.053894337,-0.0402868,-0.029261794,-0.022297144,-0.016969513
0.08343405,0.08576101,0.08704704,0.07219072,0.061698776,0.041802846,0.03847006,0.024683714,0.02634431,0.029236445,0.034882978,0.040958427
-0.19029224,-0.18852352,-0.16639525,-0.15462625,-0.1341982,-0.11434221,-0.08944722,-0.0759626,-0.061362766,-0.050036795,-0.04383688,-0.039646517
-0.0223995,-0.013094353,-0.021738037,-0.033290073,-0.037053134,-0.037255045,-0.03790068,-0.041843787,-0.038230345,-0.034216937,-0.031500623,-0.031240229
-0.07983977,-0.07955818,-0.048951756,-0.04808492,-0.035611827,-0.033501625,-0.010864485,-0.012767155,-0.013089955,-0.01834425,-0.020373175,-0.020123087
-0.10754065,-0.13012998,-0.118244074,-0.09263286,-0.0738987,-0.061819054,-0.057479724,-0.050043333,-0.060764614,-0.071890555,-0.082976,-0.08939659
0.13891181,0.24875824,0.30323982,0.25838757,0.22691727,0.20753846,0.18082735,0.13757426,0.120730944,0.115813866,0.116075955,0.122186646
0.03741747,0.028925136,0.02864571,0.034288723,0.034239184,0.032620728,0.031052135,0.026891097,0.015118441,0.0075487792,0.00556993,0.004911051
0.27615336,0.20339586,0.13204902,0.09482932,0.05927682,0.019214451,-0.0023845434,-0.0075922534,-0.008584946,-0.009973519,-0.0077094883,-0.0072672963
-0.113291025,-0.044127047,-0.038747057,-0.005190924,0.005883351,0.041988105,0.05416687,0.068011194,0.07564247,0.08358838,0.08826381,0.08750664
-0.19261186,-0.18866596,-0.16838278,-0.13993637,-0.12228175,-0.09607383,-0.07093993,-0.050513934,-0.041699048,-0.03470464,-0.030210726,-0.029032115
0.29093695,0.33831793,0.33933383,0.30205378,0.2883201,0.23906413,0.18732062,0.13271081,0.10587068,0.08121878,0.060897056,0.055620883
0.1590417,0.2010242,0.22192976,0.1998054,0.18851133,0.16873977,0.1444995,0.11383918,0.09638652,0.08484648,0.07676692,0.07497141
0.0012591779,-0.019461177,-0.052349083,-0.06484963,-0.07355731,-0.07368247,-0.06289191,-0.05266455,-0.03229031,-0.014071047,0.0007612966,0.0053447373
0.08105382,0.09029907,0.07656055,0.06165316,0.050846,0.04159438,0.0383968,0.03127008,0.03383576,0.03481728,0.039228074,0.040446557
0.06839663,0.08974697,0.09072329,0.070279844,0.0720668,0.06269934,0.0603779,0.041769147,0.037247315,0.030896578,0.029731538,0.027978843
-0.11228558,-0.11136772,-0.11097267,-0.10278443,-0.09773714,-0.082526594,-0.06973228,-0.05726462,-0.046544768,-0.039197452,-0.033718463,-0.03291238
0.07532549,0.07400547,0.08283399,0.08141704,0.07449086,0.05251682,0.046779264,0.03851527,0.042174943,0.04621426,0.052980326,0.06188923
-0.25499785,-0.24027576,-0.22558469,-0.17598097,-0.1435335,-0.11077836,-0.092061505,-0.07351448,-0.05824551,-0.050433625,-0.047805678,-0.045271955
0.24684101,0.20462759,0.1729054,0.15617919,0.14390448,0.12160732,0.100963876,0.09511827,0.08368539,0.08340148,0.07694622,0.07071634
0.08179079,0.051827945,0.037490815,0.008806132,-0.0024718493,-0.01839555,-0.015191421,-0.011056799,0.005982276,0.024336904,0.037533406,0.04508213
0.013582697,-0.021815002,-0.011359207,-0.005796138,0.0031666644,0.003399469,-0.0001690276,0.004922932,-0.005923381,-0.012954567,-0.02234944,-0.025779419
-0.050229322,-0.04419519,-0.054401673,-0.057717714,-0.049338363,-0.03956293,-0.031659894,-0.022067342,-0.006250223,0.0085763745,0.018550435,0.023723044
-0.010498045,-0.023314565,-0.021991897,-0.013812252,-0.0069455598,-0.004737897,-0.0035639629,-0.0020139879,-0.0020752568,-0.0042174496,-0.0028488594,0.0010478303
0.42195243,0.37883055,0.34561628,0.3053529,0.26872998,0.22202606,0.1751424,0.15056634,0.124651894,0.109140866,0.097422555,0.09134209
-0.1354718,-0.11762515,-0.10450621,-0.095016554,-0.07201223,-0.053099513,-0.039600745,-0.04015781,-0.04577443,-0.057607807,-0.06628297,-0.07247359
0.056648433,0.048906986,0.03470116,0.022965949,0.016572438,0.007862955,0.005545914,0.0017776471,0.00072074495,-0.00092973,-0.0014664512,-0.0034592757
-0.011324777,-0.015065728,-0.018446323,-0.019462386,-0.021075007,-0.024389062,-0.027800713,-0.030135114,-0.033680193,-0.038191278,-0.041038197,-0.04132481
-0.19202726,-0.16147548,-0.12408309,-0.112890944,-0.12128737,-0.11390686,-0.09877972,-0.10329929,-0.10648963,-0.114753544,-0.11141276,-0.10320841
-0.14440209,-0.16515113,-0.15040734,-0.20724055,-0.20136535,-0.2079786,-0.18598142,-0.19611225,-0.18764144,-0.18224889,-0.18366617,-0.18066981
-0.08003654,-0.09053453,-0.09072092,-0.06949499,-0.064325385,-0.055538457,-0.06102428,-0.054815095,-0.06717058,-0.08050068,-0.09002949,-0.09682147
-0.094989896,-0.07723509,-0.067629084,-0.040891387,-0.02677647,-0.0031076595,0.000769645,0.0067788623,-0.0038652867,-0.017089881,-0.025175348,-0.031262767
-0.23138185,-0.20517486,-0.18475085,-0.1818429,-0.16888778,-0.14829865,-0.12217963,-0.11416751,-0.09636316,-0.08398245,-0.07545023,-0.07014613
-0.19992769,-0.22094607,-0.20072854,-0.16110098,-0.12391308,-0.092197224,-0.05211354,-0.026788086,-0.014900098,-0.003882017,0.0064714607,0.011001805
0.84075224,0.77965987,0.6586179,0.5728726,0.5236343,0.4477499,0.37817615,0.31733838,0.27875438,0.255327,0.24930231,0.24168855
0.12020504,0.18031996,0.19430193,0.20650962,0.20462614,0.17282605,0.15851974,0.11552158,0.08560377,0.044682994,0.028184306,0.019624628
-0.055447686,-0.04107809,-0.070156895,-0.023394883,-0.0430549,-0.02908979,-0.031774025,-0.024314582,-0.026337935,-0.029037677,-0.02157238,-0.012783397
-0.2861612,-0.2711926,-0.23904759,-0.20827736,-0.18111463,-0.15366796,-0.12376034,-0.11138645,-0.09980933,-0.096485,-0.093104646,-0.08841185
0.25742173,0.28129306,0.30047774,0.31616896,0.31375223,0.2877498,0.24657147,0.20350775,0.13711832,0.072927676,0.028466485,0.0017637983
0.103171945,0.081677504,0.064728215,0.05056557,0.03771165,0.024301313,0.013273805,0.008969862,0.0017454363,-0.0030889455,-0.0058448743,-0.00803612
-0.025809325,-0.048460394,-0.059559945,-0.07016307,-0.07329014,-0.07133144,-0.064129464,-0.056460567,-0.05041657,-0.04382363,-0.039980654,-0.039735485
-0.33799416,-0.28739694,-0.2822968,-0.25890988,-0.23752715,-0.19410911,-0.19118503,-0.17603406,-0.15907866,-0.14868604,-0.14603525,-0.14208579
0.056724302,0.03276454,0.04254671,0.05925923,0.059379384,0.046707004,0.03347656,0.027002983,0.019384231,0.008208356,0.0004418455,-0.0009157192
0.092736416,0.077056594,0.05028762,0.033288516,0.015819281,0.0035976544,-0.0021551996,-0.00089552626,0.0008250065,0.0046476554,0.008941976,0.009185988
0.1939241,0.18561189,0.15447426,0.13197851,0.10863058,0.08861754,0.06692781,0.0602884,0.062289447,0.067631245,0.07180582,0.072873294
0.13590163,0.07351327,0.042731956,0.03353581,0.029637843,0.01714725,0.0026349425,0.005230911,-0.003945619,-0.010039944,-0.017073084,-0.021053478
-0.10022731,-0.16279614,-0.17232534,-0.14247666,-0.121075414,-0.098884925,-0.08411325,-0.055384792,-0.055887744,-0.056494147,-0.06178638,-0.069256485
0.012027803,0.03454321,0.037881225,0.040718593,0.03704644,0.035377115,0.030795634,0.023083765,0.020599972,0.017219871,0.01734016,0.01699415
0.14584555,0.13215306,0.12521292,0.114732645,0.10212075,0.08278707,0.06700238,0.05574861,0.039592355,0.025465356,0.01634629,0.011408813
0.0028493814,-0.008873371,-0.010566279,-0.011188511,-0.0033697486,-0.0005825339,0.0046425276,0.0063400604,0.013280764,0.020520536,0.023286477,0.026027782
-0.020285986,-0.052852955,-0.07689926,-0.065301016,-0.058922376,-0.050964214,-0.0453812,-0.0281427,-0.023262396,-0.0211928,-0.020969527,-0.024909906
-0.06202148,-0.044615183,-0.040436853,-0.033292733,-0.031034626,-0.023614336,-0.019542981,-0.020044655,-0.022766188,-0.025897533,-0.028190846,-0.03259646
0.028045923,0.009986477,-0.00976564,-0.014846297,-0.018379118,-0.013732389,-0.023322228,-0.015268635,-0.0071247946,0.00046554022,0.0043596895,0.007139097
-0.083772585,-0.061159715,-0.07143566,-0.06658488,-0.06278308,-0.046353668,-0.052405477,-0.046786133,-0.036545858,-0.02991252,-0.026077356,-0.023461439
0.3242552,0.3182962,0.2602914,0.22678104,0.19860226,0.17575239,0.16055225,0.14583836,0.13719073,0.13378817,0.13564846,0.12583238
-0.36757538,-0.38511688,-0.3607536,-0.29748577,-0.2522323,-0.20064989,-0.16320695,-0.12673235,-0.112460464,-0.10388121,-0.10445671,-0.10325277
0.0034055766,-0.020311309,-0.02103975,-0.018547732,-0.014789008,-0.015324516,-0.014380127,-0.010430459,-0.012924509,-0.010860602,-0.011281773,-0.008202463
-0.14384714,-0.1181497,-0.09166393,-0.06605922,-0.041961044,-0.023021065,-0.008188404,-0.0041580647,-0.0019328073,-0.005209908,-0.007008314,-0.006108878
-0.024281919,-0.020483986,-0.016481731,-0.017411422,-0.023142036,-0.025910836,-0.028608017,-0.032874733,-0.028212165,-0.024616068,-0.020484213,-0.01575312
0.10869605,0.068945214,0.04147002,0.022444122,0.014828175,0.0046188533,0.0036321357,0.012767307,0.028107718,0.043991342,0.05377329,0.05980074
-0.12394319,-0.12082675,-0.08376072,-0.059822857,-0.042526685,-0.0372274,-0.02838929,-0.028313026,-0.03384003,-0.0438657,-0.052722022,-0.054059133
-0.07911429,-0.051768817,-0.02609554,-0.03957385,-0.04501193,-0.0435298,-0.040641576,-0.041361652,-0.023766167,-0.0059313737,0.0067694746,0.019947913
0.002224667,0.024812276,0.040823888,0.05164593,0.059161667,0.05521232,0.0524419,0.03796067,0.01396618,-0.014504213,-0.034017622,-0.046895232
0.054032397,0.042004168,0.026071608,0.014873974,0.0011487156,-0.0064770244,-0.009126745,-0.0030530952,0.004781982,0.01489308,0.021349164,0.023561623
-0.070024975,-0.07559265,-0.06572456,-0.050744615,-0.040871955,-0.030954737,-0.02427964,-0.021057066,-0.02977788,-0.042381473,-0.051440187,-0.057155155
0.17165825,0.21207137,0.24324346,0.2404137,0.2224121,0.19464001,0.16823287,0.1372233,0.10989458,0.0891119,0.07765269,0.076647915
-0.08759643,-0.11984713,-0.102130234,-0.08701754,-0.07277782,-0.06692138,-0.045859084,-0.032149114,-0.033222526,-0.037080675,-0.04232531,-0.045294262
-0.26158538,-0.29458556,-0.28946835,-0.24312271,-0.2169021,-0.18833315,-0.1659843,-0.13291834,-0.119022146,-0.11193331,-0.108173355,-0.104187995
-0.60149455,-0.63458765,-0.61073923,-0.55134887,-0.49065384,-0.42120507,-0.3594488,-0.30436826,-0.25862265,-0.2244811,-0.20324758,-0.18964803
-0.087577954,-0.127567,-0.08936441,-0.07172158,-0.05649081,-0.06915975,-0.09368669,-0.07951635,-0.06855981,-0.053993836,-0.05130074,-0.03082332
0.12156593,0.13549504,0.12634902,0.09738554,0.08656503,0.07557124,0.06879022,0.05386328,0.0471052,0.04369843,0.04114587,0.037525743
-0.017253952,-0.03356621,-0.04362534,-0.03684116,-0.034025155,-0.032681234,-0.03654638,-0.031217651,-0.036560073,-0.043146923,-0.04866002,-0.05232244
0.14339878,0.11401831,0.09324965,0.067456305,0.05108817,0.033963084,0.041421875,0.041749455,0.040685505,0.043793343,0.050633468,0.051987227
0.035770483,0.024755668,0.013443667,0.011103559,0.0042095184,0.00018391013,0.00068020076,0.009774584,0.01849839,0.029076722,0.037495118,0.04380874
-0.2774398,-0.27825177,-0.25867242,-0.22848743,-0.19928865,-0.16882181,-0.13889909,-0.11528472,-0.09584819,-0.08244036,-0.07556239,-0.07165279
-0.44365764,-0.4349462,-0.39202327,-0.32166785,-0.24935398,-0.21245262,-0.21623787,-0.1934266,-0.17150635,-0.16643308,-0.17097244,-0.1526551
-0.005032871,-0.026467804,-0.0525724,-0.062477827,-0.06755924,-0.06440316,-0.05992417,-0.043478433,-0.025735563,-0.0051964168,0.007188118,0.012832027
-0.2499504,-0.22770828,-0.21225864,-0.17806953,-0.15567482,-0.1277669,-0.1139362,-0.09733386,-0.08941014,-0.08907048,-0.09160871,-0.09319997
-0.34137675,-0.33076203,-0.29878524,-0.28144854,-0.25175712,-0.22289921,-0.17741144,-0.1645146,-0.1442374,-0.13395831,-0.12472232,-0.11492454
-0.057659276,-0.049733415,-0.0236786,-0.010333445,0.0019924715,0.0026263185,0.012482487,0.0107287355,0.010827776,0.006009046,0.0035756472,0.0045430325
-0.122822024,-0.085138276,-0.05962354,-0.024377756,-0.015477493,0.0025133044,0.002818875,0.0046759285,-0.0040561445,-0.012090847,-0.017764054,-0.019741684
-0.46877944,-0.5014169,-0.4646161,-0.40426272,-0.35821497,-0.31440818,-0.2706132,-0.2336349,-0.2152175,-0.20791438,-0.2049903,-0.19486177
0.109946474,0.092100665,0.060211256,0.042936236,0.032134943,0.024984173,0.017036617,0.019546274,0.021334663,0.024583045,0.026966527,0.024661059
0.026861638,-0.04892385,-0.083224334,-0.0776939,-0.103220455,-0.11917521,-0.13570099,-0.11714355,-0.11846027,-0.1186541,-0.11514345,-0.10789551
-0.30173942,-0.2774814,-0.24294133,-0.20774771,-0.1759179,-0.14107563,-0.11450288,-0.09807605,-0.09176101,-0.09241755,-0.09465667,-0.095726915
0.14285332,0.12371561,0.086496815,0.05630637,0.035022974,0.018410124,0.006125845,-0.0011101663,0.0074213147,0.015105024,0.023348868,0.027961746
0.1371198,0.13043757,0.12984383,0.11046743,0.09654982,0.075357765,0.05826045,0.04094556,0.025950357,0.016571686,0.009788368,0.005462628
-0.3587702,-0.34108615,-0.31190193,-0.2564245,-0.21948835,-0.17490092,-0.14906998,-0.122476056,-0.11214862,-0.10968566,-0.10995349,-0.10807562
0.20239383,0.18980214,0.15674369,0.123587936,0.09244603,0.07162449,0.05886796,0.05244492,0.06455815,0.08445182,0.104024135,0.119006574
0.07868907,0.13841483,0.15998387,0.16776514,0.16360494,0.16021478,0.14525318,0.11731973,0.08899942,0.06254478,0.044959396,0.032237202
0.26100656,0.23273167,0.2110781,0.17875311,0.14740795,0.11752976,0.0899799,0.079357,0.066866174,0.06703701,0.06828736,0.0691978
0.023014031,0.06899634,0.07864671,0.07954661,0.071419775,0.06615687,0.051027596,0.03295935,0.02565832,0.017872393,0.013650455,0.014413951
0.050659034,0.04281449,0.028305478,0.025320437,0.022265442,0.018577188,0.017117318,0.019506559,0.024669992,0.028714735,0.032511972,0.03494545
0.023516195,0.024497192,0.009442797,0.010552648,0.007468948,0.006839509,-0.0022415966,-0.0024400307,-0.0033686408,-0.0038670707,-0.004353033,-0.0041818675
0.34862393,0.31763306,0.2900662,0.26308072,0.23291518,0.19155003,0.16809343,0.14634542,0.11059602,0.082336456,0.06755432,0.05469525
0.2312881,0.22145392,0.19595915,0.18004884,0.15277717,0.123774655,0.10201277,0.08756537,0.07993728,0.07496545,0.076266415,0.076666266
0.27448854,0.25760418,0.2473003,0.21667252,0.19387765,0.16141862,0.13378537,0.112245075,0.09486982,0.08525318,0.07938771,0.07884868
0.1519773,0.16524988,0.19070284,0.220148,0.2228056,0.20519319,0.17404321,0.14578708,0.09370832,0.043234278,0.007050261,-0.009494595
0.10486408,0.10327485,0.09858285,0.08830312,0.08072202,0.07424435,0.071617976,0.06807975,0.06525125,0.06553796,0.06665371,0.066041835
0.054180022,0.055689245,0.043556165,0.026848381,0.016917711,0.0049836803,-0.005382968,-0.0143433325,-0.010443009,-0.0074785873,-0.0055119386,-0.0025091474
0.17401116,0.18028271,0.17675474,0.16859438,0.16394617,0.14716548,0.1347581,0.11952285,0.10829399,0.09997474,0.093501255,0.08574523
0.012548363,0.002971027,-0.00036656857,-0.013858896,-0.021449432,-0.021798775,-0.017768508,-0.01457165,-0.009462934,-0.0004894212,0.0047977744,0.006526121
0.058084607,0.031021826,0.0055328906,-0.024495661,-0.038166,-0.050672315,-0.048370637,-0.0434312,-0.03508784,-0.02558002,-0.017108342,-0.012572782
0.010949213,-0.033248402,-0.058459565,-0.06366763,-0.058268137,-0.057378247,-0.042280827,-0.023366624,-0.008563273,0.0064396057,0.016774762,0.02095168
0.007400956,0.02229009,0.051615488,0.04608337,0.05328216,0.036198013,0.03830275,0.015782528,0.002077788,-0.01832658,-0.028959509,-0.0323787
0.22002593,0.20334959,0.19274744,0.17736113,0.154679,0.12340547,0.11591812,0.10005266,0.085250914,0.0711178,0.06664693,0.06223689
-0.13937011,-0.10878889,-0.09640925,-0.07955522,-0.06827453,-0.054246135,-0.04587677,-0.042927857,-0.035386827,-0.033561453,-0.032146364,-0.02831021
0.06253855,0.06704952,0.044223517,0.049551807,0.04284022,0.039964188,0.02276538,0.021088975,0.010926213,0.0027298266,-0.0031695552,-0.0088017285
0.11526578,0.10346625,0.07904204,0.060392722,0.048797004,0.034979884,0.020413153,0.012690103,0.0056719687,0.00073856115,-0.00020089,-0.0013504438
0.07928728,0.06132739,0.059839956,0.048049144,0.04304167,0.03303186,0.030821942,0.029272942,0.023971856,0.023346672,0.020730056,0.017150652
0.01538968,0.022964848,0.027026678,0.02751656,0.027119458,0.021005694,0.017392347,0.012019159,0.0107369255,0.007087745,0.0051752636,0.0051093213
0.13785046,0.101343684,0.05279936,0.038070366,0.018423885,0.002532065,-0.0042004883,0.0024069622,0.016012333,0.03180871,0.04412172,0.050090317
0.15277022,0.1225834,0.13884324,0.13571446,0.126717,0.10683003,0.0964663,0.088461824,0.074347675,0.06631723,0.05972435,0.056949712
0.008660819,-0.012975242,-0.014534213,-0.029583884,-0.03201578,-0.04217833,-0.03771779,-0.040815312,-0.04123299,-0.043391682,-0.044583388,-0.044574536
0.001156888,0.0009662397,0.02361669,0.021551404,0.026043992,0.021369316,0.011948373,-0.0010676049,-0.018150643,-0.03677894,-0.049521297,-0.052181926
-0.08142105,-0.1431989,-0.1306584,-0.08793843,-0.057903875,-0.05985011,-0.044238776,-0.02684689,-0.023471776,-0.026808422,-0.03238622,-0.031029299
0.20311232,0.19615439,0.20213084,0.17281157,0.15755868,0.123259574,0.12037535,0.09349077,0.074085176,0.057598583,0.04991836,0.04344628
-0.15577519,-0.13662277,-0.13353492,-0.12306177,-0.11619199,-0.09233922,-0.077447265,-0.06460675,-0.05607079,-0.050245166,-0.04610039,-0.04755423
0.10364398,0.08757079,0.0726259,0.0646503,0.060214147,0.05669188,0.051555015,0.0534276,0.050282374,0.052566435,0.05336383,0.052889716
0.0016645971,-0.0037192581,-0.017012388,-0.0039985934,-0.01001264,-0.013725005,-0.02255109,-0.018127922,-0.017439004,-0.018739015,-0.020506604,-0.022429487
-0.24869344,-0.26743615,-0.19868994,-0.17337462,-0.1294755,-0.1368185,-0.120426774,-0.1337718,-0.12008632,-0.11937522,-0.1162024,-0.093982294
0.3484745,0.33753583,0.26925197,0.23048972,0.1924321,0.16188638,0.13546592,0.12648234,0.117320254,0.110212795,0.107767515,0.092966184
0.30270687,0.27672914,0.23613477,0.18576735,0.16136798,0.13302365,0.10305965,0.08024088,0.06624885,0.058630444,0.05652786,0.05496288
0.35299003,0.32788366,0.29798877,0.2695575,0.2610801,0.23040266,0.18967551,0.16334815,0.12727451,0.09743669,0.07719566,0.06422482
-0.17668416,-0.22245614,-0.26182994,-0.2451276,-0.2455839,-0.24048293,-0.26200703,-0.24352407,-0.23153463,-0.23705052,-0.24818619,-0.25401878
-0.07987648,-0.07619983,-0.059453916,-0.03850256,-0.024316683,-0.015726913,-0.007955812,-0.0070604384,-0.015596572,-0.025853213,-0.03231238,-0.0356601
0.16469836,0.1740602,0.21095212,0.22058146,0.21445769,0.21912001,0.17096472,0.16265954,0.11986874,0.100579366,0.079943985,0.06816076
-0.08530405,-0.07450539,-0.08393549,-0.07620926,-0.07451607,-0.05621657,-0.053058416,-0.04028389,-0.030904993,-0.02188312,-0.017164152,-0.018160839
0.021717917,0.0058895545,0.01905419,0.0054497365,0.013631657,0.0071116686,0.021708895,0.01674752,0.024351165,0.026982028,0.031006144,0.034752287
0.08036366,0.07525616,0.07896137,0.08022612,0.07577482,0.066717386,0.07467775,0.06900368,0.053385086,0.039747797,0.036554515,0.031611025
-0.018700428,-0.014718182,-0.041916568,-0.04907669,-0.05958907,-0.049470354,-0.055108182,-0.045009706,-0.04036057,-0.03393211,-0.029577754,-0.02813174
0.027225548,0.021588497,0.0028566346,-0.008556232,-0.010794908,-0.009547191,-0.009636242,-0.0076889507,-0.0025750864,0.003610428,0.007875312,0.008741569
0.1315506,0.09740193,0.069740504,0.056276068,0.050956167,0.040805064,0.0332129,0.035078492,0.0339443,0.03624744,0.0371069,0.034628935
0.6421081,0.65985,0.58784205,0.50951487,0.48586598,0.45684367,0.42522004,0.39692646,0.37400126,0.35526416,0.35163635,0.343886
-0.3152793,-0.25379866,-0.20101601,-0.16599745,-0.13854705,-0.109658405,-0.08306979,-0.08205578,-0.073593825,-0.07445303,-0.07377486,-0.069775686
0.19177592,0.18585888,0.1728377,0.15575156,0.14917147,0.12404615,0.10258249,0.08699751,0.078051455,0.06740211,0.060462005,0.056182858
0.06704308,0.4420197,0.581602,0.46677572,0.4458475,0.42367914,0.42321748,0.28365308,0.26356775,0.2390757,0.23081294,0.22201248
-0.23027986,-0.17548372,-0.1333915,-0.11889598,-0.095694035,-0.07178639,-0.046765625,-0.04840143,-0.043467477,-0.043967642,-0.04582917,-0.046496846
0.081522055,0.08459547,0.065972425,0.049947947,0.03469385,0.025536649,0.017783139,0.014814664,0.02126924,0.02881962,0.035553556,0.038866658
-0.0616026,-0.059571747,-0.0456397,-0.048046235,-0.05109777,-0.049937066,-0.04371151,-0.037244137,-0.025960268,-0.013025384,-0.001470847,0.011819188
0.31712425,0.26176238,0.20320135,0.16275895,0.120441526,0.08427203,0.057016537,0.06313452,0.0802952,0.1067104,0.12932265,0.14492922
0.3133547,0.28465188,0.25174555,0.21562696,0.18651654,0.15665905,0.14101484,0.13451257,0.13460079,0.14478728,0.15691338,0.15818925
0.15139408,0.18102801,0.18711272,0.15871842,0.14095151,0.118293874,0.10086492,0.07382545,0.0552548,0.039443947,0.029636709,0.022500321
-1.1359267,-1.1554692,-1.0814445,-0.9235623,-0.80677027,-0.66354614,-0.5673882,-0.4646485,-0.43379962,-0.42067647,-0.42903274,-0.4369163
0.52389205,0.49452728,0.44759828,0.43565065,0.41065383,0.3749073,0.3266964,0.3102383,0.26311684,0.24577901,0.22635585,0.19929075
0.08771737,0.11482504,0.10255881,0.093991704,0.08762196,0.08898264,0.0698632,0.066943586,0.07169034,0.081285775,0.083923735,0.082884684
0.18500006,0.19615844,0.16940168,0.148792,0.13169886,0.12000417,0.09727949,0.084757164,0.0706981,0.06228283,0.055349384,0.04618802
0.023575328,0.017869717,0.025295395,0.024208765,0.025953252,0.018329818,0.0134164775,0.007265076,-0.00080877356,-0.009705586,-0.016713638,-0.021964148
-0.05818493,-0.046834752,-0.03889704,-0.04931154,-0.05052015,-0.050635405,-0.041662343,-0.04534082,-0.041654773,-0.04196893,-0.03944592,-0.037790656
0.15000996,0.19945216,0.2377665,0.24191535,0.22329755,0.17970422,0.16590813,0.124140605,0.11507698,0.10956416,0.114733554,0.13171053
0.006301116,0.015887208,0.0073857233,0.009076089,0.001255976,0.002927376,0.0010436755,0.004225176,0.013727371,0.023033105,0.031131845,0.034625385
0.13802288,0.09697535,0.086435854,0.07113585,0.049177594,0.024917245,0.010176852,0.0009724125,-0.02073351,-0.03363913,-0.042530637,-0.046937212
0.1428795,0.09351571,0.07439344,0.05959615,0.043087557,0.021011278,-0.00038672984,-0.003930591,-0.01283709,-0.015089616,-0.018100709,-0.017864168
0.0029681027,-0.027747516,-0.047856275,-0.051178396,-0.04911417,-0.048962656,-0.05078758,-0.043932386,-0.042281486,-0.041899793,-0.042362362,-0.044035546
-0.17003162,-0.22620557,-0.23958,-0.224819,-0.20866808,-0.18254027,-0.14769806,-0.112518504,-0.10855651,-0.105427034,-0.09757826,-0.09637971
-0.4205426,-0.45466396,-0.39574578,-0.33391142,-0.28136998,-0.2523575,-0.21753402,-0.18875377,-0.17291525,-0.16966407,-0.1700425,-0.16020668
-0.08228993,-0.11196314,-0.1099439,-0.10811648,-0.10062703,-0.09491784,-0.07737879,-0.061359398,-0.04727698,-0.034132622,-0.024413243,-0.016712166
0.12374169,0.14479041,0.16486442,0.1646754,0.16411683,0.14714281,0.1205184,0.085617796,0.042622328,3.627874e-05,-0.029850882,-0.045351043
-0.06845214,-0.047015682,-0.042862236,-0.020831186,-0.014703158,-0.001823537,0.0006465651,0.0073843487,0.00859989,0.0069968235,0.0058067665,0.0004838109
0.031830654,0.01498111,0.01464751,0.0057714395,0.003529206,-0.004416384,-0.0021464508,-0.00073361304,0.0045028566,0.01155467,0.017532598,0.02211588
-0.03202649,-0.0379136,-0.009266895,-0.015451752,-0.011747729,-0.020076036,-0.010494001,-0.022049338,-0.039117828,-0.05991137,-0.07239275,-0.07979304
0.055771008,0.02859477,-0.004032612,-0.022100776,-0.038758963,-0.04631369,-0.043757237,-0.033049695,-0.020116895,-0.0070473943,0.0041436106,0.0074551255
-0.4800667,-0.48294023,-0.43587887,-0.38378477,-0.3268197,-0.27994668,-0.23720723,-0.20817706,-0.19130391,-0.19072086,-0.19687064,-0.1969979
-0.1690806,-0.14717546,-0.14130098,-0.12115983,-0.10572235,-0.0773685,-0.06910774,-0.055426233,-0.035744295,-0.020194286,-0.008371083,0.0030189492
0.05652491,0.05319973,0.043063343,0.03590995,0.030593038,0.02594673,0.021496415,0.018454235,0.016012814,0.014664546,0.014825238,0.014831042
0.11177224,0.125272,0.1457698,0.13051774,0.122160465,0.102130845,0.09887689,0.0783334,0.06254706,0.048366528,0.04117839,0.03842253
-0.07932647,-0.08476751,-0.08675827,-0.08664252,-0.08198261,-0.07435294,-0.06851524,-0.060043547,-0.05088103,-0.042914663,-0.038895655,-0.03577065
0.04080261,0.04880587,0.03162639,0.043747567,0.04809729,0.054152653,0.040368527,0.042806998,0.032783285,0.024084784,0.015984334,0.0064256424
-0.2951862,-0.287073,-0.31049523,-0.3172899,-0.31251377,-0.27559993,-0.26737618,-0.24598919,-0.2256007,-0.21400099,-0.21038368,-0.20872767
-0.0903507,-0.111576065,-0.120741814,-0.10368675,-0.09762321,-0.08355675,-0.07347112,-0.053164117,-0.04312319,-0.035956535,-0.030405596,-0.027573146
-0.10491921,-0.1022789,-0.1018541,-0.090356,-0.08393068,-0.0738602,-0.07329809,-0.067523375,-0.06347193,-0.06009047,-0.05671736,-0.051859546
-0.13333713,-0.1485138,-0.15207016,-0.13924012,-0.11326116,-0.08922871,-0.08278118,-0.06289343,-0.051288866,-0.042210422,-0.042185728,-0.04329642
-0.22572473,-0.23262239,-0.22304258,-0.19432753,-0.17007665,-0.14546353,-0.13379163,-0.117608584,-0.10494872,-0.098138705,-0.09647557,-0.09352107
0.21522987,0.12769175,0.0009834766,-0.08417469,-0.15553507,-0.21121594,-0.29540217,-0.33163503,-0.36338794,-0.4013599,-0.4317822,-0.4519202
-0.078375936,-0.08447411,-0.079606496,-0.058832232,-0.05200526,-0.04330288,-0.036900423,-0.02985634,-0.03080591,-0.032673374,-0.033788975,-0.034882348
0.029002048,0.020218097,-0.0346781,-0.060121268,-0.08641718,-0.087486684,-0.079401806,-0.061834425,-0.035443462,-0.013331443,0.0078676045,0.012490287
0.2741574,0.26424545,0.23914334,0.21533531,0.19235928,0.17384112,0.14843586,0.14037347,0.11669743,0.09892332,0.08366489,0.06654338
0.42430818,0.45691207,0.44109666,0.38326666,0.3665156,0.33486015,0.3056032,0.25348794,0.22803226,0.21304625,0.20709972,0.20526089
0.0790232,0.11833914,0.13445698,0.13929386,0.1388889,0.1311041,0.11997328,0.10149615,0.09025023,0.08041032,0.074840575,0.071945846
0.20767388,0.14803353,0.112010226,0.06973104,0.038903967,0.014925465,0.0004144162,0.0031121597,0.011255041,0.028616153,0.040491328,0.043803103
0.07270623,0.040786944,0.030387834,0.010906339,-0.0028492957,-0.021326162,-0.020125933,-0.022204962,-0.027129553,-0.02867608,-0.02772373,-0.026787307
0.18615404,0.18212616,0.15941495,0.13701974,0.112651914,0.09607227,0.07456042,0.065990195,0.059730016,0.062887415,0.063213006,0.061925992
0.009306952,0.038157918,0.03920491,0.0383722,0.03457073,0.036200866,0.027474448,0.019680059,0.01675212,0.013408041,0.0118358955,0.009479774
-0.6682272,-0.59101224,-0.5550727,-0.4492803,-0.3856173,-0.28822595,-0.26738808,-0.22460598,-0.21441428,-0.21829829,-0.22862835,-0.23636675
0.046386406,0.04611416,0.042167716,0.030850615,0.02334904,0.016301204,0.0129607245,0.005770812,0.0046742763,0.0031241002,0.0033360664,0.003922278
-0.16919956,-0.20586199,-0.201299,-0.17104164,-0.14610882,-0.12643655,-0.10415181,-0.081406794,-0.070150286,-0.06303859,-0.060496584,-0.05831104
-0.7201237,-0.7201801,-0.6526234,-0.5570095,-0.48839563,-0.4134708,-0.36837173,-0.31863213,-0.2939517,-0.281139,-0.2825966,-0.2797526
-0.35796335,-0.36700165,-0.36741742,-0.3218359,-0.28981677,-0.23687036,-0.20602779,-0.16589482,-0.13978551,-0.12017555,-0.110348836,-0.105352476
-0.11797883,-0.15629949,-0.16575605,-0.16933744,-0.17161538,-0.16334477,-0.14248902,-0.1139598,-0.08799202,-0.05955506,-0.040482037,-0.026499847
-0.016378643,0.021668598,0.02238144,0.014476281,0.006120246,0.007839726,0.0019651838,-0.007820444,-0.009973536,-0.014098178,-0.01488747,-0.011330339
-0.053833097,-0.02079159,0.017601185,0.0031801537,0.016195167,0.024915885,0.04015661,0.033229962,0.03479901,0.037201904,0.03405375,0.032800116
-0.043947577,-0.026675,-0.027396798,-0.03285815,-0.018643558,-0.021810237,-0.025365397,-0.04093167,-0.038947828,-0.045157805,-0.046733033,-0.0447487
0.10826396,0.09384775,0.068166636,0.06821851,0.071519524,0.055437576,0.026120432,0.03062277,0.047732346,0.05895081,0.06268017,0.06898648
0.0029643397,0.009705,0.01756695,0.0126596065,0.0131903775,0.0124981385,0.012144237,0.009773071,0.0074824924,0.007404694,0.0059877443,0.0047949236
-0.13178828,-0.14108561,-0.14105599,-0.13356932,-0.1308969,-0.12307197,-0.11767648,-0.11131118,-0.10898155,-0.110182285,-0.11215606,-0.111802444
-0.11610477,-0.11396841,-0.07787731,-0.051137358,-0.027675457,-0.020549096,-0.007980548,-0.007651292,-0.013437163,-0.026732666,-0.03770856,-0.040417515
-0.033535756,-0.01977081,-0.012199506,-0.01531747,-0.009163521,-0.0038020294,0.00041309,3.981404e-05,0.00498092,0.010659911,0.013187971,0.014420614
0.10541333,0.076502025,0.055092752,0.02776996,0.009284854,-0.003435269,-0.0034776405,0.0028145313,0.011655793,0.024665222,0.033215314,0.03625478
-0.19753367,-0.2443833,-0.25693265,-0.22400822,-0.20634127,-0.17600447,-0.15738213,-0.1172812,-0.09639612,-0.07741356,-0.06765467,-0.06286713
-0.56251496,-0.51250046,-0.4712972,-0.37281394,-0.30706856,-0.24093199,-0.23963282,-0.22336768,-0.23789918,-0.2691449,-0.30241427,-0.31799066
0.0075883875,0.007923099,0.0001603255,-0.016425245,-0.023427518,-0.02573731,-0.023039803,-0.020148281,-0.0034240838,0.013240362,0.02498616,0.03193322
0.046053544,0.048362248,0.0516562,0.052944385,0.04403541,0.034315087,0.026434457,0.023276053,0.02642405,0.030640045,0.03405097,0.037439913
-0.42123127,-0.45385218,-0.42072827,-0.36616054,-0.29151577,-0.23120584,-0.19435056,-0.15126175,-0.13800587,-0.1296874,-0.14251623,-0.1502614
-0.035727385,-0.027277187,-0.0088621825,0.008836381,0.012375049,0.014852475,0.0141286105,0.014450384,0.0054663382,-0.0026687216,-0.009135699,-0.0119081
-0.5144767,-0.44078383,-0.3796291,-0.34219462,-0.29046416,-0.23159182,-0.17966068,-0.1636795,-0.1392569,-0.12887213,-0.121830985,-0.112023555
-0.24334745,-0.17399442,-0.14079922,-0.10818206,-0.08789681,-0.062005028,-0.047729746,-0.052878782,-0.05229196,-0.059987962,-0.06322321,-0.06247446
-0.016743222,-0.041179042,-0.06294398,-0.07158312,-0.07217656,-0.06552959,-0.06239169,-0.04820097,-0.030609073,-0.012697446,-0.0024036884,0.0023066243
0.1130224,0.10911134,0.09326434,0.08402949,0.06639884,0.052408323,0.04564041,0.041839007,0.046707127,0.051377684,0.058636725,0.0630768
0.39915517,0.38784304,0.37532827,0.32039148,0.29473835,0.24692793,0.22074836,0.18804109,0.17954114,0.17387101,0.16944547,0.17047043
0.24360622,0.21636495,0.115327716,0.20770985,0.18938799,0.1777449,0.13055159,0.16761488,0.19954708,0.18609801,0.17934576,0.16246174
0.022655882,0.0065299533,-0.019412376,-0.037123352,-0.047967266,-0.052880686,-0.043368474,-0.035484817,-0.021754742,-0.00822388,0.004833836,0.009362109
-0.2951277,-0.32710207,-0.33349106,-0.28229606,-0.26034355,-0.22542942,-0.20076564,-0.17118597,-0.15662253,-0.15479076,-0.15070945,-0.14814538
-0.4700296,-0.50517666,-0.4997815,-0.47866186,-0.44442478,-0.39660618,-0.33800307,-0.28845984,-0.25104064,-0.22448938,-0.20416811,-0.19006893
0.239063,0.20164973,0.1710217,0.1391347,0.101811394,0.06991601,0.040523395,0.034040764,0.03305243,0.04036636,0.04648462,0.053931925
-0.079718694,-0.07883798,-0.059905805,-0.040299788,-0.020986535,-0.013361327,0.0002638027,-0.0018688925,-0.008292384,-0.018402215,-0.024593338,-0.02810527
-0.40623403,-0.38541457,-0.3197611,-0.25081176,-0.20672008,-0.16413985,-0.13136055,-0.11000568,-0.09511794,-0.08496945,-0.08081456,-0.0725838
0.21390325,0.22145127,0.22747482,0.18755338,0.1703304,0.13540722,0.1276154,0.096894205,0.084159195,0.07374486,0.06489799,0.05781817
0.056150183,0.04335369,0.009812996,-0.00032670796,-0.012108028,-0.011909656,-0.014089115,-0.00909736,-0.005265508,-0.00195482,0.0039426684,0.003154464
-1.7556596,-1.836939,-1.7592678,-1.5156806,-1.341682,-1.1218039,-0.97024286,-0.78814447,-0.7118153,-0.66678846,-0.65398586,-0.6453805
-0.07184691,-0.05989341,-0.045271568,-0.036349185,-0.030973107,-0.029760487,-0.032460034,-0.04220737,-0.054399148,-0.073941916,-0.08632472,-0.09254422
0.2886201,0.2693414,0.24165899,0.22065955,0.19588283,0.15423132,0.12667537,0.10447173,0.08937616,0.0773568,0.07139439,0.067851454
-0.20552567,-0.2209348,-0.22041723,-0.18209283,-0.15410693,-0.12623632,-0.09905117,-0.071667895,-0.05941385,-0.054526463,-0.049437482,-0.047643334
-0.01333617,-0.04080347,-0.05019415,-0.04621079,-0.050710604,-0.05102191,-0.043497264,-0.030101756,-0.014824964,0.0019371528,0.013668144,0.019555554
-0.09087299,-0.06488922,-0.011229366,0.020933464,0.0482523,0.058195256,0.05729931,0.035371795,-0.004950553,-0.05140033,-0.08447485,-0.10044984
0.6721599,0.67235655,0.54438734,0.6789204,0.6309313,0.56705487,0.35650563,0.3531925,0.32103938,0.28897515,0.26254317,0.2510141
0.046466522,0.03091792,0.01383999,-0.009698495,-0.022404458,-0.030291509,-0.034918778,-0.032280367,-0.0251568,-0.015024857,-0.008613354,-0.0028805677
-0.351395,-0.31204426,-0.29497612,-0.24128321,-0.17785804,-0.12111613,-0.10736562,-0.089533634,-0.07532627,-0.07582283,-0.08088492,-0.080514595
-0.14370708,-0.13475952,-0.1313493,-0.13528296,-0.1285946,-0.11759965,-0.107885,-0.101165585,-0.08446235,-0.07034088,-0.062272545,-0.056086868
0.044792198,0.059937812,0.05157514,0.06673115,0.0638805,0.06367795,0.04318234,0.042854298,0.03535735,0.032141853,0.026804974,0.022887306
0.16573316,0.114847496,0.06151332,0.0011907369,-0.043910265,-0.07622494,-0.07700062,-0.067697555,-0.03456264,0.0021048114,0.033178683,0.05064291
0.10875858,0.10342727,0.09216617,0.07412786,0.06183657,0.047682278,0.04218636,0.036183737,0.036391005,0.037720807,0.040757786,0.041569665
0.11757229,0.12667033,0.114178136,0.09421139,0.08389011,0.07380686,0.066850334,0.054900564,0.04387045,0.03353254,0.028622972,0.020915654
-0.0050655976,0.069182545,0.115239635,0.1432237,0.154248,0.15975446,0.15556055,0.1340968,0.11045384,0.08517493,0.06598733,0.05743575
0.06936817,0.086915046,0.083360165,0.07684812,0.073623106,0.062326387,0.05331465,0.039651938,0.04379422,0.046499364,0.050207373,0.05596746
-0.15440892,-0.15719225,-0.1420228,-0.12978126,-0.119425625,-0.10263579,-0.08474025,-0.07193111,-0.061915107,-0.053337272,-0.049488425,-0.04704421
-0.039907254,-0.04192452,-0.009082537,0.011666365,0.013157353,0.011628732,0.012739833,0.009487659,-0.012002606,-0.033917125,-0.048460405,-0.054439936
-0.3736378,-0.3768062,-0.36544114,-0.33679372,-0.29519224,-0.2564546,-0.21567985,-0.18372568,-0.14598608,-0.12179774,-0.10742302,-0.097476706
-0.18702902,-0.18436392,-0.18607731,-0.17890984,-0.16927181,-0.14888847,-0.13233367,-0.11596965,-0.09918147,-0.085794434,-0.07891689,-0.07601358
-0.041197266,-0.025648471,-0.016895458,-0.021380221,-0.022697356,-0.019814514,-0.015269715,-0.01818224,-0.016656604,-0.014395733,-0.011849884,-0.009162737
-0.12697813,0.087584436,0.1529513,0.11506325,0.1095781,0.14101663,0.13037544,0.090823665,0.094390675,0.10294448,0.10644168,0.10651024
0.16130029,0.16946143,0.15319066,0.12499732,0.11386378,0.09957273,0.0933891,0.08083121,0.07837871,0.0779576,0.079378664,0.07451918
-0.06416656,-0.10496956,-0.11898857,-0.10319958,-0.09876901,-0.08881609,-0.08401655,-0.06365439,-0.060977783,-0.05485219,-0.054315824,-0.055992372
0.092974074,0.04913356,0.005683288,-0.008129954,-0.01716341,-0.018075205,-0.020272553,0.0009725839,0.017275319,0.038005684,0.049558476,0.050382018
-0.07587324,-0.07853192,-0.06752713,-0.0500613,-0.03921494,-0.030566085,-0.023766052,-0.019404538,-0.019533632,-0.021623857,-0.022833392,-0.021270737
-0.096958406,-0.081660315,-0.06837179,-0.058656886,-0.044461638,-0.029956274,-0.03476333,-0.031184997,-0.021751244,-0.014597081,-0.012620181,-0.0049912203
-0.027507395,-0.055462778,-0.06458517,-0.05399303,-0.045523625,-0.037370354,-0.028199412,-0.014300023,-0.00978423,-0.0065396884,-0.003967529,-0.004325915
0.049630187,0.08600113,0.09537643,0.107160546,0.10933632,0.10712187,0.09281319,0.06993745,0.042390756,0.009664195,-0.011060163,-0.021792626
0.060942285,0.044966117,0.045781165,0.043434698,0.04504703,0.041802403,0.04079142,0.038834486,0.032784987,0.027290657,0.022021469,0.015893359
-0.024064265,-0.017586108,0.0052161366,0.024911143,0.029829226,0.026787866,0.020470921,0.0172936,0.009761559,0.0039219204,0.00045561232,0.0033688731
-0.09557755,-0.08778794,-0.08299758,-0.07546056,-0.06605894,-0.052224763,-0.03994649,-0.03759016,-0.04046385,-0.04828098,-0.053576533,-0.059387077
0.1265875,0.21637242,0.15644307,0.10122198,0.10404224,0.12199595,0.10211213,0.064186014,0.08237848,0.093824096,0.10753828,0.13011478
-0.11929485,-0.14031845,-0.1273844,-0.10997383,-0.09320241,-0.08362309,-0.070684806,-0.059684563,-0.05349145,-0.050843038,-0.05162532,-0.05158243
-0.16432247,-0.18772517,-0.17916302,-0.14283292,-0.112146415,-0.09175818,-0.07446793,-0.05531968,-0.05465533,-0.060168263,-0.06789285,-0.07262623
0.058459938,0.06350132,0.06736825,0.062980875,0.065557405,0.060635686,0.04957546,0.036752857,0.022886867,0.009853458,-0.0018766113,-0.007915128
-0.35968065,-0.3339776,-0.28757286,-0.2587903,-0.22172515,-0.18147376,-0.14216001,-0.12308533,-0.10747779,-0.098079234,-0.096086174,-0.09512144
0.27059793,0.20641242,0.1549733,0.1264963,0.088464946,0.056370065,0.041264176,0.048104137,0.04652968,0.055230066,0.06278116,0.06338428
0.14796759,0.110896766,0.106404915,0.08548522,0.06940723,0.041756786,0.03418538,0.028643243,0.02575934,0.025665443,0.024095673,0.025815655
0.10242577,0.11168076,0.10217842,0.091177076,0.090490475,0.080382474,0.066685215,0.05485984,0.049063213,0.044068437,0.041816205,0.042196758
-0.32198733,-0.34581137,-0.31260806,-0.26210606,-0.22947718,-0.18842492,-0.15594247,-0.12146185,-0.110089436,-0.10030523,-0.09946735,-0.09838565
0.07929297,0.1035234,0.10099906,0.08361579,0.07509646,0.06597944,0.066274405,0.05616727,0.05536831,0.05460717,0.054003663,0.052550856
-0.052632287,-0.010438323,0.03940472,0.028949402,0.034181684,0.033479206,0.037055288,0.028748386,0.045959026,0.05047216,0.05169414,0.055160977
0.16351184,0.16231138,0.15470666,0.15249717,0.12987795,0.11469694,0.13361001,0.13200526,0.12002127,0.11110799,0.11863315,0.11577352
0.14100675,0.118552305,0.08946854,0.071184956,0.0736642,0.06483174,0.06601074,0.06427299,0.073777705,0.08063151,0.08960299,0.08981493
0.100289166,0.08320301,0.09118712,0.06725393,0.057101734,0.04613242,0.055534497,0.050890397,0.04546921,0.046270102,0.050452538,0.051296405
-0.14835034,-0.08772674,-0.053203374,-0.06396949,-0.0614821,-0.052876756,-0.03648357,-0.0492426,-0.040709905,-0.036671683,-0.032078475,-0.031116903
0.35625648,0.3614737,0.31983906,0.29289114,0.2607843,0.22968662,0.204162,0.18574736,0.17165947,0.16292463,0.16127007,0.1522038
0.21238099,0.26832345,0.2642032,0.23429716,0.21458368,0.19461855,0.17528154,0.14434725,0.13460897,0.12765758,0.12497262,0.12109256
0.08303524,0.067340285,0.030619174,0.020334855,0.010128528,0.015069261,0.0136142075,0.023092963,0.023558445,0.030542616,0.033957187,0.02890876
0.10767546,0.099735625,0.10176347,0.09383951,0.089955434,0.08053869,0.07380493,0.06952304,0.06361189,0.060823813,0.058532268,0.056932244
0.20184757,0.20481448,0.17475396,0.15786137,0.14411996,0.13696703,0.11382577,0.10693936,0.093905024,0.08718477,0.08172704,0.07313648
-0.36530116,-0.44635847,-0.40974128,-0.37895018,-0.35484767,-0.32002154,-0.25543964,-0.20153311,-0.17388697,-0.13868356,-0.12318505,-0.114759676
-0.0022961213,-0.0054920865,-0.0021130391,0.0037197685,0.0066772164,0.00768555,0.010178523,0.013111416,0.011367248,0.011367919,0.00986956,0.007663013
0.106964275,0.106807366,0.097005494,0.09021875,0.07241464,0.060392525,0.04893612,0.043264918,0.038047105,0.036289006,0.038035076,0.038575638
-0.4544857,-0.42257023,-0.38653296,-0.34536442,-0.31006238,-0.26565847,-0.22741988,-0.21024984,-0.1931864,-0.18954024,-0.18927014,-0.18807557
0.8101334,0.7415353,0.6996244,0.6417147,0.60638756,0.51904196,0.4647712,0.42654684,0.40665147,0.4018873,0.4027819,0.39958444
-0.21452266,-0.23612759,-0.2496652,-0.2288079,-0.22032396,-0.19540316,-0.18039471,-0.15070735,-0.13400577,-0.12064804,-0.1141569,-0.11126374
0.14045516,0.12277803,0.11128037,0.09410786,0.0861843,0.07210757,0.060777083,0.053095803,0.047012944,0.04412204,0.040473063,0.03583804
-0.061248392,-0.13928175,-0.20761362,-0.24645011,-0.26116872,-0.28051382,-0.27999473,-0.2681385,-0.25158182,-0.24883716,-0.24690361,-0.24964023
0.1875999,0.19411492,0.11897597,0.036336064,-0.02875875,-0.07282905,-0.12455711,-0.150181,-0.14284363,-0.13864885,-0.13439514,-0.13104415
-0.022449668,-0.039529957,-0.03355454,-0.040702824,-0.03253838,-0.0299002,-0.034312002,-0.03296581,-0.026591329,-0.023599876,-0.024029821,-0.019345708
0.08065017,0.0644218,0.04985878,0.040149108,-0.019538358,-0.014537111,-0.010873452,0.021819413,0.033885926,0.085061446,0.12277916,0.15093878
-0.06560386,-0.05922932,-0.039808087,-0.027019396,-0.008679707,0.003675457,0.01891227,0.019750103,0.017868657,0.013882607,0.010937318,0.0074496856
-0.01656054,0.03366816,0.046530902,0.050377056,0.03867323,0.04167613,0.0271959,0.016786333,0.017108407,0.019245874,0.02379626,0.029962301
0.38877994,0.33481896,0.2793008,0.2454909,0.21143976,0.16530102,0.13778009,0.13233675,0.13505708,0.14601277,0.15498841,0.15964535
0.2804277,0.22270784,0.18389288,0.17163068,0.14936164,0.11798155,0.09859206,0.09657991,0.08181371,0.0713391,0.06519154,0.058099717
-0.042391136,-0.08106618,-0.10071145,-0.09348628,-0.09421789,-0.08885041,-0.080483116,-0.06058394,-0.047085464,-0.031274423,-0.020835038,-0.01574928
-0.4198633,-0.34162867,-0.29619625,-0.25093693,-0.21137196,-0.16607052,-0.12886398,-0.12537886,-0.11284573,-0.11452302,-0.1124028,-0.10214477
-0.13854748,-0.14971276,-0.16315329,-0.16323237,-0.16183761,-0.14898258,-0.13491589,-0.11259778,-0.086332604,-0.06335539,-0.04872065,-0.04004047
-0.14937747,-0.13882598,-0.13794598,-0.12342833,-0.117076874,-0.10165538,-0.09188394,-0.08038364,-0.06700942,-0.057102058,-0.049422823,-0.042440996
-0.07563789,-0.11072763,-0.14511095,-0.14493464,-0.15908462,-0.1487666,-0.13884568,-0.114370346,-0.10126525,-0.08452304,-0.0705025,-0.06015776
0.11643944,0.11766877,0.11366658,0.1070355,0.09931508,0.0884977,0.07788566,0.06870192,0.05823859,0.051266752,0.04885053,0.046776712
-0.10358217,-0.044875935,0.016143143,0.012548193,0.033042297,0.03707972,0.049336806,0.025325932,0.015399203,0.00020036101,-0.010186158,-0.012475897
0.3212232,0.29548568,0.28043357,0.24581093,0.21991113,0.17237991,0.13851081,0.11125008,0.09148676,0.07780888,0.071340084,0.07100718
0.17271985,0.09812331,0.0022697747,-0.020507663,-0.07104488,-0.08364801,-0.11191654,-0.090632126,-0.067949444,-0.053217053,-0.03965263,-0.042996168
-0.75315094,-0.73900825,-0.68111515,-0.60191214,-0.5332079,-0.44351923,-0.36717856,-0.30994692,-0.26642096,-0.23747215,-0.22199307,-0.2107706
0.20759067,0.19812097,0.16982307,0.13536522,0.11068377,0.088275865,0.068767324,0.058195874,0.05522121,0.05686582,0.05820442,0.05632336
0.19518071,0.19493838,0.18052134,0.15213853,0.13008082,0.098866016,0.08447438,0.063804306,0.057782277,0.053149953,0.053826384,0.05711033
0.31126395,0.32050148,0.27458948,0.2451208,0.22235729,0.19398554,0.16051929,0.13619144,0.13433787,0.12948875,0.13086215,0.123606175
-0.1764077,-0.1708071,-0.16127993,-0.16862927,-0.15722299,-0.14570749,-0.12262921,-0.12134741,-0.10664272,-0.09866706,-0.09192327,-0.08543924
0.035941567,0.0353317,0.014850423,0.029311512,0.021696772,0.021885604,0.026582897,0.035399105,0.03214503,0.026757661,0.02639626,0.02152955
0.4297199,0.5124899,0.43599486,0.37301525,0.3147291,0.29009807,0.2732874,0.23407392,0.22603104,0.22810733,0.24588464,0.25819913
0.42065075,0.3539367,0.33709633,0.27943614,0.23623753,0.17534436,0.14507158,0.11932883,0.10865095,0.11242795,0.12205113,0.1369658
0.16104323,0.11155665,0.059634596,0.022121832,-0.011983022,-0.03267759,-0.04566157,-0.03442069,-0.02704548,-0.010786936,0.00013493374,0.002960965
-0.04891959,-0.061915103,-0.06693797,-0.06558878,-0.06687653,-0.060817793,-0.059291653,-0.051979534,-0.04758367,-0.042696983,-0.03855277,-0.03272096
0.24454726,0.22420457,0.20799054,0.15761715,0.124492764,0.072293565,0.039152987,0.0055855103,-0.005548861,-0.019776985,-0.026522685,-0.024613796
0.059989747,0.042388476,0.014301978,0.0039260164,-0.008935086,-0.010891303,-0.015688226,-0.004437249,0.007714156,0.022816066,0.03438626,0.039105244
0.22608577,0.23633543,0.21920371,0.2067978,0.1851354,0.16027302,0.13047183,0.10990981,0.09241508,0.079148166,0.07083325,0.064808205
-0.29312542,-0.23330781,-0.17787269,-0.15749854,-0.12703243,-0.101416364,-0.07407829,-0.07601941,-0.06780554,-0.06607485,-0.06466897,-0.06246288
-0.07403424,-0.072365806,-0.069559835,-0.06090918,-0.058884867,-0.04802461,-0.04864538,-0.03883827,-0.03046868,-0.021564396,-0.019065911,-0.018084785
-0.11751282,-0.10140987,-0.11101908,-0.07390198,-0.048649885,-0.012326255,0.00601333,0.03726556,0.04357357,0.043718282,0.044076364,0.03189626
-0.002828626,-0.03051719,-0.050467327,-0.019807372,-0.021078521,-0.017634656,-0.02508717,-0.007434733,-0.0037481822,-0.0015232898,0.0013559964,0.0041370187
0.24934588,0.24082762,0.24018428,0.23463541,0.22932222,0.20735586,0.18656301,0.1664136,0.13678946,0.11323361,0.09370014,0.0771278
0.49820492,0.48554832,0.4049348,0.35081446,0.3019901,0.25750637,0.18455566,0.16840933,0.16929325,0.18404585,0.18905807,0.18820444
-0.24256057,-0.23898678,-0.22601958,-0.20215362,-0.17522559,-0.1520637,-0.12712654,-0.1084711,-0.082986996,-0.063879654,-0.053167943,-0.04374835
-0.10827413,-0.1314832,-0.13654323,-0.13666555,-0.1327045,-0.12787019,-0.111337274,-0.097533576,-0.07971512,-0.06442875,-0.052567117,-0.044227183
-0.17338684,-0.16153301,-0.1519849,-0.14397666,-0.13756587,-0.115347505,-0.100460015,-0.090210736,-0.087543435,-0.08814852,-0.09020454,-0.09232032
