0.3804491,0.4044478,0.39567554,0.4147063,0.38116634,0.42436558,0.3769033,0.3518427,0.2553333,0.25599307,0.20273063,0.18684778
-0.42975664,-0.44000944,-0.4458545,-0.4495541,-0.43678588,-0.43344986,-0.40497947,-0.37192017,-0.3318926,-0.30100387,-0.25502998,-0.20945698
0.31915995,0.30478784,0.29794815,0.2904485,0.27818793,0.2614446,0.24061269,0.21710233,0.20467937,0.18966784,0.1685245,0.14562193
0.07459029,0.06635169,0.060360298,0.0565569,0.048486277,0.04508478,0.04654207,0.048660874,0.04726742,0.04600173,0.049452346,0.05546119
0.216792,0.22197095,0.22223882,0.2256153,0.2142523,0.2110524,0.19958414,0.1900599,0.1822178,0.16576755,0.14133716,0.12630965
0.36181462,0.3413147,0.3273209,0.32297617,0.30899876,0.2894646,0.28336945,0.27619004,0.27333128,0.27755448,0.2747401,0.28526565
0.6504217,0.622532,0.60787207,0.59516615,0.573645,0.53442097,0.50903606,0.48500246,0.48171696,0.46535543,0.43991038,0.42635906
-0.154206,-0.15516897,-0.15578893,-0.15774618,-0.15729047,-0.1550177,-0.14709705,-0.14079297,-0.135731,-0.1288117,-0.10890628,-0.09736451
-0.32008392,-0.31127554,-0.30576295,-0.299952,-0.29052764,-0.28745613,-0.27142608,-0.25173882,-0.23086782,-0.2123634,-0.19446352,-0.17747587
-0.46061257,-0.4339177,-0.4200695,-0.39187285,-0.38946703,-0.3673227,-0.3402073,-0.29656997,-0.255527,-0.23951823,-0.23758341,-0.1999505
0.08551096,0.103091985,0.11628614,0.11710405,0.1226857,0.12845184,0.10861279,0.09108235,0.08811052,0.07719233,0.05879777,0.04439889
0.57951945,0.5443891,0.5078372,0.49601302,0.45300695,0.421978,0.4017395,0.36909372,0.35542735,0.33410683,0.29213825,0.27310485
0.13886978,0.15038697,0.1582251,0.16361153,0.15821622,0.15921743,0.14728451,0.13688211,0.120388485,0.10801152,0.09031171,0.069084466
-0.23203085,-0.22587277,-0.21539056,-0.21317108,-0.19465739,-0.19185261,-0.1836569,-0.17154324,-0.15406759,-0.14000311,-0.12276703,-0.11296959
-0.8594591,-0.8181471,-0.77833396,-0.7609225,-0.72587913,-0.69687593,-0.6644703,-0.62850565,-0.583611,-0.5515026,-0.51812184,-0.49442434
-0.11551695,-0.113428526,-0.11378475,-0.11544254,-0.11642286,-0.116773136,-0.11215332,-0.11018549,-0.10673587,-0.10592219,-0.10347172,-0.10257998
0.096782036,0.093112215,0.08961242,0.0882077,0.084162384,0.076971926,0.07334404,0.06799482,0.07011666,0.064139895,0.054447588,0.04871538
-0.091128096,-0.06452024,-0.04939998,-0.031846866,-0.03216943,-0.016321301,-0.016813084,-0.017409828,-0.032296404,-0.034811445,-0.048509162,-0.058903735
-0.012334678,-0.02028711,-0.029481217,-0.040541567,-0.045838274,-0.05295722,-0.05393195,-0.06072236,-0.061314072,-0.06747535,-0.05973944,-0.061297555
0.25981617,0.23372498,0.21451169,0.20106408,0.19327693,0.17989399,0.17260078,0.16495048,0.15778667,0.1489088,0.14528835,0.14569187
-0.15747014,-0.12389688,-0.107687734,-0.09191261,-0.09142043,-0.085509196,-0.084158495,-0.08149719,-0.08400828,-0.07959463,-0.08559163,-0.0923627
0.18280329,0.16726062,0.15207215,0.14189394,0.13232099,0.1299681,0.12380118,0.1149159,0.103048995,0.09977655,0.104438856,0.10527535
0.10665789,0.10408664,0.09851434,0.09853232,0.09204416,0.08771098,0.083511986,0.07838233,0.0700917,0.06750704,0.058484513,0.047440674
0.5092803,0.48325783,0.46532148,0.45385015,0.43104196,0.4100321,0.39035624,0.36532375,0.33992302,0.31392688,0.2886455,0.26627868
0.22287983,0.21565008,0.21178913,0.21120779,0.19849429,0.18943287,0.18190907,0.17404094,0.16938205,0.1594249,0.140076,0.13178425
-0.13104214,-0.122229815,-0.1195066,-0.11830416,-0.10582898,-0.097198755,-0.09773159,-0.09226823,-0.09874006,-0.096845426,-0.08720987,-0.08720557
0.20093635,0.18341644,0.17537098,0.1685073,0.16372484,0.15717272,0.15286006,0.146964,0.14692463,0.14211102,0.13606837,0.13620515
-0.047796868,-0.055143975,-0.059259325,-0.060993087,-0.06363606,-0.07105315,-0.06528365,-0.059874356,-0.04829829,-0.04331746,-0.03655361,-0.028472979
0.6457498,0.6290533,0.6113672,0.6031213,0.578188,0.553676,0.520408,0.48665723,0.45922378,0.42864546,0.38199645,0.35157058
0.14358978,0.13641438,0.13188595,0.12920772,0.12364725,0.11574654,0.110815525,0.10212713,0.09431022,0.087052934,0.08204307,0.07510999
0.21981359,0.20347652,0.18535928,0.17645085,0.15649489,0.14954852,0.13395363,0.12735589,0.116845444,0.10950237,0.098171614,0.10318702
-0.09985423,-0.07486014,-0.06022286,-0.044547416,-0.033060938,-0.026258394,-0.036565892,-0.047165826,-0.05325912,-0.05527917,-0.07811286,-0.09854622
-0.18338615,-0.14791107,-0.117444485,-0.10010135,-0.08286454,-0.06581616,-0.06593575,-0.06361876,-0.06774025,-0.07473524,-0.08276822,-0.101024136
-0.34873158,-0.322647,-0.30407152,-0.29323375,-0.27380195,-0.26165313,-0.25337687,-0.24013515,-0.23707981,-0.22679347,-0.21404542,-0.21080437
0.01880737,0.029686153,0.037114926,0.044100046,0.040288355,0.04672613,0.043820467,0.040467847,0.040216472,0.037144534,0.025611632,0.022627674
-0.079496756,-0.07306852,-0.06618259,-0.062889665,-0.054371886,-0.05234256,-0.049145747,-0.04284831,-0.031966183,-0.024762437,-0.01937559,-0.014965113
0.34245425,0.3263801,0.32223985,0.31128877,0.29100907,0.26055485,0.2583041,0.23478962,0.24686505,0.21530226,0.18823358,0.16018088
0.036686677,0.037998315,0.0418614,0.043202832,0.05556097,0.04666296,0.040823348,0.04420887,0.043005977,0.03667928,0.029434253,0.021751393
-0.0079455245,-0.016158385,-0.01747547,-0.01836044,-0.018532904,-0.022863468,-0.014841016,-0.008101512,0.0060187634,0.014718582,0.026529077,0.041478828
-0.17445192,-0.16638297,-0.165698,-0.167394,-0.16662589,-0.15946469,-0.1568595,-0.15683307,-0.15611759,-0.1530731,-0.14242332,-0.14055867
-0.17906305,-0.17231777,-0.17283037,-0.16869234,-0.16073233,-0.15658903,-0.14897394,-0.13893235,-0.14054158,-0.12626855,-0.11124272,-0.0995893
-0.50606346,-0.50826514,-0.5074152,-0.5074743,-0.48810348,-0.4854229,-0.4524186,-0.4210192,-0.39440134,-0.37001854,-0.3271122,-0.29596764
0.06219244,0.061266523,0.059247952,0.05794713,0.056416523,0.054349013,0.05178588,0.0483319,0.04125529,0.038277008,0.03741193,0.03497662
0.13564512,0.124184325,0.11417895,0.104792655,0.09736021,0.09955485,0.09344117,0.089733265,0.08239682,0.07563361,0.07600933,0.078571826
-0.32942265,-0.34202278,-0.34896764,-0.3566271,-0.34633487,-0.3515738,-0.3322053,-0.31162578,-0.2804919,-0.25576732,-0.22140771,-0.1905425
0.14573662,0.13327615,0.122980125,0.11846837,0.104785725,0.099606276,0.10033111,0.09401579,0.09328464,0.09266699,0.09057776,0.09327863
0.24749966,0.26639238,0.2775969,0.28775412,0.28145185,0.28840762,0.27398705,0.257856,0.22969976,0.2060425,0.17182882,0.13999428
-0.078704484,-0.07117267,-0.06560491,-0.06435988,-0.055775393,-0.056125082,-0.054761678,-0.050605588,-0.050363988,-0.055608705,-0.056595787,-0.0649567
-0.08440726,-0.08592592,-0.089154266,-0.08941269,-0.09063327,-0.08943294,-0.08267132,-0.07657492,-0.06919979,-0.06461814,-0.056445185,-0.04573699
-0.1908087,-0.17082307,-0.1535745,-0.14060321,-0.1272192,-0.11940166,-0.1130822,-0.1028037,-0.09623147,-0.09169119,-0.08902975,-0.09433579
0.0827074,0.08091598,0.0795073,0.07885113,0.079659246,0.07769893,0.07362846,0.07117311,0.064082704,0.06403106,0.063324265,0.06128642
0.13382436,0.11810923,0.10471416,0.094882146,0.0904756,0.08385292,0.07951838,0.07356957,0.06556522,0.06743818,0.07201283,0.07409404
-0.22835635,-0.20577547,-0.19190556,-0.1827173,-0.17229265,-0.15740968,-0.15602782,-0.15704486,-0.16681208,-0.15815327,-0.15631507,-0.16272296
0.2899499,0.27513206,0.261699,0.25544617,0.24209917,0.23736529,0.23083709,0.22895303,0.22601782,0.21613207,0.20895176,0.21803693
0.14462784,0.14714536,0.142005,0.14725214,0.12956765,0.12699665,0.12736087,0.13448235,0.1293365,0.11447634,0.093895316,0.09242861
0.57687426,0.5459888,0.5185195,0.5104599,0.48599306,0.46616107,0.4517591,0.43200287,0.4064478,0.39597747,0.37869015,0.36772692
0.068322666,0.04744464,0.020279262,0.015053209,-0.007320462,0.0050117653,0.010878937,0.014869529,-0.011076843,0.0036718226,0.029140819,0.05368159
0.10577492,0.08609618,0.07101495,0.06137494,0.05704537,0.050543156,0.046073817,0.04333143,0.040094234,0.040447347,0.042703584,0.04550569
-0.3725133,-0.33792958,-0.32124957,-0.3060212,-0.27579927,-0.24678597,-0.24231473,-0.205486,-0.22471794,-0.23816639,-0.23673636,-0.25044298
0.38743976,0.37312824,0.3644013,0.3788313,0.37464735,0.3591327,0.35657367,0.35257575,0.34204462,0.34093487,0.32088724,0.3156154
0.07774378,0.09375077,0.10015026,0.11018313,0.11297278,0.11849971,0.106842965,0.09814499,0.07316361,0.068999395,0.05327249,0.03356375
0.14815111,0.12981637,0.118806705,0.10667181,0.096468545,0.09076682,0.09351969,0.08577738,0.08502762,0.0812663,0.08926052,0.09524658
-0.34368482,-0.33695942,-0.3052759,-0.3165737,-0.28179038,-0.27051315,-0.24123308,-0.2019715,-0.16275615,-0.1507974,-0.10648092,-0.07981262
-0.06458133,-0.05462574,-0.050559063,-0.04449974,-0.04073186,-0.03354963,-0.033171065,-0.03324436,-0.038731284,-0.036574528,-0.039001644,-0.039790772
0.3087759,0.26547608,0.2345423,0.20997748,0.19249788,0.16495918,0.15945095,0.14747252,0.15513334,0.15675798,0.16700931,0.17597693
0.0095021855,-0.011256522,-0.026047971,-0.041776925,-0.050209537,-0.055811778,-0.05348913,-0.0602165,-0.048375886,-0.042785294,-0.028137919,-0.018364623
-0.07956187,-0.076721445,-0.07406525,-0.07068417,-0.06830087,-0.07053762,-0.07038012,-0.07193102,-0.06401377,-0.055438243,-0.054523632,-0.05438599
0.4518891,0.4358048,0.43221274,0.42041433,0.41128466,0.39669,0.37989703,0.3674062,0.3641323,0.34125048,0.32300812,0.3053505
0.21796437,0.22076924,0.22537863,0.22501472,0.21882899,0.21574144,0.20603234,0.1890146,0.1758204,0.1581276,0.13680993,0.110696055
0.007453937,-0.002443837,-0.008702105,-0.012024019,-0.010678597,-0.014421493,-0.0076263435,0.0010330044,0.009160956,0.014710005,0.024644226,0.034803636
0.13320138,0.13762903,0.14116418,0.14396515,0.14445671,0.146582,0.13752627,0.12744878,0.11276025,0.10403004,0.092229605,0.08342249
-0.06086002,-0.06118259,-0.06011321,-0.059245463,-0.057648785,-0.055584587,-0.050909627,-0.047184486,-0.041524522,-0.034383763,-0.025281738,-0.02064411
0.120696805,0.11272403,0.10261914,0.10181783,0.09448125,0.08859177,0.08582472,0.08119879,0.0924999,0.097386174,0.092480205,0.10216611
0.091703594,0.06713398,0.05429233,0.037308782,0.025712173,0.020180717,0.026856765,0.025965128,0.036557782,0.040123105,0.05763327,0.07513905
-0.062120993,-0.067110114,-0.06656178,-0.06714075,-0.063388795,-0.062453594,-0.058483705,-0.054797307,-0.04516779,-0.03655094,-0.027071826,-0.019754589
-0.20415047,-0.19720928,-0.19061126,-0.1860052,-0.17737359,-0.17242694,-0.16042766,-0.14906758,-0.13858543,-0.12605613,-0.111259654,-0.09773477
-0.0684192,-0.052505583,-0.042906955,-0.037496783,-0.03305634,-0.021711674,-0.027118918,-0.028339166,-0.036737084,-0.04216233,-0.04753611,-0.06070839
-0.36064586,-0.32265666,-0.2866342,-0.27414727,-0.24548572,-0.22540694,-0.2162537,-0.19446503,-0.18991533,-0.19663377,-0.19687057,-0.20322983
0.1108572,0.09654858,0.08797468,0.08195338,0.0780973,0.067398466,0.06351305,0.05224751,0.05297593,0.04922913,0.04620602,0.039417237
0.3108537,0.27738717,0.2556402,0.24150635,0.22973666,0.2115504,0.20881765,0.20545734,0.21285847,0.2165402,0.21950024,0.23002532
-0.47573665,-0.44290465,-0.4229087,-0.40952763,-0.39396718,-0.37760305,-0.36371723,-0.35225734,-0.34274608,-0.33150637,-0.3188105,-0.31431317
0.09847564,0.089677274,0.090491444,0.08600364,0.08516052,0.07583961,0.07747074,0.07030758,0.0754801,0.06994687,0.07145166,0.06780443
-0.51943153,-0.48911262,-0.48086655,-0.46300802,-0.45397767,-0.42598972,-0.40876424,-0.38966295,-0.37092096,-0.34547135,-0.3297459,-0.30859324
-0.099806406,-0.09867752,-0.09545748,-0.092009224,-0.088590086,-0.08644207,-0.07704642,-0.06297133,-0.05808096,-0.05361314,-0.048914947,-0.040256016
0.20931299,0.19319934,0.17980541,0.17778973,0.16025463,0.14732422,0.14195663,0.123833306,0.12144627,0.11225988,0.089358136,0.07510346
-0.17766605,-0.20242861,-0.22163585,-0.2343713,-0.23717186,-0.24418803,-0.22524187,-0.20835823,-0.18327817,-0.16057736,-0.120637625,-0.08048936
-0.4061225,-0.37407118,-0.35244238,-0.33956814,-0.32153702,-0.3046497,-0.29947367,-0.2919142,-0.28735662,-0.27948502,-0.27114215,-0.27603024
-0.017012665,-0.015226172,-0.011158698,-0.009680104,-0.006568748,-0.0015739384,-0.0028649159,-0.002886913,-0.0032400591,-3.9875275e-05,0.00023289304,0.0027203166
-0.04423004,-0.025419403,-0.011396576,-0.0051998515,0.0001968313,0.00705052,0.00643499,0.0020658635,-0.0035727788,0.0018908903,-0.002882325,-0.0042655165
0.19238615,0.18764323,0.18957037,0.1839818,0.19264561,0.20121314,0.19231503,0.18874176,0.1758971,0.16552125,0.1695535,0.16042362
0.08407193,0.094651565,0.09912804,0.1008545,0.097881906,0.10372539,0.09450597,0.08165181,0.053395145,0.04083847,0.02789773,0.008194391
0.44505066,0.4055729,0.36732838,0.34274888,0.3117304,0.28937984,0.2708283,0.24879976,0.23226982,0.21811947,0.20556857,0.2070002
0.12025638,0.12970318,0.13494067,0.13754347,0.13775095,0.14492758,0.13586248,0.13224782,0.122436486,0.10818495,0.0918308,0.07455908
-0.093321025,-0.10111533,-0.10200118,-0.11089036,-0.10324128,-0.109417595,-0.10317744,-0.10188355,-0.09504171,-0.08471793,-0.06142472,-0.049586263
0.09726246,0.08403365,0.07448909,0.06807005,0.06118825,0.05464071,0.058946267,0.06103218,0.06278422,0.057223737,0.0607979,0.06874024
-0.04594332,-0.04690423,-0.04550598,-0.047282197,-0.045596413,-0.043046646,-0.039918344,-0.03888195,-0.03254725,-0.028661588,-0.02112064,-0.018143
0.066802055,0.06049438,0.050972782,0.054607727,0.043763578,0.03892055,0.04262952,0.043504424,0.056439918,0.06373266,0.053194523,0.0581337
-0.043997668,0.0030622184,0.011326857,0.013872027,0.0054124,0.023651384,-0.005924411,-0.048842482,-0.08209949,-0.09011025,-0.112990715,-0.13081071
0.014340291,0.011517289,0.0136721805,0.014416456,0.018487308,0.015239779,0.019477736,0.028314449,0.029225523,0.02613947,0.028937077,0.032222595
-0.4666943,-0.45861775,-0.45037127,-0.4471608,-0.42274874,-0.40916887,-0.38832563,-0.35490564,-0.32402062,-0.2982773,-0.25666457,-0.22169684
-0.58741236,-0.56699705,-0.55120075,-0.5450505,-0.52179277,-0.4998056,-0.47379926,-0.44774777,-0.42678252,-0.40381697,-0.36737365,-0.34535235
-0.7507174,-0.7113478,-0.67188853,-0.65938115,-0.6245001,-0.5890271,-0.57097155,-0.5473986,-0.5115726,-0.49219725,-0.46149358,-0.4460092
0.2838765,0.25866625,0.23040171,0.21720855,0.19394274,0.18396911,0.17427221,0.15934432,0.15360945,0.15276217,0.14526615,0.15167023
0.23819762,0.231974,0.22948657,0.22904314,0.22212611,0.21561821,0.20407492,0.19607767,0.18966025,0.17664243,0.15689486,0.14443798
0.24379069,0.21957806,0.20169713,0.19349347,0.17508987,0.17284551,0.16726516,0.16131422,0.15661761,0.1582477,0.15093657,0.15916754
0.19915764,0.19022125,0.18461095,0.18407196,0.1753713,0.17389712,0.16794835,0.15553564,0.1454526,0.1409003,0.12744576,0.11693589
-0.29676726,-0.28922325,-0.27877498,-0.26546532,-0.24028178,-0.23609108,-0.22226965,-0.20618501,-0.19153827,-0.17232458,-0.155128,-0.14410594
-0.3442438,-0.31532478,-0.29562995,-0.27832282,-0.26244286,-0.24703494,-0.23468915,-0.22012438,-0.21529053,-0.20859313,-0.20515423,-0.20566408
-0.13738519,-0.11975101,-0.106366165,-0.09578214,-0.082993194,-0.07363291,-0.073065445,-0.068642095,-0.07837252,-0.076345146,-0.07847231,-0.085596606
0.02470089,0.012324406,0.0060096886,0.0022829995,0.00045407563,-0.0017057508,0.005758576,0.010471335,0.017556742,0.024297377,0.03479181,0.047638815
0.22501862,0.18128672,0.1484274,0.1320863,0.111986205,0.100995496,0.104271546,0.10733835,0.11125402,0.12005278,0.13392581,0.16352457
-0.035898414,-0.031582817,-0.020072639,-0.014792003,-0.012334811,-0.010393113,-0.004929117,-0.0036310125,0.0026452271,0.0048008473,0.0016025902,0.0015739962
0.051806048,0.031426128,0.01989771,0.010138433,0.0053558163,-0.0036392994,-0.0018996745,-0.0016706996,0.010589942,0.017935067,0.029991504,0.046185024
-0.06758591,-0.059492964,-0.054214213,-0.04817509,-0.05182551,-0.050333306,-0.044245627,-0.045407362,-0.047356233,-0.045141567,-0.045020323,-0.052268505
0.39037815,0.430722,0.4544788,0.47301182,0.46192157,0.47999692,0.44223884,0.39642107,0.33564344,0.2991075,0.23064838,0.16568756
0.06793398,0.07785572,0.092869714,0.101436324,0.11148152,0.13446483,0.14761457,0.15620336,0.12715845,0.103780426,0.09800416,0.07616772
0.07421855,0.07484276,0.08168389,0.08552754,0.09376505,0.088012144,0.084421344,0.080073126,0.075617105,0.068042584,0.05479809,0.040191185
-0.38195592,-0.36553007,-0.34891966,-0.33965936,-0.31969896,-0.3079819,-0.29057622,-0.27366075,-0.2604555,-0.24650131,-0.23255873,-0.22528078
-1.085628,-1.0378268,-1.004361,-0.98352987,-0.93707234,-0.9050828,-0.8568637,-0.8040864,-0.7617462,-0.7132066,-0.65136695,-0.61102945
0.053191505,0.028718058,0.0154317245,0.0016821399,-5.8032572e-05,-0.011934243,-0.0056050345,0.00091401115,0.016833022,0.02100777,0.033581227,0.04999061
0.36983377,0.38743985,0.3927588,0.39736122,0.38608283,0.387986,0.3488511,0.30728555,0.25233668,0.21231347,0.16012849,0.10213897
0.009011793,-0.0028604046,-0.009551849,-0.015704814,-0.012670826,-0.02642582,-0.028532945,-0.023376396,-0.010146694,-0.0018798523,0.0052066203,0.0097032
-0.48034784,-0.4264116,-0.38646162,-0.36259562,-0.34323242,-0.3234756,-0.32002407,-0.31827578,-0.31480557,-0.31394383,-0.32262987,-0.34559977
0.36856025,0.35075617,0.3356924,0.32177794,0.3022404,0.29155323,0.26777035,0.24398296,0.2230406,0.19929,0.17662865,0.1577644
0.19632886,0.18980849,0.1829128,0.18344763,0.17410107,0.17582962,0.17167997,0.16667691,0.16594754,0.16183016,0.14949498,0.15087363
0.22459723,0.22905207,0.23034899,0.23132664,0.2181516,0.21586767,0.20055565,0.17601648,0.14910868,0.12568195,0.09702999,0.068059355
0.3982472,0.38104495,0.3625027,0.35191056,0.3259729,0.32854405,0.32082424,0.3020581,0.26547107,0.23946796,0.2310687,0.2229667
-0.03914399,-0.04132308,-0.041533347,-0.044317804,-0.04515896,-0.04657698,-0.044094615,-0.040825684,-0.040852044,-0.036697283,-0.02986402,-0.025577776
0.1695333,0.14612624,0.12628782,0.111465715,0.098036736,0.086116254,0.083072394,0.07462193,0.07421397,0.07067495,0.076073125,0.081429414
0.6083719,0.5909473,0.5763923,0.5681659,0.57096577,0.54083157,0.51564056,0.4976848,0.4885687,0.48778164,0.47381163,0.4729256
0.004328469,0.0078215115,0.011133022,0.0132677555,0.016934816,0.023374535,0.022625715,0.025809731,0.019642752,0.01401037,0.011637457,0.008811265
-0.00047855265,-0.031102989,-0.055740766,-0.07141869,-0.08099362,-0.08950447,-0.0752927,-0.068055786,-0.044742912,-0.032565475,-0.0052805534,0.024765762
0.012763472,-0.025831256,-0.048078697,-0.05921919,-0.068360165,-0.08903961,-0.07326817,-0.055477854,-0.024087079,-0.009424739,0.008083053,0.047030646
-0.06318678,-0.039291583,-0.025961883,-0.014000431,-0.009231463,-0.0004703924,-0.00661359,-0.005815193,-0.020550806,-0.033881143,-0.051819917,-0.070120506
0.8353989,0.78539526,0.74765563,0.73357415,0.6854078,0.65995306,0.6308376,0.60628235,0.5745066,0.5358375,0.48918554,0.48232368
0.37150115,0.34959394,0.32670414,0.31500214,0.2888885,0.27223027,0.25236136,0.23220956,0.22158858,0.2132436,0.19255732,0.18533197
0.05797348,0.032349832,0.005816642,-0.008141331,-0.023642078,-0.03601041,-0.036493335,-0.034218874,-0.023434108,-0.02016437,-0.014124138,0.0035995804
-0.017715178,-0.008454685,0.0016591854,0.009591599,0.020140812,0.020862505,0.022027504,0.023266075,0.027153127,0.03171735,0.028940285,0.02595952
-0.23744203,-0.23084205,-0.22835572,-0.22095674,-0.209247,-0.20973732,-0.19994448,-0.1776237,-0.16639082,-0.15457615,-0.14482453,-0.1379149
-0.21578427,-0.20371406,-0.20075977,-0.1959134,-0.19530517,-0.1871737,-0.18105876,-0.17920598,-0.17878179,-0.17403336,-0.16800001,-0.16296265
-0.6262751,-0.60335976,-0.59066516,-0.5784579,-0.5561135,-0.5321725,-0.5055816,-0.47029358,-0.43991995,-0.40435386,-0.3622632,-0.32458085
-0.20105669,-0.18335646,-0.16983289,-0.1649143,-0.15358178,-0.14494559,-0.14186732,-0.13560978,-0.13426545,-0.1337088,-0.12819295,-0.1325916
0.07443228,0.07474807,0.073112704,0.07057062,0.06370478,0.06383908,0.05863007,0.0527187,0.044403367,0.034054287,0.02684092,0.019250764
0.09068238,0.08013663,0.07740688,0.07169938,0.07056102,0.063302726,0.06359799,0.062034197,0.06917015,0.072781846,0.077516004,0.08194038
0.025905292,0.030681103,0.03705573,0.03711868,0.03883632,0.044001464,0.04082535,0.038413405,0.032525524,0.02201255,0.01470853,0.003954194
0.08442781,0.059446286,0.039636604,0.03155122,0.024826687,0.016185954,0.025811192,0.03427835,0.036345404,0.045510657,0.06126329,0.08071088
0.056630313,0.057080533,0.05538871,0.05436519,0.053996705,0.05698853,0.051569868,0.048068218,0.04018082,0.037955992,0.034633987,0.031497136
-0.20985138,-0.22521073,-0.23392469,-0.24342823,-0.23489991,-0.24196345,-0.22441143,-0.19603013,-0.16409138,-0.14891781,-0.11649422,-0.08555326
-0.05773485,-0.061202224,-0.064195395,-0.06665422,-0.06812801,-0.07186883,-0.06668457,-0.060894184,-0.052104548,-0.046358828,-0.04080183,-0.033587016
0.33581403,0.3304412,0.31409603,0.31142733,0.29497138,0.28574044,0.25950718,0.24243662,0.21832687,0.1982854,0.1644177,0.1429308
0.06757833,0.0638466,0.060848862,0.058527045,0.054644387,0.050817072,0.049235847,0.044639755,0.042646118,0.040735953,0.03792682,0.03309034
0.111904904,0.10970098,0.105890974,0.107641816,0.1033902,0.09910801,0.09407176,0.087530866,0.084863745,0.08347173,0.07265869,0.0702723
0.28751695,0.25535548,0.24577174,0.2332119,0.22770777,0.19718912,0.19101557,0.1817644,0.1880145,0.18044877,0.18712756,0.18698347
0.336241,0.31099296,0.28853777,0.27372563,0.25533265,0.23464641,0.2190458,0.19994926,0.18771505,0.17183223,0.15793824,0.14889292
0.32042912,0.3078526,0.2948159,0.28594485,0.27232912,0.27068973,0.2556967,0.23879902,0.19795303,0.17363398,0.1610897,0.13396408
-0.17463103,-0.17674445,-0.17924163,-0.1809339,-0.17512289,-0.18106817,-0.17393418,-0.1624643,-0.14361328,-0.13344494,-0.121100776,-0.107331745
0.2199699,0.20649567,0.19419503,0.1840298,0.1743393,0.16314891,0.15384108,0.13981812,0.12548156,0.11011197,0.10225843,0.08954004
-0.012417782,-0.006656914,-0.0018951315,-0.0001644548,-0.0009309184,0.0044071833,0.004018626,0.006309541,0.002469371,-0.0044785477,-0.0065132463,-0.009193948
0.23389205,0.21015303,0.19832274,0.19110264,0.18241647,0.171789,0.16560423,0.1604216,0.15932803,0.16676377,0.16543853,0.1732446
-0.06707006,-0.055032954,-0.04604926,-0.03571655,-0.034335017,-0.026234932,-0.018214166,-0.008446856,-0.010335326,-0.001416889,-0.0034936992,0.0047335615
0.4487671,0.4411723,0.4412868,0.43586218,0.42673138,0.4288994,0.4133493,0.39131108,0.3766861,0.34233183,0.30030107,0.2659015
-0.84772193,-0.805614,-0.76375866,-0.7458544,-0.7041166,-0.6741716,-0.63135403,-0.5897581,-0.55617654,-0.52592826,-0.4827829,-0.45950457
-0.0045715976,-0.0004549548,0.00012508687,0.003924722,0.0020965487,0.00680263,0.0064441552,0.0060606753,0.002314872,0.0011649681,-0.0025780755,-0.004948276
-0.38775495,-0.35420012,-0.3345176,-0.32333094,-0.31063336,-0.29197678,-0.29091838,-0.2910147,-0.2942403,-0.28397,-0.27646518,-0.28504252
-0.27774292,-0.26665056,-0.25944412,-0.25589687,-0.24358901,-0.23958196,-0.22852518,-0.21446097,-0.20091395,-0.18897797,-0.17315553,-0.16177408
-0.04282641,-0.036186785,-0.025662046,-0.022127436,-0.0138316415,-0.014144782,-0.013250428,-0.006727625,0.0035068262,0.005154502,0.0027575064,0.0055101085
-0.123633474,-0.11911087,-0.11721352,-0.112775296,-0.108080104,-0.10596656,-0.099998206,-0.0966434,-0.10326775,-0.10135244,-0.097860366,-0.1016948
-0.0881394,-0.08521305,-0.084799334,-0.087167546,-0.086771704,-0.087858215,-0.09136419,-0.101414695,-0.1032303,-0.10456712,-0.107342854,-0.11885632
-0.20800224,-0.20901352,-0.21098192,-0.2100138,-0.20384553,-0.1972601,-0.1850465,-0.17113858,-0.15876533,-0.1461498,-0.12639238,-0.10848282
-0.09458084,-0.08807812,-0.07922011,-0.07006592,-0.060470972,-0.05648393,-0.0497161,-0.036795355,-0.034304354,-0.029701268,-0.01855158,-0.011069874
-0.44158342,-0.42126322,-0.41156617,-0.4027371,-0.39178997,-0.3758941,-0.35600522,-0.33929318,-0.3258174,-0.309169,-0.2831366,-0.26670182
0.25490418,0.23224738,0.21532832,0.20647806,0.19198853,0.17611358,0.17087568,0.17158572,0.17116934,0.15994008,0.15039729,0.15103243
-0.09831876,-0.087128855,-0.076153345,-0.07148157,-0.06413159,-0.05611045,-0.05326849,-0.04717692,-0.045928273,-0.046900142,-0.04676268,-0.04688334
-0.004764788,0.014548941,0.025575202,0.03399603,0.037526965,0.051569305,0.042135023,0.037728027,0.022853117,0.015643377,0.0037308699,-0.011267944
0.20108646,0.1851436,0.17552917,0.16896339,0.15672708,0.14804322,0.14093943,0.14145105,0.14126585,0.13326451,0.12471466,0.13163386
-0.12296771,-0.10680696,-0.10001332,-0.09750036,-0.098084226,-0.09701133,-0.10479954,-0.125263,-0.1337936,-0.13764474,-0.14937745,-0.16894968
0.14917393,0.14328086,0.11990611,0.12126543,0.10879177,0.110007785,0.09279151,0.087554745,0.052077338,0.062476486,0.04990355,0.056440976
-0.27300233,-0.26632735,-0.2599628,-0.2535296,-0.24725473,-0.23929463,-0.22201288,-0.2090724,-0.18869913,-0.1632059,-0.1454406,-0.12956853
-0.09273878,-0.09782155,-0.1077943,-0.11407508,-0.107603446,-0.11121531,-0.10685053,-0.10499819,-0.105500445,-0.09532215,-0.07809537,-0.06875112
0.43668646,0.42822528,0.41750675,0.41830477,0.39455348,0.40013164,0.38284224,0.35836002,0.32289532,0.30979118,0.27880678,0.2685708
-0.00993689,-0.03249067,-0.04728926,-0.056123562,-0.057265513,-0.06855197,-0.058968127,-0.051442627,-0.02981199,-0.012741337,0.009628493,0.035002083
0.5130751,0.47722527,0.45020816,0.43136302,0.40496838,0.3740178,0.35000893,0.33053514,0.31967643,0.29317006,0.27435213,0.26105142
0.091138564,0.091960445,0.0907066,0.091562346,0.08701603,0.08484209,0.07654832,0.06967026,0.062209737,0.053960834,0.042181812,0.031440374
-0.24652201,-0.22347964,-0.21144512,-0.19727814,-0.18919018,-0.17745757,-0.17348295,-0.16930985,-0.16717444,-0.16251826,-0.16329166,-0.16690642
0.21408077,0.22257268,0.22552326,0.22676012,0.21270579,0.22364187,0.22786444,0.22172216,0.19114849,0.16434343,0.16466908,0.15361163
0.31761894,0.27944213,0.24924019,0.23387475,0.21516697,0.19200534,0.19157787,0.18913978,0.19661248,0.19946392,0.19885804,0.21713874
-0.3959408,-0.3534066,-0.32454893,-0.3096879,-0.29240704,-0.28447843,-0.29426822,-0.310734,-0.3191566,-0.31770182,-0.3341998,-0.36606932
0.5076721,0.4843568,0.46367025,0.45308143,0.42936382,0.40918964,0.38966164,0.36981708,0.36123806,0.3507761,0.330237,0.32469538
0.08410197,0.08792768,0.0953327,0.10022698,0.09783159,0.09371131,0.09096198,0.08374314,0.08290385,0.0774963,0.062819265,0.050369132
-0.086588494,-0.08558813,-0.08402774,-0.08535343,-0.07968145,-0.0786116,-0.07245504,-0.064318195,-0.05585237,-0.05057269,-0.041626234,-0.03285873
0.04331828,0.018894278,-0.0014831126,-0.016572818,-0.021813806,-0.03708669,-0.040500488,-0.046364613,-0.041147232,-0.034031548,-0.022267187,-0.014349153
0.18195099,0.18457049,0.18343583,0.18543193,0.18048215,0.18273851,0.16702992,0.15287544,0.13760456,0.12844229,0.1071967,0.09233612
-0.02247962,0.00042872876,0.010431953,0.018363293,0.019410804,0.024382785,0.010355644,-0.0056162067,-0.025317274,-0.035528086,-0.05655558,-0.08274606
-0.018302215,-0.011960609,-0.0074951956,-0.0043958835,-0.0006170776,-0.0033435486,-0.0050753057,-0.008299984,-0.011105958,-0.013525914,-0.0211429,-0.026680402
-0.7685164,-0.72171545,-0.6877709,-0.67104554,-0.628228,-0.60443157,-0.5802022,-0.53763336,-0.5054248,-0.48563176,-0.45555118,-0.43263984
0.21454673,0.19926305,0.18832968,0.17967613,0.17067686,0.16188806,0.15227188,0.14065859,0.13813363,0.13403174,0.1258926,0.12517744
0.0735704,0.06700449,0.06661546,0.061900828,0.06282708,0.0650827,0.069446996,0.07468091,0.07254209,0.06699864,0.073882625,0.077915736
0.016471336,0.023566056,0.029579818,0.034446254,0.034301437,0.036452644,0.036044046,0.038362272,0.029487414,0.02544649,0.01984413,0.013825858
-0.08308923,-0.0912064,-0.10177835,-0.109195694,-0.11313845,-0.111700475,-0.1037117,-0.09799759,-0.09313515,-0.08817606,-0.073779576,-0.055814486
-0.071971126,-0.05614946,-0.045813985,-0.035973016,-0.023117838,-0.022413434,-0.026455948,-0.02206241,-0.023115965,-0.019620914,-0.026605373,-0.028080903
0.20676516,0.19746667,0.18877882,0.18770835,0.17714167,0.17159186,0.16724057,0.16290608,0.16102587,0.1574574,0.14671166,0.14799005
-0.07597132,-0.06784791,-0.070404485,-0.06708805,-0.06870191,-0.060931984,-0.06420198,-0.06040827,-0.059848268,-0.048864305,-0.043730166,-0.037124258
-0.30259606,-0.2906956,-0.2787289,-0.27174923,-0.26347578,-0.2592798,-0.2423501,-0.22878782,-0.20329271,-0.18029529,-0.15498656,-0.13508111
-0.10499825,-0.08623664,-0.075810835,-0.06256424,-0.055347297,-0.05238855,-0.053276762,-0.0547749,-0.056495644,-0.052982565,-0.057466265,-0.06449664
0.436256,0.40366888,0.3801295,0.3667008,0.3524671,0.33320522,0.32262903,0.30872583,0.30417025,0.29545408,0.28888676,0.29229757
-1.2975227,-1.2226515,-1.1622941,-1.1333561,-1.0693476,-1.0049537,-0.9674773,-0.9017162,-0.852294,-0.8168869,-0.75986177,-0.72482526
-0.08637585,-0.082265206,-0.080275774,-0.07961675,-0.07739527,-0.07507751,-0.075219,-0.07671739,-0.07813296,-0.07670354,-0.07411289,-0.07795374
-0.036140136,-0.044484675,-0.05237023,-0.05831361,-0.06318156,-0.07325365,-0.06631146,-0.061617106,-0.049467422,-0.045600668,-0.037651826,-0.031875957
0.25354236,0.23449107,0.21803007,0.2073332,0.18978024,0.18615524,0.18308532,0.16813676,0.15040521,0.1383923,0.13807528,0.13386983
0.0064905025,0.0039480273,0.0019696914,0.004520396,0.008951406,0.010829722,0.011787741,0.019219596,0.020436548,0.026962647,0.03322917,0.042565763
0.13801488,0.113927215,0.09955621,0.086855926,0.08303738,0.07229628,0.07253803,0.071826786,0.07617651,0.07614648,0.08506365,0.09656626
0.35234874,0.33183253,0.31786358,0.3133891,0.30649996,0.28507856,0.27391416,0.26588854,0.2652641,0.2604631,0.2434348,0.24297944
-0.10539251,-0.09486786,-0.09047405,-0.08815627,-0.08620928,-0.082105726,-0.082721926,-0.07882509,-0.078649245,-0.08172506,-0.07836052,-0.07833463
0.30535907,0.2805656,0.26948142,0.2576069,0.24838164,0.22351024,0.20939693,0.18844768,0.19026117,0.18344198,0.17601405,0.17246501
0.17964034,0.21543278,0.23429991,0.25038287,0.24027842,0.25703025,0.2394406,0.21820998,0.17865714,0.14108674,0.099168375,0.055568665
-0.51028264,-0.45070457,-0.4084704,-0.38396865,-0.36365923,-0.33812106,-0.333186,-0.33355308,-0.3326006,-0.33392373,-0.3447297,-0.36918017
-0.020507324,-0.012675041,-0.010389632,-0.0066286772,-0.009385126,-0.0055165812,-0.0101001,-0.01677733,-0.01976737,-0.020483349,-0.030993028,-0.03666271
-0.30706328,-0.29690078,-0.2874819,-0.2857641,-0.27127752,-0.2675111,-0.25425255,-0.23049062,-0.2092344,-0.1991175,-0.17844222,-0.1617028
0.053960517,0.03818134,0.027007457,0.018887818,0.012795802,0.009091977,0.012127437,0.012548152,0.016088085,0.02282638,0.034224257,0.04367158
0.067188166,0.067396276,0.07022227,0.0668149,0.06204707,0.059124958,0.058121096,0.063169315,0.07321324,0.06340606,0.05361875,0.056626
0.181879,0.16141082,0.14932184,0.14048146,0.13219516,0.12237111,0.1149508,0.10457132,0.10609927,0.10652904,0.0989705,0.09874441
0.73080456,0.69997877,0.6744101,0.6524055,0.6238503,0.60102016,0.57548904,0.5413226,0.51141685,0.4729994,0.44465443,0.4196798
0.20708735,0.19105439,0.18673894,0.17888466,0.17696726,0.17066959,0.16204995,0.15570141,0.16015404,0.16049746,0.16056654,0.16605629
0.33303922,0.30603442,0.28526676,0.27485675,0.25065956,0.23464075,0.22815993,0.2195427,0.21707936,0.20844087,0.19556634,0.19686319
-0.7402904,-0.7159364,-0.7024554,-0.6904782,-0.66139424,-0.6454239,-0.61131674,-0.5730739,-0.53958064,-0.4959015,-0.44608745,-0.40856686
-0.33284885,-0.32390034,-0.3131227,-0.30871052,-0.29287678,-0.2868787,-0.2681687,-0.24544464,-0.22319527,-0.20130345,-0.17641905,-0.15348597
-0.29113826,-0.27530202,-0.26145703,-0.25589558,-0.24230811,-0.23387513,-0.22302333,-0.20889863,-0.19248828,-0.18028717,-0.16457188,-0.15403187
0.24422337,0.22175187,0.19941473,0.18489902,0.16448663,0.15782154,0.14995696,0.13526168,0.11403205,0.09167829,0.08899006,0.080661975
0.18773365,0.20927194,0.21934602,0.22710767,0.22527677,0.22197787,0.19777302,0.17151266,0.14282973,0.121414796,0.084019974,0.038583636
-0.1681448,-0.15297313,-0.14173579,-0.13011894,-0.12215437,-0.11377396,-0.09768645,-0.08039191,-0.07119621,-0.072310716,-0.072215885,-0.06661485
0.21869422,0.20668802,0.19469388,0.189003,0.18354434,0.17491536,0.16186017,0.15009293,0.13964078,0.12963775,0.11655801,0.106687516
-0.29025447,-0.28495732,-0.27821714,-0.27503026,-0.25974637,-0.2583764,-0.24286492,-0.22257325,-0.20526147,-0.18991593,-0.16734727,-0.15098733
0.77477103,0.7198145,0.6487802,0.63217604,0.57929003,0.5610822,0.4960145,0.4610815,0.38676348,0.40185568,0.34931776,0.3544953
-0.35498416,-0.3362065,-0.31165823,-0.30858234,-0.27956668,-0.26478198,-0.2599865,-0.24758004,-0.22989784,-0.20741974,-0.18492104,-0.17782998
-0.0016861679,-0.016251482,-0.026978645,-0.03361641,-0.036288988,-0.042219356,-0.038730532,-0.041311495,-0.036148544,-0.03134451,-0.023365993,-0.019606728
0.60437435,0.5619504,0.5334562,0.5163838,0.478973,0.4575266,0.43901202,0.40848807,0.39922372,0.37158808,0.33743408,0.32263616
0.23513481,0.21221772,0.19281682,0.18224503,0.16759956,0.1526824,0.14687228,0.1404608,0.13347267,0.124632485,0.1169654,0.11350028
0.18060659,0.16303514,0.14900154,0.14266092,0.13020623,0.12490159,0.12427413,0.122221395,0.11691438,0.113272205,0.115771025,0.120247796
-1.080236,-1.0420172,-1.012193,-0.9983263,-0.9589122,-0.9394505,-0.8917818,-0.8498297,-0.8010993,-0.75098455,-0.6876572,-0.64681435
0.008172861,0.0021810671,-0.007879032,-0.013965312,-0.020992406,-0.027295642,-0.03169658,-0.037138723,-0.041269116,-0.045144305,-0.047425583,-0.051162478
0.14899309,0.17738485,0.19330591,0.21253483,0.21101025,0.21602197,0.1944359,0.17348821,0.14363539,0.12928864,0.08662739,0.045478024
-0.47692394,-0.46875238,-0.450045,-0.44615623,-0.41523486,-0.41079944,-0.38096166,-0.3392341,-0.3039459,-0.2838107,-0.24819702,-0.21692097
-0.24221447,-0.23816988,-0.23682559,-0.23295975,-0.22771151,-0.22109194,-0.2154141,-0.20698027,-0.19348782,-0.1717074,-0.15771204,-0.14248766
-0.17977561,-0.16534832,-0.15612496,-0.14678347,-0.14138144,-0.13463733,-0.1261111,-0.117934145,-0.11413957,-0.1096948,-0.10689966,-0.106566474
0.70228714,0.6588074,0.61622185,0.60036045,0.571775,0.5484201,0.5198838,0.4995918,0.47623417,0.46567112,0.43984705,0.446191
1.0886064,1.0353838,1.0037997,0.9938871,0.9510985,0.91723603,0.888574,0.8591202,0.81978285,0.78023976,0.72912437,0.72422695
-0.0541269,-0.05327276,-0.05205835,-0.052584045,-0.051656157,-0.052196708,-0.050209567,-0.049664944,-0.047536455,-0.046135288,-0.04289907,-0.04300676
-0.21794286,-0.2173307,-0.22556655,-0.22603033,-0.22648586,-0.2285749,-0.2239447,-0.21273117,-0.20657408,-0.19143996,-0.17799026,-0.16250911
-0.21067883,-0.18545446,-0.16949548,-0.15498364,-0.13979018,-0.121348776,-0.114159554,-0.102747455,-0.105214834,-0.09718242,-0.09130223,-0.09201054
-0.37742692,-0.36700523,-0.35877922,-0.3553468,-0.3426252,-0.33842593,-0.32583922,-0.31320164,-0.29213527,-0.27510563,-0.2548751,-0.24173254
-0.016442796,-0.017323371,-0.015535502,-0.016541312,-0.015283004,-0.018088121,-0.015505098,-0.009488013,-0.001481297,-0.00082289753,0.0002664174,0.0054952307
-0.26112422,-0.24555486,-0.23612921,-0.22985823,-0.21917434,-0.20863059,-0.20623687,-0.20278624,-0.1993013,-0.18893304,-0.18063956,-0.18134895
-0.10204211,-0.085031554,-0.07691009,-0.069244996,-0.06594026,-0.0583425,-0.05881196,-0.055590205,-0.06287038,-0.06723219,-0.07333376,-0.07958414
-0.6282975,-0.5865747,-0.5556376,-0.5400818,-0.5115809,-0.49098593,-0.47248644,-0.45409477,-0.4411031,-0.41970217,-0.39537233,-0.38490513
0.31369156,0.28043604,0.2534156,0.23476876,0.21402,0.19897059,0.18655525,0.1663115,0.15641508,0.15306902,0.15039678,0.14744355
0.46896675,0.43569422,0.41728988,0.40809745,0.3862776,0.37053677,0.34799552,0.33285406,0.3136603,0.31421122,0.29706052,0.3098728
-0.5903203,-0.5557722,-0.53225183,-0.5168846,-0.4970889,-0.47509506,-0.452692,-0.43530536,-0.40841976,-0.38451514,-0.36527178,-0.35322237
-0.27181345,-0.2552594,-0.24355993,-0.23649764,-0.22532476,-0.21964571,-0.21341234,-0.20382313,-0.18930402,-0.17907123,-0.17085584,-0.16422299
-0.108327195,-0.10311848,-0.09921496,-0.09570928,-0.084915236,-0.07130627,-0.06487967,-0.055890523,-0.056629594,-0.048722535,-0.03573724,-0.028890528
-0.041903056,-0.035228018,-0.034948967,-0.030097948,-0.025499059,-0.016614836,-0.014347069,0.0019635153,0.007378458,0.016400928,0.018538661,0.03565433
-0.061020076,-0.037401628,-0.024361849,-0.011545263,-0.0073107183,0.00096800923,-0.006747626,-0.012799911,-0.027950998,-0.03441799,-0.054036077,-0.07462725
-1.0823203,-1.0381533,-1.00661,-0.98871857,-0.95006853,-0.92372906,-0.87785214,-0.8306659,-0.7833603,-0.7352627,-0.6741859,-0.632038
-0.14378095,-0.14830886,-0.14485379,-0.143114,-0.1264798,-0.12924795,-0.11094001,-0.082042955,-0.056814387,-0.036798507,-0.011930965,0.019201836
0.043626055,0.032996845,0.028543891,0.023289265,0.025045957,0.019356336,0.022377903,0.029874763,0.034626123,0.035033792,0.04022306,0.050773088
-0.032220416,-0.04133515,-0.04573502,-0.049323123,-0.045661867,-0.048275,-0.04214254,-0.034005202,-0.024825722,-0.018025417,-0.006147195,0.0065650195
-0.30499074,-0.282922,-0.26605192,-0.25550437,-0.23514463,-0.22239819,-0.20944554,-0.19189109,-0.18542552,-0.17493133,-0.15853639,-0.15266347
0.008896528,-0.0008470025,-0.0022165608,-0.0032578278,-0.0046169907,0.0036284886,0.010650385,0.010527955,0.01929674,0.019881722,0.023866322,0.033824578
-0.5551918,-0.52723277,-0.5037784,-0.48996127,-0.46466497,-0.4449379,-0.4184592,-0.38803002,-0.36215377,-0.34043455,-0.31325325,-0.29073173
-0.036921702,-0.042280093,-0.0417683,-0.043203946,-0.036690816,-0.03254326,-0.024631016,-0.017912019,-0.010511154,-0.0020715743,0.009710869,0.022910835
-0.32095656,-0.30209965,-0.2900399,-0.2833001,-0.27275604,-0.2642907,-0.2574353,-0.24757192,-0.23334697,-0.22715613,-0.22152741,-0.21986535
-0.12769781,-0.122224115,-0.12173322,-0.12168108,-0.12164591,-0.11208289,-0.109879166,-0.109921865,-0.11323426,-0.109486416,-0.10299161,-0.09634352
0.043979794,0.04942052,0.051140737,0.051981017,0.052197404,0.04637042,0.040908948,0.03614753,0.032842815,0.030686382,0.023869503,0.015029388
-0.28455323,-0.27533635,-0.27023092,-0.26201877,-0.24793871,-0.23700303,-0.22318166,-0.20383753,-0.19458535,-0.1776388,-0.15842126,-0.14391212
-0.39364484,-0.35999313,-0.34046185,-0.32354733,-0.3098344,-0.29186583,-0.28145877,-0.27334732,-0.26334822,-0.24696504,-0.24052568,-0.23414277
0.00052430155,-0.00055759493,-0.00397812,-0.0036105793,-0.006423414,-0.007896898,-0.0085392045,-0.0072900536,-0.010734625,-0.010737475,-0.009818695,-0.010749369
0.6987356,0.6382551,0.5864344,0.5534112,0.5130002,0.48671946,0.45288476,0.40980092,0.38225645,0.37217408,0.3532585,0.34474677
-0.2400699,-0.21804745,-0.20305678,-0.19150496,-0.18272996,-0.16360337,-0.15798286,-0.15084463,-0.1439708,-0.13409966,-0.12537414,-0.12298393
0.1584705,0.15002719,0.1490054,0.14437489,0.14427866,0.13082974,0.12144634,0.10787278,0.10763446,0.10107215,0.08839858,0.07678001
-0.015326801,-0.0067743137,-0.0018000519,0.006203764,0.007980392,0.017297538,0.019668823,0.026228113,0.021132503,0.025099032,0.023563256,0.027989
0.5103195,0.47404388,0.4529678,0.43931547,0.41931552,0.3852005,0.37292957,0.36061934,0.36635196,0.36099952,0.3470125,0.33240858
0.32945183,0.30981627,0.3000399,0.29053488,0.27849478,0.27282867,0.264262,0.2582415,0.252597,0.24491572,0.24371877,0.24156676
-0.31043553,-0.28825167,-0.27813673,-0.27445874,-0.26465046,-0.25476292,-0.25196785,-0.25134623,-0.2513114,-0.24816681,-0.23940118,-0.24223147
0.80178237,0.7609013,0.72268873,0.7016096,0.65230453,0.6361866,0.6127248,0.56858575,0.5218778,0.48480296,0.45353466,0.4202713
-0.0805037,-0.085815124,-0.09025295,-0.08789119,-0.08472067,-0.08458756,-0.07459775,-0.0594184,-0.04725674,-0.03737788,-0.024156962,-0.007073814
-0.22818492,-0.23603737,-0.23567726,-0.25402477,-0.25159875,-0.24108201,-0.22457828,-0.22059631,-0.20667022,-0.20379192,-0.17315434,-0.15948914
-0.057106726,-0.042125702,-0.032466453,-0.02372213,-0.015858628,-0.008361541,-0.011433512,-0.011491142,-0.01920545,-0.022290645,-0.03485339,-0.04835247
0.13005203,0.13950881,0.14738142,0.15139404,0.1522899,0.1552859,0.14469413,0.13748553,0.12995248,0.11737874,0.09597683,0.076189116
0.35952112,0.35087013,0.33554715,0.33441213,0.3123556,0.30689093,0.29281726,0.2832954,0.26321512,0.2521384,0.23123764,0.22808261
0.02210407,-0.020605087,-0.03372919,-0.054115757,-0.04758758,-0.07163035,-0.054789033,-0.033626385,-0.004169978,0.0051040165,0.0316509,0.06151583
-0.6925204,-0.6724359,-0.65590054,-0.64148116,-0.61225426,-0.5911974,-0.5552997,-0.5116169,-0.47426954,-0.44251484,-0.39806098,-0.36497322
-0.26394385,-0.24591441,-0.236887,-0.22532728,-0.21114203,-0.201383,-0.18599495,-0.17000595,-0.16515844,-0.1515568,-0.14149974,-0.1305491
-0.11270226,-0.10363646,-0.10931592,-0.1057647,-0.10685663,-0.09544704,-0.1008387,-0.09788533,-0.11797947,-0.10893592,-0.10659319,-0.10510525
-0.6768392,-0.6373426,-0.6034711,-0.58568364,-0.5594509,-0.5420826,-0.51433223,-0.49284312,-0.4667043,-0.4436127,-0.42046034,-0.40980387
-0.70611346,-0.6777309,-0.63766193,-0.6304684,-0.594477,-0.5848827,-0.54418343,-0.4934893,-0.44250736,-0.4282779,-0.38890657,-0.35601473
0.084876336,0.094771974,0.103917666,0.107438214,0.10877128,0.112118736,0.10228194,0.09414485,0.08434986,0.07294997,0.055829212,0.041218042
-0.47694403,-0.43281966,-0.40154544,-0.38323876,-0.3648113,-0.34092396,-0.3309677,-0.32177004,-0.32180545,-0.32217798,-0.32459673,-0.33671176
0.28866225,0.29541627,0.2982706,0.30081022,0.29337555,0.2935372,0.27435654,0.25443336,0.23190713,0.21090862,0.18072446,0.15477179
-0.21217436,-0.19468984,-0.17838533,-0.17105499,-0.15778276,-0.14566994,-0.14226004,-0.13571113,-0.13311623,-0.12952459,-0.12394123,-0.128401
-0.17853001,-0.1910084,-0.20165226,-0.20641968,-0.20236847,-0.20774892,-0.1973475,-0.18554194,-0.16498417,-0.14537984,-0.12371823,-0.09797323
-0.1229656,-0.120240465,-0.11826986,-0.117870204,-0.11368705,-0.1104615,-0.106005885,-0.10275704,-0.09475802,-0.08712861,-0.07676157,-0.07041603
-0.16503692,-0.13919526,-0.11753532,-0.10435592,-0.08878339,-0.071110085,-0.06952142,-0.06161929,-0.06420823,-0.068195745,-0.0740945,-0.08611567
0.014974263,0.018933782,0.018021338,0.023951687,0.020523658,0.021518389,0.02004149,0.020233179,0.014705056,0.017210001,0.009464964,0.0067666396
0.08671824,0.1048972,0.11255157,0.121373594,0.119357586,0.11374538,0.108104944,0.10334243,0.09631352,0.082009315,0.060354423,0.041219704
-0.01635713,-0.03075684,-0.04392871,-0.0534608,-0.054562118,-0.056650206,-0.05440481,-0.054285746,-0.053218246,-0.046251215,-0.03140819,-0.024677204
0.1600266,0.12551743,0.10235984,0.08585472,0.07796346,0.06840168,0.071866184,0.072824985,0.080572195,0.08955306,0.10551517,0.12511554
0.22947663,0.22238499,0.20825198,0.20900285,0.19456911,0.18996072,0.17682703,0.1614307,0.14886452,0.14791262,0.124851115,0.116697356
-0.08953366,-0.07607316,-0.0688212,-0.061947107,-0.06102465,-0.04817798,-0.047302376,-0.048971582,-0.058504142,-0.060077548,-0.063365266,-0.06919729
-0.216157,-0.20955358,-0.20241997,-0.19009386,-0.18059638,-0.16060218,-0.14364631,-0.12793644,-0.1169515,-0.09529428,-0.08019434,-0.060176387
-0.07262024,-0.08273466,-0.091187,-0.09472393,-0.096423544,-0.09436494,-0.082116246,-0.07087967,-0.0604072,-0.04838741,-0.030818436,-0.012059582
0.534785,0.5182898,0.49404332,0.4855398,0.4574443,0.44289508,0.40798753,0.37044406,0.32685634,0.30309573,0.2631298,0.23119807
0.21942563,0.21168953,0.19962426,0.19688964,0.18206686,0.17611521,0.16444038,0.15236466,0.13815668,0.12866282,0.10964949,0.09876152
-0.43069708,-0.405238,-0.3900042,-0.38135952,-0.3697574,-0.3547449,-0.3447278,-0.3321666,-0.32508653,-0.31304714,-0.29716802,-0.28948155
0.31203368,0.30091304,0.293558,0.29113388,0.2807599,0.2744253,0.2586825,0.24206002,0.22513844,0.21114394,0.18611158,0.16759457
-0.06615814,-0.06706649,-0.06638762,-0.06807238,-0.06440258,-0.06189639,-0.056303825,-0.05258008,-0.0470373,-0.038507022,-0.027270094,-0.018229002
0.08493623,0.0681026,0.06147456,0.052277796,0.047671877,0.036919806,0.041906923,0.042290613,0.05646597,0.05961676,0.069706134,0.08231673
0.1084731,0.12479368,0.13046452,0.14170727,0.14539447,0.15083343,0.13823327,0.13070387,0.113226905,0.10505064,0.081481494,0.061977178
0.047660455,0.039643984,0.03333041,0.026953638,0.022848302,0.014179607,0.009626205,0.0027965275,0.0011356631,-0.0036563915,-0.0043871063,-0.008833798
0.43835288,0.4043566,0.38775343,0.3800019,0.3778959,0.38311538,0.38027304,0.37241253,0.35314608,0.3530254,0.36018807,0.36858803
0.20287475,0.19325136,0.1902775,0.18845175,0.18227132,0.17165954,0.16529062,0.14978485,0.14500788,0.1421065,0.13425894,0.12551002
0.33612835,0.33466274,0.33341616,0.3346638,0.3285598,0.32854372,0.3128072,0.29691255,0.278877,0.2633688,0.23651701,0.2159526
0.012719824,0.027163524,0.03449119,0.039725978,0.041243576,0.046426386,0.0398339,0.03053544,0.013036789,0.0037136972,-0.004460899,-0.022535518
-0.12972721,-0.1291101,-0.12966922,-0.12919733,-0.12743019,-0.1265931,-0.114771,-0.10643904,-0.09861016,-0.092364766,-0.081331946,-0.073308095
-0.29856837,-0.29705772,-0.29163656,-0.29471618,-0.2776966,-0.27858555,-0.26349053,-0.24087149,-0.22268906,-0.21376607,-0.18833393,-0.17212646
0.37241614,0.34233075,0.3218655,0.29907978,0.28390828,0.26318678,0.23724099,0.2185609,0.20784837,0.19141321,0.1789762,0.16205758
-0.08998791,-0.0842923,-0.082969286,-0.07956752,-0.0786519,-0.07643283,-0.07409336,-0.07455383,-0.07437935,-0.07077148,-0.07259237,-0.074379615
-0.4303121,-0.39906427,-0.3815378,-0.36319032,-0.35125613,-0.33974513,-0.32218423,-0.30756122,-0.28351027,-0.2573649,-0.23717493,-0.21694922
-0.11514572,-0.106375255,-0.09310444,-0.08732439,-0.071125925,-0.060451917,-0.05692886,-0.03669388,-0.019344978,-0.013589714,-0.00978911,0.0033099325
0.1488613,0.15980744,0.15334764,0.15665346,0.14366454,0.13559441,0.11331895,0.08483401,0.06236353,0.05632222,0.023803076,0.00034888834
-0.010205157,-0.005092513,-0.00336714,0.000845707,0.0018455582,-0.0019566305,-0.0012822514,0.0005665701,-0.005859551,-0.008826655,-0.008760617,-0.017482318
-0.09484642,-0.07241995,-0.05518983,-0.04392314,-0.035380274,-0.025767691,-0.025066227,-0.021965522,-0.025571687,-0.02780378,-0.037175372,-0.046563674
0.100627795,0.086573265,0.076810546,0.07425824,0.07261798,0.06309355,0.0625103,0.06308198,0.07087368,0.080051266,0.08348371,0.08986978
0.118505985,0.10661234,0.1019101,0.09301445,0.090501316,0.077497415,0.068033665,0.054074027,0.049152587,0.040670328,0.034842234,0.02461493
-0.41578007,-0.37454987,-0.3510137,-0.33299103,-0.3128716,-0.28952605,-0.28974926,-0.283953,-0.27777964,-0.27049246,-0.2673972,-0.2747591
-0.60518396,-0.5787014,-0.5540189,-0.53966653,-0.49957404,-0.48899183,-0.4643376,-0.42296237,-0.3977331,-0.37121254,-0.3413566,-0.31839448
-0.015805112,-0.034010928,-0.047778323,-0.058211483,-0.060328286,-0.06715404,-0.059839178,-0.05651048,-0.04426696,-0.03683583,-0.021928148,-0.011705128
0.008654876,0.019207463,0.024787784,0.02561598,0.029919274,0.03331265,0.023598265,0.017842244,0.013632543,0.00971919,-0.0022102313,-0.014636939
0.09378041,0.072037235,0.056039553,0.04228166,0.032441277,0.024090651,0.025827311,0.02169101,0.029251713,0.032220364,0.04343992,0.05595173
-0.038668014,-0.026502432,-0.017038675,-0.00827734,-0.0029019527,0.0032901056,0.003024917,0.0025466029,-0.0047364812,-0.0032400675,-0.010570651,-0.020819098
0.22076632,0.22434866,0.22514701,0.22530866,0.21618421,0.21761641,0.20349938,0.18920232,0.16866973,0.15698926,0.13725814,0.120323636
0.14856002,0.1283438,0.11009067,0.10566298,0.09504813,0.09370224,0.09877111,0.10213281,0.10804109,0.11955987,0.12435674,0.14485118
-1.7079386,-1.6244806,-1.5506887,-1.5169439,-1.47191,-1.4055346,-1.3361932,-1.2902967,-1.2161893,-1.1613436,-1.0985639,-1.0493892
0.24688299,0.24135527,0.24815732,0.2555856,0.25807285,0.25691026,0.24981934,0.24360237,0.23399651,0.22474281,0.2032879,0.19149138
0.13500626,0.11914864,0.10388478,0.09555157,0.081422046,0.064054675,0.057507895,0.046202477,0.04686065,0.04239849,0.037976332,0.03311141
-0.30267957,-0.31314367,-0.31547564,-0.32378325,-0.32140496,-0.32361913,-0.29565164,-0.27003092,-0.24446632,-0.2319472,-0.18893601,-0.15994261
-0.3603662,-0.3294662,-0.31028223,-0.29870614,-0.2837372,-0.2660345,-0.2600401,-0.25008947,-0.24781859,-0.24184665,-0.23474598,-0.2351417
0.2794383,0.27036935,0.26124352,0.25872263,0.24953258,0.24792959,0.23333529,0.2217529,0.20536098,0.19463618,0.1767231,0.16792662
0.06787552,0.05078191,0.037561797,0.024363149,0.01886409,0.0059638973,-0.0006525945,-0.00861311,-0.0069164634,-0.012121206,-0.011470481,-0.012435877
0.51596713,0.48674425,0.46673498,0.46248332,0.4403921,0.42820784,0.4216702,0.41414434,0.40952066,0.39481783,0.37346902,0.37207893
-0.4132356,-0.4068061,-0.40677574,-0.4014427,-0.38670582,-0.38144398,-0.36130297,-0.33065385,-0.29741237,-0.2785238,-0.25414005,-0.22316092
0.12539005,0.10832882,0.10053396,0.095297135,0.08633045,0.08375027,0.089180976,0.090294614,0.092707105,0.09302305,0.09828501,0.105633155
-0.21886502,-0.22182398,-0.21916819,-0.2190061,-0.21023062,-0.20426504,-0.18695617,-0.16785909,-0.15021645,-0.13771032,-0.11507144,-0.09279182
0.58920497,0.56540376,0.5479277,0.5401629,0.5093611,0.49262163,0.47788623,0.45604032,0.44894373,0.4277275,0.3978297,0.38990146
0.61184484,0.5891753,0.5808218,0.5685365,0.5514056,0.539506,0.5132299,0.48790544,0.4619381,0.43524447,0.40214127,0.38167194
0.19498229,0.20077087,0.20223212,0.20690645,0.20047647,0.20065102,0.18880035,0.17764762,0.16002017,0.15083635,0.1312362,0.113119714
-0.31398547,-0.293645,-0.28488868,-0.2791805,-0.27370328,-0.26353458,-0.25587547,-0.24949238,-0.25203413,-0.25562003,-0.24555683,-0.24701096
0.37550578,0.3582642,0.34309635,0.3366255,0.3198983,0.31260246,0.3015193,0.2862128,0.2678874,0.24728255,0.23237804,0.22564898
0.2428956,0.22682646,0.2141345,0.20997344,0.20353433,0.19164005,0.18594046,0.18430865,0.18100548,0.1851324,0.18451028,0.1938571
0.31749466,0.3150164,0.31748825,0.3176857,0.31081393,0.3071975,0.2936187,0.27841973,0.2663688,0.25186598,0.2301077,0.21006963
0.0014427882,0.009921832,0.0115333125,0.014165368,0.0045898966,0.011255115,0.008312579,0.0017992742,-0.010800067,-0.020423135,-0.029701183,-0.039641544
-0.36361957,-0.3424056,-0.32613838,-0.31802464,-0.30066082,-0.29349697,-0.28002918,-0.2547015,-0.23668936,-0.23067136,-0.21464245,-0.20349297
0.15277652,0.1264801,0.10994523,0.101116225,0.0934819,0.08372405,0.08604034,0.0867334,0.08763735,0.087351486,0.091593914,0.10067856
0.09521699,0.08149033,0.071271986,0.06494675,0.062376287,0.049534578,0.0462305,0.048219264,0.06531472,0.08126255,0.08663181,0.10171031
-0.017334722,-0.007300228,-0.0010252614,0.0051742736,0.010182016,0.012668934,0.010284523,0.00886419,0.0034847334,0.00010744203,-0.007229011,-0.016026938
0.07285775,0.071125135,0.07136816,0.07053774,0.066841,0.062801324,0.059892982,0.05255103,0.05030942,0.042023942,0.034182377,0.025482174
0.06319837,0.051554427,0.05004967,0.049416445,0.05111435,0.05706486,0.064385384,0.07455395,0.07482835,0.07696534,0.08482879,0.096423805
-0.08765989,-0.08721863,-0.079481006,-0.08314471,-0.071640745,-0.07970202,-0.06230481,-0.035925105,-0.01618799,-0.019484628,-0.012110331,-6.8727415e-05
-0.05310347,-0.037804537,-0.027362559,-0.022948038,-0.018860217,-0.015588846,-0.018487833,-0.022567278,-0.028933462,-0.035781924,-0.04385546,-0.057181526
0.6247084,0.6104899,0.6011542,0.6029374,0.5936274,0.56751126,0.53953034,0.5162543,0.48136473,0.45737857,0.4269737,0.39186278
0.43283492,0.41391534,0.40224668,0.38981718,0.37738958,0.37034172,0.3491858,0.32665357,0.30663806,0.28295475,0.2632735,0.24495633
0.14676405,0.118727595,0.09857494,0.08919814,0.0786193,0.06688314,0.069544725,0.065424435,0.08095196,0.08937648,0.090022616,0.10791442
0.10207611,0.10349998,0.11049384,0.12161157,0.124032274,0.11992781,0.11833515,0.11184619,0.108913615,0.11285659,0.10243931,0.094599895
0.41566136,0.3812754,0.36252183,0.34782404,0.33684206,0.31698433,0.31062973,0.30358592,0.3050267,0.30082813,0.3019775,0.3073484
0.111705124,0.1395594,0.15791833,0.17404771,0.17377748,0.18326,0.16651076,0.15023173,0.122106574,0.10502545,0.071945444,0.03341356
-0.19849321,-0.2006238,-0.19748276,-0.20235893,-0.19435637,-0.19093125,-0.18052903,-0.17595279,-0.16088772,-0.15022525,-0.13214947,-0.122471705
-0.15901709,-0.13041544,-0.113128655,-0.10006819,-0.08947621,-0.07216029,-0.0701593,-0.06063533,-0.065493084,-0.06391718,-0.062070012,-0.06251917
-0.29397118,-0.2813729,-0.2763129,-0.28059375,-0.2740423,-0.2766693,-0.2785335,-0.28154585,-0.2677956,-0.262413,-0.25332034,-0.26336807
0.2837162,0.27148375,0.25968623,0.2540274,0.24585591,0.23014742,0.21155655,0.19586259,0.18421589,0.17485148,0.15488824,0.13592173
0.13971284,0.118407734,0.10143471,0.09092967,0.08021717,0.07100836,0.074403346,0.076151684,0.078672364,0.0794218,0.086482435,0.09908703
-0.01155467,0.010664739,0.022454835,0.042434037,0.059997775,0.062202368,0.0647675,0.081026085,0.073134735,0.068377525,0.074213415,0.08094812
-0.2764944,-0.23421597,-0.20012668,-0.17335093,-0.1556123,-0.12149498,-0.11675493,-0.10648508,-0.1291425,-0.13175826,-0.1422754,-0.16141282
-0.05774402,-0.05333086,-0.044757977,-0.042997655,-0.030460441,-0.028920118,-0.023153862,-0.020068374,-0.017861417,-0.018311355,-0.014247621,-0.013648376
0.07100293,0.054943375,0.05142597,0.040311795,0.040818688,0.028626442,0.024280634,0.011899427,0.021792151,0.02587006,0.03738226,0.035015058
-0.14755842,-0.13952187,-0.14105988,-0.13655923,-0.12858039,-0.12152866,-0.11878275,-0.10568551,-0.091318905,-0.07417475,-0.0586857,-0.03615617
-0.18867815,-0.15907659,-0.14180233,-0.12572311,-0.11388372,-0.10128571,-0.10061956,-0.09159541,-0.100901805,-0.102470525,-0.107220136,-0.118017375
0.29218656,0.2565171,0.22864734,0.20868456,0.19164458,0.16692674,0.15620345,0.13962327,0.1386371,0.13405427,0.12837632,0.1254334
-0.042764038,-0.035521343,-0.028056689,-0.02500609,-0.01994874,-0.01957464,-0.019959357,-0.013230168,-0.013407205,-0.018785244,-0.025206432,-0.025386363
0.19681446,0.21088472,0.22281559,0.23289524,0.22839728,0.23501264,0.22115797,0.2042038,0.18129924,0.16019975,0.1286977,0.098661676
0.09134268,0.06462562,0.045253552,0.030721173,0.022945598,0.0125118345,0.015349507,0.015697453,0.024617977,0.03280496,0.04777796,0.06799037
0.25197825,0.25068247,0.24736834,0.24323437,0.23211351,0.23590031,0.2208852,0.19956246,0.1673928,0.14921996,0.1314345,0.108949244
0.21199591,0.19956408,0.18960205,0.18198667,0.17141591,0.16116075,0.150896,0.14113796,0.1340212,0.121988215,0.11250246,0.10306728
0.13469279,0.12908146,0.124744125,0.12230195,0.11585241,0.11740963,0.112954594,0.10945286,0.10054553,0.0943374,0.08569107,0.08401498
0.20669112,0.20190042,0.19836324,0.19851825,0.19392335,0.18761806,0.17703775,0.16538407,0.15290198,0.1460967,0.12897034,0.114108354
0.15891661,0.15034622,0.13952672,0.13582775,0.12446657,0.122560605,0.11453833,0.099391736,0.089177586,0.08724473,0.080338866,0.07524916
0.24333522,0.23671767,0.23563273,0.23185629,0.22805193,0.23538202,0.22154608,0.20503174,0.19138256,0.1803763,0.16544881,0.15649955
0.06307294,0.050525144,0.045360066,0.038535114,0.03604849,0.035928395,0.040816106,0.044954605,0.052821323,0.05119434,0.056729652,0.06331885
0.37237525,0.35652006,0.33998835,0.32942775,0.30714282,0.2876918,0.26561996,0.24099097,0.22901914,0.20872273,0.17928936,0.16106002
0.68284065,0.6549303,0.6207686,0.60725194,0.56914085,0.5307908,0.49229762,0.45899963,0.43751323,0.4233216,0.3877191,0.35295865
0.061058786,0.05977579,0.06144134,0.06545842,0.06412453,0.062002175,0.06630177,0.070385344,0.06979342,0.07002091,0.0702204,0.07053985
-0.04216712,-0.0525757,-0.05301821,-0.06327939,-0.062482778,-0.056507815,-0.050962575,-0.04523118,-0.045576155,-0.050622888,-0.043025654,-0.037340876
-0.8142268,-0.7751735,-0.74958706,-0.7371739,-0.70843303,-0.6863614,-0.6567128,-0.6290595,-0.5989536,-0.5693684,-0.5259582,-0.50442415
-0.2604495,-0.24542317,-0.23234169,-0.22668251,-0.22027947,-0.2114402,-0.20582168,-0.2096849,-0.20630942,-0.19656768,-0.19095437,-0.19628796
0.1696584,0.15193851,0.14140345,0.13198937,0.122115925,0.11560996,0.11478825,0.1110101,0.11303301,0.107897945,0.108160585,0.113416724
-0.04062213,-0.05403,-0.06619415,-0.07521702,-0.07662994,-0.08438119,-0.081624016,-0.07917467,-0.07039817,-0.06634707,-0.054465503,-0.0432236
-0.30350432,-0.2884269,-0.2702344,-0.2658025,-0.24246226,-0.22169194,-0.21183205,-0.19502586,-0.16801776,-0.15891029,-0.14457099,-0.13070808
-0.015151101,-0.03030373,-0.03858519,-0.047317192,-0.046004113,-0.057358705,-0.057598185,-0.059670262,-0.049086068,-0.043854676,-0.03477803,-0.030148868
-0.056204006,-0.057833433,-0.051585935,-0.04863993,-0.04256117,-0.04492262,-0.039101623,-0.033191916,-0.031086247,-0.027592514,-0.025494661,-0.031857807
-0.6094144,-0.5752585,-0.55395645,-0.53547716,-0.51210594,-0.4934696,-0.46641436,-0.4331323,-0.40820003,-0.38447756,-0.35724795,-0.33686343
0.025942199,0.031703435,0.03696029,0.03810488,0.044326827,0.03784248,0.029897742,0.02548158,0.019869862,0.010272408,-0.0013455972,-0.017666124
-0.03742341,-0.03952956,-0.04254355,-0.046884444,-0.046617247,-0.051044583,-0.049394034,-0.048054576,-0.047302548,-0.04780558,-0.041877486,-0.039411932
-0.11198445,-0.10325525,-0.09673026,-0.0959163,-0.08945865,-0.08457042,-0.08201894,-0.07983815,-0.0793963,-0.0737761,-0.06773084,-0.07344222
0.029987732,0.024796626,0.023053665,0.019188192,0.020205991,0.015793674,0.010802021,0.0051457495,0.0043601235,0.002350319,0.0013329852,-0.004676237
0.13833432,0.124506846,0.11618455,0.11181097,0.10973828,0.1074296,0.10490438,0.10749799,0.10905564,0.10863477,0.1103983,0.11735889
-0.04456215,-0.07003203,-0.08089574,-0.10376934,-0.107489206,-0.10425621,-0.09107539,-0.084213465,-0.054367013,-0.04683434,-0.015278623,0.011018256
0.3505719,0.3127566,0.2776483,0.25732285,0.2608117,0.22787566,0.20948793,0.20457026,0.19116253,0.16547558,0.15914583,0.13932294
0.13594593,0.12975253,0.12919088,0.12528063,0.12257841,0.11935592,0.11408788,0.10959557,0.10570187,0.101596504,0.09610004,0.09678945
0.61959445,0.58804953,0.5697315,0.55508953,0.5360916,0.52004206,0.5082569,0.5018422,0.48546186,0.46616676,0.47014037,0.46848613
0.19302265,0.17932834,0.16903482,0.16323073,0.15063587,0.14138986,0.1409672,0.13441408,0.13763052,0.13057551,0.12103463,0.12313171
0.26324558,0.2308414,0.20698246,0.19512962,0.17771646,0.16804586,0.16453417,0.16208547,0.16057146,0.16087839,0.16204517,0.17514288
-3.4370115,-3.2230623,-3.0803535,-2.9852023,-2.868622,-2.7513034,-2.627697,-2.5382273,-2.4673877,-2.34588,-2.2200255,-2.1808093
0.22237316,0.21136917,0.21351482,0.21844119,0.21398367,0.20486733,0.20006114,0.19917044,0.19966936,0.19649561,0.1948818,0.19825584
-0.09497057,-0.09586714,-0.09746824,-0.09332964,-0.08478955,-0.08431677,-0.08000475,-0.06990226,-0.060058355,-0.04702662,-0.03758216,-0.028623987
-0.22629108,-0.20943561,-0.19945857,-0.18930726,-0.18047902,-0.16553512,-0.15838881,-0.15118954,-0.15612827,-0.14523022,-0.13710119,-0.1372447
-0.06311911,-0.06503488,-0.06766623,-0.06764347,-0.063026294,-0.068572305,-0.06407763,-0.05645936,-0.04564655,-0.040496342,-0.0322905,-0.027514858
-0.08249769,-0.07603136,-0.0726724,-0.07150552,-0.07161047,-0.060084365,-0.056848157,-0.053569842,-0.055176944,-0.055138648,-0.052588552,-0.05336629
-0.10071691,-0.10472337,-0.10753687,-0.10712771,-0.107645124,-0.10416351,-0.090754285,-0.078567974,-0.06469917,-0.056251895,-0.04399729,-0.031270992
-0.16882448,-0.14818415,-0.13135585,-0.12188493,-0.11609229,-0.11111346,-0.10538608,-0.10318673,-0.10703564,-0.10984038,-0.114712246,-0.12482865
0.033818204,0.038856875,0.047566332,0.049788497,0.057896286,0.05590062,0.045149416,0.039196752,0.043884456,0.041831926,0.03645425,0.023220398
0.13520205,0.136746,0.13813864,0.13614094,0.13495238,0.13517633,0.12488479,0.11369726,0.10231763,0.09102826,0.077717654,0.061559584
-0.5659985,-0.5261586,-0.487958,-0.47206697,-0.44344786,-0.42114142,-0.39985064,-0.36736977,-0.34014088,-0.33138198,-0.30728194,-0.2966544
0.0033083102,0.031250384,0.05923055,0.07331654,0.09448399,0.11391501,0.112123236,0.110779196,0.07873659,0.06273906,0.0444804,0.019361952
-0.2107898,-0.19760011,-0.19396043,-0.18515292,-0.17640236,-0.16893142,-0.15963596,-0.1431714,-0.14032273,-0.13263108,-0.12436056,-0.116927795
0.013888493,0.03960542,0.04944472,0.063480504,0.043803647,0.06442333,0.07111592,0.07006952,0.05863336,0.054981194,0.03972311,0.050866455
-0.47124404,-0.43904352,-0.41353834,-0.39949057,-0.37555227,-0.36192995,-0.34548292,-0.33166888,-0.3206363,-0.3053531,-0.28824893,-0.28616935
-0.48046863,-0.46482462,-0.45165235,-0.4424858,-0.42274585,-0.4073889,-0.38681397,-0.36291677,-0.34264517,-0.3199619,-0.2912263,-0.27112815
-0.060485605,-0.06732207,-0.074809656,-0.07271975,-0.07651287,-0.071004614,-0.059744827,-0.04641831,-0.033217084,-0.01886402,-0.0075400514,0.013080369
0.06655452,0.08641779,0.10027173,0.10781215,0.10856487,0.11231968,0.100343406,0.090730794,0.07481238,0.055867985,0.031019874,0.005132491
0.20815685,0.19916424,0.19164422,0.18913898,0.17775819,0.17557967,0.16946538,0.16544485,0.1561305,0.14662613,0.13322017,0.12887499
-0.032693304,-0.023977753,-0.0107908435,-0.0064886063,-0.00071930606,0.0029142257,0.0056333914,0.007833695,0.014564078,0.01400568,0.010080564,0.009083079
-0.044022046,-0.04696253,-0.049914137,-0.054631405,-0.055709563,-0.0567254,-0.05889498,-0.06122664,-0.062237777,-0.06271161,-0.062703736,-0.06175266
-0.110828534,-0.12028846,-0.12759416,-0.13165152,-0.12593351,-0.12795189,-0.12043254,-0.109380886,-0.09664141,-0.083619475,-0.06634154,-0.049830653
-0.1855164,-0.14976886,-0.12541741,-0.10633348,-0.09544155,-0.077188075,-0.07928575,-0.081779376,-0.09427555,-0.099555634,-0.11518134,-0.13769212
0.023896692,0.035698503,0.045143265,0.052275315,0.061989594,0.06632848,0.063892625,0.06838162,0.056890775,0.05409732,0.05654949,0.04741649
-0.1777451,-0.16676588,-0.15705663,-0.14738464,-0.1373799,-0.12987769,-0.122501805,-0.11694033,-0.1187427,-0.109138414,-0.1030659,-0.10494049
0.15148363,0.15162788,0.1621879,0.16243592,0.16581917,0.17760627,0.17255399,0.16948166,0.17478308,0.16172962,0.14975423,0.144012
0.5306863,0.48209932,0.45700982,0.43225706,0.40805164,0.39656767,0.39236382,0.38158664,0.38259873,0.3715888,0.37481073,0.38960156
0.08384213,0.08138439,0.07549885,0.07565491,0.06832808,0.06439019,0.05851396,0.050111927,0.044392303,0.038943686,0.027089182,0.020716107
-0.28472698,-0.2636171,-0.24423796,-0.23660691,-0.22374298,-0.20487614,-0.19675788,-0.19272125,-0.18487293,-0.17764996,-0.16914444,-0.17011966
0.071220055,0.06886252,0.06432123,0.061163727,0.056396645,0.054520614,0.048147507,0.04132972,0.039196994,0.03432933,0.027250962,0.023183739
-0.3789798,-0.36321938,-0.34770006,-0.34182683,-0.32530174,-0.31879538,-0.2983988,-0.2733647,-0.24679278,-0.22947884,-0.20623259,-0.1835363
-0.049253404,-0.038608268,-0.024072882,-0.015762888,-0.008604908,-0.0010126159,0.00013307203,0.008072497,0.016171671,0.016190076,0.011705968,0.010151782
0.08308282,0.08879448,0.09819698,0.10481942,0.10365696,0.11022262,0.11157508,0.11464567,0.10684106,0.09623117,0.08462557,0.0763927
0.32701975,0.28501654,0.2679554,0.24764627,0.23900363,0.21393509,0.21048212,0.19580589,0.20975856,0.20399672,0.21046643,0.21848427
0.032416355,0.04809541,0.058838647,0.06625713,0.06637552,0.073481284,0.06557235,0.06081145,0.047386125,0.031670634,0.014137013,-0.0034892075
0.32968056,0.30512813,0.29134583,0.28931504,0.2820082,0.26861453,0.2659193,0.26547834,0.25845638,0.25192177,0.23367377,0.2412545
0.19784565,0.18996681,0.18633248,0.18294346,0.18211207,0.16668111,0.16963425,0.17129236,0.17555937,0.17267872,0.17520593,0.18541992
-0.58130246,-0.57725054,-0.573464,-0.5740217,-0.5548232,-0.54743445,-0.5153844,-0.48103383,-0.44617468,-0.41220245,-0.36345318,-0.32191455
0.23208061,0.23843318,0.25130427,0.25541052,0.25751463,0.2747429,0.27787763,0.28030342,0.26203763,0.2363317,0.2205995,0.21796861
0.34098002,0.31978953,0.30437323,0.2958624,0.27674598,0.26399255,0.2461279,0.222341,0.20928389,0.19970441,0.1791029,0.16741897
-0.07401339,-0.06154997,-0.05213288,-0.044743627,-0.040708553,-0.030532446,-0.030174524,-0.027137402,-0.029198803,-0.028798599,-0.029556358,-0.02811107
0.11291376,0.11089681,0.111481145,0.110538036,0.1057003,0.10285996,0.09878834,0.09042471,0.09088518,0.08401278,0.07564005,0.06682484
-0.17216107,-0.15821849,-0.14715242,-0.13855045,-0.13265578,-0.12327171,-0.11688693,-0.11353152,-0.10786819,-0.098268546,-0.0935336,-0.09310441
0.12262298,0.117422335,0.112659395,0.109057836,0.103311464,0.093626454,0.08540166,0.079129525,0.07215758,0.05943332,0.043892924,0.033266187
0.0059538623,-0.004074646,-0.002565586,-0.004810103,0.00063560903,-0.0068948735,-0.0023029102,-0.004271319,-0.0056361146,0.00018903427,0.0046526995,0.00962253
-0.090791374,-0.094877526,-0.09686797,-0.09904958,-0.09718153,-0.09705816,-0.0883819,-0.081785195,-0.073567815,-0.06779598,-0.056264363,-0.047406964
1.0330799,0.96383613,0.9185598,0.89876366,0.8587278,0.8142514,0.78427356,0.726567,0.71381223,0.6967928,0.65120256,0.63731134
-0.14154664,-0.12035309,-0.104148895,-0.09174138,-0.0796535,-0.07077606,-0.072667375,-0.073069856,-0.08150619,-0.07827836,-0.086180024,-0.09824454
0.2608451,0.25043106,0.24172607,0.23894423,0.22459145,0.22978579,0.22196509,0.21026608,0.19318098,0.17952888,0.1661386,0.15982537
0.17112367,0.174113,0.17397948,0.17522521,0.16892324,0.16942379,0.16017155,0.15291496,0.14156678,0.13052432,0.1129261,0.10173682
-0.09973517,-0.0902423,-0.08315433,-0.08295314,-0.07792796,-0.074474536,-0.074948594,-0.07877975,-0.08203485,-0.083971635,-0.083843164,-0.0925166
-0.36431324,-0.33689097,-0.31892526,-0.3024347,-0.29095462,-0.27290222,-0.2540094,-0.23841073,-0.23192756,-0.21739288,-0.20697853,-0.19670047
-0.12679641,-0.11995618,-0.11227714,-0.10160235,-0.08614528,-0.0842032,-0.06723919,-0.045363136,-0.04528653,-0.03963525,-0.031377543,-0.028405799
-0.024285654,-0.019760527,-0.022009747,-0.023413602,-0.027192157,-0.02243649,-0.027606543,-0.03588769,-0.04365602,-0.050023276,-0.052926425,-0.05714033
0.021730993,-0.0022544712,-0.026966799,-0.046124738,-0.053465344,-0.070024446,-0.078213856,-0.08336698,-0.08533816,-0.08426206,-0.074517295,-0.06956662
0.25585815,0.23951727,0.22180296,0.21789469,0.20566726,0.19467682,0.1847395,0.18061358,0.16877863,0.16824232,0.1592821,0.16103396
0.29684228,0.28485715,0.26873887,0.2574081,0.24035655,0.22686523,0.20274208,0.17293216,0.15150341,0.13849896,0.12134753,0.09995681
0.33158574,0.29492524,0.26689804,0.25308827,0.23595163,0.22033513,0.22024603,0.21262974,0.20729703,0.2065401,0.2056912,0.21429437
-0.23498584,-0.22675285,-0.22035468,-0.2172664,-0.20891656,-0.20340528,-0.1936252,-0.18296242,-0.17248788,-0.16287358,-0.14583568,-0.13428168
0.17568675,0.16576277,0.158202,0.1568166,0.14902258,0.14420608,0.13965136,0.13402635,0.1289716,0.122434,0.11608066,0.11189594
0.17208533,0.17528252,0.1681023,0.17072827,0.16300896,0.16538134,0.15365319,0.14610893,0.12574518,0.11598782,0.10086827,0.09170422
-0.11384115,-0.10196342,-0.10022896,-0.093911506,-0.09035035,-0.08435722,-0.08829531,-0.08484134,-0.09177814,-0.08981015,-0.09259772,-0.09459596
-0.8148719,-0.7603501,-0.7099497,-0.686389,-0.64684135,-0.61634994,-0.5809511,-0.5421955,-0.5090474,-0.48113316,-0.45084366,-0.43297264
0.004736306,0.004186496,0.0018217033,0.0033122357,0.006952212,-0.0002406193,0.0015661508,0.012588883,0.009467703,0.005708712,0.010926934,0.011314173
-0.01944793,0.02317423,0.061477467,0.08175245,0.10121387,0.13408148,0.12196406,0.11518377,0.097017944,0.08927576,0.06290023,0.033412755
-0.04724043,-0.028912313,-0.0182257,-0.013278827,-0.009384818,-0.009474844,-0.017250285,-0.025272392,-0.03671309,-0.04713136,-0.059321426,-0.079791464
0.98909384,0.9409526,0.91036904,0.8813509,0.8524394,0.80248326,0.7622132,0.72348213,0.677349,0.6371937,0.62140054,0.57996315
0.029091163,0.025552295,0.023321295,0.024047151,0.022788133,0.019529656,0.020791974,0.019976852,0.01832426,0.020489184,0.021208832,0.02286603
0.50394255,0.47028202,0.4342222,0.4128925,0.38112858,0.36698276,0.3280201,0.28582516,0.24633808,0.21626502,0.18053013,0.14287086
-0.31813374,-0.2882092,-0.26575437,-0.25630537,-0.24549066,-0.23679551,-0.23080723,-0.2318514,-0.22297253,-0.22567658,-0.23073399,-0.24435951
-0.056471944,-0.0716291,-0.0838091,-0.09127254,-0.094886065,-0.10351255,-0.09688078,-0.09042014,-0.07485669,-0.06702755,-0.050267685,-0.032530725
0.12047279,0.09831399,0.080147035,0.068573564,0.060194995,0.049630646,0.041572124,0.028684126,0.027375342,0.026401741,0.03051482,0.028768338
0.13640477,0.12262648,0.11632677,0.1128913,0.10773756,0.10569255,0.10751636,0.10433325,0.10558822,0.102887474,0.09936758,0.10336595
-0.3481033,-0.3368326,-0.32996133,-0.32578534,-0.3158558,-0.3081197,-0.29199016,-0.27493367,-0.25670663,-0.23917085,-0.21731706,-0.19836965
0.25649443,0.23545662,0.23351672,0.21999174,0.22209863,0.20951596,0.20706508,0.20062679,0.2069589,0.2060479,0.21479855,0.2112385
-0.7490324,-0.67945015,-0.631169,-0.6037964,-0.56499016,-0.52630264,-0.51475173,-0.49211392,-0.4942842,-0.48305538,-0.4708459,-0.4800644
-0.03737912,-0.022602372,-0.011259152,-0.0050787088,0.0024802964,0.0050669797,0.004020149,0.008104272,0.0020243898,-0.0020187534,-0.007860325,-0.012565426
0.15289326,0.15551268,0.15510575,0.15482998,0.14903608,0.1449234,0.13502029,0.12500426,0.115975596,0.10075754,0.08277898,0.06722681
0.056301296,0.03671652,0.021618634,0.009732138,0.0063145645,0.006762743,0.011246663,0.015727669,0.02070522,0.027065566,0.04491554,0.06101516
0.18819873,0.1743161,0.16057697,0.15822037,0.14393228,0.13913354,0.13170461,0.12436897,0.11985486,0.11810853,0.10651408,0.10518177
-0.07797241,-0.082114816,-0.08246961,-0.083490565,-0.08016586,-0.07657492,-0.07018879,-0.066787146,-0.055628747,-0.04123518,-0.02868582,-0.015203246
0.011137871,0.023472425,0.03364864,0.03717005,0.033635482,0.041681446,0.037902914,0.027123874,0.012751065,0.0003883671,-0.0129733365,-0.029993623
