0.10677002,0.09379921,0.11831735,0.11788359,0.1041755,0.07783442,0.07111573,0.05820003,0.047358926,0.036075696,0.029385284,0.029660031
-0.13588294,-0.19051191,-0.20485973,-0.20672956,-0.18817037,-0.17467913,-0.15687232,-0.12709692,-0.09836635,-0.07607191,-0.061429575,-0.049815804
-0.26263544,-0.3217801,-0.33779317,-0.30814677,-0.28611636,-0.2561705,-0.23597814,-0.1926167,-0.17253803,-0.15479593,-0.14111659,-0.13437435
-0.14822258,-0.14248934,-0.12390112,-0.07890025,-0.054562837,-0.04183215,-0.037331156,-0.03219343,-0.042998236,-0.061968565,-0.074906394,-0.080061555
-0.0033657681,-0.010940364,-0.024943627,-0.02236735,-0.018534608,-0.011797453,-0.0076500513,-0.0008882247,0.0050119823,0.01090353,0.013083188,0.014066832
-0.11481221,-0.07521994,-0.03971894,-0.035447575,-0.037162945,-0.042997584,-0.017602354,-0.023669168,-0.017694674,-0.009972807,0.003374178,0.01385767
0.0097690085,0.010027976,0.008838364,0.004659985,0.0039751166,0.001936106,0.0036183512,0.004153499,0.008959549,0.012201455,0.014704092,0.015260371
0.100797385,0.09029184,0.07070702,0.05340433,0.04455764,0.035213523,0.023021579,0.020596057,0.025859758,0.03196062,0.034607496,0.035367504
0.104443,0.14766312,0.17085314,0.14086315,0.1330438,0.11932629,0.12117477,0.09584582,0.08448983,0.079823256,0.074420735,0.0704726
0.7621926,0.7835249,0.6898975,0.6057526,0.5362023,0.5001005,0.45911556,0.42042089,0.39997154,0.3755285,0.33841634,0.33059782
-0.18928544,0.08232543,0.14440906,0.06994325,0.054010928,0.07607643,0.086488545,0.025520727,0.014526397,0.012182236,0.025714591,0.016078442
-0.04111757,-0.072582155,-0.068739936,-0.061832886,-0.057737075,-0.055188175,-0.04547551,-0.042167272,-0.04724256,-0.055577278,-0.06075089,-0.06435467
0.079426065,0.09006683,0.08144562,0.06369148,0.05438354,0.056305744,0.050195757,0.04794517,0.047000736,0.053617217,0.05521476,0.05592217
-0.55610275,-0.547521,-0.519566,-0.46383864,-0.41955012,-0.36625034,-0.31156844,-0.26501787,-0.23457035,-0.21825397,-0.19704135,-0.18822698
0.15117672,0.09146947,0.047753036,0.012773335,-0.0078026354,-0.014602557,-0.017084107,-0.009621501,0.0006523058,0.0193061,0.02925938,0.032746524
0.13452479,0.1399766,0.13027169,0.110806614,0.100257225,0.091138884,0.08012496,0.07042337,0.06579271,0.06539066,0.061877728,0.05997072
0.18128595,0.18319806,0.17940712,0.14986676,0.1354861,0.11217077,0.10002625,0.0795327,0.07603049,0.07834489,0.079982884,0.08326782
0.13448839,0.13757835,0.124231055,0.1075664,0.09419979,0.0730693,0.04488295,0.037800767,0.04043483,0.042390533,0.04110135,0.041828826
-2.0605688,-2.3072069,-2.3210115,-2.050364,-1.8629103,-1.6455066,-1.4765337,-1.2035518,-1.0684388,-0.98894554,-0.9239654,-0.8775862
-1.5413566,-1.6581693,-1.7103095,-1.3868617,-1.2767739,-1.0924143,-1.06792,-0.84146756,-0.7843407,-0.7442012,-0.7057067,-0.6899609
-0.29643452,-0.2627442,-0.22872499,-0.19427517,-0.15917781,-0.13041463,-0.118168205,-0.10264283,-0.09818208,-0.10241811,-0.103957236,-0.10589286
-0.14139208,-0.1148485,-0.086828515,-0.08306572,-0.066086374,-0.047423683,-0.034368195,-0.03435138,-0.037844576,-0.042968646,-0.04828296,-0.05179695
0.22840442,0.18650618,0.18904771,0.16203241,0.13330682,0.106673285,0.09542677,0.078016974,0.05101171,0.049027674,0.041714884,0.044688523
0.05237264,0.042919666,0.03435856,0.039214697,0.038077824,0.042032804,0.03372631,0.030787848,0.017582402,0.0058721416,-0.005779078,-0.013599791
-0.525275,-0.5296304,-0.4980548,-0.43687144,-0.3969667,-0.35130295,-0.29556453,-0.256778,-0.23281315,-0.2267767,-0.21175006,-0.20418507
0.02742584,-0.028999105,-0.051682428,-0.03657784,-0.04296501,-0.04270163,-0.062228836,-0.047088027,-0.05972684,-0.059183795,-0.062955834,-0.064259335
0.19662496,0.1951347,0.18511376,0.15808897,0.13593993,0.116706654,0.10921119,0.094196625,0.09201938,0.09061357,0.08900981,0.085707806
0.078013025,-0.008526571,-0.033091754,-0.03853088,-0.05483389,-0.084255286,-0.06873338,-0.060825236,-0.040239,-0.016341548,0.006820893,0.025448164
0.09878197,0.09320329,0.10323649,0.08838819,0.07985148,0.07063881,0.06594287,0.05071672,0.039325677,0.026699409,0.017195709,0.01186949
-0.18002272,-0.15321904,-0.14972705,-0.14181471,-0.11643343,-0.09745331,-0.08609587,-0.079545185,-0.069180444,-0.07325176,-0.07450964,-0.0778157
0.79652596,0.7015989,0.63659465,0.541797,0.46472073,0.39149335,0.34543657,0.3083946,0.29409367,0.3009395,0.29695392,0.29053277
-0.035387617,-0.05415176,-0.056777082,-0.049674507,-0.04422019,-0.038488004,-0.035053164,-0.026873719,-0.026565176,-0.025868637,-0.026735287,-0.026103895
-0.08191395,-0.070550986,-0.04287459,-0.04430557,-0.03518597,-0.036921695,-0.024587736,-0.027650584,-0.023696303,-0.020738665,-0.01541014,-0.012767024
-0.15951432,-0.21892133,-0.24614108,-0.21877563,-0.18960875,-0.16397926,-0.16756588,-0.13075736,-0.11572785,-0.10352641,-0.09959143,-0.09724435
-0.24937722,-0.27023864,-0.27284724,-0.25325838,-0.2367041,-0.2134113,-0.18834142,-0.15990259,-0.14067492,-0.12557153,-0.110809416,-0.10522255
0.14416417,0.13678125,0.12177762,0.0968808,0.08496193,0.07410705,0.07204654,0.06479379,0.068220645,0.07622932,0.07953863,0.08108744
-0.29283306,-0.2469176,-0.21686262,-0.18681248,-0.16532998,-0.13539617,-0.118021205,-0.10606998,-0.09991281,-0.10169446,-0.09710407,-0.098820955
-0.09061879,-0.10293685,-0.11963493,-0.11118814,-0.104957916,-0.093837515,-0.088429645,-0.07306709,-0.059558455,-0.04746551,-0.03741493,-0.03361622
0.014569992,0.016966486,-0.010339849,-0.019824333,-0.026113579,-0.022570275,-0.022629809,-0.011635121,0.0053765755,0.026109831,0.04121738,0.046392225
0.110724725,0.11180766,0.103832476,0.070809,0.061297476,0.05002162,0.051736377,0.039472517,0.043800652,0.049349874,0.053121544,0.054293722
-0.11139336,-0.11694551,-0.098784,-0.09531496,-0.081931904,-0.077584475,-0.06405795,-0.059323277,-0.052172035,-0.05101352,-0.04890304,-0.046715498
0.057013255,0.08052725,0.0717479,0.07073139,0.06790081,0.07158238,0.058448963,0.052576557,0.04375263,0.034790933,0.026487073,0.01884416
1.4665667,1.3695679,1.024841,1.0017462,1.2147851,1.1074551,0.6943834,0.6632337,0.6622479,0.6384473,0.52898943,0.5105824
0.2520839,0.2751439,0.2506097,0.217767,0.20977744,0.1956986,0.17870222,0.15639111,0.15311056,0.15650167,0.1545397,0.15309417
0.07279474,0.09901844,0.100868754,0.08805725,0.083357595,0.08010724,0.08060151,0.065151595,0.06640826,0.06453392,0.06462711,0.06253693
-0.011484336,-0.11168029,-0.16049594,-0.15320183,-0.155609,-0.14515312,-0.1390714,-0.10308506,-0.09020078,-0.069219396,-0.06022559,-0.053355847
0.34777522,0.36132807,0.3424949,0.32034016,0.29039764,0.25934902,0.22082645,0.18999222,0.16572498,0.15132907,0.13640334,0.12932023
0.58952355,0.61556315,0.60310066,0.536515,0.48726118,0.4293471,0.41523123,0.35805455,0.333434,0.32060444,0.3024582,0.29208237
-0.13745417,-0.09335151,-0.07392314,-0.066086665,-0.05847627,-0.05065737,-0.033975236,-0.03475172,-0.021958463,-0.014913283,-0.0032649562,-0.0014413521
-0.11516489,-0.14855677,-0.14835672,-0.11665511,-0.099872105,-0.092173636,-0.089990325,-0.07351478,-0.07471547,-0.08112809,-0.08715051,-0.08844822
-0.5164285,-0.5166434,-0.45301312,-0.38156632,-0.33001852,-0.2759411,-0.22702855,-0.18915486,-0.18413028,-0.19596732,-0.20362718,-0.20730008
0.23260647,0.16948682,0.09457436,0.06009242,0.030897796,0.036735132,0.0184668,0.0404661,0.055749953,0.08699256,0.09907233,0.10691857
-0.2683305,-0.25462145,-0.22955957,-0.1940925,-0.16644534,-0.14567946,-0.12759753,-0.11038908,-0.10250078,-0.101465076,-0.09783611,-0.094262704
-0.001767952,-0.007950899,-0.019669555,-0.018875863,-0.021834048,-0.015788605,-0.0155721465,-0.0076046423,-0.0030375114,0.0028995005,0.006381019,0.004708766
0.24691899,0.28965813,0.2747584,0.23796856,0.21703348,0.20892313,0.1827472,0.16127457,0.14996585,0.14652246,0.1383914,0.12972823
0.1143142,0.06411217,0.039384842,0.013468325,-0.009227142,-0.021374106,-0.027953833,-0.018256515,-0.011154674,0.00012325123,0.0069566667,0.010421246
0.10099545,0.06530139,0.04376197,0.026940756,0.010971412,0.0070725754,0.0056725144,0.012306809,0.014964439,0.02270805,0.025404487,0.027497292
-0.09185737,-0.08305709,-0.07466422,-0.075310975,-0.06667355,-0.06150317,-0.04982369,-0.044451684,-0.0344888,-0.026258726,-0.018598676,-0.015178215
-0.11529119,-0.11795573,-0.11413615,-0.08907482,-0.072871715,-0.058315903,-0.05386314,-0.04164956,-0.043221556,-0.04965231,-0.055346902,-0.057971627
-0.33749416,-0.32896167,-0.29499757,-0.2551252,-0.22317909,-0.20186791,-0.1690302,-0.14907187,-0.13389,-0.12568268,-0.11347455,-0.10534432
0.2664265,0.22593528,0.20010984,0.16996378,0.14301564,0.12111211,0.1004405,0.09389508,0.08616361,0.09413538,0.09168217,0.092131466
0.08033655,0.055962443,0.045024395,0.038259953,0.027538061,0.023359612,0.012813076,0.025649022,0.032505848,0.048281085,0.05609224,0.061329804
0.00027979724,0.0044142967,-0.004681199,-0.008880002,-0.01332877,-0.0128954165,-0.011718622,-0.008450666,-0.0024788901,0.00507726,0.011655929,0.016045604
-0.01209373,0.004715599,0.023161218,0.03032948,0.033139743,0.023625158,0.024556909,0.017734732,0.018431377,0.015163075,0.015135443,0.017965272
-0.24170136,-0.2558516,-0.23423345,-0.2320855,-0.20962147,-0.19071744,-0.16515554,-0.15628415,-0.1452567,-0.14424159,-0.13787909,-0.13635328
-0.090315714,-0.0608356,-0.03911607,-0.029417127,-0.017605364,-0.01172588,-0.003920771,-0.017667875,-0.025016315,-0.042250384,-0.04974601,-0.05578016
-0.15970011,-0.15212029,-0.14900656,-0.14259648,-0.1280844,-0.11545345,-0.1048171,-0.09758606,-0.086776085,-0.082882166,-0.076496005,-0.07462006
0.25455207,0.24941927,0.2188127,0.17371792,0.14000538,0.12377787,0.109153494,0.09928663,0.10216453,0.11446564,0.12045768,0.12085056
0.3048539,0.30051205,0.3056224,0.26607823,0.2527211,0.23003934,0.2236486,0.18042132,0.15613484,0.13058287,0.10910668,0.098940276
0.063289836,0.039134085,0.031592295,0.02240298,0.017916441,0.018208131,0.015776366,0.019079082,0.018831745,0.020477977,0.01750813,0.018282186
0.09061846,0.093987636,0.09960385,0.08848868,0.08503405,0.07278843,0.06268888,0.052556805,0.04520081,0.0408248,0.035395786,0.03444475
-0.39587867,-0.4029386,-0.3955164,-0.33999246,-0.29944694,-0.25161058,-0.21490128,-0.16815282,-0.14639433,-0.1366313,-0.12930726,-0.12548935
0.16704181,0.1707226,0.15743993,0.14005534,0.12691925,0.11561628,0.10532089,0.090030156,0.0762018,0.07027213,0.062523834,0.057228114
0.18209556,0.1574256,0.12780803,0.1084111,0.087731466,0.076016575,0.063605994,0.062098026,0.061929323,0.0681716,0.06885443,0.067411095
-0.37708402,-0.43171915,-0.42744067,-0.42902836,-0.4191467,-0.37706572,-0.31679654,-0.27108034,-0.23648092,-0.18952917,-0.1496026,-0.127264
-0.074560136,-0.061926506,-0.027774103,-0.019755512,-0.006081432,-0.0077192113,0.004548304,-0.0064719543,-0.01354086,-0.02529876,-0.03119665,-0.03248212
0.19384193,0.19484468,0.16293699,0.12582695,0.10375583,0.08996692,0.08493703,0.079097524,0.092473544,0.11207973,0.12638888,0.13139835
0.5038205,0.53464067,0.5109005,0.4379366,0.40802044,0.37094116,0.31298795,0.26943946,0.23312154,0.23210078,0.21645522,0.20973608
0.0712488,0.07857535,0.08350782,0.0786954,0.07319715,0.06320186,0.058170684,0.048192814,0.042121124,0.03730434,0.0340359,0.03376484
-0.0085000135,-0.039861213,-0.05272548,-0.03756087,-0.02956948,-0.022195261,-0.02730047,-0.023702735,-0.03731106,-0.049254358,-0.059721835,-0.06689406
0.047059346,0.044951815,0.026089285,0.0116223395,0.005451143,0.008294325,-0.00023523718,0.001969386,0.0031743608,0.010192836,0.012603951,0.01354193
0.008865306,0.010871151,0.011761926,0.0113507705,0.010969454,0.0079715755,0.0073842406,0.006530901,0.006366631,0.0057895863,0.0047359024,0.0038802903
0.57900673,0.57101536,0.5277879,0.47079104,0.4149072,0.36983192,0.34098455,0.29482973,0.27511984,0.25799572,0.24532901,0.23422697
0.06700349,0.07761456,0.08887011,0.07286319,0.07404655,0.06859818,0.07125196,0.052526306,0.04152301,0.030764826,0.023429744,0.01731822
0.5376064,0.44976336,0.42704913,0.37828916,0.34752977,0.29915398,0.25711697,0.23429173,0.21445352,0.20709611,0.1875052,0.18208225
0.2056903,0.22124138,0.20387992,0.1823205,0.16822362,0.16107468,0.14969498,0.13557178,0.12699959,0.12644695,0.12150151,0.114343196
-0.11850906,-0.15209164,-0.16816705,-0.15522203,-0.14885108,-0.14739753,-0.12431808,-0.10509704,-0.08055613,-0.06785331,-0.052215252,-0.044774354
-0.39618814,-0.3535135,-0.28503907,-0.25484246,-0.2053757,-0.18537344,-0.14912516,-0.14856508,-0.14148821,-0.14857212,-0.14743027,-0.14487821
0.1318315,0.14570521,0.15827723,0.12311981,0.11772877,0.096538894,0.09089764,0.076653644,0.07734801,0.085502476,0.08743525,0.09001402
0.26265424,0.2391124,0.20318969,0.17280072,0.14880933,0.1301061,0.10907768,0.09986778,0.09954566,0.10719842,0.10913807,0.109663926
-0.24107172,-0.24803385,-0.21097952,-0.1649575,-0.13282166,-0.11497754,-0.10000999,-0.08268917,-0.09154231,-0.106786445,-0.12197696,-0.12693901
0.61095387,0.34345013,0.23949265,0.18164179,0.17576456,0.13304871,0.09550983,0.11679074,0.14121473,0.18596452,0.19189486,0.20478232
-0.40211523,-0.34673986,-0.27234566,-0.23563546,-0.18678087,-0.16028076,-0.11821908,-0.114454746,-0.108443394,-0.11637446,-0.1163272,-0.11809427
0.102641225,0.09916798,0.08146003,0.086136386,0.072482005,0.06690334,0.051419057,0.051944062,0.045490533,0.04372711,0.04124081,0.040663883
0.048628915,0.07411672,0.09456231,0.101227075,0.098485924,0.08283789,0.07986358,0.053687256,0.030059516,0.008717238,-0.003095802,0.00034387596
-0.01809436,-0.058009967,-0.08121805,-0.08899378,-0.08649017,-0.07772672,-0.07854358,-0.06422087,-0.05713979,-0.047524046,-0.04433026,-0.041682255
0.07942204,0.069268145,0.07908748,0.08006819,0.07254821,0.060301878,0.055891074,0.043928247,0.031404667,0.01754729,0.007804049,0.0037577562
-0.21330193,-0.21005282,-0.1893462,-0.14404236,-0.120229974,-0.09761208,-0.08781086,-0.07137124,-0.07376692,-0.08299731,-0.08851385,-0.091484986
0.16795927,0.1551447,0.14975344,0.12846768,0.13802163,0.12251949,0.10955846,0.103926346,0.095327556,0.09559636,0.08532067,0.08397713
-0.46216184,-0.4290315,-0.35405734,-0.33868912,-0.29444066,-0.24204656,-0.18384933,-0.155435,-0.15111211,-0.14035365,-0.1365377,-0.14485498
0.09412296,0.1138003,0.108922035,0.0929416,0.06958499,0.054550633,0.04871075,0.025720164,0.018239351,0.014189238,0.019331092,0.017822979
0.17476274,0.20172884,0.2058705,0.19151449,0.17957035,0.16451666,0.14013876,0.11745833,0.09873736,0.08906658,0.07841468,0.07413501
0.14510946,0.12670043,0.11073317,0.09133549,0.074952245,0.060650885,0.053003572,0.04778922,0.05001202,0.05752439,0.06174643,0.06446445
-0.21249506,-0.21179545,-0.19848712,-0.17841856,-0.16167516,-0.14886793,-0.123680964,-0.108380884,-0.09445672,-0.08761037,-0.07786452,-0.07187501
0.049836896,0.043855906,0.037372373,0.02526863,0.023857128,0.015342213,0.010972826,0.00033196062,-0.0031504333,-0.005992594,-0.0073535973,-0.00480938
-0.07117225,-0.084919274,-0.05340734,-0.040026583,-0.025252283,-0.025311437,-0.014886782,-0.012133334,-0.0174711,-0.02606695,-0.034477793,-0.036306843
0.6975507,0.69927,0.62897617,0.5592246,0.49662107,0.42410266,0.35315084,0.29836679,0.2756766,0.27197906,0.26640624,0.26706538
0.15373208,0.18802553,0.19672124,0.21229653,0.19798665,0.17579493,0.14023843,0.12915826,0.1126098,0.10343448,0.09317864,0.08883657
0.71594167,0.77117413,0.6994528,0.64226496,0.56537163,0.51732856,0.43575427,0.39231607,0.35938424,0.34197038,0.32009012,0.30364013
0.2780562,0.27709994,0.27642554,0.22673608,0.198943,0.16515575,0.15610479,0.13314489,0.1283802,0.13257417,0.13298231,0.13544609
-0.2915558,-0.29538083,-0.26347858,-0.22089757,-0.18793449,-0.16799676,-0.14360066,-0.12258357,-0.116310686,-0.1191158,-0.11896076,-0.115710996
-0.22841717,-0.15854125,-0.1069085,-0.04664956,-0.027178973,-0.0071287453,-0.0061534047,-0.012797877,-0.039149716,-0.073796354,-0.09269924,-0.10689263
0.07020596,0.061957248,0.05183763,0.03668705,0.030800633,0.02406279,0.024372175,0.010550711,0.0012401994,-0.007465178,-0.013476465,-0.018000504
-0.22937736,-0.23856677,-0.20277625,-0.15910396,-0.11970574,-0.1119007,-0.103832945,-0.09547372,-0.099909514,-0.11789623,-0.13063625,-0.13288917
0.074465886,0.059656605,0.04766965,0.04020278,0.031160913,0.030213352,0.0255754,0.02427752,0.019368332,0.017718501,0.014932295,0.012504838
0.012178726,0.01648447,-0.0030511487,-0.008228772,-0.0091499,-0.0050798953,-0.0131516475,-0.0091010025,-0.0030194083,0.0031527975,0.006901008,0.007742675
0.048868388,0.030714363,0.0379754,0.03959947,0.04110343,0.035381302,0.036103394,0.03123136,0.024180524,0.019338312,0.013648691,0.012305396
0.0719614,0.06023567,0.059168037,0.043705128,0.03698843,0.028934099,0.028015632,0.024155077,0.026085047,0.028648835,0.029048193,0.030317588
-0.10616888,-0.12847012,-0.12709676,-0.11726886,-0.11322495,-0.105902605,-0.09219759,-0.078777336,-0.070368715,-0.06323151,-0.055916898,-0.049534786
0.19018623,0.19855803,0.19064066,0.16764079,0.15441369,0.14147294,0.12432947,0.10386211,0.09173365,0.08294662,0.074358895,0.06816168
0.6509689,0.98405546,1.0506017,0.9218788,0.8649833,0.80446607,0.755304,0.61644113,0.5611212,0.5179435,0.48700607,0.43655938
-0.10842034,-0.09843187,-0.100400284,-0.119074106,-0.11218229,-0.09410044,-0.074618064,-0.064640865,-0.045760695,-0.030302577,-0.016958397,-0.015560247
0.13431722,0.12546058,0.12081377,0.106218815,0.0946219,0.079741165,0.069677964,0.0601301,0.053491704,0.05253877,0.048883572,0.0489539
-0.25228858,-0.26067483,-0.26388,-0.22953418,-0.21387172,-0.18726647,-0.18008094,-0.1449861,-0.13150942,-0.11870617,-0.109408,-0.10362554
0.03896275,0.053267162,0.054795682,0.04219711,0.040832482,0.0375384,0.03019511,0.026603453,0.02687388,0.03324894,0.03569708,0.03777507
-0.33207023,-0.32908237,-0.28873506,-0.266977,-0.23745903,-0.21995862,-0.17359057,-0.16565774,-0.15178132,-0.14687395,-0.13338672,-0.1247753
-0.06333352,-0.05020792,-0.044942047,-0.03317914,-0.021198109,-0.013028264,-0.01192208,-0.010220062,-0.011321345,-0.016708951,-0.020732682,-0.023918327
0.11000991,0.12128758,0.13466044,0.13715167,0.13028951,0.11767307,0.1055789,0.086378634,0.06555137,0.044737376,0.02834504,0.020425491
-0.052897952,-0.032021374,-0.020579793,0.003252171,0.026062086,0.038463116,0.031088114,0.029419992,0.021029588,0.0053542145,-0.008971123,-0.017714487
0.19096169,0.23632343,0.2573322,0.2607159,0.25099856,0.22903305,0.20400147,0.16046453,0.12030065,0.07928009,0.05058176,0.034549907
-0.035412714,-0.028698746,-0.03270608,-0.025048045,-0.021771295,-0.014841601,-0.019210845,-0.01487777,-0.016896322,-0.018238539,-0.0200212,-0.021217424
0.33490023,0.34328115,0.32345372,0.28326792,0.24159658,0.21545628,0.20227307,0.17864111,0.17014383,0.17681758,0.17965932,0.17987342
0.0563934,0.059867047,0.0641146,0.04975856,0.0469319,0.036897026,0.033890158,0.027085762,0.029273981,0.030593866,0.031761438,0.03305908
0.072441354,0.055279553,0.043330826,0.05102471,0.05001829,0.03680748,0.019644551,0.019059585,0.016591366,0.012682852,0.007939689,0.007949021
-0.07714197,-0.06431573,-0.045108944,-0.03889004,-0.016370542,-0.007945977,0.004252039,-0.0009601824,-0.0028862357,-0.013191875,-0.021014981,-0.024163827
0.1602833,0.16628177,0.14780259,0.10216764,0.086745836,0.07764474,0.07872624,0.071304135,0.0708789,0.0884905,0.094905734,0.10165242
0.682389,0.6049064,0.56627065,0.4915561,0.44478476,0.39272723,0.34366518,0.31717274,0.29265314,0.29260853,0.26707223,0.2541241
0.058765218,0.06477907,0.04691448,0.03743486,0.025893524,0.02572006,0.020232975,0.018445898,0.019559601,0.024306523,0.028966546,0.028603658
-0.045533188,-0.062241547,-0.04476876,-0.05346239,-0.048319485,-0.04666166,-0.032612275,-0.0380062,-0.043750867,-0.047780298,-0.050903995,-0.050431684
0.15905637,0.21463314,0.19399577,0.19175902,0.18211164,0.17821221,0.1289774,0.10343174,0.072816394,0.05129813,0.032633185,0.017658113
0.59307677,0.5250647,0.47658497,0.3942128,0.33512995,0.2825374,0.24190608,0.20473576,0.17517808,0.16260488,0.14084041,0.1305795
0.062410288,0.05008184,0.030298352,0.01738333,0.0075194016,0.00797794,0.013615057,0.013642851,0.019529808,0.023071747,0.026280884,0.026596082
-0.90173537,-0.9931489,-1.0040023,-0.8746071,-0.7874875,-0.6781026,-0.60662585,-0.47263885,-0.40423843,-0.35402283,-0.31569275,-0.2935227
0.08390915,0.12604477,0.14025821,0.122891314,0.11235297,0.10104838,0.09559086,0.074750185,0.06255095,0.06152474,0.061392162,0.06244748
0.035471458,0.027871907,0.022886235,0.025288654,0.01776493,0.010588804,0.012417225,0.010258915,0.010842307,0.009536681,0.0109344665,0.011466527
0.07358523,0.039013974,0.0032325834,0.0013402104,-0.014804229,-0.021531,-0.04047527,-0.03308286,-0.034688026,-0.030314088,-0.028036308,-0.027289847
0.409921,0.41182977,0.40995234,0.38143277,0.34837025,0.31108078,0.25710052,0.22067674,0.18318075,0.15567945,0.12554401,0.111306354
-0.009117277,0.0017213225,0.014392642,0.019848304,0.022777397,0.022441763,0.027035734,0.020140756,0.015803654,0.006391434,0.0010868702,-0.0018424834
-0.26477966,-0.28610247,-0.27457765,-0.26449573,-0.2453683,-0.21672903,-0.19964743,-0.17568931,-0.16665591,-0.16004612,-0.15506311,-0.15168831
-0.2678659,-0.21044157,-0.18725461,-0.16653562,-0.15172003,-0.11097318,-0.10278638,-0.060846843,-0.035873726,-0.016301036,-0.005658433,-0.0088088885
-0.07096431,-0.089654624,-0.0854429,-0.06958591,-0.06327534,-0.055695985,-0.04259713,-0.025969233,-0.018643219,-0.011667149,-0.008267772,-0.005713314
0.00028956996,-0.0025666784,0.005776389,0.026497956,0.03641506,0.035764772,0.037314866,0.03128259,0.020881161,0.005492227,-0.0055486057,-0.009146072
-0.39807114,-0.40256768,-0.37964776,-0.35635978,-0.3221237,-0.28125092,-0.23267399,-0.20124093,-0.17647022,-0.16099125,-0.14429203,-0.13695037
-0.00061144214,-0.01160964,-0.020777546,-0.021312267,-0.022176405,-0.019057667,-0.014292438,-0.008060493,-0.0015222905,0.004247751,0.0079684835,0.009647063
0.08988193,0.15997836,0.14322296,0.15078405,0.13018805,0.12725842,0.09681955,0.07574433,0.059168234,0.04255669,0.0349181,0.02218593
-0.104184166,-0.10534461,-0.09489708,-0.07895259,-0.07045288,-0.06441731,-0.056054704,-0.048217688,-0.044700563,-0.044615373,-0.04336361,-0.042296674
-0.07574287,-0.031158395,-0.015738286,-0.013819881,-0.007554516,0.0005327761,0.0059370846,-0.0007614866,-0.0010103956,-0.0061542764,-0.006208267,-0.00882208
0.6553446,0.63047945,0.5326753,0.49269953,0.3999286,0.33226278,0.2477853,0.22716896,0.2185501,0.23267984,0.24371448,0.24817038
-0.10978816,-0.13565044,-0.1265814,-0.0992023,-0.08503651,-0.07456388,-0.06200144,-0.051350486,-0.05031779,-0.052562024,-0.05260049,-0.051554125
-0.2900613,-0.28374353,-0.26854655,-0.23679233,-0.21227828,-0.18372443,-0.16566588,-0.1403449,-0.12325756,-0.1134557,-0.10149034,-0.09719009
-0.11603065,-0.15752368,-0.14895178,-0.1313195,-0.1211973,-0.11321711,-0.09345585,-0.08085324,-0.076126575,-0.07803414,-0.07757312,-0.07551575
-0.076553285,-0.08138808,-0.06705035,-0.075999156,-0.0718575,-0.06118257,-0.04157068,-0.030828547,-0.027956989,-0.019721733,-0.018427929,-0.016820256
-0.33397058,-0.35623983,-0.339564,-0.29644954,-0.2633592,-0.22987886,-0.22394386,-0.19129619,-0.1928033,-0.1984277,-0.20564157,-0.20751294
-0.13790922,-0.15639123,-0.13545007,-0.123687886,-0.10657107,-0.0958319,-0.07110357,-0.060644746,-0.053908035,-0.055351134,-0.055627182,-0.052952707
-0.08307119,-0.052018754,-0.018883139,0.0014008582,0.012532085,0.007504314,0.0075545534,-0.0070162043,-0.017416373,-0.03681145,-0.045068767,-0.051402494
0.12603354,0.11594726,0.11026733,0.09638371,0.08207316,0.06927912,0.058491834,0.048353888,0.037352197,0.033198778,0.027580958,0.02382887
-0.09705664,-0.10648617,-0.092544414,-0.08869418,-0.07528037,-0.07221332,-0.050114132,-0.04696914,-0.041118808,-0.04014967,-0.037357032,-0.034285486
0.20757514,0.19571382,0.16619967,0.1436661,0.11961959,0.10635607,0.08325448,0.073509045,0.06515633,0.061097644,0.05546654,0.05113349
0.14844024,0.14085498,0.12888049,0.10179225,0.0855199,0.07178634,0.06062512,0.053110406,0.050807998,0.053011827,0.051641155,0.050792508
-0.118954904,-0.12677696,-0.121930145,-0.12020753,-0.10814935,-0.09765232,-0.0839823,-0.07533699,-0.06693123,-0.061787233,-0.056623943,-0.053468026
0.087646596,0.10185389,0.10476404,0.10379783,0.09468684,0.082350716,0.07082527,0.055796403,0.04678154,0.03646939,0.030565029,0.027522005
0.24857014,0.18183613,0.13499966,0.087332815,0.06705108,0.053426757,0.047072068,0.050762713,0.06423885,0.086432874,0.095541775,0.10144836
-0.108976714,-0.12379202,-0.110751145,-0.1147484,-0.10849631,-0.10209586,-0.087540954,-0.07714085,-0.067682914,-0.057217084,-0.04884901,-0.042188063
0.008033298,0.022025885,0.026152816,0.04225794,0.041457944,0.03340637,0.023285555,0.017181382,0.012487013,0.0068501346,0.0054333694,0.0056894273
-0.09850544,-0.09312695,-0.07803416,-0.056828685,-0.04700388,-0.042281497,-0.03379911,-0.034588348,-0.036199242,-0.04506965,-0.046562083,-0.049017385
0.019537546,0.04443922,0.048464954,0.01606202,0.009686131,0.0146097485,0.02196319,0.01331495,0.016130475,0.024024475,0.029002737,0.027172443
-0.09510317,-0.14363644,-0.1589311,-0.14690678,-0.13397814,-0.12069245,-0.10642436,-0.080382355,-0.06331941,-0.048659053,-0.041463893,-0.0367054
-0.187534,-0.18660988,-0.186063,-0.16170263,-0.142256,-0.11578459,-0.094425045,-0.0797045,-0.07356923,-0.07202637,-0.0688082,-0.06976181
0.19761497,0.14521013,0.11531322,0.08493471,0.066694245,0.05114703,0.046414107,0.043963335,0.042551816,0.05175814,0.05321481,0.057115726
0.9141623,0.8758242,0.8211069,0.7382994,0.6586287,0.5964261,0.5517882,0.48644397,0.45442942,0.43944284,0.41956276,0.419667
-0.06111969,-0.031654365,-0.03755728,-0.034175538,-0.02331946,-0.014704753,-0.017352521,-0.014638349,-0.008244533,-0.0033171102,0.0007646419,0.0003921762
0.27980515,0.26684868,0.22770113,0.17996365,0.14972366,0.12582277,0.10179052,0.09653263,0.10280343,0.118750915,0.12514523,0.12706515
-0.14956865,-0.1491247,-0.13960437,-0.11515778,-0.09621905,-0.08211561,-0.07177995,-0.06268655,-0.06419714,-0.07137886,-0.07585157,-0.07891915
0.1346139,0.13051258,0.12277887,0.09604593,0.080981955,0.06607812,0.06647934,0.05918173,0.057776183,0.064268425,0.06536921,0.06752768
-0.10674644,-0.11248768,-0.114149146,-0.111105,-0.10162526,-0.0915901,-0.08017978,-0.06554416,-0.054204088,-0.043190986,-0.034470707,-0.030325532
0.08337729,0.086583875,0.08753619,0.07444401,0.06499916,0.04842586,0.04695061,0.033772934,0.034998912,0.03796324,0.042434894,0.046874184
-0.1983858,-0.20091434,-0.1844924,-0.1723071,-0.1512565,-0.13469228,-0.11249756,-0.09607791,-0.08068497,-0.07065049,-0.06189301,-0.056819316
-0.021389574,-0.01208362,-0.01949156,-0.026781071,-0.027399328,-0.024539083,-0.025132261,-0.027107446,-0.0239488,-0.020110382,-0.016515391,-0.015625902
-0.07995205,-0.081009224,-0.05233192,-0.050435856,-0.039369233,-0.038835444,-0.01764778,-0.021530636,-0.01931677,-0.025265165,-0.026638905,-0.026515113
-0.107417576,-0.13049833,-0.118340075,-0.091117114,-0.074716605,-0.063508615,-0.060301587,-0.05195274,-0.05995895,-0.07162941,-0.08208129,-0.086034015
0.12870443,0.23705176,0.28544685,0.24123064,0.21747255,0.19716224,0.17533961,0.13734183,0.120066054,0.11882207,0.11981613,0.117212944
0.040311806,0.03237069,0.031150032,0.037306745,0.036370896,0.035393767,0.032942306,0.026633784,0.014795324,0.010051647,0.006454291,0.003183158
0.29987454,0.2367816,0.18158638,0.14547133,0.11147198,0.08280641,0.06526551,0.0529965,0.04707995,0.04588622,0.043709606,0.04341533
-0.12875828,-0.06430638,-0.07044175,-0.04271332,-0.0378934,-0.010734066,-0.002979666,0.012150079,0.020497978,0.028058924,0.03478186,0.03598088
-0.20128067,-0.20151019,-0.1878804,-0.1614424,-0.14670405,-0.12421155,-0.10178582,-0.080542624,-0.07023887,-0.06395793,-0.05736147,-0.05454516
0.2944476,0.34452662,0.35135874,0.32375622,0.31581244,0.26974747,0.22223225,0.171658,0.1468626,0.123031646,0.10152067,0.095718384
0.15817805,0.20117834,0.22165507,0.20038646,0.19132377,0.17034344,0.1483211,0.11937085,0.102790795,0.092661455,0.08332154,0.07849161
0.005863823,-0.013676085,-0.04436369,-0.05743835,-0.06521666,-0.061868,-0.05130383,-0.04200171,-0.024765259,-0.0077391323,0.0069688465,0.01210035
0.08473178,0.094839156,0.08265625,0.06845125,0.058602102,0.052162543,0.049664415,0.040054478,0.042267404,0.043943945,0.047482718,0.047536064
0.072426975,0.09300157,0.094976306,0.07781749,0.082044646,0.07512908,0.0730656,0.05284669,0.04990453,0.045045782,0.0429121,0.0395499
-0.114420004,-0.11535383,-0.11694389,-0.108459234,-0.10260009,-0.08813298,-0.07678184,-0.063812956,-0.05313023,-0.046183478,-0.038547732,-0.037491232
0.069659315,0.067022204,0.073062494,0.07169597,0.06501917,0.045574024,0.042737313,0.035538733,0.039491042,0.043902688,0.049630832,0.05699616
-0.27117717,-0.2621039,-0.25772887,-0.20820442,-0.17868556,-0.15471989,-0.13998815,-0.114132255,-0.09838702,-0.0921972,-0.08485251,-0.07993613
0.25798002,0.22233197,0.19865127,0.17594668,0.15876612,0.13738368,0.11826572,0.10971663,0.09607117,0.093639,0.08133969,0.078723684
0.085295126,0.0562078,0.04507874,0.014137402,0.0053942874,-0.006599821,-0.0016761944,0.00083747506,0.015637215,0.032680675,0.04386049,0.051305123
0.01629256,-0.017660517,-0.0045022666,-0.0027078204,0.0045024157,0.0018468313,-0.0014533624,0.003030613,-0.008122422,-0.015172839,-0.02641785,-0.029372148
-0.054861583,-0.052356064,-0.06563161,-0.06932991,-0.058839526,-0.04898585,-0.04278034,-0.032628413,-0.017396942,-0.0023910403,0.008029336,0.013323482
-0.011321113,-0.024904972,-0.02571784,-0.018106965,-0.010807335,-0.010109909,-0.009960142,-0.009126242,-0.009768246,-0.00989392,-0.008766268,-0.0082406085
0.43993908,0.40736878,0.38854885,0.3428159,0.30433074,0.26262468,0.22191869,0.19168493,0.16323307,0.14797321,0.12812422,0.12170557
-0.13475406,-0.11974345,-0.10777025,-0.09443037,-0.07049575,-0.053805076,-0.043125667,-0.043892235,-0.04713066,-0.057740167,-0.06416305,-0.07036023
0.063265406,0.05705506,0.046566144,0.036467098,0.03092011,0.025469165,0.02364853,0.017629528,0.016483985,0.014874639,0.013776364,0.011934792
-0.00941814,-0.012703247,-0.014372404,-0.012000652,-0.011819042,-0.012862399,-0.01590505,-0.017905338,-0.021337848,-0.025228992,-0.027404679,-0.02806465
-0.19875115,-0.1698147,-0.13812652,-0.11842665,-0.12269373,-0.11222011,-0.09694965,-0.09909852,-0.100957535,-0.10660045,-0.098581254,-0.0959415
-0.13582844,-0.1545105,-0.1302984,-0.17594802,-0.16017403,-0.15994135,-0.13753395,-0.14337076,-0.13614203,-0.13376932,-0.13372292,-0.12835285
-0.078449376,-0.089508064,-0.08803658,-0.061670918,-0.055818815,-0.044156082,-0.050009586,-0.04428499,-0.05375276,-0.0658145,-0.07399041,-0.079271555
-0.09621284,-0.080508165,-0.07437285,-0.048894636,-0.036323808,-0.017827183,-0.016432628,-0.011562437,-0.021331683,-0.031663787,-0.037875246,-0.04648631
-0.23902327,-0.21736434,-0.20265889,-0.19551446,-0.17840426,-0.15934749,-0.13545781,-0.12258977,-0.1050422,-0.09335202,-0.07968471,-0.07530506
-0.21022859,-0.23750463,-0.22811116,-0.19225211,-0.16193889,-0.13337287,-0.098894194,-0.07596421,-0.06000797,-0.049366023,-0.040295415,-0.033570282
0.88155186,0.83834577,0.73976374,0.6495312,0.59586227,0.5346657,0.4696619,0.39305276,0.3499576,0.3310206,0.30613703,0.29483557
0.12372778,0.18195815,0.19511695,0.21994263,0.21714166,0.19160435,0.17969641,0.13278976,0.1103867,0.07361394,0.058233213,0.04789625
-0.06214772,-0.043440744,-0.07801394,-0.035854142,-0.06271137,-0.05147715,-0.052717417,-0.040732805,-0.05008341,-0.050401617,-0.041435014,-0.037533734
-0.29777837,-0.28821528,-0.26445454,-0.23094656,-0.20380111,-0.18031651,-0.1530525,-0.13572013,-0.12260208,-0.119798124,-0.11161479,-0.10729722
0.27174762,0.30165046,0.3289607,0.34766853,0.33784413,0.3108862,0.2724624,0.22319086,0.16382425,0.10257893,0.054467887,0.028893456
0.11194102,0.093640104,0.08227758,0.06965594,0.058048353,0.048963502,0.038943276,0.03142,0.023848012,0.019734494,0.015203916,0.012548275
-0.020939175,-0.042266756,-0.049899377,-0.05997851,-0.06208656,-0.05646856,-0.04920633,-0.042763606,-0.037172984,-0.031720333,-0.028337318,-0.026857927
-0.3541203,-0.3102444,-0.31236297,-0.28253546,-0.25280303,-0.21346398,-0.21288276,-0.18565217,-0.17039186,-0.15922743,-0.14811872,-0.14540866
0.05714582,0.03568564,0.046228427,0.06165426,0.059507806,0.04314333,0.031398363,0.026367774,0.018906042,0.0070697344,-0.0005984623,-0.002920622
0.10056473,0.08709493,0.065210015,0.049422115,0.03359992,0.027223736,0.02256158,0.02018487,0.020698689,0.025080197,0.028069431,0.028252777
0.20021006,0.19549295,0.16933829,0.14423734,0.1220228,0.10500957,0.08594891,0.07749219,0.07681965,0.08216022,0.08402322,0.08413463
0.14835677,0.09144087,0.06964058,0.058753356,0.053584203,0.0435348,0.02937746,0.028032325,0.017337605,0.011070348,-0.00013463199,-0.002774313
-0.095365226,-0.15729263,-0.16465747,-0.13901755,-0.123138726,-0.103293866,-0.09182455,-0.06671643,-0.065831184,-0.06807355,-0.07459304,-0.07773789
0.00995148,0.03189613,0.033388976,0.037641264,0.03410782,0.032817144,0.028817376,0.021930812,0.020325217,0.017546602,0.018353814,0.017130401
0.15420991,0.14418939,0.14308248,0.13349983,0.12010278,0.103639685,0.08962021,0.07446936,0.059101094,0.04574179,0.034129523,0.029363215
0.0013901219,-0.009494465,-0.012258651,-0.016882876,-0.011043174,-0.012595614,-0.008335704,-0.0046761017,-1.8235296e-05,0.0057819365,0.007642326,0.0105903195
-0.015553676,-0.04789019,-0.0688991,-0.05865626,-0.05445391,-0.045682073,-0.041459624,-0.027642267,-0.022692151,-0.021167936,-0.02159245,-0.022507885
-0.06248774,-0.04616276,-0.043064293,-0.03239859,-0.030186743,-0.021316104,-0.018149406,-0.018264355,-0.018655045,-0.022163443,-0.022851372,-0.025642663
0.029160868,0.012444425,-0.0055241883,-0.013842575,-0.015098713,-0.013287529,-0.02321179,-0.014303243,-0.010000832,-0.0017819162,0.0019091712,0.002773825
-0.08954596,-0.06918366,-0.08194964,-0.07607411,-0.06804964,-0.05441519,-0.06139121,-0.05142474,-0.04341092,-0.035676405,-0.02881848,-0.028051704
0.34194407,0.34288603,0.29443392,0.25956535,0.2258433,0.2114593,0.19658375,0.17110907,0.16390784,0.15946263,0.15378745,0.14888367
-0.38181913,-0.4037038,-0.38901025,-0.33245242,-0.29398894,-0.25577816,-0.22326288,-0.17951909,-0.16716826,-0.16106674,-0.15707925,-0.15353367
0.0025057895,-0.019967569,-0.020353183,-0.020192465,-0.018173516,-0.019324277,-0.018334774,-0.013377532,-0.017514247,-0.0156694,-0.018063944,-0.0145667195
-0.15430266,-0.13340627,-0.11440185,-0.088772915,-0.06652109,-0.053632192,-0.04141628,-0.035180956,-0.030883364,-0.033716634,-0.033369813,-0.032325283
-0.026768655,-0.022354452,-0.019418947,-0.020122362,-0.024122525,-0.026730794,-0.027542597,-0.027864363,-0.025012638,-0.021610918,-0.016058223,-0.013755273
0.11352761,0.076162495,0.052294046,0.027773134,0.020148471,0.010183394,0.009388126,0.015857875,0.027619176,0.0422232,0.04935915,0.055128075
-0.13108411,-0.12990463,-0.09606837,-0.0710253,-0.05593916,-0.054755554,-0.045814484,-0.042366248,-0.045304917,-0.056659125,-0.06338507,-0.06312682
-0.09113264,-0.0667517,-0.046825618,-0.061487287,-0.061340556,-0.061915822,-0.057203792,-0.0513309,-0.036289103,-0.018785436,-0.003313411,0.0057816356
0.008409996,0.030554378,0.04826151,0.0659979,0.07313578,0.068342194,0.06398957,0.046137497,0.026363345,-5.2258372e-05,-0.017680176,-0.030175889
0.05732594,0.046257272,0.03258039,0.019324057,0.007197693,0.00094348565,-0.0004567653,0.0047822334,0.009693611,0.019831702,0.02637109,0.027756708
-0.06784582,-0.07291697,-0.062034044,-0.04662744,-0.039080165,-0.030919574,-0.02516647,-0.02325565,-0.030307785,-0.042952035,-0.05129875,-0.05610793
0.1680393,0.21010205,0.23976065,0.23696199,0.2173105,0.18953148,0.1676203,0.13767079,0.112131126,0.09322596,0.08007179,0.07624822
-0.08597099,-0.118289664,-0.099747986,-0.08669484,-0.07677272,-0.07313663,-0.053372122,-0.04230479,-0.04175027,-0.047505848,-0.05281949,-0.05271451
-0.27033967,-0.30801788,-0.30831176,-0.26139393,-0.23640838,-0.21019551,-0.1908404,-0.15568572,-0.14094867,-0.13418475,-0.12684037,-0.12137028
-0.6228094,-0.6672682,-0.65813065,-0.5974384,-0.5345216,-0.47162595,-0.4171382,-0.3520342,-0.30663717,-0.2743929,-0.245357,-0.23064537
-0.111343205,-0.15776964,-0.12549698,-0.10929093,-0.086176634,-0.10208998,-0.121987775,-0.0959469,-0.087190606,-0.07185819,-0.0676243,-0.049703546
0.12861991,0.14525926,0.14042988,0.112098746,0.101878144,0.09325285,0.08697677,0.0696331,0.062801614,0.05923582,0.054364897,0.05125078
-0.013886787,-0.030002076,-0.037098337,-0.02749144,-0.02415265,-0.020107493,-0.024249798,-0.020583889,-0.024599107,-0.03068948,-0.036128618,-0.03829152
0.15488607,0.12832636,0.11251582,0.08609791,0.06798437,0.05954338,0.06713584,0.05790087,0.058155864,0.06155298,0.06361146,0.06539489
0.033365384,0.021892563,0.009848293,0.0048759803,-0.002481252,-0.0047003366,-0.0037026107,0.0038020648,0.011413701,0.021981638,0.02904798,0.035427522
-0.2888712,-0.29584387,-0.2838868,-0.2530516,-0.22375606,-0.19796966,-0.17146724,-0.14323679,-0.12313527,-0.11109875,-0.09985964,-0.09416576
-0.48182777,-0.4881723,-0.46145952,-0.38407755,-0.3025925,-0.2789512,-0.2858745,-0.24397254,-0.22198954,-0.21472105,-0.21022484,-0.19367303
-0.0045216344,-0.02643111,-0.05168751,-0.06358946,-0.066763386,-0.061035212,-0.05708507,-0.041029446,-0.025978085,-0.0062159887,0.0058093714,0.012112526
-0.2608462,-0.24417397,-0.23432902,-0.19564395,-0.1722609,-0.14765686,-0.13650501,-0.11548723,-0.10518641,-0.10547232,-0.10260225,-0.101415284
-0.35320783,-0.3476746,-0.32359606,-0.30150282,-0.27085483,-0.24483342,-0.20292573,-0.18427815,-0.16391346,-0.15500362,-0.14130732,-0.13101095
-0.06347796,-0.057793997,-0.035393946,-0.021639138,-0.011415131,-0.013558082,-0.0041951537,-0.0054585934,-0.0027404428,-0.008381143,-0.010013428,-0.008095436
-0.13448,-0.09954791,-0.08105186,-0.04637167,-0.040528104,-0.02744656,-0.027314916,-0.020812362,-0.028241947,-0.035629433,-0.03875632,-0.040483654
-0.48595655,-0.5248855,-0.4976772,-0.4355455,-0.3907939,-0.35354835,-0.31361982,-0.268454,-0.250243,-0.2442761,-0.2352221,-0.22416833
0.11803123,0.10244464,0.07620984,0.058354452,0.04803294,0.045030206,0.0373886,0.035615478,0.036697183,0.039985392,0.039836988,0.039039895
0.034486115,-0.037091635,-0.06352982,-0.054621078,-0.07688535,-0.0804208,-0.09299551,-0.07766339,-0.080287874,-0.07903543,-0.07639278,-0.07101118
-0.31375355,-0.2965049,-0.27034646,-0.2309227,-0.19834512,-0.16895929,-0.14679986,-0.12664706,-0.11719123,-0.11767799,-0.11458863,-0.11419213
0.15196717,0.13771284,0.10699497,0.0749581,0.056371704,0.04291767,0.033299647,0.02563405,0.02880343,0.03673623,0.043149963,0.044891108
0.14389557,0.14072426,0.1455577,0.12842369,0.11505335,0.09877148,0.0844702,0.06615052,0.052526847,0.042857412,0.033434656,0.030022763
-0.37565148,-0.36577684,-0.3476298,-0.2900823,-0.2537548,-0.21653834,-0.1953104,-0.16286826,-0.15055856,-0.14774904,-0.1418107,-0.13905217
0.2039989,0.19569087,0.16348621,0.12519316,0.09491205,0.079288214,0.06906594,0.06136971,0.06837323,0.08880073,0.10370846,0.114202686
0.079806834,0.14116699,0.1616242,0.1706084,0.16295417,0.15514067,0.14082125,0.11368531,0.08763853,0.0624353,0.045401827,0.032145143
0.270983,0.24788441,0.23345274,0.19811073,0.16810842,0.14519995,0.121883646,0.10719599,0.09268714,0.09440318,0.0902331,0.08908975
0.017856315,0.06414954,0.07140931,0.0742047,0.06725921,0.06038904,0.047218625,0.03389915,0.025982365,0.018878667,0.016592607,0.014986834
0.051705416,0.044553682,0.030865368,0.025393676,0.021444485,0.01759839,0.01645238,0.017618014,0.02119684,0.025280336,0.027997242,0.030124541
0.023894964,0.025344193,0.011114314,0.013541093,0.011127777,0.012457926,0.0034428202,0.003386626,0.002434209,0.0022839,0.0016696635,0.00191304
0.37346154,0.3496363,0.33452976,0.30885854,0.2759536,0.24477196,0.22416443,0.18865892,0.15537807,0.13043596,0.109229356,0.095326744
0.23951945,0.23432425,0.21369864,0.1965961,0.16841328,0.14383091,0.12538388,0.10722886,0.09798904,0.09416029,0.09232916,0.09078508
0.2834354,0.27245563,0.26893458,0.23573594,0.21270019,0.18252732,0.15817112,0.13340566,0.1143005,0.10577014,0.094528966,0.092130646
0.15647297,0.17422576,0.20329022,0.23317076,0.22845007,0.20535825,0.17633411,0.14649513,0.0975896,0.04958392,0.011293285,-0.004769504
0.107310854,0.10766062,0.104316935,0.090155505,0.07989739,0.07282852,0.07053375,0.06405979,0.060714405,0.060793072,0.058936395,0.05889256
0.055991054,0.05938647,0.050154064,0.03502841,0.027995655,0.018015483,0.0096873455,0.0032586697,0.004947533,0.007417137,0.009614104,0.01170654
0.1785105,0.18669741,0.18572938,0.1757353,0.16751766,0.14934097,0.1376754,0.11987946,0.1099218,0.10102835,0.09141487,0.08639207
0.014783524,0.006698886,0.0047763325,-0.010762509,-0.018017609,-0.017063998,-0.01259088,-0.009559074,-0.0058383215,0.0020459173,0.006465669,0.00828399
0.06707839,0.04076644,0.020431384,-0.0057037324,-0.014102846,-0.017985858,-0.01581528,-0.016058862,-0.008326799,0.0022386108,0.009560563,0.012912627
0.014877185,-0.029763788,-0.05274719,-0.062191606,-0.05849693,-0.05504477,-0.040666357,-0.025892287,-0.012780774,0.0015882067,0.009254614,0.0152638145
0.010570345,0.02419669,0.05406922,0.05647021,0.065863505,0.050974127,0.05355829,0.029511886,0.020350728,0.0011956599,-0.00823025,-0.013069857
0.23344603,0.22200952,0.21780291,0.20119059,0.17483693,0.1477433,0.14298607,0.11960174,0.1050867,0.09166845,0.08370743,0.07832155
-0.14878085,-0.12151222,-0.11459814,-0.09647832,-0.08430516,-0.0743698,-0.06683016,-0.059017137,-0.05233953,-0.05028733,-0.045106217,-0.042337865
0.0663806,0.0715272,0.051412936,0.05920537,0.053075317,0.05311349,0.03635477,0.033252947,0.02348985,0.017041754,0.01097144,0.0058904495
0.123920456,0.11387913,0.09472029,0.079181276,0.07082379,0.06341917,0.050118543,0.03899803,0.031779706,0.0291407,0.02623478,0.023436377
0.084747165,0.0685015,0.070473514,0.058053605,0.05215765,0.043980427,0.04204371,0.037718408,0.033247814,0.031784225,0.026994478,0.025391983
0.014269099,0.021421926,0.025321618,0.027662873,0.027749646,0.021737944,0.018574793,0.013544187,0.01314572,0.009487549,0.008069921,0.0082275355
0.14466988,0.11209097,0.0683019,0.05019529,0.029723853,0.01853773,0.013500437,0.018111914,0.027173169,0.04199988,0.051717494,0.05783815
0.15677701,0.13061288,0.14954439,0.14135191,0.12768602,0.10685836,0.0986003,0.087749854,0.075006,0.06556189,0.054997124,0.052959155
0.01481409,-0.005168747,-0.0021500736,-0.014052693,-0.014667846,-0.021279987,-0.016089836,-0.020492481,-0.020935368,-0.023572097,-0.025291398,-0.024653861
0.0031149448,0.0039278213,0.028416522,0.029411905,0.036011524,0.030662058,0.021950848,0.009248389,-0.006136857,-0.02318055,-0.03580718,-0.040941894
-0.085257776,-0.14876936,-0.1384863,-0.098393455,-0.07503849,-0.081462055,-0.067223616,-0.049988776,-0.04473107,-0.050389554,-0.056021903,-0.05113511
0.21594203,0.21345542,0.22598699,0.20067672,0.18271917,0.15588793,0.15477325,0.12074998,0.1057452,0.088403374,0.076120295,0.07187305
-0.15858285,-0.14236605,-0.14234616,-0.13097154,-0.12264027,-0.09994217,-0.08696938,-0.07307815,-0.064411856,-0.058252677,-0.050783858,-0.052462816
0.10699987,0.09300712,0.08024728,0.067779705,0.060777083,0.05729027,0.052080832,0.051043577,0.046696216,0.04907363,0.046220556,0.046561353
0.002021513,-0.002920433,-0.015031287,-0.00024429522,-0.0062161237,-0.008806044,-0.016772786,-0.011444122,-0.010928623,-0.012629639,-0.012643691,-0.01344309
-0.2708194,-0.29615974,-0.2393671,-0.20643382,-0.15733641,-0.17062941,-0.15411931,-0.15357065,-0.13909604,-0.13852414,-0.13127302,-0.1142178
0.3722744,0.36764914,0.3140646,0.27610767,0.23574129,0.22039135,0.19689633,0.17350739,0.16897957,0.16040856,0.15231484,0.14295243
0.31926444,0.30045837,0.27109295,0.22094664,0.19955674,0.17792916,0.15022182,0.12183288,0.10532285,0.10006165,0.09099595,0.08718111
0.37219095,0.35230702,0.33422437,0.30521244,0.29635105,0.27099788,0.2325202,0.19668984,0.16288936,0.1369572,0.10906939,0.09493524
-0.17019604,-0.2133125,-0.2405631,-0.21474548,-0.20719543,-0.19728364,-0.21507636,-0.18933824,-0.179053,-0.18771578,-0.19106522,-0.19356358
-0.08238341,-0.08051008,-0.06640752,-0.043875664,-0.031926617,-0.02494422,-0.018405974,-0.017503623,-0.023626283,-0.033155024,-0.038898695,-0.041563757
0.15979117,0.1703388,0.2064522,0.20694771,0.19844884,0.19931012,0.1541624,0.14619683,0.107385755,0.09063058,0.064549185,0.05182004
-0.08807311,-0.07893526,-0.09011733,-0.08307042,-0.08037598,-0.062772155,-0.06083034,-0.04670661,-0.0376942,-0.029096805,-0.022381706,-0.022649644
0.024530422,0.008929838,0.022014493,0.0054311343,0.012947587,0.0042146235,0.018525701,0.011605637,0.019015195,0.020850178,0.023679895,0.025412846
0.08747811,0.08308423,0.08782082,0.09041859,0.08142266,0.07830651,0.08582667,0.07133277,0.060664024,0.04841564,0.041784056,0.037688546
-0.017035125,-0.012617781,-0.037966795,-0.04346776,-0.050351538,-0.037862044,-0.044578042,-0.035114996,-0.03300336,-0.02494047,-0.01985694,-0.019275125
0.029932506,0.024912104,0.0077261105,-0.0028903112,-0.004012149,-0.0008409582,-0.0021341667,-0.0014623553,0.0029112492,0.009084137,0.012224268,0.013746755
0.1401565,0.1086347,0.08639032,0.07060336,0.06415925,0.05695851,0.049625315,0.04725534,0.04541792,0.04759679,0.04469607,0.04374889
0.66696346,0.69102794,0.6305862,0.5428492,0.51232076,0.4937002,0.45903617,0.40138358,0.38606095,0.3707285,0.34997255,0.34212548
-0.33369702,-0.27967116,-0.23949489,-0.20018418,-0.1718148,-0.15042159,-0.12606516,-0.11626771,-0.10586357,-0.10678973,-0.09882025,-0.09621846
0.19749823,0.19320083,0.18578622,0.17055453,0.16445342,0.14194816,0.12222661,0.10301732,0.09600696,0.08564234,0.07559962,0.0733027
0.050583154,0.4167092,0.5388311,0.4439147,0.43877447,0.40955088,0.41097355,0.28565708,0.2738996,0.25069016,0.25325972,0.23411432
-0.24115974,-0.19181944,-0.15774319,-0.140744,-0.116988614,-0.09927213,-0.07650699,-0.07246162,-0.065853626,-0.0670949,-0.063843794,-0.064440146
0.0832004,0.08793934,0.07144749,0.054154314,0.04010022,0.033198394,0.027288467,0.02439737,0.028434355,0.035821967,0.041632816,0.044365283
-0.071971536,-0.072120845,-0.06281718,-0.06603872,-0.06692961,-0.06514934,-0.058111724,-0.04894673,-0.0392514,-0.02575396,-0.0142705925,-0.0029824413
0.32470044,0.27381486,0.2211299,0.17358214,0.13512094,0.106667146,0.0835371,0.084582,0.094664454,0.12299231,0.1398594,0.15047231
0.325387,0.2998292,0.271846,0.23031698,0.20045105,0.1790188,0.16583635,0.14981371,0.15018159,0.16147393,0.16670354,0.16642585
0.15980297,0.19174756,0.20252359,0.17904547,0.1643651,0.14528769,0.12983152,0.10041938,0.083569385,0.069185555,0.05879612,0.05027377
-1.171734,-1.2095164,-1.1574979,-0.99559224,-0.8851173,-0.76042986,-0.679227,-0.5623082,-0.52410436,-0.5163573,-0.5082984,-0.50357366
0.5451733,0.5222908,0.4854595,0.4660887,0.43173483,0.39850816,0.35106313,0.3232214,0.27762067,0.26246777,0.23195241,0.21154784
0.08350014,0.11008923,0.0967771,0.083752416,0.07845508,0.07601978,0.057744943,0.058040038,0.060519487,0.06976069,0.072090395,0.071360044
0.19602412,0.21032648,0.18929432,0.16956279,0.15350492,0.14504977,0.122595295,0.105589986,0.0919317,0.084874734,0.075922936,0.06654971
0.02707621,0.021417858,0.030942405,0.033413805,0.03606431,0.030072853,0.025249641,0.017776486,0.012505485,0.0035352288,-0.0033458858,-0.0074496185
-0.05666288,-0.04650807,-0.03866869,-0.044312384,-0.041879073,-0.038892187,-0.030238567,-0.034557734,-0.029624574,-0.02938637,-0.024942305,-0.02495293
0.13284822,0.18350826,0.21305509,0.21644787,0.1931962,0.14797734,0.14111179,0.10873802,0.09705342,0.091696516,0.09502937,0.10836078
0.003495112,0.012627903,0.0018851124,0.001814194,-0.0054150536,-0.004612467,-0.0061093695,-0.0015412634,0.006077898,0.015498176,0.02459247,0.02665142
0.15031475,0.11597128,0.11488481,0.10116884,0.07813793,0.06110373,0.05008295,0.03823883,0.01563847,0.0030082464,-0.0097111985,-0.013010271
0.15145509,0.10703692,0.09548804,0.08037977,0.06533764,0.04808812,0.029900014,0.025682978,0.014606789,0.012595374,0.006447818,0.0062626377
0.008671198,-0.020984273,-0.036633663,-0.038458727,-0.035318315,-0.031555366,-0.033491075,-0.028460296,-0.026663363,-0.026422096,-0.027858427,-0.028091256
-0.16347541,-0.22325908,-0.23685741,-0.21796677,-0.20136149,-0.1672341,-0.13831905,-0.11430904,-0.10648615,-0.09984653,-0.093556926,-0.092029385
-0.4399315,-0.48352647,-0.4362976,-0.371109,-0.31704855,-0.29595897,-0.26421434,-0.22707547,-0.20885018,-0.20590536,-0.19924735,-0.1903052
-0.08477319,-0.11633046,-0.1163497,-0.11515287,-0.10680229,-0.100333914,-0.08441241,-0.06931781,-0.055816848,-0.04294849,-0.033286378,-0.025884496
0.13266432,0.15802756,0.1840652,0.1893986,0.18731686,0.17020935,0.14548455,0.10949792,0.07047506,0.029750578,-0.0014554337,-0.017161906
-0.07137165,-0.052956652,-0.05218471,-0.030908879,-0.025952928,-0.015121378,-0.013093844,-0.0060434267,-0.0030136146,-0.0043569673,-0.0027406253,-0.007756505
0.03215343,0.014764346,0.014004696,0.0058232676,0.0050256997,-0.0005308818,0.0013961755,0.0012782142,0.006918676,0.014112958,0.01894284,0.022884358
-0.023854358,-0.029070746,0.0032053748,0.0039045885,0.0088646505,0.0034626573,0.012774715,-0.0026542172,-0.015430056,-0.035438932,-0.04724499,-0.05463735
0.063467845,0.037806794,0.00955908,-0.008175515,-0.022512563,-0.023768917,-0.020855479,-0.014479831,-0.0033139326,0.009732146,0.020106632,0.023240337
-0.49571723,-0.5069033,-0.46762645,-0.4114694,-0.3541856,-0.317074,-0.2789406,-0.24133843,-0.22213581,-0.22412662,-0.2222484,-0.21826541
-0.18433672,-0.16669926,-0.16990583,-0.15398943,-0.13712706,-0.11592917,-0.10919285,-0.088601485,-0.072483644,-0.05605782,-0.04138606,-0.03369421
0.05945196,0.057506584,0.049262688,0.04157844,0.036014087,0.032894567,0.028980289,0.024510376,0.02148248,0.02059824,0.019356458,0.019015504
0.11613699,0.13145201,0.15391475,0.13900855,0.12930034,0.11049692,0.10941833,0.08617333,0.07204043,0.05849221,0.04939911,0.045506
-0.08157853,-0.088410534,-0.09115067,-0.08993536,-0.08284954,-0.07519833,-0.07011975,-0.05972953,-0.05156275,-0.04387408,-0.038334534,-0.035269126
0.043373935,0.050202116,0.034197763,0.04771815,0.05137132,0.058172632,0.04304149,0.042764753,0.03543121,0.02799087,0.019588258,0.012252843
-0.29589146,-0.2886313,-0.30820683,-0.30739743,-0.2925987,-0.25384885,-0.24732041,-0.21900934,-0.20248301,-0.19148041,-0.18108107,-0.1791442
-0.09266609,-0.11528965,-0.12580076,-0.110651344,-0.10544432,-0.09208168,-0.083280094,-0.063871056,-0.054688677,-0.04735632,-0.041055623,-0.037798874
-0.11063298,-0.11043656,-0.11309247,-0.098660976,-0.0895478,-0.07756491,-0.077200234,-0.06823706,-0.06402058,-0.059517197,-0.05439815,-0.05101457
-0.13864858,-0.15755865,-0.16218203,-0.15175715,-0.124614246,-0.10531662,-0.10099146,-0.078094825,-0.06719785,-0.058840647,-0.057777505,-0.056126676
-0.23513561,-0.24574673,-0.24078274,-0.21089768,-0.18544659,-0.16466117,-0.1544996,-0.1315847,-0.119217925,-0.11350308,-0.10786897,-0.10416059
0.26459426,0.19886687,0.11695796,0.0628598,0.01147756,-0.008708268,-0.08126691,-0.11513579,-0.14939117,-0.18950735,-0.21903253,-0.23410341
-0.08092956,-0.08772227,-0.08486684,-0.06396687,-0.05938138,-0.051586453,-0.045723736,-0.037540562,-0.037812047,-0.03997974,-0.040104657,-0.040205978
0.03804393,0.029392168,-0.021061793,-0.043702118,-0.064938545,-0.05630929,-0.04867197,-0.037562687,-0.013404157,0.00937021,0.03147947,0.0356917
0.29063457,0.2869103,0.2738724,0.24672964,0.21933976,0.20544463,0.18204531,0.16352054,0.1432571,0.12437903,0.103413895,0.091759026
0.4346493,0.47506484,0.46395275,0.4005386,0.38029045,0.34622285,0.31784493,0.26176485,0.23350704,0.22071707,0.20453274,0.19931912
0.07455604,0.11306553,0.12548245,0.13043725,0.12786788,0.11744716,0.10676491,0.089267135,0.080281384,0.07092358,0.06491864,0.061715983
0.22062048,0.16713512,0.14078917,0.09403519,0.06585941,0.04866162,0.037718847,0.03722036,0.040915273,0.057261005,0.064209595,0.06719996
0.08211647,0.05265668,0.047543585,0.032768816,0.020982571,0.010495007,0.012074068,0.00508241,0.00095824525,2.4203211e-05,-0.0010104403,8.589029e-05
0.19225225,0.19301985,0.17523691,0.14930722,0.12445751,0.11041052,0.091526836,0.082229145,0.07328659,0.075939804,0.073197104,0.071851164
0.0077191945,0.03584447,0.035735518,0.03684953,0.034879565,0.03562292,0.027021283,0.020814795,0.01808855,0.01572155,0.015494479,0.012195751
-0.69827116,-0.63531876,-0.617746,-0.50592697,-0.43976,-0.3574707,-0.3445527,-0.2868852,-0.2733875,-0.27555496,-0.27128217,-0.27759117
0.049679447,0.05153333,0.04989921,0.03815513,0.031070732,0.02482954,0.022882141,0.015824951,0.013384972,0.011745321,0.011394206,0.01084052
-0.1739592,-0.21276799,-0.21139349,-0.18344761,-0.16196266,-0.1462059,-0.12653162,-0.10214675,-0.09106606,-0.08559157,-0.08201291,-0.07739385
-0.74980277,-0.7630602,-0.7129747,-0.61169434,-0.5403139,-0.47866657,-0.43985587,-0.37270886,-0.34554678,-0.3351609,-0.32282892,-0.31733426
-0.37077725,-0.38502562,-0.39369434,-0.35167262,-0.32063645,-0.27559155,-0.24934147,-0.20264877,-0.17937484,-0.16096713,-0.14577916,-0.14000203
-0.12261082,-0.16278934,-0.17434299,-0.17977333,-0.17939773,-0.1683119,-0.14843142,-0.11929719,-0.09676545,-0.069197826,-0.04950534,-0.03595969
-0.019172912,0.019380853,0.019480392,0.012751143,0.007069528,0.0075414497,0.0029332936,-0.003711801,-0.008863108,-0.011259655,-0.010245984,-0.010128755
-0.05903925,-0.02740468,0.008427717,-0.010674648,0.0010582283,0.0022337288,0.017011449,0.012964159,0.014310434,0.014494158,0.01159654,0.011442985
-0.045160733,-0.030692339,-0.032459825,-0.029065192,-0.009245716,-0.010048665,-0.014447913,-0.02720787,-0.023309544,-0.027965844,-0.027558472,-0.027449619
0.100634046,0.083487794,0.058689125,0.057350755,0.064883396,0.045785293,0.018380277,0.026581135,0.041301813,0.05230719,0.056184188,0.06380299
0.0025906651,0.008715711,0.016263464,0.012009746,0.013240917,0.012872316,0.012338913,0.009905763,0.008700385,0.0084508,0.0069944477,0.00619186
-0.1317669,-0.14088114,-0.13957226,-0.12667112,-0.12115287,-0.111802384,-0.106864855,-0.097425684,-0.0956814,-0.09724528,-0.096150376,-0.09532732
-0.12213502,-0.12191281,-0.088914186,-0.062479943,-0.04310985,-0.04162574,-0.029734947,-0.027769905,-0.0303538,-0.045247667,-0.054580174,-0.0553018
-0.03720412,-0.025317766,-0.020229384,-0.023688313,-0.0165403,-0.013052193,-0.009637482,-0.008147189,-0.0032815747,0.0021052137,0.0052479785,0.006508168
0.11242521,0.086486846,0.07033746,0.04064423,0.022931084,0.014881045,0.01584211,0.018108144,0.025162235,0.036813505,0.04266209,0.046829015
-0.20377152,-0.2532259,-0.26875746,-0.24101219,-0.22525318,-0.19773701,-0.18145198,-0.13977627,-0.120869204,-0.10329013,-0.09203608,-0.08516444
-0.5838205,-0.5423435,-0.50988096,-0.39916146,-0.33204126,-0.27886674,-0.28207266,-0.24855714,-0.25852752,-0.28997383,-0.31028777,-0.3208319
0.0064168554,0.0062961346,-0.002182633,-0.020738503,-0.024716545,-0.026574414,-0.023142846,-0.018635107,-0.0045843828,0.011386398,0.02382178,0.028774636
0.04251661,0.045260727,0.04728788,0.046962805,0.0377647,0.027492378,0.021577882,0.020552753,0.022828326,0.026332278,0.029868536,0.03273056
-0.43511823,-0.475495,-0.44869015,-0.39852652,-0.3274914,-0.28370786,-0.2545912,-0.2033033,-0.18917893,-0.18505871,-0.19341855,-0.19276384
-0.039556753,-0.03202978,-0.01590046,0.002126988,0.0037552677,0.0039617606,0.0031584278,0.0042364765,-0.0031817313,-0.011069076,-0.016623221,-0.018677358
-0.5393847,-0.47740567,-0.43337464,-0.39372373,-0.339162,-0.292233,-0.24556696,-0.21834488,-0.19387138,-0.18315794,-0.16664612,-0.1598253
-0.2572421,-0.19363376,-0.17102331,-0.13240291,-0.11091359,-0.090965986,-0.07935062,-0.07737467,-0.075128034,-0.08149989,-0.07795026,-0.079460636
-0.015931912,-0.04005307,-0.060538895,-0.072629645,-0.071595624,-0.064651825,-0.061770976,-0.0467241,-0.032110516,-0.015447406,-0.0053813374,-0.0006812257
0.11513745,0.1136093,0.099091396,0.086807065,0.068182975,0.055766996,0.051232673,0.045974992,0.048542142,0.053295083,0.05905786,0.061801776
0.4108758,0.40809143,0.40549523,0.34118932,0.3122421,0.26346716,0.24279933,0.20611514,0.19411364,0.18623427,0.17444995,0.17451918
0.25094983,0.22760035,0.13542433,0.20571478,0.17247763,0.14633933,0.10747713,0.13793433,0.16580811,0.14757884,0.147946,0.13408184
0.028184846,0.012091104,-0.011367604,-0.028181098,-0.037287384,-0.034386903,-0.024360389,-0.020462822,-0.0070898198,0.00632729,0.018357748,0.022867747
-0.2978295,-0.3318759,-0.3425937,-0.29033655,-0.2695606,-0.23692352,-0.21517,-0.18323255,-0.16931218,-0.16731593,-0.15756106,-0.15729682
-0.47726244,-0.5216626,-0.52337945,-0.4961267,-0.45390946,-0.40492538,-0.35304463,-0.30267522,-0.26700547,-0.23823522,-0.21101221,-0.199738
0.24730894,0.21661502,0.19370371,0.1570485,0.1221706,0.09576504,0.072026685,0.06473278,0.05809813,0.06592399,0.06834994,0.07185689
-0.0811052,-0.081801906,-0.06593544,-0.04461041,-0.028507322,-0.023345187,-0.011875786,-0.014337294,-0.017799567,-0.028010348,-0.03363522,-0.03622818
-0.43477988,-0.42257106,-0.37492317,-0.30752212,-0.26723513,-0.23802578,-0.2088892,-0.17466997,-0.1585004,-0.15038754,-0.13984445,-0.13060129
0.22604263,0.23935407,0.2534596,0.2128037,0.1936861,0.16045061,0.15648091,0.12399405,0.11111611,0.09800681,0.08635909,0.081000134
0.06385173,0.053014092,0.023629189,0.013231307,0.001919195,0.007113531,0.0052691028,0.0061922036,0.0088849515,0.01313575,0.017510772,0.01640732
-1.8149873,-1.9263353,-1.8847016,-1.6383626,-1.4698466,-1.2750707,-1.1458664,-0.94311124,-0.86128795,-0.82110643,-0.78441185,-0.76224405
-0.069835275,-0.057553466,-0.04087907,-0.025424547,-0.018612906,-0.016624548,-0.018854879,-0.027571816,-0.036967598,-0.05608387,-0.06593929,-0.0719628
0.30123615,0.28738952,0.26777,0.24776822,0.22214663,0.1862034,0.16256358,0.13611998,0.12026301,0.109068505,0.09935031,0.09531913
-0.21170595,-0.23290853,-0.23867354,-0.19943368,-0.17384796,-0.14696455,-0.124384165,-0.09949836,-0.08415905,-0.078708924,-0.07157066,-0.06819597
-0.015143647,-0.04229018,-0.05279033,-0.05255951,-0.058384836,-0.05829917,-0.050219804,-0.03590822,-0.02275692,-0.0076917056,0.0037069945,0.010155607
-0.09015626,-0.063493356,-0.010211512,0.02590181,0.0482143,0.051359512,0.04946047,0.028106935,-0.0061050206,-0.051419735,-0.08325287,-0.09875871
0.6463866,0.6449108,0.5164182,0.6505313,0.60132307,0.53730017,0.3399921,0.3467005,0.3177785,0.29167575,0.26586288,0.2584455
0.049785446,0.035876,0.022415213,-0.001364626,-0.010369465,-0.014399797,-0.017679036,-0.015268043,-0.01105113,-0.00076925755,0.0047086654,0.0090440065
-0.37129956,-0.34257945,-0.33798277,-0.28342283,-0.21796739,-0.17539567,-0.16820876,-0.1411332,-0.12598324,-0.12472066,-0.12328443,-0.12376926
-0.14967512,-0.14353824,-0.14257513,-0.14355856,-0.13197425,-0.12074896,-0.111400194,-0.09913319,-0.08402336,-0.07072307,-0.05932572,-0.05361674
0.040890712,0.055168234,0.04543323,0.06086719,0.05766696,0.056466866,0.036299855,0.03790736,0.031020628,0.028428003,0.023644065,0.020924073
0.1763115,0.12920693,0.08390373,0.02358225,-0.013324618,-0.032367423,-0.02923578,-0.023884207,0.0025616959,0.038899437,0.06744019,0.0819049
0.11414531,0.11031831,0.101968035,0.083446644,0.07219685,0.060886323,0.056693126,0.047842275,0.04728946,0.049220245,0.05066332,0.05030757
0.12749259,0.13850239,0.13119479,0.11391502,0.10398662,0.09844421,0.09172019,0.07416501,0.065333426,0.055966757,0.04897196,0.04219163
-0.013991341,0.059200272,0.09824591,0.122812025,0.12702022,0.12096302,0.11662662,0.09834924,0.07681862,0.051716965,0.034749385,0.025394574
0.0654706,0.083392605,0.07817454,0.06998217,0.06710398,0.05356217,0.046564214,0.03688079,0.038087554,0.04105018,0.044509947,0.047969732
-0.15940535,-0.16379346,-0.15180326,-0.1415034,-0.13174179,-0.11803303,-0.10089059,-0.08466382,-0.07563105,-0.068601996,-0.062331043,-0.059592005
-0.038797375,-0.04005798,-0.007424552,0.014954541,0.014089115,0.0105300695,0.0118910745,0.006967332,-0.01195897,-0.03259502,-0.045969583,-0.052891128
-0.38831976,-0.40061158,-0.39864373,-0.36688405,-0.3218467,-0.2875229,-0.2519798,-0.21410988,-0.17596495,-0.15363348,-0.13280647,-0.12140964
-0.19152115,-0.19170073,-0.19575123,-0.18621121,-0.17337461,-0.15406379,-0.13940746,-0.119011454,-0.10390808,-0.09135099,-0.08053274,-0.07688416
-0.043701768,-0.028813927,-0.021782458,-0.025422152,-0.02537239,-0.022502037,-0.017750397,-0.018813983,-0.018016595,-0.01537244,-0.011952527,-0.010582205
-0.1505556,0.05461687,0.103764296,0.07017881,0.07699782,0.0980417,0.08582425,0.059370354,0.0637946,0.07463229,0.08688478,0.07975559
0.16980183,0.17953905,0.16752343,0.13919815,0.12818003,0.11734565,0.111732446,0.09434769,0.092882514,0.0925133,0.090928115,0.08720231
-0.0627431,-0.10290849,-0.11532939,-0.100156374,-0.09763994,-0.0857918,-0.082227014,-0.062495,-0.059607867,-0.054880552,-0.054813623,-0.053053554
0.09837973,0.055923022,0.017496705,-0.0015294701,-0.011405438,-0.008636147,-0.01096794,0.0059874356,0.020359531,0.0393198,0.047328174,0.052231364
-0.08048346,-0.08420202,-0.07624767,-0.05941462,-0.050340306,-0.04471646,-0.038868845,-0.032810934,-0.032865524,-0.03488764,-0.03540289,-0.033963304
-0.10945988,-0.0968317,-0.08878502,-0.081914976,-0.06523815,-0.05811166,-0.06313659,-0.05200048,-0.04550217,-0.03811652,-0.03409439,-0.028871633
-0.02646007,-0.05482156,-0.06378682,-0.054970436,-0.049109958,-0.040592507,-0.033181988,-0.022444397,-0.01684665,-0.01409303,-0.013003156,-0.011280619
0.053925768,0.09279026,0.10409228,0.11807169,0.11767017,0.111407354,0.09759935,0.07427354,0.04782253,0.017346384,-0.0025934484,-0.015114984
0.06656758,0.05252462,0.056119733,0.051752515,0.05086952,0.046278268,0.044811096,0.040045496,0.035179116,0.028732784,0.02174789,0.01720617
-0.03238173,-0.027896248,-0.009670168,0.010357812,0.0146179795,0.009408917,0.0040458627,0.003918316,-0.0026901476,-0.0073571447,-0.010228569,-0.008552119
-0.09278685,-0.08514073,-0.07973051,-0.06984852,-0.061729454,-0.047590896,-0.037027925,-0.0361621,-0.03649,-0.045075793,-0.048925184,-0.05325353
0.11891903,0.21335292,0.14987174,0.08857719,0.096942104,0.101303294,0.078167774,0.050869357,0.052538835,0.06875908,0.079667546,0.08990343
-0.12259281,-0.14525525,-0.13407573,-0.1164916,-0.100846276,-0.09369903,-0.08203618,-0.069039464,-0.061772704,-0.06086099,-0.060135588,-0.058086045
-0.16680868,-0.19346969,-0.18729572,-0.15070182,-0.12315522,-0.107294604,-0.09357458,-0.07482726,-0.07188599,-0.077975765,-0.08360073,-0.08546593
0.06263699,0.06986596,0.076572895,0.072150305,0.07407129,0.06723383,0.056683596,0.044359278,0.03077973,0.017749371,0.005404409,-0.0008576587
-0.3742286,-0.3558247,-0.3191005,-0.2884599,-0.2514334,-0.21820801,-0.18338664,-0.15817586,-0.13980949,-0.13288248,-0.12516397,-0.121420614
0.28684264,0.2296405,0.18898681,0.15673678,0.11722326,0.09450114,0.082479894,0.08088793,0.07576443,0.08455487,0.08609759,0.08803262
0.15459086,0.12240366,0.12487789,0.10088712,0.083234385,0.057829782,0.05392152,0.046745263,0.04179348,0.039702572,0.034886263,0.038104676
0.10273366,0.112031616,0.10369257,0.09411183,0.09424927,0.085996896,0.072769165,0.059884675,0.054955546,0.051137898,0.046525657,0.0469527
-0.33445948,-0.36246008,-0.3377458,-0.29069066,-0.26206994,-0.23044547,-0.20260707,-0.16314632,-0.15153077,-0.14402057,-0.13918485,-0.13549685
0.08178553,0.10714493,0.10589437,0.088410385,0.079099156,0.07008003,0.07043229,0.058448877,0.05761694,0.05605404,0.054844927,0.05422062
-0.063358024,-0.023738816,0.02300322,0.0057132766,0.012859315,0.0012556165,0.008525163,0.0062712654,0.022558916,0.023847107,0.029048137,0.030787066
0.1757505,0.17559856,0.16764444,0.16311407,0.1337613,0.1258507,0.14414364,0.12697162,0.11823199,0.11307756,0.116257906,0.11084178
0.14672802,0.12480487,0.09922734,0.07733516,0.077386305,0.071888775,0.07346227,0.066263705,0.07655534,0.08287051,0.08649337,0.08925045
0.10779474,0.09271417,0.10283402,0.076058626,0.06430197,0.057669096,0.06757937,0.056351647,0.05230944,0.053494543,0.05347535,0.053058434
-0.15414613,-0.09731786,-0.06819753,-0.073077366,-0.065818876,-0.057311714,-0.041162625,-0.049098358,-0.038473405,-0.03525938,-0.025451392,-0.026343562
0.37128705,0.381778,0.347591,0.31818062,0.28217316,0.25736386,0.2338153,0.2051144,0.1924806,0.18452382,0.17701183,0.16930291
0.21622008,0.2745138,0.27169183,0.24065742,0.22101429,0.20052983,0.1833434,0.15158954,0.14128613,0.13496904,0.13075265,0.12483596
0.09151789,0.0787309,0.046638936,0.032511942,0.019655362,0.02761966,0.025497615,0.03062591,0.029580489,0.03606138,0.03639126,0.03395164
0.10995037,0.10331995,0.10696909,0.09567728,0.089724265,0.08014644,0.0742152,0.06702888,0.062010914,0.058971092,0.053812437,0.05278945
0.21059619,0.21679223,0.19261108,0.17267719,0.15704176,0.15303403,0.1306946,0.11814324,0.1061889,0.10011589,0.090157405,0.0833783
-0.37396827,-0.45689276,-0.4262564,-0.40265405,-0.38464367,-0.3555503,-0.29543155,-0.23779424,-0.21303901,-0.18388121,-0.16674805,-0.15219395
-0.002497804,-0.006214084,-0.0035551293,0.0018033287,0.0033921134,0.0034709773,0.0051831184,0.0074711186,0.0064722756,0.0061401855,0.004537346,0.0035895708
0.11009272,0.11217536,0.10399994,0.09642286,0.07824004,0.06921233,0.05957537,0.051873084,0.046156794,0.045274757,0.045505486,0.04464585
-0.46832174,-0.44278064,-0.4156571,-0.36695176,-0.3295792,-0.29061502,-0.25634784,-0.22934872,-0.21071479,-0.20922741,-0.1994796,-0.19682539
0.83059454,0.7703835,0.74006385,0.6661316,0.6216594,0.5403515,0.493156,0.43855077,0.42059,0.41569883,0.3991179,0.3965897
-0.21847896,-0.2423065,-0.2567149,-0.2341239,-0.22366029,-0.19806859,-0.18481195,-0.15230453,-0.13733003,-0.1248094,-0.11463497,-0.10977596
0.14800178,0.13369966,0.12778702,0.1083127,0.0991435,0.086371236,0.076620124,0.06665676,0.060379997,0.05648125,0.049712617,0.046725497
-0.03843476,-0.11269536,-0.16164783,-0.18043949,-0.18250191,-0.18189754,-0.18052751,-0.17269793,-0.15578125,-0.15450092,-0.1500003,-0.1470401
0.20810539,0.2226055,0.16705306,0.10178536,0.05727096,0.032859758,-0.0112283975,-0.033610098,-0.03263285,-0.026995022,-0.018810363,-0.01987362
-0.024606016,-0.04118545,-0.034285255,-0.043602172,-0.032946102,-0.033633,-0.037747506,-0.033642724,-0.028872449,-0.026597083,-0.027026227,-0.024021432
0.068279624,0.056157865,0.03175822,0.004883647,-0.058234096,-0.050095275,-0.044311136,-0.009776488,-0.010202274,0.043254074,0.075779125,0.096153334
-0.06786143,-0.0632562,-0.047307592,-0.036199804,-0.021532007,-0.01320266,-0.00027402863,-0.000225164,0.00041127205,-0.0043151723,-0.007443983,-0.00964155
-0.026537187,0.022120077,0.0288046,0.032692574,0.024387553,0.024996527,0.012379542,0.008021332,0.0062997825,0.010560475,0.017896503,0.018672377
0.40053004,0.35309672,0.306737,0.26630962,0.22922449,0.1906589,0.1674295,0.15483695,0.15441652,0.16433552,0.1653376,0.17153674
0.297341,0.24629422,0.21832675,0.2031076,0.17624524,0.1507743,0.13361952,0.121873625,0.10714884,0.096761845,0.08450326,0.080033645
-0.042790115,-0.081484765,-0.10140155,-0.09510813,-0.09637414,-0.08838801,-0.081303366,-0.062111236,-0.049819134,-0.035015777,-0.02523394,-0.01853934
-0.4434193,-0.37315464,-0.3432244,-0.29439032,-0.25512093,-0.22014418,-0.18650585,-0.17141092,-0.1599561,-0.1606398,-0.15039426,-0.14341839
-0.1434704,-0.15745874,-0.17269634,-0.17227843,-0.16685963,-0.15271541,-0.13950717,-0.11459729,-0.09094582,-0.069034606,-0.05137874,-0.042529758
-0.15793148,-0.15018956,-0.15381971,-0.13849312,-0.13035613,-0.11645051,-0.10720773,-0.091050655,-0.079800494,-0.06960444,-0.058840353,-0.052939616
-0.07382163,-0.107238024,-0.14039543,-0.14061075,-0.15241462,-0.13834217,-0.12932596,-0.10528302,-0.09855979,-0.07984404,-0.06554864,-0.057745777
0.12038815,0.12266503,0.119863376,0.112713516,0.104455076,0.09544035,0.08557533,0.0731754,0.06352508,0.058298435,0.053627662,0.050090827
-0.11026487,-0.055595353,-0.00054240227,-0.00024551153,0.02221924,0.020555466,0.031917557,0.011441387,0.0054282323,-0.009328261,-0.016547635,-0.021472044
0.33370554,0.31312615,0.30680922,0.2729938,0.24881974,0.20959756,0.18106902,0.14882794,0.12954985,0.11768143,0.105825976,0.10279493
0.19583218,0.13139929,0.05266404,0.027710319,-0.01926303,-0.020609394,-0.044294164,-0.029079273,-0.0112801045,0.0009012297,0.014299877,0.011242032
-0.7829118,-0.7819824,-0.74460435,-0.6658293,-0.5973736,-0.52253044,-0.45492294,-0.38405076,-0.34110284,-0.31480324,-0.28734583,-0.27524948
0.21854298,0.21331522,0.19237317,0.15720987,0.13454609,0.11791097,0.10083981,0.086202115,0.08218507,0.08376108,0.08212211,0.07971069
0.20246834,0.20615694,0.19645435,0.16900797,0.14829907,0.12077059,0.10940086,0.08679466,0.078214064,0.074795544,0.07308124,0.07363847
0.3239644,0.33745122,0.2999197,0.26690367,0.24333754,0.22107053,0.19314873,0.16477153,0.16346952,0.15812325,0.15547982,0.14818107
-0.17874059,-0.17479485,-0.16726765,-0.16938296,-0.15377808,-0.14222527,-0.12100273,-0.1157075,-0.102408364,-0.09502475,-0.08496656,-0.07993109
0.040355355,0.04019318,0.020846292,0.03547074,0.023474671,0.026463311,0.03013423,0.032443285,0.030895207,0.026051555,0.025088666,0.022632271
0.43704563,0.5303976,0.4578302,0.38631904,0.32027182,0.3026873,0.2893113,0.24309914,0.22583163,0.2312128,0.23806025,0.2462438
0.4320665,0.37453258,0.36609071,0.30383986,0.26147744,0.21066707,0.18661022,0.15504931,0.14087085,0.14600447,0.14504768,0.15456277
0.17458533,0.12945649,0.087711334,0.051095143,0.021510065,0.012715951,0.002030909,0.0076143146,0.011864729,0.028336488,0.036008745,0.03968578
-0.050364092,-0.06290506,-0.06837045,-0.06774085,-0.06734526,-0.06135141,-0.05988446,-0.051060338,-0.049340244,-0.04347027,-0.038937587,-0.035560343
0.25844917,0.24512294,0.24181294,0.19978467,0.17391567,0.13164882,0.10475017,0.07028644,0.058060743,0.044064295,0.035422422,0.035183214
0.06213191,0.044889897,0.018181719,0.0049967393,-0.0060869455,-0.0047949627,-0.008991122,0.00025543198,0.010018174,0.025653914,0.036046088,0.03967809
0.23299742,0.24766652,0.23598447,0.2222288,0.19923942,0.17564602,0.14960578,0.12787765,0.108999714,0.096798666,0.08590357,0.07944256
-0.3100571,-0.25902033,-0.21530223,-0.1873751,-0.15411207,-0.13202217,-0.10788888,-0.10309526,-0.08958618,-0.08844893,-0.08122676,-0.078159
-0.07891748,-0.07814518,-0.07700074,-0.07105487,-0.06812607,-0.060999036,-0.061190546,-0.046873953,-0.040746126,-0.032879908,-0.02816256,-0.02708171
-0.12214895,-0.11408356,-0.12921606,-0.08960461,-0.06835036,-0.032997385,-0.0228244,-0.0017375425,0.013729814,0.0144160725,0.01513478,0.011079242
-0.006407167,-0.034340996,-0.0556961,-0.027601875,-0.031505432,-0.02892321,-0.03637156,-0.019295624,-0.016849577,-0.013750514,-0.010918525,-0.0078111794
0.26039505,0.25705814,0.26337555,0.25449967,0.2416805,0.21876934,0.19932897,0.17344928,0.14742231,0.12249933,0.09742475,0.085830465
0.5098184,0.5037913,0.43531695,0.37344423,0.33014393,0.29031962,0.22440898,0.20787841,0.20131677,0.21702126,0.21632788,0.21380281
-0.25711823,-0.25948346,-0.25499094,-0.23052818,-0.2024013,-0.18513277,-0.16315646,-0.13711527,-0.1133913,-0.09578486,-0.080798805,-0.07037559
-0.11023372,-0.13529645,-0.14185596,-0.14025097,-0.13349025,-0.12618545,-0.1103899,-0.09528443,-0.079038344,-0.06406743,-0.050661996,-0.04314959
-0.17453967,-0.16344419,-0.15466706,-0.14435658,-0.13656348,-0.116163716,-0.1032531,-0.091251835,-0.088893756,-0.08984183,-0.088437,-0.09030909
