-0.2253567,-0.14733997,-0.07436401,-0.061077356,-0.065766096,0.015993208,-0.07117611,-0.092582166,-0.13857782,-0.18141201,-0.2458388,-0.29240996
0.33029622,0.32276848,0.33342037,0.31981462,0.31523553,0.30504495,0.28659543,0.28894097,0.263719,0.28715128,0.28563902,0.27809888
0.5703806,0.5368696,0.54851246,0.5536992,0.5475974,0.50327194,0.4935538,0.47610077,0.47837237,0.4840985,0.48996893,0.48342445
-0.08311455,-0.11727837,-0.16280048,-0.17869112,-0.1671243,-0.17707264,-0.1334088,-0.1267526,-0.11494763,-0.07238695,-0.028840646,0.024640761
-0.11042361,-0.09396985,-0.097685575,-0.10563194,-0.11302326,-0.105022565,-0.09355556,-0.09631948,-0.10660684,-0.093039475,-0.09262271,-0.08817608
-0.132217,-0.17356738,-0.2000331,-0.21279319,-0.20470579,-0.23984286,-0.18837988,-0.17946431,-0.14239672,-0.10538839,-0.06945515,-0.030977711
-0.4890442,-0.52152145,-0.5761566,-0.5111302,-0.50077283,-0.5974918,-0.5183929,-0.471228,-0.38812217,-0.3005407,-0.21373983,-0.14786363
0.6740348,0.64535993,0.6552857,0.6529757,0.65200067,0.653628,0.65531135,0.6182004,0.56620616,0.50500995,0.47000176,0.41172332
0.28000057,0.24264464,0.2086834,0.1767399,0.2357677,0.33907568,0.30948782,0.25956863,0.20881903,0.19757542,0.20285808,0.22436012
-0.025759175,-0.04908535,-0.09655134,-0.09356271,-0.089906104,-0.124645606,-0.08748902,-0.064698264,-0.03687622,-0.0058517884,0.034061916,0.06036497
0.06677556,0.042349182,0.03304337,0.04114961,0.068915695,0.08486092,0.089026585,0.052050658,0.044688992,0.054673314,0.054325946,0.070315495
0.099111214,0.092805155,0.08393539,0.06688073,0.07259752,0.08066467,0.08324638,0.07937683,0.08033556,0.070862934,0.06922395,0.08342957
-0.287742,-0.3055012,-0.34327477,-0.35192162,-0.35675508,-0.38912058,-0.33656856,-0.31097135,-0.26084673,-0.2183279,-0.16715069,-0.12483171
0.27129185,0.23894522,0.22642872,0.19750379,0.19155014,0.18290095,0.21707544,0.20769218,0.19583492,0.18984953,0.20079818,0.21417615
0.09591515,0.10255896,0.13095734,0.11818899,0.14061257,0.20789972,0.18219995,0.10994415,0.089303695,0.07002602,0.028189847,0.008143313
0.1750392,0.14104658,0.116970904,0.11903489,0.13014163,0.11178667,0.14906822,0.15210497,0.14214961,0.09922722,0.08833332,0.07031048
-0.4610505,-0.4895892,-0.48264897,-0.56832546,-0.5717599,-0.5659598,-0.5135038,-0.54437894,-0.4530678,-0.35237223,-0.29132417,-0.23452057
0.9065654,0.7845193,0.7484241,0.6982974,0.69633716,0.63603544,0.72790664,0.71653587,0.67324275,0.63734066,0.6486223,0.6667009
0.14129868,0.15820096,0.19033854,0.16934755,0.1638194,0.17339876,0.15177557,0.12991282,0.10937498,0.13851607,0.11090766,0.107618764
0.48009193,0.43490976,0.41071248,0.40117875,0.3931208,0.36065874,0.38250455,0.43550426,0.38136595,0.31106558,0.29621288,0.254544
-0.061686166,0.004127696,0.073982805,0.1220527,0.120156825,0.17173932,0.06948261,0.0826083,0.031617545,-0.024525926,-0.08867723,-0.16429463
0.13167088,0.15721595,0.17300737,0.16426612,0.15642335,0.16066489,0.12083744,0.12087727,0.13702051,0.13511209,0.12008211,0.081675544
-0.058939032,-0.0555851,-0.04623825,-0.034703344,-0.04579106,-0.06036312,-0.052365452,-0.049875587,-0.039391343,-0.041494984,-0.036122397,-0.052218102
0.26049727,0.23748927,0.23754199,0.24707603,0.25884023,0.25118366,0.25098783,0.23490858,0.21923359,0.23368049,0.23630093,0.2452196
0.59274244,0.4842815,0.4520979,0.46013153,0.47854182,0.4096543,0.5044157,0.44978052,0.4279086,0.4092254,0.4068964,0.41009966
0.41307893,0.37146315,0.3689474,0.35329595,0.34775996,0.299837,0.31534985,0.3207025,0.33194295,0.32847542,0.3295768,0.34156173
-0.0007059965,-0.041599385,-0.060501885,-0.08243139,-0.09782482,-0.11418621,-0.017337875,-0.036990352,-0.042310998,-0.071295306,-0.067915216,-0.07306102
0.4504341,0.43963793,0.46983463,0.4428564,0.4392585,0.4770324,0.45835483,0.43853706,0.3575638,0.30521035,0.26465288,0.22308964
-0.10583718,-0.041072264,0.034422785,0.057831436,0.060349315,0.123483345,0.044073224,0.006253585,-0.04407259,-0.0759317,-0.14521034,-0.18792391
0.29337236,0.28392556,0.30793932,0.2625156,0.24855587,0.24155204,0.24369654,0.23394625,0.2432687,0.23051053,0.21452676,0.20752041
-0.10546397,-0.14586115,-0.20441863,-0.22733763,-0.21955845,-0.2530241,-0.20125929,-0.17904288,-0.13561854,-0.07674382,-0.017339064,0.039184842
0.06562509,0.1577192,0.2555955,0.30018616,0.31381133,0.43201622,0.29700944,0.22672899,0.12943454,0.037051097,-0.07532911,-0.17457262
-0.29571345,-0.32935748,-0.3764874,-0.4055987,-0.38191256,-0.3702342,-0.31559587,-0.31317943,-0.2607413,-0.26390007,-0.23706186,-0.19027558
0.12691769,0.14907423,0.18633768,0.1785544,0.17271277,0.19889009,0.15751866,0.13442601,0.116071016,0.08996299,0.0586774,0.026577234
0.1318382,0.15780845,0.18822989,0.18256736,0.17040971,0.17972621,0.14161552,0.1528043,0.13646995,0.10197302,0.07310018,0.049612798
-0.1287506,-0.107205674,-0.13887066,-0.14292309,-0.148833,-0.15836379,-0.16140892,-0.13693342,-0.13478073,-0.07621456,-0.04286219,-0.020582918
0.04815004,0.08855514,0.16038866,0.1582442,0.12785837,0.17824724,0.1389445,0.14382586,0.09130746,0.065109,0.039458208,0.0036248956
0.3839361,0.36330962,0.37168467,0.37988916,0.38329554,0.38627803,0.3656321,0.34636453,0.3101298,0.30170697,0.29748163,0.2730648
0.6173632,0.50196886,0.5085789,0.6013962,0.63566655,0.5919242,0.6862117,0.59887844,0.49293894,0.43050957,0.40035224,0.3122803
0.14307772,0.1523537,0.16024852,0.12095262,0.12634377,0.1517953,0.1136564,0.09104846,0.10054235,0.09870138,0.08110259,0.08411044
0.6507548,0.5830933,0.6091355,0.6165384,0.55362225,0.41254485,0.503227,0.53,0.50804496,0.58586586,0.63043237,0.6123614
0.6844657,0.66349113,0.65935934,0.6526482,0.6397657,0.60742164,0.6024894,0.6157576,0.5698645,0.55833286,0.548375,0.5117515
-0.5497825,-0.50783217,-0.49734962,-0.46020815,-0.4511307,-0.4284158,-0.4653551,-0.4384467,-0.41871113,-0.38641945,-0.3779874,-0.3684706
-0.27429122,-0.2712117,-0.2891995,-0.28542912,-0.28290403,-0.2835309,-0.26816761,-0.26362735,-0.23572326,-0.23996662,-0.22436818,-0.1979693
-0.21955816,-0.23758182,-0.2560448,-0.26341707,-0.25296032,-0.29624015,-0.27786887,-0.26367655,-0.21849868,-0.16984841,-0.13539629,-0.07038623
0.61971694,0.6011966,0.61429685,0.6101678,0.61750543,0.5981555,0.5664901,0.54900867,0.53301424,0.51266503,0.48539108,0.47380376
-0.20838515,-0.17145728,-0.18488213,-0.1851194,-0.184508,-0.15512818,-0.17180604,-0.16752496,-0.15779802,-0.19156674,-0.20449029,-0.21728477
0.24571598,0.22532666,0.21813464,0.20834644,0.19684544,0.16757399,0.18377219,0.18415406,0.18857495,0.18825063,0.19724083,0.19077216
0.2275509,0.21252146,0.2361334,0.21631666,0.23653375,0.2619412,0.24405971,0.19590619,0.18673067,0.15913694,0.111051,0.09898237
-0.5695301,-0.58469665,-0.6112615,-0.61661524,-0.6044989,-0.5921308,-0.5277683,-0.52801555,-0.5329334,-0.4882966,-0.46258864,-0.4183067
-0.1747025,-0.17377535,-0.21574458,-0.2062344,-0.19557706,-0.19745767,-0.16157709,-0.17486429,-0.14674444,-0.13518772,-0.11832496,-0.09997669
0.47879547,0.46039104,0.5019003,0.4802322,0.5009799,0.53526294,0.47682863,0.43225464,0.39227134,0.3616618,0.32074478,0.30618918
0.14487702,0.17084308,0.14951874,0.1586506,0.15344505,0.13536224,0.13228936,0.119753435,0.13592587,0.1787331,0.1903237,0.1456777
0.44945046,0.44998085,0.47217554,0.487441,0.47655874,0.4656594,0.44176424,0.46214473,0.3963214,0.33835587,0.30398732,0.25709143
-0.42832097,-0.40180063,-0.41200224,-0.40092772,-0.39730394,-0.35627496,-0.36261898,-0.3398818,-0.3561296,-0.34977737,-0.33825743,-0.3231664
-0.19307223,-0.19621632,-0.19428003,-0.20022324,-0.19669497,-0.20668441,-0.19840433,-0.1967116,-0.17257927,-0.13427791,-0.12114299,-0.11212009
0.44916314,0.4159933,0.4158749,0.42257383,0.4346274,0.40244552,0.37429234,0.37500212,0.38864,0.35496378,0.3509609,0.34805667
1.2859802,1.2010319,1.0774283,1.0647997,1.1504945,1.1775308,1.0988816,1.1141839,1.0630921,0.9858126,1.0045214,1.0112864
-0.4338313,-0.39557654,-0.39028022,-0.39816815,-0.43328726,-0.42930296,-0.40226686,-0.3789718,-0.3735965,-0.31622362,-0.29457206,-0.2988931
0.35834178,0.32588643,0.33423743,0.33909133,0.33299345,0.28916454,0.29708123,0.30089816,0.29181102,0.29097068,0.28927487,0.27814704
-0.16800502,-0.15361366,-0.1492055,-0.13996641,-0.14809017,-0.15153252,-0.15235968,-0.14154357,-0.13878739,-0.12604737,-0.12225279,-0.12334554
-0.1896106,-0.17070517,-0.13242638,-0.0931673,-0.10081638,-0.10587393,-0.1468145,-0.122692555,-0.10063609,-0.06921254,-0.060422003,-0.086983465
-0.22534756,-0.20950165,-0.22216581,-0.22924209,-0.25038555,-0.27020758,-0.24842682,-0.22438529,-0.19468442,-0.1682592,-0.14356576,-0.1267614
0.2583869,0.21775594,0.20725274,0.18169439,0.13702443,0.1071306,0.2328499,0.2655815,0.15629044,0.1256942,0.12259681,0.07954526
0.31464827,0.3071546,0.32988027,0.33735794,0.32805374,0.30583283,0.29831848,0.28475142,0.2637065,0.24502705,0.22374573,0.19534485
0.8811489,0.8205182,0.8981831,0.8677214,0.86285496,0.8640036,0.894647,0.79583263,0.6982481,0.71185005,0.6434611,0.6107447
-0.07116254,-0.102011494,-0.14200239,-0.14772809,-0.13975267,-0.1682404,-0.12038431,-0.107804045,-0.077594206,-0.03955143,-0.0063771503,0.031852834
-0.36217904,-0.30932558,-0.26766413,-0.25888532,-0.26970297,-0.20122793,-0.22298802,-0.24978217,-0.2830121,-0.33009228,-0.37770408,-0.43449372
-0.24816805,-0.21465741,-0.20500217,-0.20738506,-0.20886737,-0.17995195,-0.2066395,-0.19213405,-0.19371837,-0.20027383,-0.20724712,-0.20399046
0.033799678,-0.0018024743,-0.035843134,-0.034108594,-0.051720202,-0.12944499,-0.07274416,-0.058679953,-0.0036023557,0.042441502,0.09880276,0.1380797
-0.058665805,-0.027027398,0.027707838,0.04016778,0.021993518,0.03785097,-0.0021272078,0.00864584,-0.013165157,-0.024405368,-0.04516229,-0.063673005
0.2008109,0.20234668,0.19486475,0.16652,0.18464805,0.21017279,0.16830832,0.17679551,0.16887218,0.1347374,0.11420046,0.13498867
-0.39464587,-0.35272375,-0.33770537,-0.32643145,-0.33552137,-0.31825116,-0.3486098,-0.31655103,-0.32495034,-0.2822039,-0.2668222,-0.2504599
0.22712836,0.21391681,0.19849582,0.19113123,0.17689641,0.10574876,0.11390224,0.14704135,0.1739664,0.20646954,0.22401941,0.24622422
0.71298784,0.67102635,0.68479145,0.6763966,0.6771733,0.6578976,0.65774804,0.62065667,0.5921329,0.52212363,0.4885948,0.47013482
0.03583362,0.026057407,0.006331064,0.0038734302,0.007794045,-0.005815476,0.0025067627,0.003472615,0.027448595,0.03337529,0.046019204,0.054547094
-2.2486188,-2.1240845,-2.1009436,-2.103774,-2.1052058,-1.9935951,-2.026016,-1.9051592,-1.8759422,-1.734121,-1.6787801,-1.5948311
-1.4281987,-1.3459896,-1.3497765,-1.2906994,-1.2629101,-1.2029282,-1.2389864,-1.2014283,-1.1405602,-1.0764964,-1.0494392,-1.0038995
0.3141871,0.34558043,0.38394377,0.384474,0.3581366,0.33160454,0.28507102,0.29686213,0.31011966,0.27203065,0.23178099,0.17408133
0.53951114,0.53226787,0.5253074,0.51969594,0.49299887,0.45970708,0.45220795,0.48922455,0.44503102,0.3777313,0.34580296,0.29144996
-0.1907111,-0.18970077,-0.18243536,-0.17211452,-0.19522053,-0.23398998,-0.21961513,-0.1748833,-0.12739629,-0.07881456,-0.040023416,-0.04917813
0.30062994,0.2675075,0.25054765,0.22744183,0.2262716,0.19321041,0.21313837,0.20832635,0.223596,0.24369074,0.2588222,0.28581592
-0.22792861,-0.24505498,-0.25104487,-0.24811874,-0.23949125,-0.25705835,-0.2405223,-0.22186312,-0.19739996,-0.16484094,-0.14293303,-0.09638184
-0.2116682,-0.13169138,-0.10281314,-0.07356839,-0.07779862,-0.026956066,-0.09491505,-0.109729975,-0.12277861,-0.1583834,-0.19988436,-0.23788945
0.39336866,0.33468664,0.28280783,0.31075093,0.31622374,0.22215635,0.25774494,0.29528177,0.3349029,0.34431356,0.38358364,0.37783653
-0.5329698,-0.5036657,-0.49272072,-0.43977413,-0.44800726,-0.46485952,-0.46679658,-0.43712583,-0.39325407,-0.3365456,-0.31324756,-0.32715487
0.49790776,0.40434945,0.38247022,0.34837967,0.33626133,0.27777168,0.38214296,0.36279118,0.34652168,0.32023954,0.34537092,0.354345
0.06997875,0.09604031,0.105626605,0.102256395,0.09926586,0.11515308,0.086390086,0.075661376,0.07325643,0.060748667,0.04177485,0.01730523
-0.506206,-0.5958797,-0.6983652,-0.7673809,-0.6935178,-0.6366283,-0.5074689,-0.5765289,-0.5193993,-0.5082999,-0.45893407,-0.33628982
-0.26126865,-0.25257653,-0.28718457,-0.3093168,-0.30341738,-0.28693125,-0.26932165,-0.26934165,-0.24022229,-0.22685191,-0.20886327,-0.17736681
0.2001384,0.1708002,0.16765262,0.14090754,0.14132835,0.12293936,0.13443407,0.13521045,0.13959305,0.13318394,0.1347631,0.16072276
-0.27012587,-0.23412994,-0.20850018,-0.19290869,-0.20263103,-0.18128708,-0.21313295,-0.1977405,-0.20751512,-0.22307102,-0.23502102,-0.25024703
0.038646918,0.060885355,0.07740931,0.080071785,0.08705327,0.113581255,0.059851,0.0639576,0.06730697,0.049637385,0.034785144,0.030120984
-0.10640032,-0.12906715,-0.14674309,-0.15060546,-0.14233972,-0.14106965,-0.106906176,-0.122000515,-0.11071644,-0.08011666,-0.05330222,-0.04199543
-0.79876506,-0.8367288,-0.88406926,-1.0198684,-1.0223465,-0.97779095,-0.8454193,-0.83008075,-0.80263966,-0.7435415,-0.6899079,-0.57063574
0.3889894,0.4336148,0.49976778,0.50828105,0.4975738,0.53250724,0.4483096,0.4133457,0.36962098,0.30856246,0.24462625,0.18104121
-0.10510233,-0.081327654,-0.085725516,-0.09348163,-0.111863725,-0.09317827,-0.09383639,-0.09100828,-0.111528344,-0.10769978,-0.09881495,-0.06827682
-0.20291072,-0.1564667,-0.12936726,-0.111977614,-0.11304291,-0.081555545,-0.13071936,-0.117730044,-0.13072747,-0.14712916,-0.17135009,-0.19137223
-0.6705292,-0.62307626,-0.59212303,-0.568778,-0.5488735,-0.47103435,-0.5203569,-0.5064528,-0.51910216,-0.48374534,-0.4869255,-0.48778123
0.44557807,0.45878926,0.46542728,0.5179156,0.49421433,0.4347367,0.3985801,0.43540674,0.429642,0.4274272,0.43679005,0.370313
-0.25217733,-0.18879735,-0.13959354,-0.078751616,-0.079459116,-0.07540191,-0.16028197,-0.14485717,-0.1380275,-0.123910606,-0.14408886,-0.18043482
