-0.64852995,-0.57720953,-0.48458648,-0.4569561,-0.41107804,-0.4145786,-0.2991948,-0.27765605,-0.27354044,-0.2728688,-0.29043314,-0.2673069
0.5852428,0.5206427,0.49390197,0.43465823,0.37929004,0.35573977,0.30660158,0.23550574,0.20324567,0.1269266,0.09919499,0.011571109
0.20421743,0.12960272,0.063626885,0.023632422,-0.016213,-0.027216911,-0.042917125,-0.044919908,-0.055714436,-0.024026431,-0.0032898039,0.023593545
0.11406351,0.018252969,-0.074727535,-0.12088455,-0.17436579,-0.1930621,-0.21300185,-0.20411697,-0.19613944,-0.15464073,-0.12347801,-0.07582119
0.24820895,0.22257122,0.18178795,0.16945347,0.14333098,0.13025919,0.12606049,0.11253226,0.11625266,0.12297587,0.12007654,0.11318673
0.016672865,0.029291954,0.044099033,0.049561255,0.061965868,0.032266106,0.036468253,0.037311845,0.05176456,0.042254165,0.06806257,0.053056937
0.3073944,0.3470987,0.38947797,0.4223327,0.42815784,0.42910525,0.40431017,0.3508351,0.30799377,0.23434485,0.15214871,0.06673573
-0.10883179,-0.078685254,-0.048619013,-0.030857056,-0.016686812,-0.016386934,0.0055169165,-0.0165205,-0.021040957,-0.057612546,-0.08644515,-0.121552005
-0.37465665,-0.33411255,-0.29208198,-0.26093277,-0.22332217,-0.2010974,-0.17057551,-0.13486193,-0.11109284,-0.08906861,-0.049749807,-0.023245107
0.1261426,0.09018476,0.0718613,0.049448773,0.044879377,0.041124687,0.05054477,0.05866301,0.06446901,0.07172162,0.11890359,0.14368974
-0.09605353,-0.08946781,-0.046044692,-0.04386817,-0.04399854,-0.05158128,-0.05503699,-0.08151527,-0.12445198,-0.1537902,-0.20869115,-0.24340656
0.31209117,0.2004936,0.105452776,0.041950643,0.01084131,0.02761358,0.045443565,0.072135836,0.110180095,0.15866746,0.28438857,0.35680267
-0.5790448,-0.4810033,-0.40006852,-0.35239685,-0.28101486,-0.24393703,-0.20875654,-0.16125962,-0.13981397,-0.13116358,-0.14190868,-0.11346491
-0.0008469587,-0.021097371,-0.053049233,-0.05958946,-0.0822154,-0.1038681,-0.11717479,-0.13124003,-0.1476185,-0.13053098,-0.1637173,-0.16466634
-0.18320982,-0.18456739,-0.19108666,-0.18133366,-0.17714846,-0.17799926,-0.1654688,-0.14974055,-0.14668132,-0.12713124,-0.12108833,-0.096325696
0.12742165,0.05206476,0.0067902505,-0.037156835,-0.054965094,-0.03581187,-0.031850234,-0.00019080937,0.02741541,0.075440176,0.16081272,0.22847228
0.018211177,0.029575236,0.042246006,0.044122763,0.041236855,0.036190048,0.024352126,0.0047615096,-0.007694699,-0.033377647,-0.06314561,-0.09092253
-0.23150125,-0.17026886,-0.10362239,-0.08882269,-0.024868615,-0.0017947704,0.04259724,0.10524984,0.13946426,0.1798685,0.24955891,0.30488783
-0.34967077,-0.31469858,-0.26487696,-0.2554899,-0.2251662,-0.19124204,-0.15667957,-0.13856277,-0.14404258,-0.1170746,-0.08823915,-0.06946599
0.43336487,0.4887958,0.55844575,0.6422761,0.610105,0.6137708,0.54942715,0.42020428,0.2968647,0.13209425,-0.0970209,-0.26299515
0.128339,0.053908803,-0.00065378845,-0.045159668,-0.08129103,-0.08682217,-0.11030166,-0.11408729,-0.12471843,-0.11698449,-0.1014566,-0.07800647
0.39799792,0.48916817,0.5834674,0.5915806,0.6664297,0.6346165,0.65834093,0.60657454,0.55293584,0.41240355,0.4070662,0.26171
-0.20091791,-0.14908928,-0.116336726,-0.080153465,-0.042053632,-0.020932484,0.005874455,0.036637172,0.07686603,0.0788957,0.12838064,0.13872373
0.17625725,0.15570232,0.1683402,0.16468446,0.1622428,0.1609275,0.14744642,0.1375053,0.10954472,0.08079245,0.071504876,0.059929978
-0.1289511,-0.17542878,-0.2271066,-0.25204912,-0.26479208,-0.27339604,-0.26706934,-0.23598908,-0.19265144,-0.1513264,-0.08110405,-0.029689547
0.187681,0.1344518,0.08683557,0.04551045,0.019260578,0.014122859,0.014219537,0.024472319,0.03450282,0.09474479,0.15084408,0.18737707
0.4318674,0.4514534,0.4943722,0.4758089,0.47272867,0.45841345,0.43929392,0.39742506,0.34210974,0.2954479,0.23179531,0.166763
-0.040067513,-0.016531724,0.00025765225,0.02036396,0.024168566,0.020754408,0.018302862,0.008871917,0.0019713715,-0.0104270745,-0.040702824,-0.058850154
-0.19865772,-0.22347109,-0.22343309,-0.2292444,-0.23188972,-0.2195988,-0.23217408,-0.21356152,-0.22264427,-0.2160258,-0.22578621,-0.19190674
0.32021314,0.29698223,0.29041925,0.28111187,0.25565052,0.24533543,0.21848515,0.19386117,0.17747808,0.16599053,0.15437123,0.13057572
0.15516624,0.12783206,0.09763669,0.076244935,0.058162123,0.044890016,0.050307512,0.050972313,0.06408621,0.08313814,0.10365394,0.12815148
0.14095348,0.120028764,0.07019561,0.060674794,0.037743784,0.032122888,0.016017117,0.0068878345,0.008604173,0.046575516,0.055221837,0.055759694
0.12057294,0.106978945,0.05670075,0.07197593,0.024825856,-0.0197955,-0.06865135,-0.118301965,-0.1474869,-0.164446,-0.24348298,-0.3132593
0.07299014,0.10290142,0.11027458,0.12795696,0.13009046,0.13148978,0.1559656,0.16360036,0.18871617,0.20488356,0.2140192,0.21175686
0.349888,0.22236182,0.11916706,0.01562804,-0.0342741,-0.059790388,-0.0789748,-0.079119995,-0.057184532,-0.006460525,0.118206084,0.14615178
-0.3798214,-0.33218664,-0.28704512,-0.24134478,-0.20773819,-0.18175714,-0.20096786,-0.18924767,-0.17636089,-0.17438638,-0.16495849,-0.1631672
0.0560307,0.04521382,0.04897198,0.05421101,0.051834684,0.07122721,0.07081142,0.07034742,0.062260345,0.06250216,0.06846072,0.07652247
-0.103226624,-0.121261165,-0.123442926,-0.15892687,-0.17285146,-0.2141408,-0.18192397,-0.19669005,-0.23390886,-0.21434118,-0.23594902,-0.2389007
0.054934304,0.0608788,0.070346296,0.042093813,0.047343276,0.040243432,0.043113157,0.039600432,0.021483488,0.026889108,0.023273986,0.01681707
-0.0030187536,-0.046974376,-0.07950199,-0.09041621,-0.096650265,-0.04652837,-0.08272589,-0.06517309,-0.090241514,-0.017741997,0.026043124,0.054165877
-0.12589894,-0.13641977,-0.14060226,-0.14126971,-0.14151677,-0.12437874,-0.120274566,-0.10971438,-0.10661609,-0.08503285,-0.07427639,-0.045732
-0.19385453,-0.15387754,-0.133773,-0.11069076,-0.097685024,-0.09780198,-0.08238781,-0.0832042,-0.075490415,-0.081902586,-0.10888066,-0.117378764
0.045353577,-0.021832064,-0.09122748,-0.13248315,-0.15924752,-0.15535831,-0.1515769,-0.12151644,-0.09360381,-0.031701498,0.03445355,0.10155795
-0.36598843,-0.3295136,-0.305797,-0.2869175,-0.26493654,-0.26061696,-0.23240921,-0.20506515,-0.18352956,-0.16062325,-0.14796028,-0.12458202
0.1488527,0.14951102,0.13928908,0.12552929,0.1263748,0.113755375,0.10922668,0.10638644,0.0967679,0.101703025,0.09795582,0.08762807
0.118846565,0.07102035,0.047967255,0.025866061,0.0008691102,0.018824741,0.036266103,0.058309436,0.10704152,0.16205476,0.23119533,0.3061495
-0.5732296,-0.5279554,-0.48586738,-0.4380118,-0.40425476,-0.35208726,-0.30587488,-0.2753471,-0.25027,-0.20614508,-0.20997229,-0.13515554
0.44130927,0.35644957,0.31237498,0.2560845,0.2028723,0.18970518,0.15682383,0.13784297,0.09040517,0.08626489,0.06873981,0.07807288
0.035667732,-0.02073872,-0.055907875,-0.10364701,-0.12399846,-0.10859533,-0.10886729,-0.0943678,-0.08450389,-0.052275278,-0.008916793,0.048733868
-0.27074686,-0.21715266,-0.17656025,-0.14957826,-0.12248187,-0.12606144,-0.118533686,-0.117919415,-0.117904164,-0.14076263,-0.16525955,-0.18987656
0.11519049,0.11711305,0.10652388,0.109570056,0.11829022,0.13058114,0.1345183,0.13191673,0.14154154,0.1297893,0.12835944,0.13488984
-0.014563864,-0.0447,-0.06889563,-0.0921716,-0.10770715,-0.115057975,-0.10931083,-0.106562585,-0.09871484,-0.07402153,-0.05083099,-0.03203318
-0.013097746,-0.013765331,0.016288053,-0.017964002,0.010693615,0.02645221,0.05762904,0.058730364,0.040537693,0.036613204,0.06540671,0.07392451
-0.37070745,-0.3188487,-0.2792705,-0.2515882,-0.21322805,-0.19487898,-0.14745173,-0.12340367,-0.117201,-0.10047856,-0.095196985,-0.079066314
0.27907574,0.2641251,0.2643663,0.27041736,0.25332457,0.27642924,0.27378017,0.2652704,0.23467033,0.23654573,0.19619328,0.19732116
-0.13758382,-0.089175306,-0.055520497,-0.028998867,-0.011187002,-0.014311247,0.010795943,0.007148914,0.009994455,-0.0049195364,-0.034441248,-0.05285483
0.24443123,0.28151166,0.2664039,0.2808008,0.27155247,0.25118384,0.25646043,0.20735875,0.19348457,0.16996054,0.17685033,0.060543388
-0.006515411,-0.02041806,-0.01980077,-0.03524928,-0.033108152,-0.027839532,-0.04248626,-0.038757514,-0.052796993,-0.060261767,-0.04975812,-0.048158906
-0.39451778,-0.32947984,-0.29828042,-0.2636087,-0.21749444,-0.22521463,-0.20157576,-0.16834727,-0.14088494,-0.13737614,-0.13561556,-0.124086715
0.09858706,0.09723557,0.10161786,0.094785795,0.08813225,0.079208575,0.08380611,0.07605377,0.07130267,0.062262412,0.065153174,0.053247955
-0.13708785,-0.12790173,-0.1008967,-0.08980744,-0.073321216,-0.05425281,-0.019153185,0.011658847,0.039061666,0.076525405,0.13203585,0.16902491
0.40852696,0.3829669,0.3524389,0.32722095,0.3359241,0.31854394,0.352459,0.35843325,0.39308125,0.38009077,0.4740551,0.47447845
-0.052335788,-0.0851502,-0.12167676,-0.15413025,-0.1706953,-0.18839167,-0.19915631,-0.18780482,-0.16633959,-0.12778445,-0.07259004,-0.05702044
0.33993733,0.29339337,0.2587474,0.2391248,0.21541739,0.21877901,0.20350622,0.18425176,0.16644792,0.17007963,0.18459994,0.17944121
-0.0076037794,-0.06790977,-0.11193724,-0.1294243,-0.1738911,-0.1384329,-0.0827335,-0.059307054,-0.07659683,0.038485914,0.032852348,0.15867275
0.05299769,0.07473941,0.10216447,0.14213759,0.14734423,0.14140695,0.15206574,0.13096847,0.14706211,0.086586945,0.05704956,0.030806087
0.17087483,0.13873188,0.12594354,0.10528565,0.087457374,0.08841029,0.07739815,0.08105001,0.07726831,0.09531248,0.11024214,0.12551163
-0.27325675,-0.21990158,-0.17538545,-0.14233282,-0.11038405,-0.11239211,-0.12047088,-0.11912037,-0.13118365,-0.16017836,-0.19488367,-0.22675827
-0.69051516,-0.5980508,-0.50860894,-0.4465574,-0.38886037,-0.39433324,-0.40360472,-0.37860772,-0.38588053,-0.43780378,-0.4864171,-0.5144206
-0.3289882,-0.31403184,-0.30117992,-0.29101783,-0.26196125,-0.23467205,-0.22300564,-0.17711866,-0.15548831,-0.1214537,-0.07523043,-0.023728902
-0.29809675,-0.27776563,-0.26664358,-0.25767335,-0.23184219,-0.22652224,-0.20344545,-0.16911674,-0.14081115,-0.11951235,-0.0846338,-0.051280253
-0.07143465,-0.03234106,0.016158722,0.032715194,0.06267377,0.091318674,0.096634224,0.10330097,0.09434016,0.06651011,0.03733849,0.04032325
0.018854508,-0.031777304,-0.04000204,-0.07803236,-0.08479831,-0.08436915,-0.09016811,-0.07671809,-0.07459143,-0.08483543,-0.036467336,-0.004001031
-0.20738143,-0.09852743,0.0018398762,0.086467385,0.14180249,0.15688637,0.12037383,0.09718381,0.07079919,-0.04137341,-0.15276913,-0.24020018
0.20358033,0.25534722,0.34316128,0.38423657,0.40922016,0.42191893,0.38706,0.3468281,0.30629858,0.21434593,0.12994623,0.06427059
0.017175673,0.028709304,0.041758694,0.054199327,0.05317527,0.04748623,0.03396243,0.015826885,0.005134344,-0.015259273,-0.042232327,-0.07115773
0.071991846,0.03078597,-0.01043696,-0.03922818,-0.048740387,-0.052413218,-0.028976426,-0.0131606385,0.02930504,0.045243043,0.12146846,0.1510237
0.09682931,0.07996457,0.05318907,0.051104695,0.034870215,0.027971096,0.027734965,0.028482191,0.026021786,0.035603218,0.050642174,0.051819988
0.09798524,0.092163004,0.07791028,0.06795689,0.068218015,0.07426082,0.09009258,0.097576305,0.11572914,0.12781857,0.1597347,0.17191464
-0.25718138,-0.20472692,-0.169377,-0.12375589,-0.10194117,-0.096554466,-0.041422263,-0.030544411,-0.0057980493,-0.007901641,-0.016083453,-0.009329674
0.16671999,0.14502737,0.11418253,0.10536598,0.08760848,0.07461242,0.062094443,0.052525528,0.049707748,0.051017802,0.056631465,0.044906314
-0.056637857,-0.08348389,-0.10433196,-0.1190294,-0.12807459,-0.1243791,-0.12481278,-0.117899835,-0.10869531,-0.09559591,-0.0774489,-0.054852717
0.42353824,0.34470582,0.266042,0.2009532,0.16552325,0.14592913,0.13305876,0.12202273,0.11714963,0.13721748,0.18127847,0.1945866
-0.22970134,-0.2578776,-0.29188085,-0.30590707,-0.29780826,-0.28506613,-0.24801175,-0.20058917,-0.15400963,-0.11263052,-0.023207882,0.04530176
0.07997663,0.067899086,0.055770326,0.048609655,0.039842084,0.034184083,0.01771158,0.0013338458,-0.007826722,-0.026980184,-0.038287885,-0.06021843
-0.2605936,-0.22655341,-0.18917914,-0.16884188,-0.13520306,-0.117600024,-0.08094074,-0.020122513,0.024750374,0.09265876,0.16869134,0.24859855
0.1397732,0.17415111,0.208094,0.19203939,0.2156806,0.19120121,0.19118884,0.1553512,0.16187835,0.0867282,0.085539505,0.010766275
0.40780804,0.3234098,0.23605847,0.18756594,0.13794665,0.11287492,0.08201562,0.05230982,0.035942152,0.03697418,0.046072025,0.030955177
0.4627272,0.41885346,0.3886593,0.36619127,0.32759002,0.32400286,0.32417166,0.29808843,0.31297264,0.3108438,0.3147149,0.31642684
0.06685834,0.04071092,0.022593215,0.003767483,-0.008692689,-0.0008331463,-0.008824278,-0.0095497295,-0.009130772,0.00042870268,0.017022423,0.029479828
0.016088884,-0.011130973,-0.04402177,-0.05910994,-0.08174543,-0.094485804,-0.107604004,-0.11611489,-0.11482473,-0.10083397,-0.09343556,-0.09514018
-0.027575482,-0.013101753,-0.012449682,-0.0031755231,-7.599592e-07,-0.036324196,-0.025253825,-0.04967299,-0.08310825,-0.12198944,-0.18085435,-0.22242278
-0.4803495,-0.46097925,-0.41946524,-0.41299543,-0.3828631,-0.37949187,-0.32181382,-0.28392345,-0.2893026,-0.2503355,-0.23469804,-0.17433943
0.36608765,0.28177464,0.21838787,0.19338146,0.15595686,0.19309205,0.18916318,0.21455279,0.2218597,0.29628348,0.37644368,0.4566335
0.07316337,0.010737963,-0.056046203,-0.08726956,-0.12255445,-0.13971113,-0.14886647,-0.14594954,-0.13386206,-0.109557636,-0.07459557,-0.05227638
-0.10468166,-0.09103798,-0.080318764,-0.06689348,-0.06266887,-0.06540895,-0.04900354,-0.054610405,-0.06253089,-0.06528594,-0.0884693,-0.088267304
0.12786306,0.1510776,0.20623326,0.21197352,0.25314364,0.26744327,0.2524073,0.2585837,0.27251518,0.2408686,0.32373887,0.2755227
0.35253626,0.32737997,0.31060612,0.28792173,0.27079302,0.27284622,0.25919777,0.23722926,0.2196879,0.19815889,0.1980138,0.16810249
0.14523688,0.15503952,0.1835089,0.17178896,0.1742296,0.15134785,0.15500292,0.12653525,0.10117267,0.070536055,0.05014354,0.010586455
-0.21779786,-0.22549683,-0.2183554,-0.21904808,-0.21666297,-0.20177421,-0.18489635,-0.15936515,-0.1373439,-0.10976907,-0.068678334,-0.022376236
-0.044443995,-0.085057795,-0.12309328,-0.1468923,-0.1632171,-0.14796239,-0.13836081,-0.113390535,-0.09457351,-0.04859827,-0.009057231,0.051717278
-0.07759248,-0.103192225,-0.13155493,-0.13873827,-0.1550861,-0.15170026,-0.14226747,-0.13354923,-0.11991802,-0.08543331,-0.07002176,-0.034917977
-0.0900455,-0.1123385,-0.12616909,-0.1384626,-0.15603691,-0.14486566,-0.089026615,-0.056493834,-0.030277178,0.037594683,0.049026642,0.14395434
0.19745453,0.1488036,0.11206355,0.08487098,0.064804494,0.053818673,0.03811653,0.024196498,0.0006737858,-0.0059012175,-0.0067476155,-0.0055000316
0.07564306,0.03352315,0.0092492625,-0.01632759,-0.04035306,-0.05685395,-0.058335137,-0.06792575,-0.058008876,-0.06442294,-0.045765504,-0.0435116
0.15778147,0.18784991,0.21360105,0.23981349,0.25426635,0.26401165,0.26395655,0.24968557,0.23395811,0.19963352,0.15129872,0.12550282
-0.28865206,-0.23217675,-0.17897087,-0.1485211,-0.11649055,-0.09591569,-0.09829609,-0.0813413,-0.060677316,-0.04493364,-0.03272698,-0.0059606764
0.038809452,0.023266211,0.006757088,-0.007577628,-0.007733479,-0.0023207963,0.029605106,0.048952773,0.07373434,0.09471144,0.13144939,0.17135052
0.08340715,0.0047409832,-0.064245015,-0.073825955,-0.090275824,-0.0035333633,0.020375252,0.07969889,0.12520954,0.25502217,0.3789469,0.52116317
0.45477194,0.34383434,0.23334506,0.16634044,0.108478904,0.07965875,0.056391776,0.06363097,0.06968996,0.10149063,0.12326726,0.18035945
0.046063766,0.035703063,0.017874505,0.01693353,0.007919811,0.016422339,0.012556188,0.016802605,0.027011726,0.056075454,0.06646062,0.08404466
0.12003092,0.12577961,0.13249709,0.13668323,0.14161941,0.13406365,0.13340238,0.124954194,0.122669056,0.10049489,0.101472825,0.07910768
0.04643591,0.04426542,0.035559893,0.04491833,0.05792445,0.06377986,0.0829657,0.09312202,0.119895525,0.106364265,0.14191677,0.15778235
0.118252516,0.12881745,0.14378987,0.15342845,0.1561214,0.16317217,0.1417549,0.124865405,0.11481643,0.092087425,0.06526697,0.035792384
-0.12008877,-0.053563304,0.038145836,0.11795699,0.1509749,0.18500552,0.23598783,0.23957744,0.26803476,0.25652096,0.2767454,0.29641262
-0.53055984,-0.51073873,-0.492204,-0.48100957,-0.44998598,-0.40897226,-0.3544124,-0.30712026,-0.2720651,-0.22465228,-0.17800412,-0.10389538
-0.28482947,-0.26778114,-0.25464794,-0.25343198,-0.22756702,-0.21659157,-0.21301268,-0.18411028,-0.17075036,-0.15765843,-0.13624503,-0.11506962
-0.5335061,-0.46543455,-0.39815995,-0.3402518,-0.30441803,-0.24608028,-0.19037169,-0.20554966,-0.18998109,-0.22261286,-0.21822862,-0.2241461
0.07872443,0.075302795,0.07575576,0.08544627,0.081195556,0.057115886,0.049951337,0.026281305,-0.017622996,-0.05983485,-0.09476345,-0.14297187
0.3357805,0.23270828,0.14182523,0.08081548,0.02302657,-0.008369505,-0.027217716,-0.035568327,-0.01820714,0.019835167,0.0766359,0.10542196
0.049358014,0.055786543,0.06170314,0.06334695,0.061650813,0.046742678,0.026981533,0.016096339,0.0016229078,-0.024109736,-0.05255634,-0.08557567
-0.43510458,-0.37145212,-0.35113907,-0.32614774,-0.27694637,-0.26941347,-0.20079657,-0.15107524,-0.07999192,-0.04675253,0.04569263,0.08519554
0.13305014,0.12998657,0.12597065,0.13170448,0.13275756,0.15423858,0.1481231,0.1552433,0.16832587,0.17786352,0.2022831,0.20892106
0.08696785,0.10749449,0.12104316,0.12800336,0.1449126,0.13928416,0.15621753,0.1551902,0.15852395,0.14443788,0.15312915,0.13685094
0.07506109,0.07249785,0.09088383,0.084341615,0.076535255,0.06732947,0.077187836,0.06550488,0.04262238,0.044288017,0.016842779,0.017298881
0.25458905,0.23549712,0.22106561,0.21184087,0.19970366,0.17814074,0.16672859,0.1391362,0.11353523,0.094248146,0.070552,0.041319396
-0.046643615,-0.03461858,-0.011210434,-0.0006947629,0.007467147,0.028951399,0.044788048,0.05144955,0.052305184,0.07626788,0.07787298,0.10835892
0.0442588,-0.01208717,-0.056435283,-0.08912883,-0.11261991,-0.116977595,-0.12007497,-0.110147625,-0.10392392,-0.0798606,-0.04547158,-0.008447867
-0.00016290322,-0.020488873,-0.041131467,-0.046228748,-0.051430963,-0.050759703,-0.04599526,-0.038447052,-0.03244099,-0.025880953,-0.011435157,0.0028584413
-0.5948408,-0.55747646,-0.5617142,-0.5271698,-0.49457228,-0.49575368,-0.46982825,-0.4162607,-0.36755797,-0.34756455,-0.31914246,-0.28170863
0.12370041,0.07990522,0.03863533,0.029565305,0.0020595044,0.019888267,0.014149174,0.022855893,0.023850515,0.07228942,0.09565593,0.13474457
0.045133054,0.013484031,-0.013127267,-0.020175666,-0.023321688,0.037383676,0.05958268,0.09628987,0.145439,0.22528803,0.34558192,0.4296813
0.033287007,0.07067892,0.17045867,0.13274732,0.18041739,0.21371143,0.2527756,0.25330603,0.19406739,0.20969972,0.22557127,0.23560521
0.24643642,0.176441,0.11980498,0.08368461,0.050238624,0.0320113,0.008052781,-0.008796781,-0.030971497,-0.042105593,-0.04751597,-0.04540107
-1.2372977,-1.0445817,-0.88786185,-0.78743815,-0.66678584,-0.60957265,-0.5392331,-0.48410487,-0.44297236,-0.4354696,-0.4515715,-0.4242454
0.1771014,0.12059967,0.06839363,0.021329239,-0.009659573,-0.028061677,-0.056372486,-0.06322393,-0.05739539,-0.045059532,-0.013777077,-0.011757615
-0.21847278,-0.18394366,-0.15895787,-0.15598683,-0.12672915,-0.12502936,-0.11508334,-0.10019471,-0.08636813,-0.11365625,-0.08793013,-0.11023174
-0.08247434,-0.07349628,-0.075384185,-0.08860399,-0.07329637,-0.079429105,-0.07822876,-0.06308431,-0.08542752,-0.06799701,-0.10907615,-0.08890951
0.52146494,0.52407384,0.5652364,0.5525033,0.5473657,0.55522025,0.54719585,0.47577804,0.42670846,0.32752237,0.27804327,0.19606921
0.25219598,0.22778067,0.20733128,0.18873967,0.16601987,0.16486037,0.15440977,0.14281474,0.1389218,0.15237501,0.15438648,0.15824461
-0.031502448,-0.015914854,0.008158896,0.028192248,0.023971189,0.028543591,0.015242144,0.0017991923,-0.0056869574,-0.020581888,-0.046129037,-0.054147005
-0.15372793,-0.13607945,-0.14875951,-0.13425466,-0.12306826,-0.11952099,-0.08010476,-0.06777785,-0.048562877,-0.027216315,-0.017792689,0.0073189586
-0.19117442,-0.18306294,-0.16028258,-0.16743255,-0.14612272,-0.123765886,-0.11602259,-0.089779854,-0.0803663,-0.06550168,-0.027808623,-0.00382749
0.4719401,0.38289952,0.24902576,0.22669818,0.14912882,0.10092509,0.10374093,0.09721011,0.12076205,0.1898963,0.21792696,0.25200146
-0.055851154,-0.05799572,-0.058066867,-0.062240183,-0.052667074,-0.04762977,-0.036029555,-0.020294871,-0.011038072,-0.008838663,0.011409296,0.030014379
-0.09502511,-0.1586646,-0.23015423,-0.2658974,-0.287895,-0.24710818,-0.24993435,-0.21006498,-0.16075325,-0.07551454,0.0052295215,0.10683138
-0.2394045,-0.23594478,-0.22134723,-0.22311953,-0.21800175,-0.2261976,-0.22709653,-0.22065389,-0.21861795,-0.21733043,-0.2136599,-0.2121232
0.1886434,0.13093291,0.097708955,0.06858979,0.039763667,0.022028133,-0.0025168061,-0.006663963,-0.020571806,-0.022889405,-0.0069884774,0.0001681447
0.11720607,0.39848208,0.68009704,0.86862135,0.9871203,0.9997556,0.9265169,0.7848541,0.6260276,0.33414987,0.025069535,-0.31246364
0.6828943,0.5788955,0.4553883,0.37239543,0.3147888,0.30019543,0.27889845,0.2794173,0.2952484,0.32714877,0.44122443,0.43114805
-0.61889285,-0.5391753,-0.48542738,-0.41664207,-0.33659413,-0.31441522,-0.24924387,-0.16709532,-0.07709459,-0.07752135,-0.015399408,0.049371846
-0.39701456,-0.3977462,-0.40003467,-0.40547988,-0.3909015,-0.3817527,-0.33632147,-0.29314697,-0.26776323,-0.20750123,-0.14460926,-0.07772001
0.40858036,0.38150597,0.37672493,0.33349946,0.31532362,0.305443,0.28584108,0.26856095,0.24096452,0.23513778,0.23348716,0.22020783
-0.16328369,-0.15641993,-0.1413956,-0.15187538,-0.13476034,-0.13506608,-0.07904451,-0.056980513,-0.037828833,-0.02234478,0.026155561,0.052718494
-0.30896157,-0.21492891,-0.14612603,-0.12504658,-0.06615397,-0.07688066,-0.072150856,-0.087679,-0.115413725,-0.15719512,-0.21604617,-0.28460664
0.31864682,0.2604921,0.22049376,0.19775046,0.15571594,0.14749067,0.114626005,0.09021193,0.079802,0.071271345,0.059744954,0.06326239
-0.35557598,-0.35547853,-0.3698738,-0.37283346,-0.3469172,-0.3401999,-0.27008173,-0.20136477,-0.15306556,-0.086031035,-0.0022928119,0.08555413
-0.023019612,-0.010940023,-0.013364367,-0.018308759,-0.006354809,-0.006343484,0.03780383,0.06015291,0.10749765,0.14188349,0.24674934,0.25491536
-0.061623726,-0.04954966,-0.009639412,0.002417609,0.010976225,0.035739258,0.052522905,0.07068673,0.08596018,0.10856702,0.14297938,0.17022984
-0.096595034,-0.12234202,-0.12967233,-0.11601834,-0.11930269,-0.14176637,-0.12784511,-0.09343065,-0.047115326,-0.020305961,0.06200236,0.11414431
-0.16029215,-0.18085335,-0.18910131,-0.20502934,-0.20966518,-0.20431697,-0.17828998,-0.17885013,-0.18000443,-0.16371007,-0.14076333,-0.1181302
-0.21017464,-0.20199266,-0.20519292,-0.19703625,-0.18685612,-0.18227647,-0.1787732,-0.16551733,-0.15511306,-0.14312275,-0.13377622,-0.11644366
-0.74486643,-0.64203376,-0.57157654,-0.5148941,-0.44181067,-0.42917562,-0.3799692,-0.33403194,-0.30225927,-0.30325127,-0.29982978,-0.27993113
0.2616481,0.2512682,0.24596652,0.24677515,0.24275087,0.26113755,0.28325415,0.29209304,0.29724684,0.3189804,0.33162796,0.36530718
0.058331467,0.01218098,-0.03809137,-0.07422063,-0.09685719,-0.10249363,-0.105497465,-0.09398194,-0.06898971,-0.030747188,0.014044462,0.045056984
0.064414345,0.1188589,0.18998912,0.2151011,0.22300716,0.2129683,0.2210136,0.20578852,0.22372982,0.22343983,0.20882832,0.20247723
0.16875324,0.13840671,0.12052141,0.086413726,0.08088246,0.07875236,0.06565449,0.06853314,0.07801874,0.097408816,0.1510469,0.15346584
0.03570342,0.06417418,0.12533262,0.120612174,0.140989,0.14886111,0.17450935,0.17824271,0.16043559,0.15757516,0.15280785,0.15017709
0.49207163,0.408348,0.33148196,0.21879873,0.21084514,0.15890929,0.18356311,0.22690669,0.24447368,0.30876556,0.41756377,0.4908026
0.04719062,-0.028783143,-0.11096543,-0.15733705,-0.18827368,-0.18537977,-0.19363853,-0.16655003,-0.13233657,-0.07669515,-0.00788065,0.054190718
0.033419225,0.011613548,-0.020355422,-0.00947018,-0.039749373,-0.053404488,-0.06089413,-0.084438756,-0.09070994,-0.1014844,-0.14513133,-0.15226209
0.26475123,0.2659279,0.2593916,0.2519691,0.24190938,0.22449139,0.21140593,0.18717614,0.16185567,0.13945466,0.12753497,0.07811784
0.013647657,-0.017845577,-0.06528736,-0.10159448,-0.13072708,-0.14525935,-0.12271224,-0.108675875,-0.07448525,-0.00039579906,0.058604613,0.09429772
0.4245481,0.4048695,0.43873453,0.37310892,0.3580425,0.32200006,0.2658205,0.23327106,0.24008366,0.20875642,0.2814726,0.19586298
0.038706325,0.0041289926,-0.032220736,-0.045524552,-0.062002286,-0.06293801,-0.053294964,-0.033413075,-0.00075585395,0.027926233,0.07648908,0.1164564
-0.12633748,-0.112158105,-0.090852246,-0.0659168,-0.043391123,-0.016608648,-0.020961411,0.0076755546,0.026910447,0.03456694,0.05553098,0.08684122
-0.041146487,-0.087367475,-0.13799092,-0.16260579,-0.18968834,-0.20958348,-0.21127738,-0.19417635,-0.1822024,-0.13231117,-0.102149785,-0.06388722
-0.18106824,-0.22674984,-0.2887518,-0.3343218,-0.3442984,-0.36055773,-0.33975923,-0.3017713,-0.2546633,-0.19842708,-0.11777644,-0.058239527
0.27138102,0.2529289,0.25288355,0.2379629,0.22777978,0.20581663,0.18391812,0.15382804,0.12319855,0.06460578,0.028219303,-0.017185856
-0.11034534,-0.09407405,-0.10341872,-0.10381882,-0.100911155,-0.10714153,-0.08341912,-0.059115224,-0.023936737,0.01995856,0.0381009,0.082387164
-0.04425475,-0.07183495,-0.08527182,-0.09673383,-0.10469121,-0.08754101,-0.06827766,-0.05808337,-0.029162593,-0.006720096,0.045668766,0.091587275
-0.0069833044,0.0074174255,-0.01590769,-0.008767676,-0.0030951798,-0.004025504,0.014451243,0.020738885,0.061418623,0.05521176,0.06485082,0.06766787
-0.07532186,-0.07850672,-0.0811371,-0.098618485,-0.09205143,-0.09881236,-0.09651193,-0.09201965,-0.081731126,-0.095618725,-0.07930612,-0.08155907
-0.21151811,-0.26476932,-0.3135641,-0.32895613,-0.34440643,-0.34194237,-0.3281365,-0.28054017,-0.2517498,-0.18776575,-0.11699596,-0.036084674
-0.1307111,-0.15066817,-0.18010588,-0.18753923,-0.1959063,-0.16217299,-0.13474217,-0.117212035,-0.082543895,-0.030486573,0.01677874,0.06719781
0.09745812,0.08019376,0.0560949,0.04962945,0.034030408,0.02818391,0.028598651,0.028963711,0.03474624,0.046101958,0.048202142,0.055314578
0.18097442,0.11716294,0.05036199,0.02200219,-0.013055772,-0.016955942,0.00018242002,0.012932196,0.04204896,0.09032058,0.16818638,0.21024857
-0.3654093,-0.35171735,-0.33100227,-0.31440213,-0.29734132,-0.28038958,-0.26034266,-0.23892061,-0.22638191,-0.20393552,-0.19045821,-0.15587035
-0.033939064,-0.07331457,-0.116467535,-0.14832243,-0.15990567,-0.16807397,-0.1672851,-0.15955426,-0.13632017,-0.1212955,-0.068379395,-0.0500093
-0.20242828,-0.16510972,-0.14330193,-0.13596734,-0.10847925,-0.11034182,-0.11562185,-0.1046597,-0.10090923,-0.10925999,-0.11292379,-0.12609462
0.4255538,0.37151924,0.3241113,0.2711394,0.22214101,0.20647314,0.16427517,0.13817224,0.118717134,0.14085014,0.14448813,0.12099534
-0.557703,-0.5050652,-0.48650286,-0.46402013,-0.41933548,-0.3937242,-0.3403736,-0.28781506,-0.23887953,-0.19820455,-0.159183,-0.09972944
0.04489529,0.15067984,0.25242487,0.31305915,0.3375914,0.30548164,0.259526,0.15932706,0.0757463,-0.08151081,-0.27287632,-0.4571113
-0.10279778,-0.07322593,-0.0508065,-0.020640366,-0.017725945,-0.03613369,-0.04420519,-0.071124494,-0.089046925,-0.14386779,-0.21437867,-0.2639871
0.4074011,0.30813062,0.20503125,0.1671265,0.11287853,0.11741823,0.0945946,0.08900644,0.10048175,0.11487307,0.13270377,0.16617408
0.18041745,0.17435727,0.17637153,0.16842188,0.1669198,0.1627439,0.1618752,0.15581742,0.1445019,0.13702975,0.13456668,0.12693699
-0.02142921,-0.037089616,-0.034527306,-0.04578401,-0.048725568,-0.053703174,-0.04929706,-0.046527743,-0.05039169,-0.05522092,-0.04710278,-0.037705492
0.1488288,0.08131671,0.052433953,0.006566465,-0.022963751,0.00573029,-0.024048915,-0.020806182,-0.034551855,-0.0007795561,0.045857094,0.07319668
-0.55592436,-0.6048327,-0.57424927,-0.58420277,-0.5538411,-0.42085192,-0.38287413,-0.32519257,-0.39467502,-0.24730027,-0.20140925,-0.061734248
-0.023850188,-0.023411572,-0.024989992,-0.023986772,-0.0303891,-0.035664394,-0.079804145,-0.091019765,-0.106336795,-0.10670911,-0.13387482,-0.1567674
0.04495259,0.03479027,0.041098308,0.035622254,0.028273024,0.040517263,0.03580309,0.031497516,0.031763047,0.031114038,0.045969922,0.04734762
-0.10951711,-0.09501093,-0.0808001,-0.069646165,-0.063245066,-0.056826267,-0.048318263,-0.04179392,-0.044249877,-0.03562382,-0.044562027,-0.03510757
0.00325476,0.006577231,0.004647225,0.007896878,0.010293379,0.02315244,0.025109768,0.038123116,0.04447224,0.08299342,0.10839152,0.1328982
0.18464382,0.20405138,0.21368861,0.22472453,0.22504768,0.20958066,0.21733636,0.19934055,0.202089,0.16991523,0.14319853,0.11129554
-0.0035663648,-0.010106452,-0.01070936,-0.011178207,-0.010196239,-0.0011606738,0.0055505633,0.011931125,0.012548372,0.025670901,0.039674662,0.05232239
-0.40404353,-0.43002272,-0.41251543,-0.40088946,-0.40790632,-0.4213994,-0.4131216,-0.39868885,-0.4088944,-0.41464195,-0.41880637,-0.38527438
-0.14414233,-0.14529373,-0.14614585,-0.13329108,-0.13536316,-0.13432662,-0.11746864,-0.11529554,-0.10416877,-0.098844334,-0.07756406,-0.07669492
-0.20809641,-0.22749376,-0.2422551,-0.25331584,-0.24928243,-0.24188629,-0.23626992,-0.2016688,-0.18114361,-0.14142433,-0.09403644,-0.0422097
-0.2171457,-0.24181166,-0.26504043,-0.27693415,-0.28165135,-0.2614596,-0.24576013,-0.2273724,-0.22759217,-0.17441934,-0.15847185,-0.09922159
-0.6473417,-0.6281547,-0.6070187,-0.5966022,-0.56298476,-0.52687544,-0.48642677,-0.43412122,-0.39156553,-0.34301877,-0.282723,-0.2198334
-0.26588058,-0.2788095,-0.2909124,-0.28927028,-0.2841836,-0.26615083,-0.24260041,-0.20083271,-0.17136617,-0.106755264,-0.0441778,0.022696465
-0.24159613,-0.23163345,-0.23544002,-0.23037517,-0.22050877,-0.21709311,-0.21215016,-0.19388022,-0.174418,-0.16624089,-0.16108018,-0.1417439
-0.38889784,-0.35462648,-0.32777458,-0.30049765,-0.2791102,-0.26274028,-0.21506406,-0.18167873,-0.14942622,-0.11047087,-0.08850011,-0.03227206
0.29380947,0.2435275,0.18238999,0.13760188,0.10730338,0.106004655,0.12441456,0.1486889,0.20963237,0.29077315,0.42207527,0.46745184
0.06527818,0.04415925,0.019468606,0.005830236,0.0019897223,-0.0017561316,0.005358726,0.011617392,0.030852683,0.029339321,0.06451538,0.0774703
-0.19143188,-0.14838582,-0.11965166,-0.09724654,-0.07871774,-0.092123866,-0.07124899,-0.0798201,-0.08365937,-0.10687242,-0.12614903,-0.16017552
-0.08252447,-0.0980047,-0.14487492,-0.16452879,-0.17021772,-0.18722808,-0.19158456,-0.17855373,-0.16318819,-0.12639111,-0.09686598,-0.08006315
0.046639975,0.06202528,0.08774513,0.07740758,0.08623101,0.080956675,0.089393035,0.08093184,0.08201637,0.0559462,0.052149653,0.032367695
-0.14759839,-0.18840978,-0.2224792,-0.24802059,-0.25653306,-0.2321747,-0.22566658,-0.19204155,-0.17017385,-0.1119784,-0.052839886,0.008240763
-0.08055684,-0.08287428,-0.098748446,-0.10404302,-0.097734205,-0.08036369,-0.08111995,-0.06673215,-0.036166362,-0.03595468,0.017913282,0.028252063
0.26060224,0.23325047,0.23860154,0.22502291,0.20322502,0.2927026,0.3826863,0.35226303,0.3560764,0.39208204,0.4460825,0.49884576
-0.22861093,-0.24263634,-0.25004512,-0.25160402,-0.24694574,-0.2468135,-0.21372935,-0.18663459,-0.16539659,-0.13871397,-0.09648112,-0.050197765
-0.14479512,-0.14235897,-0.14990658,-0.14687818,-0.14116292,-0.13147429,-0.118408404,-0.09533027,-0.088119574,-0.05533767,-0.043401334,-0.011277883
-0.1513969,-0.21757208,-0.28763708,-0.3196088,-0.35253787,-0.3635193,-0.3766591,-0.3544395,-0.32719454,-0.28662524,-0.24811542,-0.19368449
-0.047596067,-0.11318545,-0.18583074,-0.211487,-0.24177057,-0.22462,-0.20607325,-0.1695654,-0.14711267,-0.06499375,-0.0008864328,0.080171354
-0.2680897,-0.22715794,-0.18492937,-0.15101978,-0.12588471,-0.108933374,-0.11012056,-0.09458396,-0.1015925,-0.106447496,-0.13552809,-0.12637685
0.17058124,0.18055691,0.33317903,0.42589915,0.3175861,0.25316986,0.32308927,0.3127225,0.26895514,0.50335276,0.323383,0.55933666
-0.2292402,-0.28535354,-0.35997027,-0.3885133,-0.41435316,-0.4373432,-0.45282322,-0.4347918,-0.41773856,-0.37589157,-0.35917395,-0.3154509
-0.89520377,-0.75817215,-0.6651902,-0.5952235,-0.5089203,-0.48967707,-0.45115322,-0.41622448,-0.3883888,-0.4141723,-0.44054905,-0.4517088
-0.3190381,-0.22167902,-0.13076484,-0.06251616,0.006563686,0.038391426,0.058549464,0.08168584,0.08963011,0.05664206,0.03493514,0.03272667
0.026456345,0.067169815,0.091847286,0.11472152,0.13162166,0.11289169,0.099799246,0.080827095,0.062913895,0.01961384,-0.038227953,-0.08716419
-0.293266,-0.24420184,-0.1933364,-0.15336862,-0.11873659,-0.08946684,-0.0884863,-0.08467952,-0.081701025,-0.10010679,-0.11723581,-0.12164034
-0.026779091,-0.04271918,-0.05524616,-0.06554519,-0.080394275,-0.0988994,-0.12232676,-0.14993633,-0.16644104,-0.19688031,-0.22657953,-0.26052007
-0.09379408,-0.045706872,-0.019656345,0.01950287,0.04095513,0.024382591,0.03152741,0.02880337,0.05261507,0.020769823,0.023281004,-0.012909533
0.012062309,0.040957496,0.069806255,0.07776993,0.08497786,0.08524844,0.09453927,0.079685174,0.07330519,0.05198148,0.012304747,-0.008216549
0.1953944,0.17067727,0.16341513,0.1521828,0.12364901,0.09452526,0.04610005,0.0042817965,-0.050110903,-0.098769695,-0.1778447,-0.2284155
0.24838184,0.2455424,0.25093144,0.24483293,0.2343892,0.20444764,0.18361051,0.14882873,0.1199504,0.083772704,0.062893435,0.01170106
-0.22995384,-0.19247128,-0.15228084,-0.13018867,-0.10408084,-0.10128208,-0.08582744,-0.084991574,-0.085136935,-0.10837865,-0.118218444,-0.13296519
-0.035582006,0.009326361,0.028021868,0.050006256,0.07719396,0.07265894,0.07183088,0.07719502,0.085867,0.07391508,0.06575517,0.039860383
0.07585499,0.09645956,0.110275775,0.12980598,0.14426869,0.16532743,0.17272677,0.17560843,0.19471177,0.1864255,0.17923106,0.18171391
-0.2426678,-0.21924867,-0.20593566,-0.19978845,-0.18351662,-0.17507279,-0.13918278,-0.11461722,-0.07215625,-0.056176636,-0.017222978,0.00911149
0.0730737,0.16092794,0.25675824,0.31744945,0.34121254,0.33523652,0.32644758,0.27600217,0.21197426,0.13547066,0.013272293,-0.087109305
0.02495059,-0.04278489,-0.13270952,-0.16799393,-0.21386322,-0.25314862,-0.26728144,-0.2735164,-0.25596747,-0.22624627,-0.20931281,-0.19211856
0.10834323,0.05749893,-0.0051426813,-0.036089495,-0.064690806,-0.07225188,-0.06795697,-0.066097245,-0.05407723,-0.027954347,0.0025904663,0.027637728
0.0067423005,-0.026093803,-0.05136058,-0.07117957,-0.08280024,-0.088075325,-0.10212606,-0.09646265,-0.09633589,-0.081635326,-0.06073658,-0.04744427
-1.1934917,-1.0722867,-0.9629315,-0.90251416,-0.8116179,-0.77910835,-0.73537457,-0.68053705,-0.63609326,-0.6497724,-0.64744276,-0.6114431
-0.19815065,-0.18858536,-0.17906566,-0.17753118,-0.17533034,-0.18253087,-0.14902571,-0.1369985,-0.12893774,-0.116404474,-0.11009644,-0.09567037
-0.34846166,-0.36203283,-0.38004363,-0.3795377,-0.3765532,-0.3732522,-0.34177494,-0.30337194,-0.2862867,-0.25241455,-0.2204202,-0.16590495
0.25868964,0.17929704,0.09806967,0.054269552,0.0155875385,-0.009636551,-0.024039656,-0.015622497,-0.0033794641,0.029487617,0.07367538,0.108519286
0.052697122,0.057115704,0.04201406,0.026077177,0.03266129,0.045732275,0.078744024,0.0930952,0.114852265,0.14304422,0.17260852,0.2012826
0.067809395,0.01977083,-0.029453412,-0.050001636,-0.06915867,-0.06026925,-0.056621745,-0.042086303,-0.02127967,0.00958173,0.06731239,0.10651404
0.05813256,0.10270608,0.1435085,0.16769402,0.18555596,0.18719628,0.18387891,0.15942666,0.14673728,0.096327215,0.050548583,0.0044014733
0.067348436,0.018319173,-0.017482331,-0.060883008,-0.085047826,-0.10100717,-0.109870754,-0.11467667,-0.109059274,-0.107769065,-0.08198989,-0.07797235
-0.07321681,-0.052167557,-0.037929386,-0.036008187,-0.017538156,-0.011161374,0.006755729,0.020524483,0.027928082,0.035367254,0.03852261,0.055891108
-0.024497326,-0.034196075,-0.045809295,-0.0649984,-0.06286696,-0.054031823,-0.033283494,-0.019786268,-0.0008914694,0.0221163,0.067848995,0.08925916
0.20050028,0.16361752,0.12393524,0.07853474,0.04827507,0.024906754,-0.01602307,-0.027830988,-0.025809154,-0.007419497,-0.0020817574,-0.016879197
0.09257879,0.10464031,0.104645595,0.113098174,0.12160537,0.13917267,0.14590715,0.1460737,0.16120397,0.14893162,0.1400487,0.1413012
-0.20794399,-0.13854292,-0.115676045,-0.046591945,-0.026623227,-0.045503713,-0.056986526,-0.06369326,-0.07635009,-0.12642434,-0.22349231,-0.28040034
-0.100334205,-0.11496958,-0.12461865,-0.12896124,-0.13176158,-0.13570116,-0.11892876,-0.10932846,-0.10052891,-0.0874853,-0.073731504,-0.054627556
-0.18650693,-0.15688555,-0.13924426,-0.1431404,-0.111379385,-0.11583854,-0.107298434,-0.08599894,-0.071655914,-0.06610538,-0.032816857,-0.03627823
0.026204119,0.030130804,0.0316576,0.017437909,0.021921098,0.010007083,-0.0028769672,-0.021396004,-0.03544621,-0.06753914,-0.08005552,-0.1137867
0.120979846,0.09573926,0.07912559,0.054942884,0.03362012,0.014073379,-0.0031444803,-0.01882523,-0.02012794,-0.046927266,-0.056507654,-0.07992308
-0.12217211,-0.14903168,-0.17735624,-0.1908144,-0.20177227,-0.20012468,-0.1912682,-0.18286164,-0.16711715,-0.14961447,-0.13150074,-0.10029786
-0.17695291,-0.13650078,-0.099603936,-0.09330562,-0.061088316,-0.040720318,-0.018688973,0.011229832,0.023635246,0.057520628,0.078829594,0.10961626
0.46571565,0.38459036,0.28285217,0.20750067,0.17000486,0.12803614,0.15492442,0.14038396,0.16780224,0.2153271,0.29992694,0.3241329
0.0021195188,0.062494993,0.10337568,0.133322,0.16150716,0.13535535,0.11639704,0.08517115,0.052604914,-0.0131351575,-0.08043283,-0.16313367
-0.035801344,0.0045396723,0.027771953,0.057788696,0.069669634,0.06964301,0.07262127,0.05837309,0.04910275,0.016128026,-0.021280108,-0.060719118
0.049628258,0.07778528,0.09061803,0.10529886,0.11034921,0.10332088,0.09246863,0.07569081,0.072320126,0.0459878,0.012996428,-0.02437323
-0.057284452,-0.08079455,-0.10349963,-0.10821274,-0.10850176,-0.09471202,-0.10106598,-0.06662385,-0.047018908,0.011371475,0.07258485,0.118122205
-0.033909895,-0.06428429,-0.06866766,-0.083355956,-0.09162886,-0.08095416,-0.08212152,-0.07011694,-0.077012666,-0.027805172,0.0058453637,0.03768043
0.17553464,0.14128155,0.12482577,0.11520009,0.099643566,0.094277814,0.08482518,0.083015695,0.060618848,0.09047354,0.08980157,0.100551486
0.1462444,0.101176396,0.06440086,0.035495713,0.016936451,0.024784327,0.0206161,0.04127167,0.04931692,0.09347479,0.13599612,0.18485172
-0.03837019,-0.027858708,-0.028149579,-0.029439382,-0.012141023,-0.0013973862,-0.01992581,0.00037070736,-0.003519144,0.010286253,0.025158983,0.03522646
-0.060644142,-0.08273554,-0.09788986,-0.11143336,-0.10400311,-0.08919443,-0.061303996,-0.017849237,0.015343629,0.072866015,0.14793415,0.21840222
0.14739239,0.10751775,0.075458735,0.08186664,0.058031604,0.056977335,0.047071755,0.032925047,0.033300765,-0.008755471,-0.040743183,-0.051108558
0.33985886,0.33033192,0.30767912,0.2966675,0.29220155,0.29614377,0.33147526,0.31088075,0.34354338,0.29418525,0.28556496,0.27790016
-0.08732986,-0.0983318,-0.10836387,-0.10598813,-0.09451935,-0.06169918,-0.030224234,0.0011885762,0.019563526,0.053866684,0.07994078,0.14188918
-0.2962348,-0.2173865,-0.17959565,-0.14201112,-0.092240736,-0.078335576,-0.020949021,0.0038455501,0.042791888,0.028259875,0.066184044,0.055312946
0.25092348,0.20581083,0.1773518,0.1407564,0.11784612,0.114567816,0.10897208,0.10576849,0.10909861,0.110833324,0.13904852,0.15552466
0.015284687,-0.007537272,-0.031461533,-0.056016397,-0.064807154,-0.06532711,-0.06631327,-0.060533427,-0.05002701,-0.038808513,0.015192928,0.014339698
0.19041091,0.18446714,0.1875048,0.18274948,0.16901098,0.15345874,0.12969187,0.106216714,0.07856121,0.052708294,0.014011815,-0.01680348
0.33506355,0.31889838,0.33287057,0.3164122,0.30985236,0.34859496,0.34741923,0.34883302,0.31549686,0.33278832,0.31719247,0.33612046
0.35405108,0.32183358,0.31379858,0.305227,0.27776304,0.27140474,0.24486662,0.20988622,0.18869658,0.15288183,0.13202985,0.09915219
0.40594617,0.40708053,0.44634604,0.4276765,0.4197932,0.39327186,0.3402441,0.27263087,0.19073446,0.100414425,0.025038507,-0.07476773
0.45009196,0.5431467,0.6932931,0.7495113,0.7602384,0.67849314,0.5861505,0.4157673,0.26662853,-0.020667404,-0.29149544,-0.5812004
-0.24591775,-0.23751576,-0.20550719,-0.19465467,-0.17194004,-0.12259429,-0.09905512,-0.06490791,-0.08857633,-0.018292222,-0.007220813,0.04915753
-0.0003770478,-0.007042095,-0.028474003,-0.029341847,-0.028282247,-0.01770655,0.0053493828,0.025360413,0.06069994,0.093271784,0.13758841,0.17546569
0.20749159,0.18887009,0.18282643,0.13471717,0.13353921,0.11266658,0.042987943,0.016764462,-0.011227712,-0.07068761,-0.06724066,-0.14612208
-0.1477443,-0.17103958,-0.2005961,-0.21664241,-0.21671341,-0.2175784,-0.19388673,-0.17131756,-0.1544363,-0.12493583,-0.0839395,-0.036647372
-0.099421695,-0.096663415,-0.092610165,-0.08328585,-0.078005105,-0.06591025,-0.060927592,-0.047165126,-0.040775694,-0.038086027,-0.047885817,-0.019767344
0.1436906,0.14381912,0.12870516,0.13636404,0.12524045,0.10519631,0.098917305,0.07841717,0.05250112,0.032857195,-0.020812292,-0.050322164
-0.086347714,-0.03613039,0.01901421,0.03041783,0.06334226,0.07204886,0.07699013,0.07216439,0.05500063,0.026577603,0.0067721205,-0.017586771
0.14063329,0.04299833,-0.008601606,-0.057391778,-0.111088425,-0.13222243,-0.18171811,-0.2008528,-0.23095876,-0.2505437,-0.2702829,-0.26400402
0.72396404,0.6377962,0.57256013,0.5390593,0.4849206,0.47479507,0.5096288,0.5011841,0.56083226,0.50677335,0.55810684,0.56171227
0.20560125,0.18100709,0.17179424,0.16477707,0.14572124,0.1604017,0.1566457,0.14910072,0.14626221,0.17114429,0.17175178,0.20088196
0.13121186,0.13740937,0.14244023,0.1511732,0.15189034,0.1409606,0.16536182,0.1463055,0.16055655,0.10455896,0.099007785,0.06934019
-0.4441297,-0.38139728,-0.3283085,-0.2973149,-0.25030616,-0.22922799,-0.17702666,-0.14026265,-0.10114222,-0.084760144,-0.048978616,-0.01936473
0.18315265,0.19242258,0.20961553,0.21312273,0.19926193,0.18024006,0.16400228,0.13129592,0.09097889,0.057681076,-0.00014829356,-0.055480998
0.13979033,0.08680352,0.048059076,0.027818307,0.002489157,-0.02282007,-0.034504488,-0.025225177,0.0010577217,-0.0054011904,0.039593883,0.05157827
0.23888776,0.22199988,0.21174043,0.20341857,0.19018258,0.18511462,0.17281681,0.14874455,0.12214355,0.1036244,0.07400969,0.04703855
0.5314037,0.46935418,0.3959439,0.3756783,0.29718053,0.23242688,0.14016195,0.036914013,-0.02987051,-0.10168147,-0.23067954,-0.3480681
0.09814672,0.04553862,0.017012767,0.0032415166,-0.025796093,-0.04931116,-0.07432002,-0.069261014,-0.05432166,-0.045868814,-0.009226467,0.00994743
0.0981173,0.088762194,0.061593637,0.045876853,0.030365076,0.04046701,0.048618145,0.03861574,0.046169803,0.06919119,0.06641574,0.074488744
-0.044407796,-0.024864586,0.0005023591,0.010423172,0.020613056,0.01079502,0.030558297,0.027293187,0.016540747,0.013866863,-0.005615638,-0.0074078664
-0.1017988,-0.057446808,-0.041584224,-0.012566775,0.002567768,-0.0069063827,-0.011117429,-0.0067004636,-0.0022826418,-0.0024707392,-0.029937075,-0.04315802
-0.4301736,-0.38731238,-0.3774536,-0.35220322,-0.3323161,-0.34403035,-0.31109536,-0.29232535,-0.2646978,-0.25507656,-0.2669807,-0.25539824
0.17448509,0.16281529,0.13001342,0.13008273,0.11345538,0.09902835,0.103658974,0.089465976,0.08974567,0.09539836,0.08670791,0.07124321
0.12726046,0.26820332,0.39853656,0.49236175,0.52509606,0.5034106,0.4584024,0.36861914,0.28781447,0.14360309,-0.08177021,-0.24664992
0.09701447,0.03886772,-0.021402836,-0.061086044,-0.087039426,-0.08556278,-0.09238728,-0.08099212,-0.058060184,-0.016422763,0.037875053,0.082390584
-0.81569785,-0.6524756,-0.5469738,-0.4432915,-0.36449605,-0.3757065,-0.35160318,-0.32388684,-0.30778176,-0.35444844,-0.4447581,-0.480981
0.032229807,-0.0306894,-0.10380707,-0.12880385,-0.15942937,-0.18287504,-0.20766342,-0.20188905,-0.18791588,-0.17526641,-0.14381611,-0.12660457
0.19039086,0.18282938,0.18083891,0.16116369,0.16244489,0.16212952,0.14458273,0.14122687,0.11884837,0.1138303,0.08852836,0.08678375
0.41596594,0.39215118,0.3739205,0.3262073,0.32589632,0.29796988,0.2816286,0.27939346,0.2593434,0.25379187,0.25735033,0.25179452
0.208946,0.22250894,0.22506848,0.23566478,0.22814791,0.21323936,0.17860517,0.14362445,0.12655103,0.08905444,0.032163955,-0.022928983
-0.12393917,-0.011710972,0.11182809,0.17459044,0.22052664,0.21083796,0.17529947,0.155346,0.04344389,-0.025555953,-0.1583565,-0.24142489
-0.17445649,-0.16887373,-0.17222315,-0.16652434,-0.17476144,-0.18671112,-0.16980857,-0.16796942,-0.15398403,-0.13984376,-0.14499196,-0.134814
0.28424507,0.25471318,0.23235568,0.19474494,0.1950176,0.18566358,0.17250684,0.17549926,0.18587679,0.16503143,0.20175137,0.20239486
-0.31789267,-0.23994035,-0.19107759,-0.14455171,-0.114861906,-0.13225871,-0.1346718,-0.15890597,-0.18033507,-0.24206582,-0.33267,-0.40269738
0.08604032,0.02180776,-0.049074695,-0.08047281,-0.11455922,-0.12751503,-0.14135037,-0.12919837,-0.12426146,-0.067418516,-0.033297375,0.010635503
-0.23711218,-0.20061621,-0.16825368,-0.1595923,-0.12931414,-0.10362759,-0.05327353,-0.02152747,0.010019489,0.03995511,0.07308503,0.12031741
0.36137962,0.2352939,0.12683302,0.057573438,0.00680992,0.0015894771,0.00325042,0.011133015,0.042968005,0.078099474,0.18705414,0.24343435
-0.57487726,-0.538506,-0.51034015,-0.47671103,-0.42197075,-0.33739856,-0.3394739,-0.2741734,-0.2630128,-0.18414663,-0.13823931,-0.06580632
0.5149827,0.5393127,0.59198254,0.6222069,0.60318637,0.5645575,0.4924292,0.42695034,0.36972103,0.31400424,0.19486317,0.10434532
0.81963336,0.7192507,0.7582958,0.6601384,0.59559846,0.56798273,0.44683895,0.37575737,0.34062,0.25255448,0.24317273,0.15420797
-0.39775404,-0.3813367,-0.3911668,-0.38905412,-0.3556666,-0.34477016,-0.3275864,-0.28375408,-0.25438976,-0.23255566,-0.19064383,-0.15237485
0.04146981,0.016005017,-0.017161898,-0.03714958,-0.043233678,-0.037014514,-0.041617155,-0.02066157,-0.005536899,0.01651143,0.050430696,0.07825017
0.049450975,0.007289134,-0.03446456,-0.05938217,-0.08659639,-0.10515288,-0.10669127,-0.09809874,-0.07855086,-0.038840853,0.0053482195,0.026030164
0.08540054,0.1252167,0.17181097,0.20203902,0.20075138,0.1841532,0.13562189,0.08587642,0.032104164,-0.04092671,-0.1572439,-0.24662071
-0.4475449,-0.39245772,-0.33223614,-0.2959809,-0.25042164,-0.21867077,-0.19198018,-0.18137284,-0.18210329,-0.20031172,-0.21383311,-0.21176374
0.17442988,0.14631286,0.13015951,0.11069204,0.0973917,0.092727736,0.07509486,0.07085154,0.06049516,0.06504308,0.07865924,0.07648144
-0.03278132,0.015440565,0.04027744,0.05185639,0.07612624,0.07963516,0.08713489,0.06979872,0.073739834,0.051946852,0.052734956,0.006266158
-0.46045426,-0.42581123,-0.37245333,-0.341064,-0.28665143,-0.2605372,-0.17843673,-0.123276874,-0.09034833,-0.061987057,0.017027043,0.07429889
0.0053941617,0.004308479,-0.0005743075,0.006522335,0.004442971,0.008663299,0.019628651,0.02904492,0.046103362,0.048620146,0.055621237,0.072095424
-0.533609,-0.49687046,-0.49101403,-0.46860716,-0.4385434,-0.4573096,-0.43303975,-0.38674614,-0.3396715,-0.31806812,-0.27473846,-0.24778034
0.27850792,0.26176354,0.25853792,0.25304484,0.22752652,0.20791522,0.18168949,0.13309392,0.10470751,0.05692386,0.007983486,-0.045866534
-0.12407956,-0.121726215,-0.11483324,-0.117986225,-0.113085404,-0.10876679,-0.096228585,-0.0820705,-0.07531926,-0.056905523,-0.04165265,-0.02291053
0.15655935,0.1408973,0.12733608,0.12404084,0.11069684,0.096383944,0.07724026,0.059181795,0.037292663,0.012930818,-0.01647194,-0.033206303
-0.39255378,-0.31311393,-0.25872567,-0.223427,-0.16990973,-0.1424361,-0.10838398,-0.07663806,-0.053070482,-0.043494627,-0.04626736,-0.02728619
0.35204294,0.30400077,0.27243888,0.22685331,0.19450623,0.15390697,0.111137815,0.082566634,0.043695983,0.03756385,0.022091674,-0.011208992
-0.07155877,-0.08254561,-0.104708284,-0.11446224,-0.11147743,-0.12351789,-0.12429285,-0.12825659,-0.1264551,-0.14524752,-0.1499776,-0.15054023
0.344152,0.2566442,0.1983692,0.1867617,0.14308774,0.19024536,0.19306627,0.21288899,0.22127339,0.28756565,0.35169283,0.43142563
-0.22772597,-0.24503238,-0.24469626,-0.26285,-0.24914847,-0.2294692,-0.20496754,-0.18223625,-0.17004214,-0.14134094,-0.07575141,-0.02824461
-0.12518603,-0.10128303,-0.06664861,-0.030305995,-0.031428862,-0.02104163,-0.015046198,-0.012234883,-0.002581071,0.0123041235,-0.0011527278,0.018636461
-0.20384084,-0.21946335,-0.24152684,-0.2374453,-0.23677127,-0.23307264,-0.2315456,-0.20304307,-0.18964615,-0.15804884,-0.12737389,-0.09522145
-0.010173276,-0.018023858,-0.010873591,-0.0066895606,-0.01524473,-0.01101597,-0.005111396,-0.006427725,-0.023066677,-0.0036592502,-0.021718394,-0.004729675
0.20495069,0.27926278,0.3618905,0.41021445,0.41978523,0.4235024,0.389395,0.3183013,0.24705411,0.15172458,0.011345692,-0.10238396
-0.13038829,-0.16632025,-0.16151059,-0.20914501,-0.18588175,-0.16287445,-0.20177516,-0.15711881,-0.14368759,-0.1635017,-0.11499201,-0.078603216
0.41271842,0.38079202,0.4122865,0.43183342,0.40812132,0.3324748,0.37403825,0.4234872,0.47364154,0.5692391,0.65138686,0.766924
0.75806826,0.69071996,0.65683216,0.56820655,0.5041301,0.4703434,0.34553546,0.24005118,0.19311759,0.111274734,0.09435809,-0.074059635
-0.32261035,-0.28188303,-0.23744556,-0.21403849,-0.18341976,-0.1839097,-0.16643296,-0.14625424,-0.14396104,-0.14705962,-0.14697413,-0.14327465
-0.03706935,-0.039012253,-0.038967796,-0.03057877,-0.030064669,-0.019756861,-0.015219595,-0.0077926517,0.001120396,0.008678913,0.020630267,0.035002388
0.11843893,0.1281324,0.15845183,0.16153333,0.1693053,0.17295946,0.17257446,0.15447752,0.14852092,0.12886815,0.13228095,0.11029768
-0.012211587,-0.07657591,-0.13628198,-0.17816801,-0.21582532,-0.22257534,-0.25908703,-0.2679857,-0.27273688,-0.2469325,-0.24020104,-0.21655028
-0.040961247,-0.040790346,-0.052701853,-0.059740517,-0.055308994,-0.08307745,-0.077055626,-0.07631637,-0.071253404,-0.082710676,-0.05338925,-0.077380136
0.40708894,0.3998957,0.39026684,0.39330435,0.37282348,0.3801837,0.35995692,0.32359728,0.3005444,0.281105,0.23492238,0.20333251
0.19970396,0.18448873,0.1614694,0.13023956,0.12119196,0.11730918,0.13098443,0.14030558,0.13974014,0.17832106,0.19341074,0.21603498
-0.92030704,-0.789224,-0.7049792,-0.6514896,-0.5643961,-0.5527705,-0.50880456,-0.45008734,-0.39005497,-0.38690144,-0.37978548,-0.36308873
0.16728875,0.18724152,0.20791708,0.20340297,0.21621636,0.23617832,0.20324352,0.17856698,0.15635532,0.12575386,0.102962755,0.055041835
0.24880525,0.2246031,0.20825574,0.17098996,0.16236524,0.16344267,0.13483986,0.11611979,0.10495209,0.0894295,0.10084884,0.073248655
-0.2864386,-0.2932505,-0.2813894,-0.29729208,-0.28216097,-0.2615208,-0.23285769,-0.2027346,-0.20766643,-0.15586768,-0.11427761,-0.065266944
0.05154115,0.02956222,0.020239517,0.043174624,0.05645901,0.07842371,0.08783001,0.14813352,0.1927162,0.2446058,0.3345339,0.42241305
0.30142933,0.3222123,0.36280933,0.36716044,0.36055872,0.33370656,0.30816412,0.2569039,0.21132636,0.15261146,0.0865037,0.0074225254
0.10879674,0.03203334,-0.031367294,-0.08073885,-0.109160684,-0.10672286,-0.12605146,-0.11647403,-0.092928044,-0.077327006,-0.021264777,0.016149502
0.29410464,0.2534955,0.22545615,0.18824321,0.17488416,0.16967654,0.17068285,0.17815268,0.20354858,0.2081235,0.24526674,0.27105367
-0.19840853,-0.12798147,-0.073349744,-0.027410462,-0.001101926,0.0009239763,0.0055854023,-0.019200265,-0.039262086,-0.0848656,-0.16971119,-0.21520823
0.12611808,0.1347604,0.16354977,0.17565918,0.175452,0.17792878,0.13742097,0.09814001,0.05680845,-0.00701895,-0.07716415,-0.13175704
-0.54371053,-0.48467636,-0.41052824,-0.34273618,-0.3012549,-0.35251957,-0.30808768,-0.25097993,-0.2006342,-0.18648773,-0.13770217,-0.09222141
0.476148,0.31972885,0.22548509,0.12019013,0.032255545,-0.04482144,-0.08889507,-0.11686301,-0.1592879,-0.14413743,-0.13052592,-0.106142096
-0.17832062,-0.13937351,-0.08738321,-0.05813092,-0.045985296,-0.04503244,-0.04709059,-0.06911217,-0.09551,-0.14421485,-0.20944005,-0.24911544
0.65740496,0.5286058,0.40123,0.31163156,0.22900599,0.18542911,0.104977354,0.083505765,0.046556324,0.092353374,0.10100085,0.101955995
0.111212164,0.085096546,0.07312381,0.05756791,0.047169853,0.034601055,0.018827057,0.008342506,-0.009999208,-0.031218125,-0.040736526,-0.05416552
0.030248046,-0.035987914,-0.07664291,-0.115896866,-0.1446327,-0.16998872,-0.18911134,-0.18365622,-0.1920357,-0.17200586,-0.1471959,-0.1258158
-0.22856076,-0.20267256,-0.18018419,-0.16866598,-0.14292511,-0.102524094,-0.09078778,-0.05496546,-0.020991452,0.01058943,0.04950915,0.09387191
0.13627347,0.1122717,0.092603475,0.08092661,0.075068,0.08690843,0.08267918,0.090252146,0.10540897,0.1167511,0.14868951,0.17150185
0.157242,0.11522768,0.07812638,0.05819969,0.030043706,0.017072514,0.015345633,0.013442129,0.013696663,0.029494386,0.03839719,0.05954253
0.17709798,0.15008663,0.119566284,0.100350514,0.07410458,0.070395604,0.07818392,0.056292266,0.04487656,0.031580683,0.012435711,0.007795414
-0.37450758,-0.31874642,-0.28708228,-0.25542763,-0.22501796,-0.22413416,-0.21889459,-0.20845136,-0.19424221,-0.2092658,-0.22704308,-0.23987225
-0.07405338,-0.05474386,-0.020832054,-0.004253434,0.013575669,0.023033872,0.038134713,0.045857433,0.038193166,0.03532216,0.018191889,0.02783553
-1.4599091,-1.2592169,-1.1351806,-1.104074,-0.9350885,-0.95128584,-0.8976519,-0.78783417,-0.7133231,-0.73652375,-0.7221322,-0.71412694
0.32002816,0.5265351,0.7612749,0.8760518,0.9423835,0.9159321,0.83897454,0.67952585,0.5227094,0.24222407,-0.05509992,-0.37068176
0.29297614,0.2996378,0.27060035,0.29770082,0.27261806,0.26648504,0.2638454,0.24437183,0.24880265,0.250283,0.22148111,0.19430156
0.028008856,0.0122428015,-0.0067590103,-0.017913803,-0.02205871,-0.026232973,-0.021038279,-0.012635715,0.0036229491,0.025633663,0.060024887,0.08073624
0.16426122,0.14364937,0.094739325,0.06861663,0.055061396,0.016551645,0.017415207,0.007675322,0.01926617,0.029705867,0.05518414,0.04178469
0.014396049,-0.027946524,-0.07058332,-0.09213281,-0.10736191,-0.09252626,-0.081461415,-0.060457878,-0.04266142,0.0012692288,0.042340174,0.09552957
-0.54515964,-0.4632619,-0.40479204,-0.36193413,-0.32111943,-0.3001762,-0.2706728,-0.2579256,-0.24810934,-0.25697,-0.27607664,-0.28206706
0.04879938,0.034540802,0.020672679,0.018481694,0.009238169,0.009352416,0.024691015,0.03444249,0.047353424,0.06673542,0.07244313,0.09978594
0.34770468,0.3368464,0.27834234,0.2648961,0.23040931,0.18427525,0.12933269,0.06546703,0.008716002,-0.009930283,-0.11285848,-0.19203894
-0.20683125,-0.1632404,-0.13598809,-0.10508709,-0.09072402,-0.08093606,-0.07046744,-0.07241689,-0.049543053,-0.06540527,-0.10872877,-0.11028082
0.09513827,0.17704608,0.3021127,0.27678558,0.32328242,0.27509722,0.24937174,0.17853695,0.09387013,-0.021159515,-0.11104338,-0.2592976
-0.087292,-0.027583271,-0.01100722,0.022499412,0.03523697,0.03479451,0.031642288,0.007018447,0.009524226,-0.015817024,-0.06883061,-0.11641197
0.040501952,-0.004033651,-0.059717014,-0.08510595,-0.11308456,-0.12769343,-0.15302849,-0.16288789,-0.16286878,-0.1535131,-0.15824026,-0.15631688
-0.021650609,-0.053788304,-0.102893226,-0.11886099,-0.13972554,-0.17002593,-0.1438843,-0.12137113,-0.093083605,-0.019538008,0.07553931,0.09508288
-0.37878412,-0.3150499,-0.2586691,-0.22192787,-0.1754389,-0.14918116,-0.13086314,-0.09346258,-0.07279914,-0.051888604,-0.021486443,-0.002927077
-0.15272498,-0.2274679,-0.27502272,-0.30640763,-0.33605924,-0.3271851,-0.3110853,-0.27482766,-0.23321064,-0.1740174,-0.095774196,-0.0047756433
0.054268952,0.03800802,0.029378908,0.023973016,0.01361612,0.01246658,-0.0055427905,-0.0064332113,-0.015072342,-0.021176854,-0.0323636,-0.033338472
0.23588905,0.17592943,0.12107037,0.08235988,0.048854396,0.04266146,0.019096032,0.037875846,0.029172584,0.07839707,0.098148115,0.14274713
0.105505705,0.082547225,0.055764228,0.03995902,0.031872958,0.02935464,0.0386602,0.04549346,0.053007774,0.06742684,0.085028976,0.099690616
0.5172833,0.5385711,0.5519894,0.5499351,0.54569626,0.5284828,0.5216855,0.4730586,0.43895614,0.3948293,0.32630852,0.2634352
0.356244,0.25232655,0.16340938,0.087032616,0.02769658,0.03830284,0.017659307,0.07864776,0.12295511,0.2438328,0.36193097,0.46271574
0.007864449,-0.007854238,-0.028378144,-0.045915157,-0.050205737,-0.055695526,-0.030823499,-0.017591354,-0.0013407096,0.020312887,0.061536934,0.08245152
-0.1709941,-0.17308125,-0.19108763,-0.18415558,-0.18735802,-0.20237741,-0.2073241,-0.21352549,-0.21017791,-0.21875945,-0.2317858,-0.24191424
0.45791742,0.31502116,0.20656407,0.13702399,0.048449457,0.027291417,-0.065553784,-0.083682895,-0.09909578,-0.10044447,-0.1134345,-0.10950221
0.0028993816,0.002080366,0.007348066,0.018224766,0.015006581,0.011861823,-0.0006043408,-0.0077581564,-0.028849013,-0.035401832,-0.06552809,-0.073855594
-0.10401398,-0.078808606,-0.051506415,-0.039102197,-0.033451363,-0.0366264,-0.06423861,-0.084543094,-0.097829506,-0.13667153,-0.19224429,-0.2288771
0.17835738,0.30167246,0.4127371,0.49374804,0.5106555,0.4877854,0.42531285,0.32026052,0.22888857,0.07164329,-0.16740015,-0.3510225
0.07125123,0.019901864,-0.017091334,-0.034563303,-0.055582076,-0.029184178,-0.0027166605,0.001761347,-0.01692611,0.041041642,0.042660326,0.09277019
-0.2953093,-0.3031369,-0.32143402,-0.3253694,-0.31306064,-0.3005111,-0.2724896,-0.23073389,-0.19996232,-0.15944222,-0.112632975,-0.04636327
0.40773836,0.3490673,0.3047946,0.26582623,0.2339024,0.24354395,0.24847582,0.23788664,0.24971189,0.27747336,0.32398713,0.35129434
0.1641885,0.11416872,0.079020746,0.043539315,0.016810387,0.010692868,-0.009279661,-0.009659918,-0.015955422,0.0010966333,0.026492622,0.037977405
0.45597076,0.43558797,0.34513983,0.34195402,0.29652348,0.26490653,0.23526679,0.19664508,0.18601078,0.23421396,0.17190266,0.14223863
0.03238911,0.14103442,0.22989956,0.29866382,0.3435454,0.3575843,0.3236863,0.27512595,0.24084693,0.15374967,0.058407795,-0.048690986
-0.19578792,-0.16280133,-0.137175,-0.14994034,-0.10625649,-0.10980693,-0.07923434,-0.062463887,-0.06625523,-0.07612002,-0.07196144,-0.06291915
0.05461337,0.07075803,0.09337906,0.10592437,0.1067967,0.09832421,0.0817175,0.062387157,0.035673976,0.007447988,-0.03182744,-0.06960427
0.44187057,0.38246143,0.3213473,0.26182157,0.23892194,0.24779314,0.23828512,0.2647395,0.27744362,0.34719405,0.39873162,0.4610049
-0.09681459,-0.11884349,-0.1293329,-0.14583012,-0.15474549,-0.16139933,-0.17937382,-0.17206234,-0.17469573,-0.16699956,-0.16058484,-0.15005982
0.24325034,0.24328738,0.26303676,0.24784762,0.2456052,0.22481559,0.19704676,0.15673962,0.1319816,0.06795866,0.03670405,-0.029332366
0.2715455,0.25772944,0.24392633,0.25140026,0.23338088,0.26093265,0.3151083,0.29934293,0.35283518,0.32776868,0.35777482,0.32848406
-0.00966323,0.0013928264,0.017491452,0.022597872,0.027568404,0.02924512,0.031259917,0.027012758,0.02152605,0.013813393,3.069453e-05,-0.009007248
0.022727039,-0.014172241,-0.05666688,-0.0833064,-0.09829361,-0.08888816,-0.0712836,-0.047263622,-0.033449873,0.021097451,0.06345035,0.11719541
0.02125457,-0.015383489,-0.055575237,-0.071948186,-0.08099428,-0.08787559,-0.113311484,-0.109671526,-0.09816627,-0.12118928,-0.10064095,-0.096570425
-0.07318037,-0.039358333,-0.0042661577,0.0041238517,0.010625184,-0.015548438,-0.030992478,-0.066043556,-0.08003236,-0.1391482,-0.18405016,-0.25361347
-0.08503611,-0.062893435,-0.05195237,-0.040993564,-0.03521698,-0.04651557,-0.050454207,-0.06474214,-0.06538904,-0.097011924,-0.13114272,-0.16036923
0.10557124,0.062414102,0.036368012,0.0058187097,-0.005626574,0.0007105917,0.011214316,0.03915441,0.05449216,0.1066194,0.16162096,0.22039208
-0.28380454,-0.18880257,-0.088799044,-0.031799436,0.01204063,0.03753254,0.08663413,0.06274329,0.034035414,-0.0103733465,-0.09030263,-0.12921768
0.061510466,0.055174585,0.06213594,0.050077267,0.04437393,0.05213192,0.043507554,0.029856637,0.023732454,0.008196808,0.004807383,-0.007418461
-0.38106987,-0.3165844,-0.2769198,-0.23349407,-0.19040112,-0.1589781,-0.124756604,-0.09126082,-0.04763352,-0.03451601,-0.016967542,0.019860007
0.43459007,0.41327748,0.40742588,0.3798328,0.36946422,0.36013374,0.38033378,0.35364223,0.35892928,0.3120171,0.36102033,0.31764296
0.06142933,0.01075194,-0.025602818,-0.060736977,-0.082945466,-0.085374825,-0.055887073,-0.035198398,-0.029820152,0.025988508,0.08166641,0.13525678
0.32985812,0.30177215,0.27711877,0.2520191,0.23345067,0.21979864,0.20129359,0.19489169,0.1906436,0.20200603,0.21239445,0.21029533
-0.2379325,-0.3020482,-0.36516416,-0.38329023,-0.4013996,-0.41372472,-0.3779849,-0.33082262,-0.29612923,-0.2240621,-0.14493984,-0.06005813
-0.91524875,-0.8084452,-0.7417514,-0.6715551,-0.58117896,-0.53968894,-0.511435,-0.44657972,-0.37366223,-0.37059435,-0.3074169,-0.26831383
0.027157463,0.046460412,0.06705472,0.08066007,0.08683284,0.07968186,0.060681205,0.039315127,0.02284491,-0.019902442,-0.05122366,-0.09924886
0.30533385,0.24560045,0.21865936,0.17932904,0.14736862,0.15380646,0.13093424,0.09878212,0.06861983,0.05489754,0.04770818,0.03546206
0.13335177,0.05617772,-0.012301534,-0.062327117,-0.1012584,-0.116188884,-0.12998864,-0.11053169,-0.10636863,-0.05136682,-0.010814514,0.04804938
0.3530021,0.3739664,0.35825893,0.3934996,0.38459566,0.37706745,0.40184617,0.36394793,0.35780868,0.315772,0.24983008,0.21279323
-0.521844,-0.5376676,-0.545517,-0.53398246,-0.5233584,-0.5328406,-0.53199327,-0.48910603,-0.48112047,-0.46795776,-0.47097337,-0.41657645
-0.3346675,-0.31212643,-0.27392477,-0.26416638,-0.23959616,-0.22924174,-0.15739667,-0.11700192,-0.09814218,-0.055578515,-0.013140876,0.035528067
-0.1885203,-0.17239997,-0.14322689,-0.14278539,-0.12655239,-0.065889746,-0.0065480024,0.005780235,0.043004453,0.0741191,0.12716064,0.19664244
-0.1999597,-0.21792132,-0.23274702,-0.23276433,-0.22946069,-0.2124483,-0.19828318,-0.15993151,-0.1402629,-0.10283245,-0.0636263,-0.0075480416
0.028147876,-0.028894067,-0.12568042,-0.15847799,-0.1917744,-0.21933405,-0.21118632,-0.19032866,-0.13521075,-0.05068479,0.0050788075,0.067350805
0.86043364,0.82619387,0.9150454,0.8175653,0.76467574,0.7227662,0.6212732,0.48813164,0.3924352,0.25304633,0.2212669,0.0075417757
-0.05906634,-0.04290411,-0.03256354,-0.012463592,0.001199102,0.0036419258,-0.0053616595,0.0012283381,0.004767105,-0.0060690027,-0.010341537,-0.012283109
0.22642964,0.2191117,0.21002766,0.20482628,0.18427195,0.16371456,0.12608963,0.10242867,0.0851746,0.06232131,0.03400527,-0.013239054
-0.11028606,-0.09482594,-0.08613301,-0.07409215,-0.063811846,-0.07070497,-0.09219962,-0.10089721,-0.11025701,-0.13887867,-0.16452271,-0.18970808
0.39987624,0.30872458,0.29463065,0.2606756,0.27796915,0.3353951,0.3253838,0.36337185,0.35652012,0.35728967,0.48650515,0.54164034
0.21556044,0.18302932,0.14313307,0.13602948,0.100231215,0.09350522,0.09656136,0.08977058,0.1107467,0.12413262,0.14663087,0.14942583
-0.3475475,-0.35494444,-0.37441087,-0.38208714,-0.36826587,-0.373121,-0.35496098,-0.30722585,-0.25703192,-0.21636645,-0.15486223,-0.094367884
-1.0558456,-0.89357966,-0.76184165,-0.6625856,-0.5598583,-0.54188395,-0.49384272,-0.4357335,-0.42618403,-0.4259291,-0.46544662,-0.46239775
0.32507932,0.28055,0.23893058,0.21594945,0.18207708,0.16867879,0.1550441,0.13481426,0.12531702,0.116761535,0.1153387,0.10803616
-0.12830454,-0.09210203,-0.060324434,-0.030698832,-0.0031599998,0.011737069,0.012983161,0.024951236,0.045661315,0.026765374,0.042190816,0.035202973
-0.018941123,-0.058706738,-0.09766048,-0.09967758,-0.13360882,-0.13950278,-0.13827506,-0.12402108,-0.1102641,-0.06301517,-0.06780377,-0.013215445
0.5875436,0.76901335,0.92308354,1.0086887,1.0197287,0.9868294,0.87305844,0.71780515,0.63534254,0.4499032,0.17160496,-0.11558519
-0.27211988,-0.27896106,-0.29811805,-0.30669224,-0.30505645,-0.30527025,-0.2648791,-0.2342129,-0.21767126,-0.16727585,-0.13069172,-0.078651726
0.23800482,0.17360008,0.016376402,-0.029962901,-0.09814168,-0.16312504,-0.24918273,-0.2912467,-0.2944558,-0.2510399,-0.34486368,-0.36986482
-0.9034747,-0.6896802,-0.5026998,-0.4084115,-0.27021265,-0.30875182,-0.20552051,-0.16855723,-0.20335907,-0.2879027,-0.3320613,-0.40184426
-0.025696278,-0.018812662,-0.0025025737,0.012756733,0.025140233,0.032600176,0.034577947,0.038925737,0.034684077,0.0074757636,0.012413145,0.0054190103
0.21404856,0.1836727,0.15079696,0.13739187,0.110913284,0.095327795,0.068552464,0.049860764,0.048941936,0.050374337,0.03998638,0.024955211
0.06718048,0.06603661,0.0626685,0.072526656,0.06866084,0.07206965,0.06332156,0.051911667,0.04940361,0.043372076,0.04501067,0.030013796
0.50084215,0.43076164,0.35293153,0.30553824,0.25652647,0.25703084,0.21881503,0.20322572,0.1971852,0.23943323,0.27581266,0.2798824
0.353599,0.3762095,0.40493816,0.37997139,0.40532568,0.3596257,0.38137984,0.35640502,0.31974554,0.29303333,0.31222937,0.25371832
0.08550125,0.033625364,-0.022187114,-0.06770043,-0.08997949,-0.09697669,-0.10459613,-0.08619907,-0.071187615,-0.022354048,0.025001548,0.06777935
-0.22473915,-0.18714026,-0.13376817,-0.097078234,-0.05144588,-0.036292896,-0.004393466,0.028807491,0.0574911,0.07111761,0.1454493,0.16437083
-0.11795491,-0.09336672,-0.072758995,-0.051754232,-0.04880714,-0.051682737,-0.027185146,-0.044243988,-0.051346976,-0.073134884,-0.113552935,-0.12880453
0.61713177,0.502671,0.37500352,0.31920564,0.24823993,0.20478648,0.22939324,0.25173256,0.28317595,0.34708968,0.42541665,0.49993396
0.13934867,0.1273541,0.111560486,0.09068595,0.09190954,0.10504015,0.09253228,0.09292929,0.09150672,0.10841125,0.14721361,0.14287671
-0.100943156,-0.039827466,-0.005539313,0.019239515,0.045542926,0.034407154,0.021153152,0.010729894,-0.0014617592,-0.03331224,-0.08490426,-0.13635068
-0.017588489,-0.033006165,-0.037163783,-0.04705938,-0.04631452,-0.04217666,-0.040749505,-0.02986365,-0.025092185,-0.023341198,-0.010461148,0.010662815
-0.008340333,-0.008573355,-0.011783568,-0.017620835,-0.021537073,-0.029192615,-0.025182936,-0.036056142,-0.04456182,-0.049712714,-0.06831174,-0.07780188
-0.19588225,-0.20576957,-0.21617797,-0.21705419,-0.21023048,-0.19571188,-0.170378,-0.13425636,-0.10226595,-0.059310906,-0.006145357,0.04747182
0.2298347,0.17941493,0.12653856,0.09628542,0.07065152,0.059848115,0.06876959,0.0736724,0.0643331,0.09320238,0.11802982,0.14791086
0.088832825,0.056474604,0.031466685,8.0794096e-05,-0.008203685,-0.0014085397,0.01861757,0.042407706,0.05368919,0.10700758,0.16099232,0.20831826
0.12423254,0.12257287,0.11252624,0.11601734,0.121205956,0.13663843,0.13516961,0.13458769,0.1414084,0.13827126,0.14652057,0.14017767
-0.17642163,-0.17725399,-0.17362842,-0.16788268,-0.15886599,-0.155646,-0.14245507,-0.13047357,-0.12316557,-0.10953425,-0.07765749,-0.063180014
0.014423788,-0.07572576,-0.1742555,-0.22697918,-0.27150905,-0.27680007,-0.2915814,-0.27145645,-0.26359874,-0.19748634,-0.15171707,-0.089097306
0.5759736,0.5648032,0.53254443,0.5229267,0.49308288,0.49885806,0.4933439,0.4623654,0.4674478,0.4691359,0.50502366,0.45534858
0.05869162,-0.057413146,-0.17365907,-0.23478281,-0.29554993,-0.30560812,-0.3128846,-0.2844156,-0.260499,-0.1643679,-0.10214362,-0.009074107
0.17034973,0.16190778,0.14882472,0.14243947,0.13873376,0.16437398,0.1514344,0.15231201,0.15020105,0.15406643,0.18269609,0.18168277
-0.5969235,-0.46748653,-0.35957772,-0.27476627,-0.20321208,-0.19258964,-0.17925566,-0.15221266,-0.14708786,-0.17862102,-0.24281374,-0.26461563
-0.7275828,-0.6438453,-0.5929353,-0.546764,-0.44165877,-0.41200846,-0.3141629,-0.18684787,-0.13067462,-0.07821549,0.028351013,0.11484681
0.07879871,0.0331523,-0.027241714,-0.051683612,-0.08974167,-0.11103333,-0.11879084,-0.12681496,-0.1250855,-0.087689355,-0.07594092,-0.06273235
-0.23580794,-0.14816186,-0.07775101,-0.018157467,0.024114832,0.024370566,0.04435034,0.036263406,0.030985601,-0.008248195,-0.05208525,-0.09890552
0.215172,0.17559965,0.13439812,0.12018136,0.09605777,0.094409294,0.07395013,0.059754625,0.051917136,0.04353874,0.042780194,0.03730946
0.30838767,0.20186727,0.08221647,0.03881961,-0.014446318,-0.0041145384,-0.0029908717,0.029759645,0.061080813,0.15223177,0.21670413,0.31269526
0.09026613,0.08092905,0.06799362,0.0533743,0.05026522,0.03973114,0.02725343,0.028428324,0.023512967,0.028914146,0.04277078,0.036088724
0.236417,0.21853033,0.2163381,0.20323531,0.17886148,0.16230981,0.13213107,0.09673959,0.06578295,0.042524554,0.008543217,-0.03431521
0.07133973,0.07185581,0.071062945,0.0659402,0.061224915,0.064117536,0.06249558,0.055028882,0.044296417,0.05451969,0.049891714,0.040345065
-0.58679366,-0.5989704,-0.6039263,-0.6520422,-0.6296988,-0.6040555,-0.49074733,-0.4120935,-0.3068124,-0.19108005,-0.037461814,0.117124304
0.06880523,0.100644685,0.1379406,0.17262252,0.18842709,0.20385206,0.19831155,0.1757331,0.14770746,0.10812831,0.06566919,0.024469575
-0.039984323,-0.04178016,-0.04176317,-0.038607977,-0.04482983,-0.053275064,-0.054755196,-0.05564291,-0.05692932,-0.059229508,-0.07376886,-0.073855735
0.06476793,0.0024626702,-0.057216592,-0.09545676,-0.12852356,-0.13655455,-0.15029813,-0.13360366,-0.11724356,-0.066905335,-0.021180322,0.021893453
-0.017456226,-0.078147404,-0.14578375,-0.16224566,-0.20626432,-0.22573309,-0.22839922,-0.23512957,-0.22329625,-0.22069187,-0.22958978,-0.20870534
0.13870734,0.1724667,0.22576308,0.23594248,0.24448478,0.2265068,0.19122739,0.14945908,0.1084264,0.024824463,-0.054082043,-0.13797861
-0.5738725,-0.52358305,-0.51409423,-0.49554694,-0.4576588,-0.46750563,-0.4283078,-0.38038158,-0.32549685,-0.30821687,-0.29741612,-0.24606045
-0.13681611,-0.114025295,-0.08292195,-0.06223609,-0.05342267,-0.033253588,-0.034449756,-0.016387675,-0.013100965,-0.005066324,-0.01993804,0.0032928046
-0.050108515,-0.06321333,-0.07197971,-0.08771163,-0.08588587,-0.09349137,-0.09008713,-0.078940585,-0.07580297,-0.06869844,-0.04820571,-0.035461176
-0.6173829,-0.57925427,-0.5424902,-0.511021,-0.47856706,-0.46057862,-0.4693586,-0.43422458,-0.4104007,-0.38644087,-0.37576067,-0.3428579
0.264539,0.30390504,0.32439375,0.3462295,0.34412503,0.32031736,0.2905609,0.24175246,0.19571522,0.14322041,0.059427097,-0.028476775
-0.014538484,-0.013460651,-0.035655677,-0.03224685,-0.043759048,-0.06871224,-0.07296799,-0.08702941,-0.095246166,-0.10703822,-0.122430116,-0.16020985
0.15166916,0.1808478,0.23771854,0.2619366,0.2787002,0.30087018,0.28451037,0.26148757,0.21893771,0.17485783,0.13787311,0.092127815
-0.114503495,-0.09533144,-0.08664485,-0.07604063,-0.063490346,-0.0614466,-0.044182755,-0.035257515,-0.028699566,-0.026103372,-0.019915856,-0.018626198
