0.3797248,0.37821084,0.37279737,0.37278128,0.34433573,0.35853162,0.3236912,0.32531726,0.22810191,0.22739181,0.18533757,0.15224595
-0.42260772,-0.42582634,-0.4173839,-0.4142108,-0.40350753,-0.37721652,-0.35753602,-0.33339852,-0.29487568,-0.26484948,-0.22646846,-0.17787944
0.30804867,0.29297838,0.27717847,0.26073694,0.24699694,0.21877605,0.20193881,0.17978603,0.16604549,0.15247616,0.1354582,0.11490947
0.07320771,0.0663031,0.060490757,0.054815374,0.044879768,0.042940363,0.04189367,0.045644168,0.043689955,0.045387983,0.047142923,0.05360029
0.21349217,0.22151385,0.21423651,0.2153416,0.2067528,0.19256161,0.18222174,0.17969209,0.17495786,0.15918325,0.13713449,0.12000263
0.3548195,0.35041654,0.32945272,0.3197527,0.30459797,0.27985203,0.27190968,0.2679513,0.25912073,0.2744789,0.27727184,0.28922772
0.63517815,0.62630165,0.59383935,0.5719279,0.5463887,0.49595925,0.46769506,0.44871622,0.43757665,0.43447143,0.41647863,0.40852082
-0.15495043,-0.15672834,-0.15214674,-0.15043887,-0.152915,-0.14474839,-0.13937277,-0.13498686,-0.12877482,-0.12486183,-0.10708181,-0.09582223
-0.31561947,-0.30338216,-0.28856623,-0.27608,-0.26741746,-0.2527051,-0.24114347,-0.22427209,-0.201748,-0.18742181,-0.17276466,-0.15609486
-0.44744617,-0.40740108,-0.38288715,-0.33943486,-0.33158,-0.29243514,-0.27671778,-0.2286665,-0.18026178,-0.17196044,-0.17221184,-0.141276
0.08389517,0.10268887,0.1090686,0.11246714,0.11951482,0.11736674,0.09922404,0.08711047,0.08200111,0.06834423,0.054940563,0.04061948
0.5550826,0.5245551,0.4765893,0.4421623,0.3971968,0.34860283,0.32920507,0.30146706,0.29140496,0.2800578,0.2373279,0.2183533
0.13704452,0.14671032,0.14876452,0.1545256,0.15101826,0.1407417,0.13284935,0.1282385,0.11433281,0.099225596,0.08513764,0.06219508
-0.22529292,-0.21613729,-0.20196249,-0.19205332,-0.17330849,-0.16189452,-0.15457451,-0.14778413,-0.13335054,-0.12246053,-0.10360147,-0.09217999
-0.83950955,-0.80006003,-0.7400412,-0.70127547,-0.6645398,-0.6128239,-0.5854903,-0.5519717,-0.5047322,-0.4892952,-0.4580138,-0.4383566
-0.11686024,-0.11919256,-0.11442356,-0.117300384,-0.12007706,-0.11733162,-0.114257276,-0.11218786,-0.10590152,-0.107628606,-0.108761206,-0.109036006
0.09327589,0.09190365,0.08556324,0.08132604,0.07747253,0.06794735,0.063835464,0.058849756,0.06172523,0.057423837,0.04723289,0.0423589
-0.08859576,-0.06500652,-0.049561515,-0.025164582,-0.024335824,-0.011345856,-0.010665193,-0.006210573,-0.017709076,-0.025524134,-0.03581521,-0.05162606
-0.020023089,-0.033354532,-0.04000791,-0.05544529,-0.06424708,-0.071452625,-0.07335402,-0.081816055,-0.07874603,-0.08645598,-0.084752366,-0.08448884
0.2548739,0.22730376,0.20350899,0.17981258,0.1707541,0.15452118,0.14818017,0.13757053,0.12760994,0.12613182,0.12159867,0.12471193
-0.15854847,-0.12055207,-0.10152909,-0.076185636,-0.07623963,-0.07172683,-0.073157035,-0.06336303,-0.060514633,-0.062412195,-0.06788776,-0.07877278
0.17884734,0.16149913,0.14347479,0.1273932,0.116804175,0.11035892,0.10498913,0.096066125,0.08231967,0.084328145,0.087449424,0.08926068
0.103659,0.1004387,0.09146361,0.08834791,0.082439885,0.0726089,0.07067335,0.065917104,0.058669668,0.05759025,0.04866364,0.037723184
0.4956066,0.46733078,0.437828,0.41171944,0.3873796,0.351295,0.33622783,0.3134067,0.28860432,0.26944393,0.24494953,0.22606626
0.21814582,0.21453384,0.20341118,0.19894792,0.18562871,0.17049658,0.1634062,0.15892671,0.1532619,0.14668415,0.1312598,0.12254082
-0.12665619,-0.12441918,-0.118401766,-0.113769665,-0.10127939,-0.088713616,-0.08881255,-0.08684945,-0.09297734,-0.09392914,-0.08662884,-0.086260624
0.20000444,0.18486732,0.17138053,0.15911345,0.15470071,0.14619175,0.1427796,0.13566871,0.13123856,0.13268548,0.12850961,0.13090234
-0.0502124,-0.053567663,-0.056010656,-0.057259075,-0.06212963,-0.06454691,-0.06186383,-0.058680728,-0.047106307,-0.04196677,-0.036050916,-0.027106848
0.63103294,0.61698276,0.58254206,0.55855644,0.5343715,0.48697323,0.45802736,0.43267077,0.40468863,0.38232875,0.34313628,0.31069374
0.13860983,0.13146119,0.12422293,0.11726004,0.11177761,0.098073736,0.095381096,0.08707122,0.080589995,0.0744948,0.06986693,0.063872114
0.21247715,0.19387567,0.17404453,0.15529309,0.13296267,0.12062463,0.103401236,0.10269025,0.091572344,0.086381525,0.07725998,0.07883853
-0.101778716,-0.07980357,-0.06487618,-0.047560323,-0.03218896,-0.031021714,-0.03642881,-0.04719631,-0.04912983,-0.059089344,-0.0794905,-0.100780085
-0.17422321,-0.14217623,-0.111451864,-0.082674295,-0.06046523,-0.04662736,-0.043107938,-0.037525095,-0.03733138,-0.053909697,-0.05944474,-0.07977382
-0.34171435,-0.32004368,-0.29276243,-0.27206597,-0.25252128,-0.23335926,-0.22532636,-0.2135361,-0.20768169,-0.20628043,-0.1942458,-0.1928742
0.019433446,0.03334355,0.03825693,0.04808581,0.04588416,0.04867477,0.04560154,0.047337465,0.047624372,0.043213785,0.035267986,0.02926318
-0.074901834,-0.06326015,-0.055843037,-0.047687564,-0.03761108,-0.032486178,-0.03059037,-0.024747647,-0.015658313,-0.008756315,-0.002260285,0.0027280152
0.33008137,0.32017207,0.30646583,0.2857059,0.2661144,0.22260346,0.22037674,0.20174484,0.2205352,0.19296424,0.16319925,0.13647845
0.040184688,0.040674504,0.041104645,0.04333385,0.057242755,0.046369053,0.043123413,0.0435667,0.041351117,0.03355805,0.03240968,0.02309151
-0.0072824378,-0.006134961,-0.0077862497,-0.0053766165,-0.007007567,-0.0050586276,-0.0008043181,0.0039587803,0.014456786,0.026670836,0.03945275,0.0564247
-0.17612849,-0.17339644,-0.16741183,-0.16699521,-0.16797936,-0.15859538,-0.15711102,-0.15708534,-0.15297864,-0.15479705,-0.14832224,-0.14749765
-0.17729113,-0.17165051,-0.16495876,-0.15802218,-0.15112175,-0.14111333,-0.13448137,-0.12720138,-0.12801555,-0.11541514,-0.10252564,-0.09150658
-0.49774778,-0.50312924,-0.4841916,-0.47905514,-0.46074897,-0.43880373,-0.40949374,-0.38829544,-0.35784227,-0.33860236,-0.3043413,-0.27263466
0.060421843,0.058577795,0.05606318,0.05323302,0.051023617,0.047381476,0.04509384,0.042160023,0.035305902,0.03353399,0.0318992,0.029930191
0.13549109,0.12099396,0.10653215,0.09441194,0.085519776,0.08603423,0.079589054,0.07660953,0.06598632,0.06317931,0.0646146,0.06653374
-0.3276461,-0.33731198,-0.33177263,-0.3378014,-0.33137727,-0.3182971,-0.30538788,-0.29327232,-0.26383898,-0.23996313,-0.2123175,-0.17791726
0.14098077,0.13217877,0.12026179,0.110792905,0.09614573,0.08902623,0.088222146,0.08394742,0.08255072,0.08725107,0.08345585,0.0866935
0.24781545,0.2630952,0.26279807,0.27392223,0.27130833,0.26234797,0.25388741,0.24535888,0.21971309,0.19599877,0.16756237,0.13203187
-0.075898945,-0.07290222,-0.06585237,-0.06380046,-0.053082366,-0.054704756,-0.051080003,-0.04828212,-0.044088654,-0.053114653,-0.05662876,-0.06431723
-0.08451886,-0.084456205,-0.08449797,-0.083412595,-0.0858364,-0.07956034,-0.075956695,-0.07080917,-0.06267051,-0.058002427,-0.052215267,-0.041858785
-0.18287982,-0.16083837,-0.14320175,-0.11925609,-0.10339168,-0.09300715,-0.08629471,-0.07709785,-0.06942998,-0.070554435,-0.06392546,-0.0719435
0.082377695,0.08106859,0.07839803,0.07619082,0.07737926,0.07328446,0.07048658,0.06815889,0.05979917,0.06168274,0.061278984,0.06067354
0.1301516,0.11282757,0.09857473,0.08244585,0.07568166,0.06887257,0.06476437,0.056617282,0.045183547,0.052610107,0.055519763,0.05996692
-0.22542109,-0.21127136,-0.18936644,-0.1774385,-0.16603221,-0.15083219,-0.14638986,-0.14605474,-0.15302351,-0.151202,-0.15122198,-0.15938157
0.28856066,0.28072247,0.25998276,0.2492679,0.23738813,0.22727019,0.21896386,0.22149669,0.21642035,0.21441145,0.2089115,0.21772788
0.14400184,0.1487472,0.13968176,0.14379515,0.12651493,0.12042378,0.117158026,0.13172033,0.13126785,0.11858165,0.09780289,0.09171335
0.56499153,0.5413591,0.5007254,0.47840643,0.45562226,0.41906705,0.41000813,0.39138684,0.36399072,0.3667839,0.35094094,0.3442591
0.06592111,0.039943535,0.018001888,0.007913084,-0.018194899,-0.004078214,0.00028428994,0.0051681106,-0.022790879,-0.0018696263,0.021585647,0.041539922
0.10278324,0.08041688,0.06334214,0.047799997,0.041049078,0.036258653,0.03186956,0.024603738,0.017629156,0.022146398,0.02432018,0.02895214
-0.347404,-0.33673984,-0.31628564,-0.2869198,-0.25221047,-0.2150997,-0.20848349,-0.17675902,-0.1902578,-0.2153063,-0.21447219,-0.23613855
0.3862946,0.38815182,0.36843,0.38023314,0.38072255,0.359407,0.35895425,0.35166085,0.33699557,0.34710535,0.33593473,0.33090222
0.07757471,0.08886788,0.09268605,0.10266809,0.107905805,0.10436043,0.09820959,0.09202789,0.06875679,0.062306177,0.049685277,0.028183002
0.14440353,0.12652655,0.11576027,0.09638625,0.08572556,0.077245735,0.07998961,0.07361687,0.07262425,0.0745224,0.07825637,0.08635963
-0.314458,-0.3041562,-0.26875252,-0.26141012,-0.22755444,-0.19424379,-0.17115942,-0.13457413,-0.10711597,-0.09214673,-0.048840906,-0.016999606
-0.06363731,-0.055486057,-0.049675237,-0.041851852,-0.037491318,-0.029833654,-0.028824268,-0.028799688,-0.03334794,-0.03266661,-0.03540886,-0.03701258
0.29551554,0.25923562,0.2238623,0.18636897,0.16361892,0.13601586,0.12765902,0.1111758,0.113566354,0.12633625,0.13269483,0.14884132
0.0033734739,-0.017138842,-0.030005576,-0.051213615,-0.06328125,-0.06488304,-0.06540948,-0.075021684,-0.065613136,-0.056460083,-0.04684386,-0.033833116
-0.08210763,-0.07600002,-0.07116548,-0.06696694,-0.06464842,-0.06553006,-0.06553508,-0.06832809,-0.060250413,-0.05408991,-0.052730374,-0.051644027
0.45262352,0.4432577,0.42270353,0.4075798,0.40060946,0.37382528,0.3587671,0.35097265,0.34200358,0.32752302,0.316292,0.29991877
0.21566786,0.21610957,0.2126774,0.20914268,0.20499179,0.19045871,0.1851174,0.17203301,0.16005355,0.14385591,0.124311335,0.09811588
0.010481162,0.0044004936,-0.0013150629,-0.0049916003,-0.0027888473,-0.0032429341,0.0022029262,0.008480597,0.015039818,0.02420872,0.03295725,0.04422821
0.13226219,0.13557263,0.13389477,0.13667959,0.13748503,0.13413262,0.12768537,0.119121805,0.10272542,0.095116794,0.088024125,0.07804481
-0.0594169,-0.057265602,-0.054309163,-0.05101537,-0.049746796,-0.04372534,-0.04069706,-0.03822361,-0.03362405,-0.026093775,-0.018579295,-0.012541021
0.11640553,0.1197494,0.10683208,0.103367925,0.0973791,0.09021384,0.08442563,0.08126207,0.090633795,0.100716025,0.096942596,0.1067013
0.09059333,0.068498455,0.05790431,0.034936555,0.02080429,0.018688105,0.021543048,0.02238774,0.029146776,0.03981273,0.053460713,0.07242809
-0.060114704,-0.062227704,-0.060284104,-0.059222784,-0.05539666,-0.050133765,-0.046949353,-0.045985997,-0.039033204,-0.030091342,-0.020046974,-0.011276703
-0.2004284,-0.19126578,-0.17759448,-0.16854765,-0.15984441,-0.14749992,-0.13749713,-0.12773255,-0.11651398,-0.10607876,-0.09399414,-0.07961778
-0.064625286,-0.054787517,-0.046024952,-0.036720134,-0.029930938,-0.02276821,-0.02538,-0.024413195,-0.030298205,-0.041175883,-0.045568064,-0.060965326
-0.34154513,-0.3136576,-0.2725774,-0.24642152,-0.2139476,-0.18886478,-0.17783438,-0.15355769,-0.14585228,-0.16355613,-0.16203365,-0.17223406
0.10403755,0.09006621,0.078877635,0.06737883,0.06238611,0.04988387,0.04725205,0.03193363,0.032160066,0.030518994,0.026569203,0.022860248
0.30701473,0.28453827,0.25475004,0.23368837,0.22012052,0.20206359,0.19695489,0.19085625,0.1898501,0.20633747,0.2117471,0.22594517
-0.47252765,-0.44508594,-0.4119711,-0.38851225,-0.3734218,-0.34815422,-0.3362842,-0.32540813,-0.3084019,-0.30928323,-0.30254483,-0.29968488
0.09534233,0.0903503,0.088848785,0.0825766,0.08143557,0.07104765,0.072912425,0.064386606,0.06919499,0.06612949,0.06626504,0.066446684
-0.51166815,-0.4810326,-0.4583501,-0.43050238,-0.4165307,-0.3811266,-0.3670176,-0.34604144,-0.3201576,-0.30502734,-0.29251662,-0.27955538
-0.093955405,-0.09298986,-0.08728925,-0.08099928,-0.077252686,-0.070708565,-0.062059946,-0.048586853,-0.043792963,-0.040003367,-0.033931684,-0.027310394
0.19895105,0.18342708,0.16519776,0.15291785,0.13562381,0.114732735,0.11147215,0.0934111,0.09305839,0.08689579,0.06568238,0.049543295
-0.17970282,-0.19806589,-0.20704073,-0.22067773,-0.22856931,-0.2196687,-0.2089366,-0.19831374,-0.17570719,-0.14903367,-0.11574176,-0.073162034
-0.4011087,-0.37583023,-0.3456723,-0.32220593,-0.30302316,-0.28186333,-0.275566,-0.26895756,-0.25892043,-0.2642207,-0.2571179,-0.26437032
-0.014289876,-0.01289054,-0.007978437,-0.0064703976,-0.0016836603,0.0022375523,0.0026487485,0.0037826162,0.002011808,0.004452946,0.0068046986,0.008734208
-0.042299755,-0.021242697,-0.007737832,0.0041686445,0.007572841,0.01489028,0.013590716,0.013356095,0.0038946718,0.010008076,0.009858286,0.006133078
0.201372,0.19417971,0.18783113,0.18465589,0.1957391,0.20282833,0.19588973,0.19036332,0.17071524,0.16636288,0.1713426,0.16581313
0.08160195,0.080736965,0.085058734,0.082579404,0.08013107,0.07634799,0.07278265,0.06409335,0.039837457,0.024748327,0.010253453,-0.010449486
0.4274941,0.38475996,0.3412874,0.29600993,0.25979072,0.22790822,0.20870836,0.18949795,0.17173712,0.16751914,0.15246789,0.15452611
0.12437342,0.13184342,0.12745604,0.13396074,0.13595557,0.13796389,0.13046958,0.12868552,0.117547914,0.10434819,0.091015585,0.07303362
-0.095643625,-0.102803,-0.098094314,-0.10703723,-0.103580326,-0.10209592,-0.09770267,-0.101087354,-0.09682536,-0.08543471,-0.06668918,-0.04926567
0.09498066,0.08364041,0.07260246,0.063331455,0.055005327,0.049781587,0.052107513,0.053232323,0.05521746,0.05396896,0.054952096,0.06450061
-0.044463642,-0.044040106,-0.04211902,-0.041942228,-0.040328804,-0.035455402,-0.033193495,-0.0330402,-0.027990013,-0.023827493,-0.017235797,-0.013129246
0.06470983,0.06774384,0.05738451,0.057238586,0.049281113,0.043009277,0.044533487,0.047553733,0.06111982,0.072753906,0.061947286,0.06530567
-0.06324308,-0.026173167,-0.012256227,-0.013597503,-0.025147364,-0.023789234,-0.051846668,-0.07862665,-0.10313464,-0.12043901,-0.14814661,-0.17081213
0.018496785,0.016298663,0.017987419,0.01969583,0.025206294,0.022180337,0.0273686,0.03539359,0.036765695,0.033876423,0.03801848,0.041229676
-0.45415217,-0.4422707,-0.4212175,-0.40570316,-0.38085005,-0.34668428,-0.33224598,-0.3062861,-0.27652925,-0.25573495,-0.22046801,-0.18183888
-0.57437265,-0.56050014,-0.52739924,-0.5094668,-0.48665345,-0.44583666,-0.42421168,-0.40315,-0.3799018,-0.36530432,-0.3365149,-0.31585667
-0.73428136,-0.7008505,-0.64608914,-0.6144798,-0.5752818,-0.5254044,-0.50745445,-0.48651275,-0.44668972,-0.44701698,-0.42005745,-0.40357378
0.27145705,0.24991317,0.21655242,0.19182628,0.16546057,0.1508549,0.13928545,0.1253982,0.11693646,0.12530605,0.11591825,0.12384774
0.23583622,0.23163213,0.22075942,0.21631122,0.21146302,0.1968609,0.18795638,0.18203469,0.17501985,0.16438788,0.1479683,0.13672885
0.24007481,0.21831058,0.19541149,0.17934419,0.15842307,0.156446,0.14903171,0.14411724,0.13254209,0.1435332,0.1377154,0.14711097
0.1962403,0.18767582,0.17609051,0.17086688,0.16264646,0.15605184,0.15249619,0.14023623,0.12737677,0.1278689,0.116536275,0.106720716
-0.2900622,-0.27959418,-0.26001793,-0.24134141,-0.21183279,-0.19805667,-0.18233438,-0.17599049,-0.15977943,-0.14568011,-0.13077897,-0.11565775
-0.33589125,-0.31005487,-0.28371853,-0.2552311,-0.23740545,-0.21564011,-0.2036666,-0.19025895,-0.18089618,-0.18281332,-0.17930308,-0.18368484
-0.13161463,-0.11990558,-0.102892786,-0.08882327,-0.07311635,-0.06531991,-0.06047318,-0.0560626,-0.0633604,-0.067107536,-0.067319565,-0.076637425
0.025710113,0.017847514,0.011917185,0.0074605756,0.0050709024,0.007144507,0.012864586,0.015269443,0.019391136,0.030859854,0.04035316,0.055144954
0.21963733,0.18164532,0.14665237,0.1207368,0.09608565,0.09072584,0.08965606,0.08885442,0.08507246,0.10601816,0.12062663,0.15137187
-0.03376553,-0.026387816,-0.014444427,-0.0077721532,-0.0030846596,-0.002399135,0.0053746626,0.008193083,0.014869237,0.015575752,0.013560724,0.015260875
0.04812174,0.03350164,0.022002883,0.009449076,0.0014928952,-0.00218888,-0.0038668737,-0.00663409,0.0008984208,0.012660738,0.02511955,0.04365224
-0.068151504,-0.06086988,-0.051718153,-0.0451397,-0.04753743,-0.048540767,-0.041608498,-0.039944183,-0.03726616,-0.037875023,-0.03990221,-0.049239635
0.38576782,0.41159678,0.42139414,0.43479985,0.43029273,0.41525567,0.39189702,0.36309153,0.30739304,0.2658345,0.20759457,0.13480636
0.087666005,0.08313034,0.090778306,0.105899915,0.12203279,0.14096223,0.16174877,0.16862184,0.14020517,0.12013298,0.115652345,0.090404324
0.07552101,0.07468291,0.07772409,0.08038252,0.09049486,0.081842735,0.082375795,0.07500717,0.06991607,0.06224618,0.052135166,0.039139964
-0.37205186,-0.3596814,-0.33413914,-0.31627765,-0.29577154,-0.27296236,-0.25581887,-0.24378437,-0.22989836,-0.22218132,-0.20892742,-0.20314878
-1.0641345,-1.0184747,-0.95561045,-0.9085929,-0.8623261,-0.7973816,-0.75720453,-0.7138788,-0.6661039,-0.63386494,-0.5828141,-0.54405314
0.05361606,0.032903418,0.019510638,0.0015481934,-0.002163753,-0.008197419,-0.004807882,-0.0022537187,0.009192895,0.019499084,0.031271562,0.049745854
0.3577343,0.3566985,0.34955916,0.3446039,0.3355664,0.30923158,0.28323632,0.24939972,0.2016319,0.15458332,0.10833936,0.04665724
0.0073730703,0.00038578548,-0.0055568293,-0.013992004,-0.011765853,-0.022192147,-0.025855796,-0.024209049,-0.013185969,-0.003865175,0.0023865467,0.010671845
-0.47537026,-0.4298059,-0.3803162,-0.34264916,-0.32073095,-0.30090857,-0.29523525,-0.28889292,-0.27527633,-0.29397303,-0.30244055,-0.33083314
0.35745072,0.33256018,0.308362,0.28221604,0.26054335,0.23676938,0.21631704,0.19655824,0.17552121,0.15438326,0.13341157,0.114884645
0.19694006,0.19656885,0.18283218,0.18157685,0.17439803,0.17238703,0.16718538,0.16516039,0.1611752,0.16364123,0.15472257,0.15419696
0.21607886,0.21129636,0.20750417,0.20009302,0.18871832,0.16870685,0.16092053,0.14292386,0.12234317,0.09579559,0.06927034,0.037090324
0.39181688,0.36586866,0.34113294,0.31843787,0.29449856,0.27917767,0.27730605,0.26586196,0.23429836,0.21451378,0.20327723,0.19272019
-0.03891124,-0.042735696,-0.039441053,-0.043293223,-0.04557854,-0.045174126,-0.043270957,-0.03912829,-0.039288025,-0.03553214,-0.03006187,-0.025623418
0.1611413,0.13815926,0.11709171,0.093470514,0.07740213,0.06350013,0.059217088,0.049791902,0.049028836,0.05076021,0.052221797,0.060027786
0.60055125,0.60648113,0.57526046,0.56179166,0.56334984,0.5274117,0.4997588,0.48093554,0.45796612,0.47677913,0.46891266,0.47767103
0.009231739,0.009136119,0.010472884,0.014589356,0.01992059,0.025094729,0.02610054,0.029240426,0.022922091,0.016572496,0.01629861,0.0116997035
-0.0040733237,-0.026572075,-0.048288375,-0.06766665,-0.08038604,-0.07860927,-0.07154612,-0.06991908,-0.04960701,-0.02908849,-0.008340355,0.024794338
0.009853475,-0.017255515,-0.03433596,-0.052291993,-0.06519461,-0.071859844,-0.06406085,-0.05176068,-0.024680652,-0.0023788884,0.013733363,0.054799255
-0.060039543,-0.04395888,-0.031895712,-0.01553864,-0.008655407,-0.0052928478,-0.008503191,-0.0043127052,-0.013510849,-0.034286205,-0.04944682,-0.072627574
0.81677276,0.7685765,0.71282566,0.6751158,0.6242256,0.58179736,0.5536659,0.5363023,0.50262326,0.47803095,0.4360415,0.43050086
0.35750872,0.33789852,0.3089879,0.28294605,0.25470394,0.22737406,0.20726557,0.19277278,0.18118812,0.17904247,0.15876968,0.1518787
0.049072042,0.025004415,0.0003727451,-0.02198536,-0.042032413,-0.04914589,-0.05526486,-0.05552306,-0.045028247,-0.037625782,-0.036371015,-0.017475933
-0.014153754,0.00061450014,0.009975819,0.021544369,0.03483744,0.036036216,0.038112834,0.038478106,0.0409957,0.045992866,0.04476712,0.04364005
-0.23048234,-0.22354971,-0.21688676,-0.20233208,-0.19095586,-0.1820097,-0.17472723,-0.15774737,-0.14601018,-0.1381983,-0.1268292,-0.1225751
-0.21810302,-0.21046957,-0.20002441,-0.19283196,-0.19390333,-0.182075,-0.17756559,-0.17545305,-0.17023477,-0.17122605,-0.16868325,-0.16615652
-0.6128055,-0.5859881,-0.5569455,-0.52722186,-0.50562465,-0.4584509,-0.44049066,-0.41025588,-0.3802578,-0.35208598,-0.31429693,-0.27886626
-0.19581784,-0.18304339,-0.16552165,-0.15422858,-0.14237028,-0.13115887,-0.12784652,-0.121358946,-0.11749536,-0.12335813,-0.118772484,-0.1246153
0.07171047,0.06776327,0.06494857,0.059295423,0.052568525,0.047493838,0.04354029,0.04080532,0.035477147,0.024007045,0.015181438,0.0070143025
0.09046724,0.085391104,0.08141599,0.07340282,0.07261616,0.06495329,0.06488924,0.063557506,0.067588426,0.075171456,0.08025245,0.08710733
0.029574757,0.029225457,0.03219817,0.0337312,0.036507815,0.038538784,0.03749957,0.036402103,0.03057382,0.018611724,0.013475314,0.0009814356
0.08348234,0.062069077,0.043904133,0.030735828,0.022030864,0.018987354,0.026117321,0.03001691,0.029032703,0.046419926,0.059501346,0.080674365
0.05706514,0.055327,0.051679436,0.049952246,0.04947639,0.05078634,0.046122637,0.04315621,0.033656802,0.032637082,0.030432321,0.026749466
-0.20409499,-0.213103,-0.21554896,-0.22107846,-0.2145361,-0.20549807,-0.1951471,-0.17389971,-0.1438028,-0.12708002,-0.10065494,-0.065336525
-0.057617076,-0.05903269,-0.060220607,-0.061911553,-0.065430656,-0.064654194,-0.062439147,-0.057253372,-0.049513042,-0.04286108,-0.037575502,-0.03121528
0.32527074,0.3159799,0.28860614,0.2774555,0.2597815,0.23848034,0.21433613,0.20002612,0.17689392,0.15898862,0.12863548,0.10558208
0.06516425,0.062010694,0.05668608,0.053068213,0.048098262,0.043070856,0.041438464,0.036555815,0.033806324,0.03383344,0.030883357,0.026827741
0.108152345,0.10941092,0.103076875,0.10168416,0.09806741,0.09050637,0.085863255,0.0803228,0.07725455,0.07825701,0.068744585,0.06661184
0.27715516,0.25422925,0.23868194,0.21981266,0.21115686,0.1787731,0.1729205,0.15860012,0.16188997,0.15871058,0.16703707,0.17517464
0.3219567,0.29530784,0.26548406,0.23885086,0.21554774,0.1884475,0.17261514,0.15267317,0.13947083,0.12941732,0.1155056,0.10837579
0.31644166,0.28857246,0.26713252,0.24914372,0.23577602,0.21844682,0.21202232,0.1961303,0.15774517,0.13539954,0.12393637,0.09500831
-0.17511496,-0.17418197,-0.17029914,-0.17132126,-0.16611396,-0.16512127,-0.16107407,-0.152693,-0.13192004,-0.124575615,-0.11564193,-0.10041417
0.21244785,0.19412033,0.17668611,0.15894093,0.1475504,0.12865746,0.12184882,0.107424244,0.09447853,0.08182062,0.073296055,0.06108
-0.009814732,-0.006991706,-0.00263693,0.0015638694,0.0006280355,0.006260694,0.005003404,0.009510936,0.0067447633,-0.001802762,-0.0038664918,-0.00813328
0.23082376,0.21348669,0.19755135,0.18331066,0.17341888,0.16141434,0.15586543,0.15026936,0.14140992,0.1567741,0.15995832,0.17043643
-0.060678978,-0.045627512,-0.033725765,-0.01986795,-0.01669984,-0.007699065,7.414259e-05,0.014528737,0.011989993,0.021568004,0.022556318,0.026875528
0.45421788,0.44164953,0.42461807,0.4085265,0.41132903,0.38741618,0.38415402,0.36969382,0.3562965,0.32745436,0.2918863,0.2541014
-0.82277805,-0.7851233,-0.72275376,-0.6810515,-0.63835704,-0.58286995,-0.5444633,-0.5082649,-0.47301966,-0.45521945,-0.4164221,-0.39624333
-0.003873771,-0.00028949603,-0.001267584,0.004585228,0.0028669322,0.007091853,0.006632649,0.006650541,0.0029784814,0.0014652414,-0.0005398574,-0.005061128
-0.38681656,-0.3624556,-0.33270493,-0.31306088,-0.3016483,-0.27900815,-0.2774649,-0.27679038,-0.27503133,-0.277393,-0.27355123,-0.28357458
-0.27394336,-0.26265338,-0.24763139,-0.23807688,-0.22658274,-0.21351093,-0.20526946,-0.19401869,-0.17867406,-0.17123851,-0.15894932,-0.14697966
-0.038315985,-0.026988566,-0.017856237,-0.009937049,-0.0004629076,0.0011755391,0.0015681579,0.008687889,0.016849,0.0175352,0.018426245,0.021944571
-0.12298106,-0.1245039,-0.11961765,-0.1137203,-0.10952124,-0.10646555,-0.09793717,-0.09821688,-0.10206624,-0.10384775,-0.09997693,-0.10589725
-0.094043925,-0.098350905,-0.09438701,-0.10026809,-0.10124552,-0.10369709,-0.105185226,-0.11691924,-0.11520493,-0.12139639,-0.12799722,-0.13822192
-0.20400274,-0.20430765,-0.19972059,-0.19536552,-0.18863732,-0.17415465,-0.16401021,-0.15390702,-0.14063562,-0.12988958,-0.11335228,-0.09525991
-0.089541405,-0.078931704,-0.06876416,-0.05180618,-0.041494194,-0.031698424,-0.026078232,-0.016122635,-0.013713164,-0.011113755,0.00066451327,0.01012035
-0.4375328,-0.418746,-0.39694944,-0.37706923,-0.36803293,-0.33875018,-0.32387862,-0.31031775,-0.29228437,-0.28288165,-0.26365465,-0.24832478
0.2500315,0.23022275,0.20694533,0.19089802,0.17504963,0.1567729,0.15005323,0.15053225,0.14954247,0.14408578,0.13415165,0.1368839
-0.09246273,-0.08332944,-0.07078427,-0.06196754,-0.05310411,-0.043615002,-0.040359125,-0.032891173,-0.03104586,-0.034858994,-0.03422897,-0.03530185
-0.0005983617,0.013544474,0.021330154,0.03387361,0.04074318,0.04734937,0.04188988,0.041598596,0.028324535,0.0164963,0.008529122,-0.010124098
0.19887559,0.18533675,0.17225008,0.15891556,0.14755319,0.133281,0.12651484,0.13142616,0.13078819,0.12532903,0.11984722,0.12572573
-0.13406155,-0.12630585,-0.11655268,-0.11560708,-0.11941735,-0.122808054,-0.12781544,-0.14798923,-0.15127414,-0.1633245,-0.17659555,-0.19698314
0.14116077,0.12796095,0.10736943,0.09837478,0.080951884,0.08146823,0.063984945,0.05995991,0.020865623,0.035985634,0.025147568,0.028211698
-0.26680252,-0.2539033,-0.24024701,-0.22641958,-0.22098427,-0.20138274,-0.18870218,-0.1775252,-0.16054899,-0.13503699,-0.11725337,-0.10332527
-0.0950821,-0.10248332,-0.106827706,-0.114891194,-0.11130779,-0.10895328,-0.10620254,-0.10989663,-0.11102131,-0.099037625,-0.086640015,-0.0755607
0.42949694,0.41984937,0.39785102,0.3889875,0.36582774,0.35575175,0.34396076,0.32722113,0.2880153,0.2836326,0.2592508,0.24670634
-0.0123311635,-0.02392688,-0.036267687,-0.04658397,-0.04989548,-0.05228568,-0.047614705,-0.045644827,-0.028662492,-0.0054383036,0.015051165,0.044174485
0.4963762,0.46300134,0.42264038,0.39080074,0.35937136,0.31858993,0.29333988,0.27448252,0.26252842,0.2425721,0.2257095,0.21569756
0.08825443,0.08727413,0.0823373,0.08151973,0.077261224,0.0698394,0.0631388,0.05765919,0.051397216,0.042004466,0.032486834,0.020364834
-0.24482466,-0.22384793,-0.20647714,-0.18591963,-0.1752535,-0.16288081,-0.15802252,-0.1537035,-0.14550824,-0.14970013,-0.15106823,-0.1577257
0.21378566,0.2182371,0.21476366,0.21891324,0.20622967,0.20602405,0.21273291,0.21352896,0.19033149,0.16624211,0.1607566,0.15019375
0.30826637,0.28066757,0.24599126,0.21845478,0.19652848,0.17465025,0.17013279,0.16549699,0.16788751,0.18429253,0.18187521,0.20443456
-0.40224653,-0.37503657,-0.3359896,-0.3175757,-0.30192912,-0.29722837,-0.30135217,-0.31692973,-0.3168554,-0.3348324,-0.3506596,-0.38595054
0.4960645,0.48404473,0.45106083,0.42992434,0.4048523,0.37388963,0.35271466,0.33844364,0.32500082,0.32635057,0.30903137,0.30565566
0.082774684,0.08927212,0.09295285,0.09735664,0.09666636,0.08681207,0.08650593,0.08181812,0.08167965,0.07578248,0.06460081,0.05161533
-0.08281139,-0.08028126,-0.07631497,-0.07499033,-0.06988395,-0.063260846,-0.059593305,-0.052598573,-0.045580346,-0.03941052,-0.031731904,-0.022646438
0.03370305,0.008562148,-0.009616455,-0.03290362,-0.04309117,-0.05447737,-0.05958561,-0.0716911,-0.06882775,-0.058776654,-0.050544426,-0.03864021
0.17928304,0.17967643,0.17219429,0.17041749,0.1672413,0.1603495,0.14826512,0.13725476,0.12088375,0.11259394,0.095658414,0.079323545
-0.027837288,-0.013906665,-0.0043343604,0.003180176,0.004467003,0.0003097281,-0.00927604,-0.021585945,-0.03591582,-0.05370213,-0.07365858,-0.10262441
-0.01976596,-0.0148472125,-0.009886689,-0.0072530825,-0.0035756212,-0.007866977,-0.008248352,-0.0113965925,-0.012895899,-0.017161429,-0.023331052,-0.029850835
-0.7481708,-0.7050722,-0.6531046,-0.61577153,-0.5693803,-0.52670276,-0.506687,-0.46733913,-0.4287521,-0.42553428,-0.40008143,-0.37996092
0.20895895,0.19609888,0.18051404,0.16469994,0.15480644,0.1415756,0.1323388,0.12182818,0.1159555,0.11709728,0.11059885,0.11123801
0.079421565,0.07239229,0.06907508,0.06558475,0.06738218,0.06973611,0.07444316,0.079685934,0.075360395,0.07360461,0.08097107,0.08518414
0.019130802,0.02379623,0.02994144,0.035726964,0.03642312,0.036224604,0.037041143,0.042279363,0.03483803,0.029557511,0.025161322,0.017222311
-0.084490515,-0.09457459,-0.0993965,-0.10911408,-0.11578455,-0.10820694,-0.10397425,-0.09918809,-0.09366062,-0.086918965,-0.07777403,-0.060117375
-0.06967267,-0.051539082,-0.040885113,-0.026563907,-0.012788463,-0.010860862,-0.014414333,-0.010628564,-0.012164812,-0.011611177,-0.01493947,-0.016708223
0.20424289,0.20108286,0.18720001,0.1823039,0.1725445,0.16319916,0.15783156,0.1561498,0.15238035,0.1548029,0.14590232,0.14691263
-0.07527232,-0.06473976,-0.06530425,-0.058954347,-0.060152944,-0.051792085,-0.057102993,-0.050834887,-0.05063281,-0.04113718,-0.03554268,-0.03130337
-0.29992706,-0.27689984,-0.25769645,-0.23904677,-0.2328009,-0.21673216,-0.20591414,-0.19356579,-0.16916323,-0.14932464,-0.124971315,-0.104196295
-0.10636173,-0.08527652,-0.071872815,-0.05504606,-0.044847764,-0.044735625,-0.04377254,-0.04456123,-0.041268915,-0.04358201,-0.048238926,-0.055625495
0.42871973,0.40483242,0.3716661,0.34748194,0.33306652,0.30737123,0.2964487,0.28178793,0.27187026,0.2757033,0.27136976,0.27761942
-1.2568707,-1.192545,-1.1064763,-1.0379653,-0.9662208,-0.87170327,-0.8390835,-0.7774636,-0.7225757,-0.7164809,-0.6616843,-0.6345162
-0.08739314,-0.0869251,-0.08308504,-0.08136556,-0.07998078,-0.07716553,-0.07646213,-0.07931431,-0.079412796,-0.08130861,-0.07922304,-0.08350257
-0.03925422,-0.044395454,-0.050729044,-0.05742639,-0.06486578,-0.0710659,-0.06765945,-0.06459509,-0.051498294,-0.04621017,-0.04128836,-0.03492146
0.24604464,0.22303244,0.20328937,0.18268761,0.16542187,0.15187027,0.15246849,0.13920121,0.124055505,0.117214695,0.11278845,0.110125065
0.010008391,0.011386435,0.009063203,0.01355878,0.019387264,0.023589537,0.024169661,0.029767897,0.028522134,0.03688591,0.04485272,0.054843586
0.1359544,0.114110634,0.09808044,0.079392254,0.074239604,0.064627685,0.06425351,0.060472287,0.061057787,0.0670478,0.075968206,0.08965592
0.34610462,0.33621472,0.31333897,0.30077198,0.2942942,0.26774257,0.25677684,0.2478593,0.24250498,0.24697836,0.23454398,0.23716423
-0.10563001,-0.0971818,-0.09104479,-0.08458703,-0.08334342,-0.07834053,-0.08022858,-0.075328656,-0.071669705,-0.07977927,-0.07785049,-0.078686744
0.29219127,0.2749893,0.25707674,0.23677064,0.22355668,0.19431874,0.17996936,0.15741862,0.15440162,0.15288627,0.1498543,0.15043259
0.17801243,0.20204407,0.21229532,0.22966419,0.22568442,0.21915406,0.21005824,0.20182729,0.1742332,0.12839097,0.08877283,0.038454752
-0.50472915,-0.4558578,-0.403746,-0.36459064,-0.34219405,-0.31548387,-0.30883914,-0.3042348,-0.29288656,-0.31329,-0.32588467,-0.35566863
-0.023812335,-0.01740834,-0.015086429,-0.011876149,-0.015026201,-0.012857217,-0.01715014,-0.02209413,-0.023914952,-0.026629891,-0.037138,-0.04346151
-0.29892832,-0.28685907,-0.27162945,-0.25933817,-0.2466816,-0.22990483,-0.2220373,-0.20142855,-0.18030635,-0.1748235,-0.15554586,-0.13896358
0.052274644,0.03872174,0.027850527,0.01649989,0.009098038,0.007158518,0.0091597065,0.007906308,0.00880263,0.019887779,0.029451381,0.040883973
0.069563,0.07306433,0.07232888,0.069664665,0.06466548,0.06204676,0.057584215,0.06763382,0.07699878,0.06883899,0.059993878,0.062128242
0.17674628,0.15774438,0.14288135,0.12459354,0.116148435,0.10300848,0.097129874,0.08603333,0.083900645,0.08919799,0.082817115,0.08479368
0.71562856,0.68594325,0.63949275,0.60207003,0.5721933,0.52778846,0.506609,0.47703195,0.44558805,0.42108214,0.3931004,0.37298876
0.20594779,0.19732744,0.18671575,0.17650016,0.17384036,0.16758564,0.15811521,0.15123513,0.14786269,0.15472901,0.15796529,0.16826451
0.3248762,0.302631,0.27553385,0.25436914,0.22857387,0.20672633,0.19864553,0.19350041,0.18939655,0.18906666,0.17714332,0.17822708
-0.72917783,-0.7020694,-0.6657395,-0.6381727,-0.6110657,-0.568399,-0.5425408,-0.5127638,-0.4770181,-0.44182882,-0.40178058,-0.36322066
-0.32395747,-0.31041607,-0.2905153,-0.2768485,-0.26216024,-0.24170604,-0.22760995,-0.20813778,-0.18818298,-0.16852088,-0.14511232,-0.121609785
-0.28492942,-0.2670588,-0.24672906,-0.23223956,-0.21828759,-0.20181933,-0.19335875,-0.18023397,-0.16286388,-0.15613773,-0.14222927,-0.1311919
0.23295608,0.2007469,0.17345737,0.15004572,0.124480754,0.11376005,0.10567756,0.0890095,0.070569724,0.051863402,0.04366255,0.03697124
0.18015316,0.19385102,0.19633347,0.20076063,0.20074195,0.18047903,0.16344112,0.14214973,0.11864471,0.092117734,0.057531804,0.010809705
-0.15865195,-0.14214085,-0.12692478,-0.10867301,-0.09743017,-0.083323166,-0.069888756,-0.051664747,-0.03837488,-0.040982287,-0.043302815,-0.04065764
0.21243533,0.19889545,0.18108827,0.16832799,0.16237324,0.14884923,0.13751052,0.12372714,0.112187125,0.105845444,0.092621975,0.08542174
-0.28385442,-0.27694714,-0.26164764,-0.25219014,-0.23682296,-0.22495924,-0.21156879,-0.19606061,-0.17767519,-0.16635227,-0.14644536,-0.12895474
0.74893355,0.67938507,0.6051106,0.5463573,0.48449147,0.44860297,0.38819,0.36245158,0.27312613,0.30290297,0.26579067,0.2606291
-0.34276593,-0.3248948,-0.2918588,-0.27976382,-0.2482349,-0.22485115,-0.21827434,-0.20846616,-0.19516945,-0.1796271,-0.15821148,-0.1459995
-0.0054123066,-0.02037941,-0.029628452,-0.0401538,-0.04462398,-0.04736344,-0.04452806,-0.05192396,-0.0477512,-0.04066793,-0.035373874,-0.02961918
0.5897866,0.5490918,0.507641,0.46929342,0.43298528,0.39413324,0.3783751,0.35373485,0.3440667,0.32705027,0.2951264,0.27993995
0.2287408,0.20438844,0.18069479,0.16057533,0.14414333,0.124686435,0.11921046,0.112228334,0.10487843,0.10140015,0.09398998,0.08994287
0.1778814,0.16183591,0.14594576,0.1339008,0.12138658,0.11373708,0.11239463,0.111178525,0.10554981,0.10731127,0.107815124,0.1130306
-1.0690426,-1.031754,-0.9706665,-0.93386835,-0.90146,-0.8443432,-0.80829334,-0.77743226,-0.7248073,-0.6904307,-0.6393861,-0.5976987
0.00077443756,-0.010707655,-0.018515464,-0.030895775,-0.03964421,-0.04866783,-0.052261226,-0.05818937,-0.0582038,-0.064306654,-0.0705162,-0.07379265
0.14565235,0.16929156,0.17766427,0.19664414,0.19978157,0.18685764,0.17390162,0.15978628,0.13434047,0.113693506,0.07939696,0.03332765
-0.4584245,-0.44779485,-0.4161878,-0.40083432,-0.36727613,-0.3452377,-0.31795326,-0.28248766,-0.24693285,-0.23267917,-0.19918461,-0.16671376
-0.24083273,-0.23458809,-0.22574131,-0.21844393,-0.21416157,-0.19961143,-0.19628488,-0.18990023,-0.17815478,-0.16000602,-0.14562911,-0.13138916
-0.17608167,-0.16192426,-0.14935341,-0.13373399,-0.1275888,-0.11784068,-0.110007726,-0.10190082,-0.09522641,-0.09509003,-0.09194858,-0.09451848
0.6875523,0.65372956,0.59469146,0.5612547,0.5290174,0.49652782,0.466327,0.44669625,0.41285777,0.42155978,0.40181988,0.41080925
1.071564,1.0327162,0.9735658,0.94339204,0.8979464,0.84459627,0.8183701,0.79533637,0.7462892,0.73041886,0.6924697,0.69129336
-0.0548115,-0.055051185,-0.05198747,-0.05218217,-0.052007485,-0.05123088,-0.04946697,-0.04958015,-0.046562098,-0.046625376,-0.044652253,-0.044326615
-0.222,-0.22355318,-0.22145364,-0.22245316,-0.22763813,-0.21957913,-0.2201632,-0.21131228,-0.20299453,-0.19135398,-0.18339632,-0.16795325
-0.19990715,-0.17521204,-0.15723297,-0.13096894,-0.113227874,-0.09031076,-0.08329821,-0.07244547,-0.075166985,-0.07047537,-0.06275166,-0.066525675
-0.37595794,-0.36553878,-0.3469729,-0.33659548,-0.32642686,-0.30954507,-0.30097285,-0.2930993,-0.27035308,-0.2604863,-0.24415822,-0.23003127
-0.014112947,-0.012285614,-0.0107792085,-0.010326226,-0.009153838,-0.01015308,-0.009071237,-0.0022604046,0.004760205,0.005771721,0.008462871,0.012902775
-0.2590259,-0.24784067,-0.23203397,-0.22051856,-0.21004447,-0.19483025,-0.1922528,-0.1909521,-0.18584631,-0.1826435,-0.1756471,-0.1770674
-0.10036717,-0.08796513,-0.07851145,-0.06680606,-0.063346535,-0.056214217,-0.05632853,-0.05134997,-0.05497141,-0.06416169,-0.07034437,-0.07916602
-0.61931854,-0.58377016,-0.53435206,-0.5048474,-0.47669634,-0.44295228,-0.4262194,-0.40862396,-0.3900193,-0.3830645,-0.36379465,-0.3551468
0.30155796,0.26642096,0.23611134,0.20188859,0.1785604,0.15621299,0.14534861,0.12497557,0.11243365,0.116685376,0.11182313,0.111347795
0.45861733,0.4305334,0.40677854,0.38213998,0.35605007,0.3346309,0.3126799,0.3029687,0.273322,0.28395557,0.2757865,0.2902854
-0.5809626,-0.54649234,-0.5082872,-0.47869876,-0.45810315,-0.42129844,-0.40382436,-0.3875418,-0.35694924,-0.34324524,-0.3286978,-0.3200071
-0.2692546,-0.25134516,-0.23279913,-0.21916011,-0.20786795,-0.1955834,-0.19174804,-0.18279918,-0.16584678,-0.16232023,-0.1559129,-0.14937642
-0.09941108,-0.095177494,-0.090650156,-0.08110233,-0.0681785,-0.050614953,-0.043336116,-0.037487585,-0.041050583,-0.032517105,-0.018569889,-0.012290421
-0.0343058,-0.021558566,-0.022494145,-0.0121985655,-0.0059920875,0.0072838394,0.0067118793,0.024376906,0.026176821,0.03794287,0.04242769,0.058645435
-0.06082683,-0.04389003,-0.030850463,-0.01581677,-0.009742729,-0.007229533,-0.011200119,-0.014294639,-0.025140047,-0.038222365,-0.055733867,-0.0795857
-1.0669243,-1.0236738,-0.96068025,-0.91919106,-0.88288647,-0.8240601,-0.78805315,-0.7478766,-0.69366705,-0.6637361,-0.61400753,-0.5738467
-0.13212712,-0.12396605,-0.1168029,-0.107194945,-0.08985105,-0.07813379,-0.06524922,-0.04119544,-0.022070244,0.002988685,0.02829179,0.06256269
0.046156548,0.037553824,0.032002218,0.026274446,0.026597327,0.025023866,0.026247235,0.031830132,0.0330467,0.037210725,0.04400823,0.05505049
-0.02977712,-0.03564973,-0.039054833,-0.041514777,-0.038938586,-0.03518468,-0.031429134,-0.026932407,-0.020930897,-0.0112492815,0.00038348744,0.014536673
-0.29468957,-0.27353752,-0.25027186,-0.22823812,-0.20671977,-0.18483023,-0.17326345,-0.15874895,-0.15115882,-0.14559558,-0.1312076,-0.12538989
0.013188122,0.0052541923,0.0032651164,0.0022192262,0.0026610307,0.014329813,0.020350052,0.018974813,0.024574991,0.028717402,0.033549562,0.04273921
-0.5403099,-0.51177204,-0.47400984,-0.44506347,-0.41813093,-0.38128114,-0.35934323,-0.33158153,-0.30322808,-0.28989887,-0.26671603,-0.24593595
-0.03083321,-0.032712765,-0.032259997,-0.030507013,-0.023978036,-0.013932316,-0.007367635,-0.0034747757,-0.0015381966,0.011021825,0.025078826,0.038301125
-0.31779388,-0.3020853,-0.28253675,-0.26940587,-0.2585438,-0.24371323,-0.23883261,-0.22974475,-0.2109678,-0.21366441,-0.21118644,-0.21084231
-0.1284254,-0.12841658,-0.12187946,-0.12225697,-0.12327908,-0.11133193,-0.109616876,-0.10870811,-0.11004475,-0.10920311,-0.10625275,-0.10039378
0.040686857,0.047658082,0.046769954,0.048296534,0.04728774,0.03898676,0.033663224,0.029496564,0.026367372,0.02390616,0.018188266,0.009915337
-0.27601293,-0.2665048,-0.25491518,-0.23783515,-0.22379416,-0.2010332,-0.18995732,-0.17610057,-0.16797113,-0.15359505,-0.13494992,-0.121765375
-0.3904343,-0.35584775,-0.32637748,-0.2993534,-0.2841891,-0.26013744,-0.25120488,-0.24191572,-0.22718012,-0.21991806,-0.21627015,-0.21150318
-0.0012704926,-0.0034364888,-0.0062778513,-0.006536715,-0.009940705,-0.011750834,-0.012408916,-0.011593934,-0.013478727,-0.014356783,-0.014528619,-0.01537564
0.675641,0.610857,0.55044484,0.484998,0.4412968,0.39675516,0.36742643,0.32701722,0.29324192,0.29839045,0.27836972,0.2732114
-0.232757,-0.20945816,-0.19136646,-0.16956049,-0.15704417,-0.13695142,-0.13082984,-0.12179878,-0.11310126,-0.10990445,-0.09954143,-0.100307174
0.15182748,0.1454996,0.13877,0.12974261,0.12805279,0.111259,0.10389976,0.087860756,0.084991656,0.08061656,0.07015037,0.062799186
-0.010855146,-0.00049199257,0.0048047416,0.016144842,0.019280097,0.030325606,0.03217481,0.040451676,0.034398578,0.03954646,0.038107596,0.042634904
0.50113636,0.48024058,0.4436335,0.42073426,0.39964968,0.35758764,0.3447449,0.33134168,0.330231,0.3381488,0.32737488,0.3195247
0.3297632,0.31625006,0.29524887,0.28397632,0.27164763,0.26114658,0.2521927,0.24800055,0.23549822,0.23673503,0.23961681,0.23941459
-0.31182244,-0.29820964,-0.27946293,-0.27078542,-0.2630821,-0.24929136,-0.2471641,-0.24724773,-0.24139866,-0.2479669,-0.24408832,-0.24827655
0.7828552,0.7359958,0.67858857,0.634195,0.5863706,0.53803897,0.5244381,0.48827624,0.44482628,0.42109117,0.39001536,0.35571885
-0.07696551,-0.07635536,-0.077974565,-0.072996005,-0.06867333,-0.06176975,-0.054647036,-0.042733062,-0.030769493,-0.019399192,-0.008296482,0.01034084
-0.22410193,-0.24128662,-0.23385067,-0.25074142,-0.25290334,-0.23191822,-0.21866502,-0.21712439,-0.20475233,-0.20159015,-0.18019648,-0.16393864
-0.05275873,-0.04281085,-0.03359858,-0.022939328,-0.012130793,-0.007593192,-0.007188432,-0.0068437345,-0.012892107,-0.019484516,-0.030162739,-0.045722175
0.13375017,0.14187147,0.14235076,0.14717254,0.15142207,0.14665565,0.13888201,0.1355509,0.12726028,0.11477399,0.09817388,0.07588155
0.35241863,0.34786987,0.32398728,0.31647402,0.29340282,0.27910435,0.26395208,0.26111457,0.2399226,0.23633216,0.21775317,0.21322127
0.027766049,-0.009667091,-0.020577505,-0.046474487,-0.042733163,-0.054209497,-0.04002225,-0.027949765,-0.0065658987,0.0106401,0.038296595,0.072769135
-0.6737036,-0.6518232,-0.61790925,-0.584715,-0.5541019,-0.50705236,-0.47879255,-0.44419098,-0.40513936,-0.38207942,-0.34283128,-0.31215227
-0.25690174,-0.23823422,-0.22161026,-0.20223433,-0.18846591,-0.16754384,-0.15569355,-0.14259957,-0.13715896,-0.12452203,-0.117412224,-0.10772523
-0.11247221,-0.11390311,-0.112890415,-0.11181948,-0.11291304,-0.10391685,-0.106609605,-0.101724476,-0.11921003,-0.114667065,-0.11277082,-0.116082124
-0.6671231,-0.6300464,-0.57757646,-0.5443829,-0.518344,-0.48509735,-0.46060923,-0.44062972,-0.40832832,-0.39939415,-0.3812245,-0.37280858
-0.6834114,-0.65358984,-0.59417427,-0.56788844,-0.531277,-0.49660826,-0.4640626,-0.41428077,-0.35877922,-0.3565303,-0.32425672,-0.29058278
0.08596559,0.092977546,0.0973009,0.10147714,0.104121126,0.10128994,0.09420769,0.089570045,0.079494156,0.066487834,0.053680725,0.037311047
-0.46933687,-0.43805972,-0.3963263,-0.36643183,-0.3468835,-0.31778815,-0.30663455,-0.29588574,-0.2872091,-0.3029277,-0.3090067,-0.32491907
0.28503025,0.288992,0.28202102,0.2801603,0.27579784,0.26071587,0.24694268,0.23313919,0.21196543,0.1919252,0.16573021,0.13862246
-0.20420101,-0.19091687,-0.17165762,-0.15644151,-0.14142866,-0.12698475,-0.12213479,-0.11584024,-0.11268813,-0.11574395,-0.10767184,-0.11488198
-0.17992635,-0.18785705,-0.19013214,-0.19588956,-0.19429842,-0.18801567,-0.18242323,-0.17637193,-0.15751152,-0.13715893,-0.11900259,-0.09144369
-0.122383945,-0.11838113,-0.113198556,-0.10994363,-0.10623659,-0.09888551,-0.09583983,-0.0943024,-0.08633419,-0.08044037,-0.07176788,-0.06449205
-0.15317374,-0.13183258,-0.11136314,-0.08816217,-0.067826755,-0.051282085,-0.04639513,-0.037427835,-0.038539402,-0.049018316,-0.05107638,-0.06639835
0.0141747845,0.0184904,0.018003866,0.022662155,0.020678213,0.018628327,0.018462224,0.020435147,0.016558195,0.018409558,0.011753118,0.007265969
0.08376844,0.104539156,0.10745555,0.118476555,0.11805077,0.10489598,0.099567406,0.09948516,0.098200426,0.081989095,0.06063173,0.03996045
-0.01813759,-0.035208527,-0.046080478,-0.05849041,-0.06268713,-0.058932625,-0.058700807,-0.06378517,-0.06548754,-0.055118725,-0.044412203,-0.035374615
0.15797429,0.12796623,0.10350455,0.079076245,0.06923077,0.064057104,0.06558345,0.061552327,0.062371127,0.08182255,0.095654145,0.119560026
0.22112146,0.21608411,0.19638087,0.18926442,0.17424482,0.16315399,0.15079652,0.13728528,0.12253885,0.12708175,0.106620505,0.097340986
-0.08759095,-0.079909265,-0.070388734,-0.061261944,-0.059237923,-0.047861982,-0.04527649,-0.044949897,-0.051724255,-0.05694695,-0.06114444,-0.06922358
-0.20445137,-0.19254196,-0.18150415,-0.15982783,-0.14813074,-0.11706439,-0.10253106,-0.090057105,-0.08438291,-0.06079953,-0.042768195,-0.025294231
-0.0694355,-0.07584198,-0.08147076,-0.08344692,-0.08630139,-0.076610215,-0.06806384,-0.059466604,-0.051647298,-0.035508446,-0.019865215,-0.0012740595
0.5148758,0.49097544,0.4527987,0.42794025,0.39624283,0.3615864,0.33301243,0.29900444,0.2551788,0.23659828,0.20102844,0.16895343
0.21232292,0.20227502,0.18601435,0.17448327,0.16024362,0.14476883,0.13554189,0.12693377,0.114702806,0.107591264,0.08879913,0.07681334
-0.4275327,-0.40883082,-0.38076988,-0.36368388,-0.3540356,-0.3296672,-0.32232544,-0.30962962,-0.29721722,-0.29650527,-0.28538173,-0.27978212
0.3074942,0.29426068,0.27767476,0.26701692,0.25799635,0.24103379,0.22997229,0.2149114,0.19594961,0.1862296,0.16550659,0.14726475
-0.06424245,-0.06298146,-0.060181648,-0.059711687,-0.05714819,-0.049821906,-0.04591028,-0.04364249,-0.040689647,-0.030412294,-0.020377763,-0.009871199
0.08237963,0.0732491,0.06673873,0.054444667,0.0485572,0.040856656,0.042748846,0.04266624,0.05434613,0.06280861,0.07020917,0.08696312
0.10911445,0.12431218,0.12348728,0.13619041,0.14310141,0.14096284,0.13210386,0.12599608,0.109215304,0.1005037,0.08064548,0.06001623
0.041451782,0.031021168,0.024090353,0.014296623,0.0070551597,-0.0017651999,-0.0068195444,-0.015520418,-0.016727056,-0.021824773,-0.023628075,-0.026883554
0.4439605,0.41506335,0.38770145,0.37305254,0.37511352,0.37749898,0.37949583,0.36578497,0.33448786,0.35228556,0.36040682,0.3771972
0.19615965,0.1913565,0.18401879,0.17673357,0.17164683,0.15287018,0.15002684,0.13521388,0.12967315,0.12979035,0.12425877,0.11784039
0.33622012,0.33571038,0.3224041,0.3194153,0.317365,0.3044616,0.29370162,0.28163397,0.26081634,0.25109133,0.22961767,0.20869845
0.011030722,0.019519186,0.024877295,0.031992003,0.034077242,0.032561347,0.029660124,0.021924883,0.007968795,-0.005357936,-0.012924446,-0.03234925
-0.12792219,-0.12679756,-0.122981556,-0.11996921,-0.119635835,-0.11212865,-0.103362896,-0.09704966,-0.08825589,-0.081693135,-0.07400621,-0.066435345
-0.29135934,-0.29266766,-0.2778346,-0.2762575,-0.25989196,-0.24931906,-0.23652004,-0.21933247,-0.19910155,-0.19502133,-0.17464218,-0.1563822
0.36274663,0.32780847,0.29619616,0.26215768,0.24187492,0.21364355,0.18885498,0.16951767,0.15273151,0.14116235,0.13256149,0.11803155
-0.090980574,-0.08724489,-0.083291315,-0.07953388,-0.07904736,-0.075727336,-0.073329106,-0.074345656,-0.07261521,-0.0710548,-0.073485,-0.0767122
-0.42890668,-0.38527676,-0.3573876,-0.32321694,-0.31246188,-0.28831983,-0.2782405,-0.26346785,-0.23648526,-0.21740273,-0.19925594,-0.1803234
-0.09931725,-0.085014716,-0.07411085,-0.058822565,-0.03760842,-0.02287839,-0.019925043,0.0009847879,0.0132377,0.017775042,0.029763924,0.039573837
0.13233165,0.1389589,0.13164702,0.12511033,0.10973632,0.089510486,0.06977931,0.04696454,0.028644392,0.020304656,-0.011337646,-0.037695147
-0.011450687,-0.007328299,-0.0056456737,0.00095903594,0.00074437726,-0.00237103,-0.002166206,-0.0018348843,-0.005724851,-0.010258078,-0.011645045,-0.019890869
-0.088827886,-0.067614466,-0.05095295,-0.033210143,-0.021989547,-0.014792297,-0.0120356195,-0.0057122633,-0.0076561496,-0.014106942,-0.02026922,-0.032506958
0.09891642,0.09343906,0.08056248,0.076634765,0.07451835,0.06730813,0.06508528,0.06210275,0.0650353,0.07983261,0.085399,0.0940347
0.11031314,0.09451192,0.08798086,0.07158059,0.06738567,0.048878927,0.043084197,0.027247231,0.022993812,0.01352989,0.007861394,0.0006441064
-0.41064778,-0.37359297,-0.34294266,-0.31225163,-0.28802538,-0.26261163,-0.26170203,-0.25583342,-0.2425929,-0.2501571,-0.24923187,-0.2582189
-0.5866312,-0.5610768,-0.52214026,-0.49081972,-0.4507656,-0.41798615,-0.39700362,-0.36457652,-0.34034267,-0.32298806,-0.29281723,-0.27085456
-0.017566737,-0.03361804,-0.04690145,-0.059151784,-0.064159855,-0.06394694,-0.059812088,-0.06259674,-0.053374432,-0.041196004,-0.029893758,-0.016751911
0.009863049,0.016905485,0.0210892,0.021338006,0.027145378,0.026667213,0.01870063,0.015395782,0.011136876,0.0053242855,-0.005998663,-0.018892888
0.08837283,0.06948673,0.05381553,0.03391555,0.02163298,0.014780998,0.014133386,0.008770075,0.014154814,0.022492893,0.030445796,0.045378156
-0.035431273,-0.025133692,-0.015968569,-0.0044521187,0.0024790429,0.007464096,0.009559127,0.009355962,0.0021335203,0.0020549642,-0.0037034824,-0.014585715
0.21828122,0.21878289,0.21315926,0.20967233,0.20105621,0.19213009,0.18129362,0.17305075,0.1516526,0.14191669,0.12560928,0.107020326
0.14885469,0.13775302,0.11765224,0.108537994,0.09887855,0.099524565,0.101916686,0.105010055,0.10556483,0.1275957,0.13266595,0.1533522
-1.684424,-1.6116223,-1.4894859,-1.4195069,-1.3794636,-1.2640302,-1.2111269,-1.1647545,-1.0807651,-1.057888,-1.0099479,-0.96985763
0.25243086,0.25046602,0.2460891,0.25354204,0.26011547,0.25177762,0.2502758,0.24379885,0.22803013,0.22314127,0.21441928,0.20022936
0.122385256,0.1081519,0.09128038,0.07584123,0.057626925,0.038285922,0.029799366,0.01726012,0.019612376,0.016644672,0.009775378,0.006870314
-0.29907134,-0.3069904,-0.30062607,-0.299502,-0.30503935,-0.2857332,-0.26816595,-0.24937242,-0.22464663,-0.21189615,-0.17670996,-0.14500985
-0.3545142,-0.3302518,-0.30191588,-0.28144908,-0.26525393,-0.24296574,-0.2371384,-0.2258941,-0.21802667,-0.22279713,-0.219006,-0.22158809
0.27702513,0.2675009,0.24919403,0.24185692,0.23310527,0.22385712,0.21153931,0.20172176,0.18154438,0.17606774,0.16358651,0.15345676
0.059430778,0.038083345,0.02577184,0.0039003603,-0.0044275485,-0.018346671,-0.024674792,-0.03532456,-0.03249026,-0.037735976,-0.04068515,-0.038663518
0.513456,0.4961965,0.46190393,0.44906422,0.43007317,0.41031706,0.40280187,0.3976858,0.38849646,0.38884887,0.36988547,0.37076902
-0.4054132,-0.39342248,-0.38463807,-0.36831406,-0.3546486,-0.3308849,-0.31913787,-0.29537562,-0.26147693,-0.24681805,-0.22394413,-0.19587198
0.12584865,0.11262088,0.101556785,0.09427808,0.0850357,0.08288411,0.08778879,0.08827543,0.08762924,0.093836755,0.09947382,0.108230546
-0.21089342,-0.21184088,-0.20274921,-0.19722356,-0.18860924,-0.1711353,-0.15729608,-0.1419401,-0.12583801,-0.11364551,-0.092762694,-0.07049503
0.5778883,0.5682594,0.53251016,0.5167152,0.484764,0.45638263,0.4392928,0.4240902,0.41227743,0.4053679,0.3796714,0.37407693
0.60783225,0.5849529,0.5595698,0.5338721,0.5195405,0.48702353,0.4687075,0.45096397,0.4189493,0.40202633,0.37792325,0.3586338
0.1929382,0.1984139,0.19296649,0.19534412,0.1918745,0.17985111,0.17295438,0.16630663,0.14984773,0.14121038,0.12556778,0.10609146
-0.3149606,-0.3050292,-0.28711972,-0.27660245,-0.27155286,-0.26012248,-0.2517354,-0.24544182,-0.23727025,-0.25295365,-0.24875048,-0.25291944
0.36903736,0.35219583,0.3278873,0.31355247,0.29695535,0.2801695,0.27021217,0.2574951,0.23896703,0.22561742,0.21224408,0.20490074
0.23962025,0.23286904,0.21577156,0.20718136,0.20005107,0.18669641,0.17960471,0.17822348,0.16978498,0.18237601,0.18424366,0.19596384
0.31679934,0.31779894,0.30869174,0.3062051,0.3025722,0.2868125,0.277424,0.2666265,0.2519797,0.24207461,0.22562121,0.20639548
-0.0016487148,0.00023569912,0.0018399656,0.0034842752,-0.0060325414,-0.005784679,-0.006773956,-0.008643057,-0.015994433,-0.029644838,-0.039670464,-0.05308938
-0.35365748,-0.33266544,-0.30921724,-0.2883228,-0.27113375,-0.25285274,-0.24396548,-0.21992514,-0.19860141,-0.20097956,-0.18567118,-0.17744514
0.15041639,0.12566364,0.106475666,0.09156412,0.08213402,0.07480934,0.07645278,0.07257539,0.06978515,0.076272376,0.08078731,0.09178387
0.09229682,0.09204711,0.08019576,0.07166561,0.06793848,0.05825166,0.050963838,0.052593246,0.06308603,0.08549167,0.092599146,0.111059815
-0.016314818,-0.0075895097,-0.0027105585,0.005979861,0.011933833,0.012936305,0.011980165,0.010163242,0.0058661047,0.0005187392,-0.0053447173,-0.014843405
0.06949393,0.06691445,0.0650987,0.061804865,0.05848441,0.050529443,0.04900755,0.042330086,0.042106193,0.033365957,0.024989605,0.017017588
0.07330634,0.0636458,0.058016665,0.060708877,0.06354021,0.07290141,0.08017354,0.08850786,0.081949204,0.089780636,0.104498476,0.11286247
-0.074826494,-0.071339354,-0.062089443,-0.060646676,-0.049425595,-0.04747164,-0.035412177,-0.009022236,0.009247822,0.009624079,0.01583717,0.026952133
-0.052699827,-0.042001143,-0.030982673,-0.024831876,-0.019733846,-0.020560652,-0.021234095,-0.022734424,-0.025433281,-0.036923517,-0.04510552,-0.059972495
0.61494815,0.60746133,0.57961136,0.5738687,0.56672853,0.5213106,0.50052786,0.47723413,0.4405494,0.42425716,0.4017916,0.37104493
0.4282343,0.4057944,0.38215652,0.35969654,0.34829792,0.32840568,0.31130326,0.29163966,0.26818877,0.25142592,0.23475918,0.21767186
0.14118794,0.12233089,0.100384116,0.08328618,0.070821546,0.06367454,0.06234918,0.054898705,0.064464256,0.08256258,0.08361646,0.1032171
0.10096172,0.110595495,0.11206664,0.12603559,0.12929301,0.12360455,0.12404011,0.11530707,0.108555734,0.11480021,0.11154642,0.10464872
0.41229692,0.38898623,0.3604318,0.33776703,0.32634825,0.3034114,0.29594004,0.28754836,0.28103262,0.2905457,0.29346526,0.30436274
0.11223769,0.13353758,0.14447767,0.16332123,0.16741705,0.16115561,0.15213726,0.14262962,0.1187141,0.09529605,0.06911412,0.02581643
-0.19609189,-0.19960354,-0.19034801,-0.19333507,-0.18676901,-0.17518978,-0.16638649,-0.16568217,-0.15198614,-0.14264032,-0.12849744,-0.11643978
-0.15015182,-0.121549726,-0.103110164,-0.07793294,-0.06649333,-0.04553819,-0.046105877,-0.03300877,-0.037690576,-0.039816786,-0.03599677,-0.04034285
-0.29957846,-0.2936746,-0.27990794,-0.28323823,-0.27907234,-0.27881858,-0.2819041,-0.28647405,-0.26643696,-0.27190956,-0.27012342,-0.2786256
0.2746231,0.26267976,0.24283388,0.22833158,0.22003962,0.19483759,0.17983447,0.16330823,0.15082462,0.14455456,0.12590352,0.110613234
0.13655733,0.11853138,0.10059332,0.084357455,0.07160256,0.06411707,0.06486116,0.06570273,0.06618091,0.074110776,0.078531876,0.09278038
-0.0047370796,0.026219152,0.040980585,0.07074333,0.09269093,0.09911785,0.09768394,0.11415264,0.11115511,0.10531283,0.10879114,0.11620837
-0.25893986,-0.23002905,-0.19373406,-0.15287545,-0.12994395,-0.097397946,-0.086245924,-0.07261261,-0.09266299,-0.10623208,-0.10893558,-0.13728476
-0.05337765,-0.049142934,-0.040332325,-0.03517463,-0.02241282,-0.016921164,-0.01056319,-0.010930801,-0.0103888195,-0.010094325,-0.0061382335,-0.0034081163
0.06496129,0.053442325,0.047200575,0.03475396,0.03191672,0.021257002,0.016413808,-0.00055161864,0.004187584,0.010363461,0.022862082,0.025537364
-0.14389063,-0.12638445,-0.12476306,-0.113228664,-0.104055285,-0.09036933,-0.09245548,-0.07991841,-0.06756098,-0.050609738,-0.034637656,-0.012787007
-0.1820369,-0.15726745,-0.13702929,-0.112588994,-0.09744423,-0.08662114,-0.083683476,-0.072466165,-0.07607257,-0.086249724,-0.089777574,-0.104600325
0.27898568,0.243263,0.2117016,0.17620228,0.15499824,0.12664762,0.11557442,0.09602743,0.09218879,0.09546809,0.087761916,0.08808345
-0.03927806,-0.034451883,-0.026304055,-0.021647416,-0.016432919,-0.015049476,-0.015519759,-0.007235951,-0.006512247,-0.014453841,-0.019019525,-0.020826343
0.19656874,0.20556875,0.20956455,0.21789317,0.21848622,0.20964204,0.20320244,0.19250646,0.17328441,0.14944269,0.12276243,0.09008263
0.0866618,0.064195454,0.04589948,0.025050897,0.0134598315,0.008614682,0.007689912,0.004704915,0.008713402,0.024293311,0.036866616,0.060102038
0.24753383,0.23563373,0.22609454,0.21442664,0.20432517,0.19301695,0.18542305,0.16888371,0.13822883,0.121055976,0.105107225,0.08085071
0.20613587,0.19336498,0.17617904,0.16423665,0.15187521,0.13585046,0.1262651,0.11685745,0.10886902,0.09945414,0.09231557,0.08297846
0.1353038,0.12776518,0.11962552,0.1143102,0.10767388,0.10644951,0.10264476,0.10122966,0.09000367,0.08734613,0.08104457,0.07778974
0.20335403,0.19824825,0.18890963,0.18380758,0.18027388,0.16653566,0.15949711,0.14853212,0.13467951,0.13094056,0.11665897,0.10249089
0.15214306,0.14313331,0.1300588,0.119858325,0.10829539,0.10018928,0.09359675,0.08008784,0.06945135,0.07067584,0.063864745,0.058146812
0.24440396,0.2351518,0.22667219,0.21725895,0.2172873,0.21446581,0.20603102,0.19273965,0.1751562,0.16808486,0.15745181,0.14857756
0.06689334,0.056479488,0.048070587,0.04123249,0.038850807,0.041430406,0.04471729,0.047486424,0.051820435,0.055145472,0.060632933,0.068092585
0.35785788,0.34158823,0.31608465,0.29336274,0.26803875,0.23685464,0.21489659,0.19518013,0.18355753,0.16714828,0.14051718,0.12085918
0.65509635,0.63915956,0.58280706,0.5556249,0.5121648,0.45368257,0.41676465,0.38539094,0.3618424,0.3571676,0.32363793,0.29761526
0.0628701,0.06642949,0.06541484,0.07183585,0.071179464,0.06909529,0.073173106,0.0771164,0.07573335,0.07847694,0.08008349,0.0810718
-0.034758203,-0.054728158,-0.055159487,-0.065260224,-0.067521796,-0.05604697,-0.051178727,-0.04663473,-0.051818907,-0.055220988,-0.044883065,-0.042868964
-0.8052764,-0.77057153,-0.72235936,-0.69259715,-0.6644612,-0.62384236,-0.5988291,-0.57541883,-0.5366506,-0.5240985,-0.49049723,-0.47038195
-0.26129895,-0.25177893,-0.23063846,-0.22227274,-0.21670432,-0.20517175,-0.1980822,-0.20236382,-0.19612312,-0.19392031,-0.19074498,-0.1964375
0.16745277,0.15228517,0.13806722,0.12395207,0.11308509,0.105420806,0.10333538,0.10022234,0.09965222,0.10031189,0.10055526,0.10675286
-0.04489933,-0.058180273,-0.06781064,-0.07941888,-0.08422018,-0.08628607,-0.08654764,-0.08861525,-0.08039676,-0.07516057,-0.06638853,-0.053400893
-0.2865927,-0.2706887,-0.24639094,-0.23400632,-0.20238216,-0.17602201,-0.16583417,-0.14897636,-0.122261606,-0.11850819,-0.10511665,-0.09196532
-0.019774871,-0.033975806,-0.04060884,-0.05288746,-0.05424132,-0.06142871,-0.062801786,-0.07018012,-0.06151797,-0.055686925,-0.047948908,-0.040159635
-0.05264528,-0.05548201,-0.049760032,-0.044302348,-0.03863599,-0.03761536,-0.029978272,-0.028493613,-0.028017987,-0.025314463,-0.021899175,-0.026196918
-0.59662074,-0.5608631,-0.5245628,-0.48874298,-0.46375996,-0.42883056,-0.4070239,-0.3765222,-0.34573486,-0.33303618,-0.30998,-0.2933605
0.0242683,0.025745813,0.02942058,0.028972518,0.035979338,0.025346074,0.020584222,0.015156324,0.012235369,-0.0010034055,-0.01245388,-0.027339175
-0.03992363,-0.044055946,-0.04434112,-0.049843684,-0.051954042,-0.05371094,-0.0535963,-0.05345413,-0.051335778,-0.052323736,-0.049937457,-0.04605699
-0.10891605,-0.102741465,-0.09455232,-0.0902319,-0.083913684,-0.07736303,-0.074047096,-0.07283341,-0.0726746,-0.06896507,-0.06467199,-0.069294274
0.026928365,0.019745331,0.01674284,0.010410132,0.0109916795,0.004752096,0.0018815298,-0.006133374,-0.0071295504,-0.0102301575,-0.0114074,-0.014923249
0.14034459,0.13058609,0.11740553,0.11174333,0.11054201,0.10846348,0.10556849,0.10644381,0.10364567,0.10842986,0.112522185,0.12090066
-0.039686326,-0.060254492,-0.07263702,-0.092414975,-0.100956656,-0.08400292,-0.07909096,-0.07598057,-0.055841334,-0.039618127,-0.011906584,0.018002026
0.34237963,0.296181,0.25103003,0.21589153,0.22079234,0.17956159,0.16726412,0.14785671,0.13784651,0.116341956,0.10606956,0.0929188
0.13577425,0.13099045,0.12627351,0.120787345,0.11671571,0.112039685,0.106787756,0.10393626,0.09569101,0.095224135,0.09379532,0.0943625
0.61849195,0.60034597,0.56216437,0.54638886,0.5268907,0.5011693,0.4882033,0.4843013,0.45978537,0.45655444,0.46535975,0.46825972
0.18902327,0.18008564,0.16568434,0.15388834,0.14158604,0.12814297,0.12661226,0.12279886,0.12560003,0.124486074,0.115655646,0.11662713
0.25862068,0.22998847,0.20217799,0.18087865,0.16166475,0.15191789,0.14656778,0.14316702,0.13668476,0.14639802,0.14784963,0.16259429
-3.4006536,-3.217662,-2.9806986,-2.8068,-2.697167,-2.5037482,-2.3950174,-2.3177977,-2.2115161,-2.1630678,-2.0700889,-2.0454395
0.22087772,0.222186,0.2171298,0.22409874,0.2209104,0.20877485,0.20424142,0.20379075,0.20101885,0.20054215,0.205864,0.21194269
-0.091144845,-0.087184526,-0.08698878,-0.07967884,-0.069402926,-0.06398085,-0.06054335,-0.054833345,-0.04685452,-0.033706933,-0.02321099,-0.013670425
-0.22017504,-0.20814814,-0.19254649,-0.17607425,-0.16631593,-0.14799261,-0.13962442,-0.13320728,-0.13702868,-0.13093887,-0.12229143,-0.12579459
-0.062871784,-0.06054394,-0.061914645,-0.05957716,-0.05535008,-0.05573842,-0.05396743,-0.050075963,-0.03892229,-0.033519417,-0.027805373,-0.020801041
-0.07790535,-0.07559168,-0.07157332,-0.06746661,-0.06670355,-0.054797657,-0.05128078,-0.046576396,-0.04770295,-0.049188215,-0.047121406,-0.050224822
-0.09637645,-0.09620985,-0.097008646,-0.09316957,-0.09326657,-0.08312453,-0.073015764,-0.06283394,-0.04948789,-0.038910888,-0.029160624,-0.016369786
-0.16685826,-0.1515998,-0.1297073,-0.11657589,-0.11030075,-0.10605307,-0.09864257,-0.09360287,-0.09185955,-0.101597466,-0.10761207,-0.1200389
0.03454301,0.042762928,0.04671396,0.051555667,0.062780425,0.05590354,0.04829303,0.041535985,0.045125302,0.039616484,0.038065813,0.027268989
0.13472833,0.13207915,0.12848106,0.12356955,0.12406689,0.11634353,0.109827824,0.10070597,0.08928161,0.07831539,0.067015,0.050221562
-0.54691434,-0.50785893,-0.45807976,-0.4214173,-0.38938233,-0.35365134,-0.33635002,-0.3022229,-0.26989546,-0.27538612,-0.25358802,-0.24540704
0.018029992,0.031948842,0.057334434,0.07568462,0.1028806,0.114240825,0.12275833,0.12375948,0.092212215,0.07341883,0.060284127,0.032165296
-0.2054813,-0.19326882,-0.1844842,-0.16942163,-0.15997894,-0.14607014,-0.13873847,-0.12451619,-0.11867507,-0.11445181,-0.10845374,-0.10272322
0.013490668,0.043559793,0.055885613,0.073343724,0.054112706,0.07078903,0.072994195,0.08815323,0.081406355,0.079223245,0.062199894,0.066859365
-0.4640188,-0.43522492,-0.3976523,-0.37150568,-0.3472724,-0.3236501,-0.3077214,-0.29680756,-0.28130978,-0.2765892,-0.2633451,-0.2613269
-0.47051886,-0.45625183,-0.43008935,-0.40967768,-0.39021894,-0.35844237,-0.34162527,-0.32338414,-0.30214587,-0.28690022,-0.26171154,-0.2423166
-0.055999365,-0.05544776,-0.060900755,-0.0563626,-0.059307043,-0.046726864,-0.0398475,-0.02727236,-0.016802745,0.001899485,0.012637381,0.032099336
0.06663468,0.08003415,0.08958289,0.09800794,0.1011124,0.09478685,0.08695209,0.08302751,0.07173402,0.047358453,0.025153253,-0.0034970017
0.20710455,0.19797546,0.18446808,0.17760788,0.16667457,0.15930887,0.15401524,0.15282547,0.14223373,0.13715926,0.12580194,0.12052082
-0.027820177,-0.01634006,-0.0033402285,0.004131856,0.012000637,0.015745858,0.018774662,0.023701904,0.02957777,0.02829814,0.02587562,0.025230529
-0.04635872,-0.054843023,-0.054487303,-0.062697254,-0.06599646,-0.065352045,-0.067915015,-0.070451856,-0.071139626,-0.07318517,-0.074621,-0.07425263
-0.109175116,-0.11596962,-0.11947741,-0.12256913,-0.11842483,-0.111193106,-0.106724635,-0.10146594,-0.09144551,-0.07660866,-0.061942793,-0.042758457
-0.180272,-0.15202399,-0.12616117,-0.09959117,-0.08402237,-0.07206269,-0.0686929,-0.06754072,-0.073645666,-0.089369655,-0.102704756,-0.12952846
0.02926303,0.041966826,0.046926126,0.062225394,0.07224988,0.0771706,0.075410694,0.078174,0.06481318,0.06205577,0.06682317,0.059074443
-0.17359339,-0.16487727,-0.15134493,-0.13615984,-0.12603801,-0.114021525,-0.10537178,-0.10325538,-0.10508968,-0.098967195,-0.09164469,-0.09451968
0.1623375,0.16555804,0.16559626,0.16997018,0.17869113,0.18640804,0.1829402,0.18300895,0.18231772,0.17292845,0.16813427,0.1608831
0.5302278,0.4906259,0.45173568,0.41600937,0.39247507,0.37272763,0.36882085,0.36144578,0.3518479,0.3583111,0.36704132,0.3830195
0.07814118,0.07470338,0.066560924,0.0630541,0.054947134,0.047294907,0.041990723,0.034143336,0.029793318,0.024557378,0.013674205,0.006009103
-0.27691516,-0.25965917,-0.23497522,-0.21903633,-0.20384888,-0.18168339,-0.17235303,-0.16765364,-0.15856694,-0.15830192,-0.1502311,-0.15286513
0.06809913,0.06480673,0.05828744,0.052414145,0.047072,0.042756144,0.03599112,0.030433299,0.028226055,0.024111066,0.017239114,0.012419974
-0.3692296,-0.34841293,-0.3235559,-0.30583492,-0.29028007,-0.26941934,-0.2549264,-0.23110612,-0.20464534,-0.19176696,-0.16975786,-0.14836416
-0.04065512,-0.025865495,-0.015013623,0.0011863597,0.01131498,0.019561721,0.020932306,0.03054245,0.03621334,0.034176476,0.035873607,0.032431703
0.08953126,0.09449561,0.09825151,0.108714506,0.10930114,0.11360498,0.11628754,0.121974304,0.11315932,0.10380422,0.09627053,0.08601548
0.31816474,0.2856241,0.26188293,0.23106882,0.2204051,0.1942219,0.19040453,0.17082292,0.1782842,0.18253401,0.18944804,0.20526642
0.03360065,0.043348126,0.051019188,0.059799947,0.062841095,0.061761133,0.057764813,0.05729561,0.048694976,0.027651891,0.011728575,-0.00810644
0.32994688,0.31035423,0.28970093,0.27865854,0.2719069,0.25686216,0.25478166,0.25338328,0.24010693,0.24487273,0.23353224,0.23988976
0.19699097,0.20107833,0.19451952,0.1903047,0.18902054,0.17384553,0.17297861,0.17668319,0.17855035,0.18408637,0.1870652,0.19889387
-0.57306737,-0.56733185,-0.5447511,-0.5352386,-0.52038926,-0.48766357,-0.46419778,-0.4381701,-0.40349114,-0.3740806,-0.33375084,-0.2906697
0.24489112,0.2481776,0.2530632,0.2583515,0.26661903,0.2775338,0.28439406,0.29300204,0.27393055,0.25510365,0.23959921,0.2375901
0.32878047,0.30726063,0.28584704,0.26355338,0.24389203,0.21974391,0.20547277,0.18448083,0.17011634,0.16499767,0.14633998,0.13630791
-0.070007294,-0.05757259,-0.047742918,-0.03488155,-0.030044809,-0.018774688,-0.01891073,-0.01383738,-0.016101766,-0.0182669,-0.016378663,-0.017412506
0.11020665,0.11083621,0.10676745,0.10509332,0.100384206,0.09469124,0.090543866,0.08314756,0.0831137,0.07810583,0.06958719,0.06271147
-0.1690094,-0.15381697,-0.1384734,-0.12478451,-0.11725775,-0.10549355,-0.09906275,-0.09505871,-0.088029295,-0.08217444,-0.07837723,-0.07831619
0.11791764,0.10844189,0.10127157,0.09138331,0.0851193,0.07006585,0.06363253,0.05857876,0.054088265,0.040753715,0.02566216,0.014432216
0.005040273,-0.006078886,-0.0012655919,-0.008557206,-0.0030717999,-0.011299513,-0.0022972086,-0.007056322,-0.009991644,-0.0034020972,0.0031458298,0.009862565
-0.08925432,-0.09275436,-0.0914375,-0.092498705,-0.09165222,-0.085882746,-0.07931434,-0.07516644,-0.06720847,-0.060749523,-0.05191194,-0.04226161
1.0075209,0.95708936,0.89204496,0.83871216,0.8010935,0.73343545,0.70823675,0.65229845,0.62936866,0.6383062,0.60023046,0.5914087
-0.13811526,-0.12188996,-0.102426805,-0.08663359,-0.07222086,-0.06510204,-0.06283733,-0.06281463,-0.06909808,-0.0722173,-0.078357086,-0.091525756
0.259616,0.2463732,0.23130909,0.22198625,0.21048266,0.20568396,0.20140429,0.19388062,0.17672183,0.16768543,0.15570964,0.14781296
0.17075057,0.17279355,0.1677362,0.1656926,0.16200137,0.15364018,0.14688894,0.14478782,0.1345318,0.12495042,0.10925769,0.09637616
-0.10022792,-0.09657007,-0.08726224,-0.086017095,-0.08157487,-0.078936584,-0.0775407,-0.08162066,-0.082645945,-0.08874606,-0.09042278,-0.098774225
-0.3574735,-0.3304091,-0.30219102,-0.27534166,-0.26375285,-0.23523235,-0.21937297,-0.20360607,-0.19358397,-0.18437165,-0.1783255,-0.16942322
-0.11485144,-0.10744928,-0.09853949,-0.08008138,-0.06280343,-0.053490456,-0.036292203,-0.020177765,-0.020653404,-0.013672903,-0.0037422339,-0.0022994769
-0.0288503,-0.029830618,-0.032061853,-0.033772103,-0.039576784,-0.03649978,-0.04172121,-0.049471676,-0.055038325,-0.064244166,-0.06787265,-0.07396488
0.010234645,-0.022118835,-0.042168103,-0.07253036,-0.086656496,-0.09963429,-0.10982675,-0.12038943,-0.12200929,-0.12068839,-0.116823964,-0.109286435
0.24986197,0.23703346,0.21427093,0.20269404,0.19021586,0.17312689,0.1645153,0.16095577,0.14723463,0.15255478,0.14598322,0.14840399
0.28013682,0.26366007,0.24079902,0.21820413,0.19777098,0.17106718,0.15059729,0.122578,0.102024965,0.09020673,0.07338292,0.053688116
0.32534924,0.29283634,0.2592194,0.23326626,0.21456729,0.1963492,0.19628163,0.18571809,0.17536496,0.18776,0.18700726,0.19729888
-0.23212412,-0.22384417,-0.20995998,-0.20135821,-0.19404529,-0.18033691,-0.17359957,-0.1646783,-0.15253763,-0.1471382,-0.13335486,-0.12164556
0.17317893,0.16580725,0.1530229,0.14880624,0.14188966,0.1326955,0.12889731,0.12336357,0.1177236,0.11457626,0.10999927,0.105787344
0.1684795,0.16907305,0.15769795,0.15679565,0.15009195,0.14517692,0.13510576,0.13043153,0.112033546,0.103982344,0.08849548,0.078535855
-0.114191055,-0.106982775,-0.10218825,-0.09429197,-0.09051655,-0.08459495,-0.0876854,-0.08433922,-0.08810377,-0.0915259,-0.09454861,-0.098363794
-0.7911435,-0.73715943,-0.66913533,-0.61947036,-0.5778864,-0.5272114,-0.49562815,-0.45666784,-0.42104152,-0.40824354,-0.37841487,-0.36493254
0.0056322613,0.005636859,0.0026551657,0.0071739815,0.0091708815,0.005875738,0.005564073,0.013304268,0.011638947,0.0077946438,0.011553472,0.013380909
-0.0027115997,0.035689496,0.06466071,0.09858841,0.12436667,0.15102151,0.14500646,0.1444765,0.12033109,0.10944137,0.09267554,0.060876504
-0.050866485,-0.03929221,-0.028096411,-0.022454921,-0.018402409,-0.024702564,-0.029143114,-0.03503219,-0.040476702,-0.058081977,-0.071507126,-0.09219913
0.9698885,0.92505825,0.8711071,0.82328606,0.79095596,0.71342194,0.67975295,0.6444007,0.5945802,0.56886375,0.55742884,0.52343774
0.027642554,0.025632594,0.023541521,0.023279153,0.021506917,0.01839355,0.019774742,0.018124932,0.015963025,0.019433025,0.020917589,0.02260414
0.48417595,0.43159032,0.3834879,0.33878064,0.30426928,0.26860714,0.23799606,0.1964038,0.15806378,0.13010578,0.097108796,0.05663167
-0.31753373,-0.2938389,-0.26429924,-0.24886747,-0.23721924,-0.22754842,-0.2208517,-0.21987675,-0.20294213,-0.21716903,-0.22629474,-0.24132839
-0.060731787,-0.071480185,-0.07930603,-0.088977136,-0.09480673,-0.09703502,-0.094538674,-0.091530636,-0.0752811,-0.066434056,-0.054237355,-0.033854723
0.11076409,0.086740494,0.068144664,0.047736034,0.03733606,0.025126718,0.017665092,0.00033806078,-0.001296917,-0.0003797803,0.0005359426,0.0022692934
0.13700807,0.12527354,0.11698052,0.10804622,0.10548251,0.10044722,0.10391746,0.101104915,0.101015106,0.103207394,0.100035995,0.10455063
-0.34380412,-0.33139598,-0.31366926,-0.30232486,-0.29416004,-0.27369,-0.26270914,-0.24775526,-0.22795933,-0.21489592,-0.19781154,-0.17919484
0.25938076,0.24622746,0.23616762,0.22056617,0.22344413,0.20854625,0.20739564,0.19918483,0.19693998,0.20552905,0.2161984,0.21902768
-0.73149294,-0.6784317,-0.61328757,-0.56544197,-0.5215785,-0.477794,-0.4616633,-0.43645772,-0.4277458,-0.4406512,-0.43035862,-0.44573012
-0.033408046,-0.020023553,-0.0091509465,0.0015266761,0.00912107,0.011507992,0.010788826,0.016953932,0.011181105,0.005029165,0.0020349887,-0.004715323
0.14933735,0.15032579,0.14404735,0.14137422,0.13619256,0.12449443,0.116196506,0.10908307,0.102134965,0.086925805,0.07039911,0.053808328
0.057856757,0.039981484,0.024404421,0.01027732,0.0055316985,0.011021107,0.012997478,0.013998795,0.01423024,0.027559943,0.04214743,0.06106729
0.18327142,0.17171158,0.1535723,0.14482287,0.13090408,0.12117223,0.11418786,0.108235545,0.10235212,0.104608215,0.09540776,0.092812784
-0.07585463,-0.075161666,-0.072838925,-0.072142355,-0.06921187,-0.059713535,-0.055256244,-0.053791024,-0.046848368,-0.030004794,-0.017689817,-0.0025826339
0.010668818,0.014883165,0.023894478,0.027578553,0.023960361,0.026162226,0.025311716,0.018972598,0.0073585194,-0.008441346,-0.02079577,-0.040870547
