-0.6536534,-0.5897629,-0.50992525,-0.4829342,-0.43112206,-0.42621613,-0.30228254,-0.28206968,-0.27681178,-0.2721983,-0.29310617,-0.27089572
0.5895157,0.54045755,0.509357,0.4573705,0.3945908,0.36977437,0.3198221,0.24819183,0.21359216,0.13659948,0.10342653,0.01868613
0.20626384,0.13191915,0.06976174,0.03405267,-0.007466048,-0.023371696,-0.04285063,-0.043546125,-0.053046845,-0.023699716,-0.0015962124,0.026231434
0.116160035,0.01838088,-0.06563078,-0.109941304,-0.16423157,-0.18989113,-0.21567936,-0.20380531,-0.19375831,-0.15492296,-0.12138428,-0.07250224
0.25050685,0.2295378,0.19019915,0.17960593,0.15058865,0.13518223,0.12920642,0.11543299,0.11855662,0.12433461,0.12129935,0.11514552
0.016939484,0.02874425,0.04770611,0.04978565,0.06276938,0.03156255,0.03534639,0.035909407,0.05014273,0.040181965,0.068030626,0.052480537
0.30828345,0.35426858,0.39594293,0.4278374,0.43063247,0.43171206,0.40822327,0.35366768,0.30820525,0.23553202,0.15256876,0.06726442
-0.11016915,-0.08072233,-0.053413913,-0.036807925,-0.02150175,-0.019211031,0.0053688586,-0.016861137,-0.021935556,-0.05697342,-0.0866897,-0.12198122
-0.3778323,-0.34265748,-0.30444738,-0.27580243,-0.234799,-0.2077233,-0.17421935,-0.13931696,-0.115205556,-0.09193871,-0.05245579,-0.027131021
0.12746595,0.089136705,0.074407816,0.053801447,0.04906854,0.041439638,0.048843205,0.05645345,0.06303267,0.06883581,0.11897415,0.14333387
-0.09846836,-0.08985539,-0.059681997,-0.04987006,-0.050406978,-0.05131641,-0.050811425,-0.07695244,-0.12044929,-0.14801703,-0.20827116,-0.24165292
0.31648752,0.20234965,0.11783475,0.05666536,0.023769677,0.030703574,0.04253319,0.06880066,0.108586565,0.15271331,0.28459904,0.35696092
-0.5837894,-0.49257827,-0.4237071,-0.3769885,-0.30031258,-0.25316465,-0.21143432,-0.16549934,-0.14396787,-0.13159905,-0.14548819,-0.118492596
-0.0011304887,-0.021595465,-0.055366397,-0.05821813,-0.08085629,-0.10251261,-0.11658789,-0.1289792,-0.14463618,-0.12789306,-0.16222002,-0.16230103
-0.18455455,-0.19094218,-0.1960519,-0.18714458,-0.18074182,-0.1817697,-0.16943327,-0.15276752,-0.14860067,-0.12888233,-0.121582545,-0.09724651
0.12960157,0.051283926,0.012354016,-0.0301435,-0.048387676,-0.034974948,-0.034930393,-0.0031939447,0.025936246,0.07063901,0.15991724,0.2277845
0.017623952,0.03158367,0.03964366,0.04407849,0.04039964,0.037887663,0.027238883,0.007632263,-0.0055560768,-0.030089553,-0.062360026,-0.08969961
-0.23246735,-0.17798375,-0.107411385,-0.100362495,-0.032586195,-0.009631537,0.03643109,0.09643,0.1314179,0.17149791,0.24549945,0.29823062
-0.35286394,-0.32148188,-0.27818656,-0.27000427,-0.23642665,-0.19714363,-0.15843627,-0.14123696,-0.14584425,-0.11807907,-0.090230495,-0.072591834
0.43376344,0.50072056,0.57700515,0.65251184,0.61415654,0.6174264,0.55258036,0.42629084,0.29823712,0.13591477,-0.094522685,-0.2596465
0.12965772,0.054543138,0.0013967305,-0.03728845,-0.07435975,-0.08339012,-0.10995749,-0.112211704,-0.12149067,-0.11514264,-0.099547125,-0.07501246
0.40056592,0.49797145,0.5952561,0.59665006,0.66930526,0.6354708,0.66354907,0.6068799,0.55017555,0.41207057,0.4085711,0.26060534
-0.20190048,-0.1530208,-0.113655165,-0.087654546,-0.047659583,-0.026162185,0.0011012256,0.030848391,0.07046954,0.07320949,0.12593356,0.13436465
0.17692295,0.15730543,0.1679113,0.168576,0.16441053,0.16268335,0.14889698,0.13851216,0.11001939,0.081097595,0.07170968,0.060517892
-0.12934755,-0.17950675,-0.23136887,-0.25244424,-0.2643275,-0.27324018,-0.26899463,-0.23702654,-0.19241619,-0.15167937,-0.080970034,-0.02916625
0.18980648,0.13810384,0.09408731,0.054542907,0.026778452,0.017586157,0.01478193,0.024961531,0.036062717,0.093183465,0.15128897,0.18819033
0.4347174,0.46409255,0.50477564,0.48725742,0.48024064,0.46466172,0.44710803,0.40303224,0.34605134,0.2991712,0.23321128,0.16871959
-0.040889945,-0.016629063,-0.0009954572,0.018049777,0.021851141,0.020105857,0.018511008,0.009297222,0.0017772838,-0.009762187,-0.040827934,-0.058978207
-0.20026042,-0.22957501,-0.23244597,-0.234932,-0.23598684,-0.22194764,-0.23468135,-0.2142624,-0.22221479,-0.21520862,-0.226194,-0.19160011
0.32254034,0.30498487,0.30226815,0.2924648,0.2638132,0.25045836,0.22151789,0.19684333,0.17953819,0.16628851,0.15532166,0.13220207
0.15731941,0.12958226,0.10635907,0.08342855,0.06488998,0.0464305,0.048877686,0.04980144,0.06364364,0.08074042,0.10425371,0.1285828
0.14174093,0.12255405,0.07412887,0.06675276,0.042802244,0.03509447,0.01714703,0.00815383,0.010263901,0.046882093,0.056255244,0.05693473
0.120316274,0.11368727,0.062199846,0.07970862,0.029588401,-0.013740569,-0.06378247,-0.11071792,-0.1410274,-0.15707119,-0.23997983,-0.30781916
0.07455078,0.10812506,0.12237476,0.13128325,0.13245174,0.13167241,0.1559135,0.16229366,0.1864923,0.20204553,0.21295202,0.21008664
0.35438687,0.22994278,0.13294639,0.034513444,-0.017905965,-0.05128008,-0.07563974,-0.075175196,-0.051230192,-0.005559534,0.12129242,0.15056935
-0.383675,-0.34402016,-0.29725963,-0.25704342,-0.21813107,-0.18946293,-0.20726632,-0.19465968,-0.18101637,-0.1786353,-0.16704573,-0.1668467
0.056182817,0.04445819,0.049739167,0.054894384,0.05231141,0.07046865,0.06949662,0.068766385,0.06072069,0.060291074,0.0677261,0.07551896
-0.10456294,-0.12269453,-0.13416189,-0.16202262,-0.175216,-0.21399194,-0.17910102,-0.19338343,-0.2290963,-0.20882228,-0.23403388,-0.23607719
0.05544118,0.06447323,0.06676589,0.04306288,0.047771223,0.042900294,0.04792951,0.04307632,0.025154755,0.030823626,0.024237474,0.01801217
-0.0033763126,-0.05058247,-0.08036107,-0.09101051,-0.095777035,-0.0480861,-0.08550908,-0.06742778,-0.09050356,-0.021440774,0.024945166,0.05282031
-0.12697148,-0.14083222,-0.14683902,-0.14576142,-0.14457464,-0.12652192,-0.12231815,-0.111256294,-0.1072865,-0.0860372,-0.074998714,-0.04654085
-0.1954938,-0.15578806,-0.13982928,-0.11794063,-0.10378152,-0.0998986,-0.082180575,-0.08292623,-0.07566563,-0.08029871,-0.10927803,-0.11793108
0.04722631,-0.023159288,-0.0853907,-0.12624903,-0.15256886,-0.15444073,-0.15471652,-0.123758465,-0.093730725,-0.034593977,0.034741618,0.101997405
-0.36864394,-0.33595407,-0.31525716,-0.29906982,-0.27404803,-0.26556635,-0.23496498,-0.20749155,-0.18535963,-0.16091835,-0.14930889,-0.12656318
0.15041776,0.15269683,0.14638229,0.13090596,0.13090388,0.11527963,0.10978538,0.1066336,0.09709644,0.10129443,0.098661855,0.08816852
0.12082717,0.070413396,0.053615287,0.03104426,0.0066875815,0.019025594,0.03332989,0.054418802,0.10444708,0.15580851,0.22941566,0.30408877
-0.5783753,-0.5466421,-0.5090903,-0.46192375,-0.4213693,-0.3646273,-0.31587315,-0.28452507,-0.25760263,-0.21258587,-0.21407606,-0.14097491
0.44605753,0.3658415,0.33538252,0.27628958,0.21876462,0.19600558,0.15685837,0.14037289,0.09361227,0.08595741,0.07128765,0.081925705
0.03706566,-0.021678172,-0.055578876,-0.09988575,-0.11975776,-0.10726261,-0.109807886,-0.09475765,-0.08310049,-0.052978978,-0.008479545,0.049431607
-0.2732837,-0.22002186,-0.18640158,-0.16020907,-0.13141432,-0.12861978,-0.11738421,-0.11686817,-0.11751486,-0.13773248,-0.1655311,-0.19040605
0.116312414,0.11570892,0.108420104,0.111543514,0.120570846,0.12960729,0.13238454,0.12910789,0.13873845,0.12658343,0.12789866,0.13373128
-0.014385527,-0.04535594,-0.07003675,-0.09093332,-0.1059756,-0.114390135,-0.109198935,-0.10610487,-0.097223625,-0.073474765,-0.05031143,-0.031107496
-0.012890922,-0.016083498,0.007064199,-0.022465212,0.007836428,0.024531052,0.058898177,0.05797992,0.040829502,0.036452927,0.06497975,0.07287051
-0.37358713,-0.32664213,-0.2921617,-0.2668381,-0.22490653,-0.20189802,-0.1503317,-0.12717777,-0.12040467,-0.101827,-0.09719514,-0.08226682
0.28138387,0.26986778,0.27482533,0.2787511,0.25897154,0.27807304,0.27408248,0.26506922,0.23388332,0.23432405,0.19546808,0.19697961
-0.13867459,-0.08947946,-0.058420382,-0.03508912,-0.016598076,-0.016546138,0.011202216,0.00705225,0.0090767965,-0.004135914,-0.035080362,-0.053836197
0.24607092,0.29220477,0.29537207,0.2921135,0.2802705,0.25284988,0.25693357,0.20743495,0.19193225,0.1681904,0.17876701,0.061165556
-0.0067611877,-0.021113722,-0.023190137,-0.03548432,-0.033204723,-0.027086379,-0.04145951,-0.037791,-0.051416703,-0.058647156,-0.04920808,-0.04752288
-0.39728504,-0.3377199,-0.30941105,-0.27809745,-0.22835737,-0.23126031,-0.20495734,-0.17173822,-0.14416498,-0.13809435,-0.1369961,-0.12658337
0.09949774,0.10066531,0.10717557,0.09868376,0.091026284,0.08074889,0.08511152,0.07685843,0.07180834,0.062576115,0.06566529,0.053701643
-0.13786048,-0.13249928,-0.101185106,-0.095487006,-0.076951586,-0.059210412,-0.023726292,0.0059880316,0.0340449,0.0703467,0.12920722,0.16512924
0.41303015,0.38755453,0.37362206,0.34168506,0.34791425,0.31986865,0.349044,0.3530383,0.38716382,0.37182337,0.4739725,0.47277004
-0.05225931,-0.08373928,-0.12213886,-0.1520367,-0.16855572,-0.18536602,-0.1968386,-0.18499854,-0.16264391,-0.12512733,-0.07137479,-0.05517345
0.34261036,0.29656574,0.27078572,0.2505708,0.22534247,0.22106752,0.20235106,0.18299137,0.165708,0.16652197,0.18534638,0.1800003
-0.006309442,-0.07282614,-0.10950205,-0.12813948,-0.17161301,-0.1425046,-0.090629,-0.065322295,-0.07944131,0.031275623,0.031060308,0.15667388
0.052909784,0.07372889,0.1053157,0.14189021,0.14650527,0.139521,0.14947808,0.12859476,0.14297083,0.08355687,0.056142017,0.029646326
0.17227866,0.14266174,0.1287688,0.11158302,0.09216822,0.091817886,0.079907514,0.08283284,0.07920654,0.09586579,0.11039648,0.1263048
-0.27630076,-0.2246888,-0.18576857,-0.15364455,-0.11974442,-0.11594345,-0.12079178,-0.11901036,-0.13166793,-0.15791252,-0.19530441,-0.22747456
-0.69666743,-0.6096324,-0.52906513,-0.47122315,-0.40860212,-0.40240443,-0.40604782,-0.37925398,-0.38705453,-0.43357864,-0.48746485,-0.515945
-0.331088,-0.32303584,-0.30952686,-0.30209804,-0.26968962,-0.24042964,-0.22840247,-0.18215214,-0.15930325,-0.12497774,-0.07724452,-0.026886595
-0.29990855,-0.28500152,-0.27501392,-0.26767537,-0.23875766,-0.23124635,-0.20692518,-0.17265487,-0.14346895,-0.121313155,-0.08599557,-0.053438194
-0.072366044,-0.034800243,0.008130953,0.026183382,0.057056963,0.0888476,0.096691966,0.1019892,0.092460304,0.06626056,0.03586012,0.038256098
0.019471625,-0.032774884,-0.043823354,-0.075999014,-0.08308031,-0.08253306,-0.08939665,-0.07574643,-0.07286209,-0.083670296,-0.035836235,-0.0028851659
-0.21128838,-0.10209797,-0.0070345104,0.07361965,0.12911117,0.1524758,0.11969651,0.09716149,0.06731074,-0.03955607,-0.15422612,-0.24204716
0.20331764,0.2579302,0.34134835,0.38359076,0.40711504,0.42228943,0.3896853,0.34810165,0.30499434,0.21441051,0.12896836,0.06319918
0.016548043,0.029806728,0.040440287,0.05376015,0.05216368,0.048249766,0.035489537,0.01761033,0.0061501116,-0.01364563,-0.041918635,-0.070488304
0.07374433,0.031672247,-0.0056777,-0.03409478,-0.043994337,-0.051130712,-0.029650897,-0.0145125985,0.028489016,0.043166775,0.121566206,0.15104035
0.09811206,0.0824241,0.0638663,0.057080954,0.039772496,0.029028773,0.026300147,0.027667932,0.025357522,0.034042273,0.051371586,0.052253313
0.09951546,0.09394941,0.084931254,0.07195089,0.07182195,0.07447969,0.089084424,0.09569491,0.11395846,0.12506196,0.15937543,0.17098498
-0.25907567,-0.20940779,-0.17395495,-0.13409781,-0.11032367,-0.10240991,-0.04486021,-0.03459303,-0.010399563,-0.010706643,-0.018147895,-0.012395763
0.16834806,0.14827439,0.12501459,0.113226414,0.09415891,0.076701544,0.061525397,0.052642465,0.049861915,0.050003447,0.057715066,0.046058096
-0.056706242,-0.08628658,-0.10563278,-0.11939508,-0.1274019,-0.12517133,-0.12668777,-0.11892296,-0.10869978,-0.096281625,-0.077323355,-0.05454825
0.42788893,0.3518726,0.2766991,0.2179301,0.17979029,0.15313724,0.13654284,0.12490074,0.121118024,0.13818835,0.18398795,0.19791712
-0.22994664,-0.26596704,-0.29230952,-0.31036788,-0.29935354,-0.29000086,-0.2551301,-0.20713583,-0.15860899,-0.11806738,-0.024409287,0.042981423
0.08043834,0.07012026,0.058061577,0.05202967,0.04221657,0.03620828,0.019168379,0.0033982377,-0.0061086603,-0.025215238,-0.037206374,-0.058641024
-0.26141393,-0.23500866,-0.19114453,-0.17905137,-0.14093564,-0.12466179,-0.088060886,-0.028664172,0.017795287,0.08389298,0.1650989,0.24270311
0.14053684,0.180205,0.20881855,0.19457154,0.21681964,0.19460055,0.19734627,0.15956163,0.16421306,0.09085403,0.08700467,0.012256011
0.41137186,0.33090734,0.24807829,0.20513172,0.15200323,0.12040122,0.085255414,0.05662287,0.040740468,0.03940061,0.049389508,0.035671134
0.46656153,0.4292012,0.39919674,0.38162148,0.338844,0.33117303,0.32922566,0.30136317,0.31515974,0.31073788,0.31519884,0.31795767
0.06767012,0.041621808,0.026059166,0.0074114576,-0.005492449,0.0003155768,-0.009232044,-0.0094973855,-0.008601576,-0.0001648441,0.017364547,0.029975258
0.01613798,-0.009818153,-0.04280991,-0.05593525,-0.07916588,-0.09216702,-0.10645462,-0.11386111,-0.112179175,-0.09870953,-0.092124924,-0.09314809
-0.028266523,-0.013625868,-0.016405642,-0.004755389,-0.0019139498,-0.03664455,-0.02412618,-0.047566634,-0.081373945,-0.11810758,-0.1790274,-0.22016144
-0.4843974,-0.4746064,-0.4418898,-0.43176764,-0.3967338,-0.38812494,-0.32672802,-0.2887493,-0.29198128,-0.25155333,-0.2366729,-0.1771615
0.37037367,0.28338528,0.23743242,0.20777768,0.16923997,0.19418424,0.18329975,0.20842952,0.21764654,0.28609234,0.37522444,0.4544617
0.07455286,0.011409201,-0.048414,-0.07948206,-0.11547467,-0.13736336,-0.1504837,-0.14564644,-0.13236487,-0.109697625,-0.072925225,-0.049947362
-0.1057202,-0.094576195,-0.0842016,-0.07149226,-0.06598149,-0.06822933,-0.05104363,-0.056116425,-0.06371871,-0.065926135,-0.08871597,-0.0887906
0.1269837,0.15636006,0.19895005,0.21118632,0.24937019,0.27115676,0.25985375,0.261834,0.27293536,0.24239793,0.32215717,0.27376258
0.35552928,0.33585522,0.32408208,0.30040008,0.28017706,0.2775122,0.26225927,0.23933558,0.22110043,0.19834468,0.19916932,0.16954978
0.1456419,0.15966517,0.1808688,0.17402376,0.17499566,0.15437073,0.16042455,0.13055725,0.104359515,0.07423344,0.051239215,0.012093678
-0.2192715,-0.23050667,-0.22622277,-0.2258249,-0.22154762,-0.20423529,-0.1868068,-0.1612482,-0.13833497,-0.110848874,-0.0698698,-0.023861237
-0.043831922,-0.08783436,-0.12292701,-0.14577477,-0.16115765,-0.14857627,-0.14116853,-0.11561123,-0.095158495,-0.05073507,-0.0093988,0.051332302
-0.07779302,-0.106531695,-0.13192098,-0.1394295,-0.15459572,-0.15318763,-0.14532535,-0.13547951,-0.12062515,-0.087266415,-0.07023331,-0.035063647
-0.089050815,-0.11629295,-0.12467662,-0.1397529,-0.15557337,-0.14857985,-0.094581276,-0.061647624,-0.033462718,0.032317527,0.04713907,0.14180163
0.19924828,0.14968139,0.11666499,0.09247404,0.07157557,0.05596645,0.03772448,0.024726905,0.0020940825,-0.005991675,-0.005092332,-0.0034707934
0.07652915,0.03532968,0.0129009485,-0.010995723,-0.036031805,-0.054556124,-0.05776197,-0.066404395,-0.056249376,-0.06346071,-0.044710826,-0.041565754
0.15834826,0.1893115,0.21356353,0.24069166,0.25436097,0.26370427,0.2648692,0.24897037,0.23206234,0.19859618,0.15052013,0.1243811
-0.29139006,-0.23894393,-0.18994044,-0.16131663,-0.12620659,-0.10011408,-0.100767925,-0.084012054,-0.06334905,-0.047164954,-0.0347485,-0.009353454
0.04034241,0.022511855,0.011030294,-0.005366534,-0.005090475,-0.0035004616,0.027016744,0.045675248,0.0711989,0.09105913,0.13068672,0.17003357
0.0858777,-0.004105866,-0.05256957,-0.07014805,-0.08401823,-0.009999156,0.0065464973,0.06610516,0.11493519,0.23761718,0.374505,0.5146131
0.46048808,0.34893662,0.2540972,0.18855765,0.12780723,0.085798115,0.05377078,0.06320414,0.07113436,0.09882027,0.12584688,0.1840443
0.04674401,0.03605009,0.02138729,0.019044515,0.010104656,0.016607255,0.01141686,0.015829943,0.02643146,0.05399867,0.06601091,0.08353327
0.12090091,0.1282351,0.13681234,0.13985832,0.14380527,0.13503185,0.13424848,0.12508553,0.12207003,0.09994593,0.1016455,0.07909832
0.0473038,0.04111798,0.038751066,0.045598596,0.05920048,0.061437547,0.07883912,0.08841638,0.11514154,0.10128279,0.1410133,0.15578143
0.11843096,0.13171828,0.1432646,0.1551229,0.15670168,0.16500512,0.14455763,0.12690988,0.1158211,0.09332526,0.06515654,0.03608063
-0.122576535,-0.06219852,0.035161525,0.10654991,0.14176469,0.1759513,0.22756782,0.2292835,0.2564262,0.2448107,0.27174225,0.28867346
-0.53405684,-0.52423537,-0.5097967,-0.49973482,-0.46323735,-0.41824624,-0.36105415,-0.31365258,-0.2765917,-0.22827451,-0.18089743,-0.10803394
-0.28705537,-0.2742273,-0.26616186,-0.26336497,-0.23485878,-0.22001389,-0.21450697,-0.18560658,-0.17148322,-0.15704113,-0.13713953,-0.11630699
-0.53885823,-0.47972167,-0.41125858,-0.362217,-0.3209182,-0.25842375,-0.19937707,-0.21381164,-0.19811268,-0.22832529,-0.22108382,-0.22953819
0.07846203,0.07690912,0.07582463,0.08751698,0.081826136,0.0583634,0.05186969,0.02863697,-0.015895177,-0.056640595,-0.09299204,-0.14087725
0.33937082,0.23895922,0.15415317,0.09799914,0.037100032,-0.001046285,-0.025566667,-0.032446146,-0.014048442,0.020197779,0.07904354,0.10938168
0.049537625,0.05974853,0.062581256,0.06546427,0.062360562,0.049476743,0.030608185,0.019870415,0.0045018643,-0.020231165,-0.051500835,-0.08371692
-0.43654177,-0.38007802,-0.35053155,-0.33962023,-0.28533047,-0.27813888,-0.20848425,-0.15969792,-0.0876744,-0.053828835,0.04334502,0.079907164
0.13428262,0.1319498,0.13392965,0.13588877,0.13605994,0.15448174,0.14669697,0.15305832,0.16571823,0.17394103,0.20114335,0.20726842
0.08802423,0.109033026,0.12612642,0.12943539,0.1461263,0.1385696,0.15583451,0.15357888,0.15638138,0.14222533,0.15275562,0.13571705
0.07522613,0.07350395,0.08943653,0.085305326,0.07709926,0.067684636,0.078282624,0.06624235,0.043543097,0.04484909,0.016888244,0.017641142
0.25627097,0.2394657,0.22623478,0.21950486,0.20535779,0.18112224,0.16858172,0.14113656,0.11512056,0.09493151,0.071922176,0.04318806
-0.047064565,-0.038432367,-0.014624834,-0.0051163547,0.0048319176,0.025691915,0.041993305,0.04800238,0.049551994,0.07234135,0.07613907,0.105791874
0.045194924,-0.012875907,-0.056309883,-0.0848414,-0.10851461,-0.115240924,-0.12061475,-0.10983485,-0.10231831,-0.079624265,-0.04457622,-0.006982105
0.00023517385,-0.021847025,-0.039715413,-0.045052335,-0.05012413,-0.051317867,-0.047778487,-0.039707784,-0.033238217,-0.027105384,-0.0114116,0.002934346
-0.5985105,-0.5695676,-0.57331264,-0.5441838,-0.50671244,-0.5035247,-0.47625962,-0.4209912,-0.37124744,-0.3483811,-0.32042238,-0.2838076
0.12515587,0.0801205,0.047035903,0.035702735,0.007757038,0.02019915,0.010920048,0.020424053,0.022527382,0.068118274,0.095228255,0.13423926
0.04680629,0.008200645,-0.0003540218,-0.018004239,-0.018530428,0.03248048,0.049865305,0.085656464,0.13691357,0.21175694,0.34241354,0.42392516
0.03319817,0.07065785,0.16063666,0.1257726,0.17480567,0.21098593,0.25551963,0.25238395,0.19407175,0.20839326,0.22380854,0.23235898
0.248613,0.17777716,0.12649441,0.09453513,0.059608847,0.035250023,0.00739491,-0.0077763647,-0.028950348,-0.04163651,-0.045253642,-0.042236168
-1.2481537,-1.0694107,-0.93354034,-0.8379719,-0.70566064,-0.6286227,-0.5458591,-0.49212164,-0.4505061,-0.43609858,-0.45725384,-0.433209
0.1791221,0.12591237,0.07569291,0.031708743,-0.0012497678,-0.02233889,-0.053441543,-0.05928337,-0.052949544,-0.04229821,-0.01159055,-0.008417853
-0.2202957,-0.18476015,-0.16623586,-0.16310208,-0.13309813,-0.12584849,-0.11259873,-0.09886831,-0.08574671,-0.11001356,-0.08787071,-0.11052099
-0.082516074,-0.0764415,-0.08305785,-0.092478506,-0.0755619,-0.08081002,-0.07820356,-0.062792234,-0.08390893,-0.066026434,-0.108772986,-0.08832994
0.52428705,0.53480005,0.5736195,0.5646069,0.5551228,0.56070685,0.55379385,0.4798029,0.4283653,0.32930395,0.2793951,0.1975064
0.25460058,0.23402667,0.2182862,0.19860607,0.17344353,0.1686984,0.15576133,0.1442653,0.14012462,0.15152448,0.15496711,0.15920012
-0.032031897,-0.017791133,0.01215554,0.026728403,0.023627438,0.026551545,0.012299515,-0.000113043934,-0.007575743,-0.022905381,-0.046449747,-0.055014424
-0.15450889,-0.14153147,-0.15187466,-0.13975784,-0.12658373,-0.12383574,-0.08437539,-0.072004825,-0.052081965,-0.0302547,-0.01858394,0.0054769125
-0.19272728,-0.18697748,-0.16938758,-0.17479986,-0.15176836,-0.12605074,-0.116300106,-0.090968296,-0.08098368,-0.06552223,-0.029056072,-0.0054860935
0.47744852,0.39266232,0.27400574,0.24991056,0.16817483,0.10867137,0.10375184,0.098484606,0.122786954,0.18751934,0.22054592,0.2555513
-0.055851545,-0.060077798,-0.059621997,-0.063970506,-0.053782117,-0.04895765,-0.0374688,-0.02193639,-0.012354676,-0.0099592265,0.01095917,0.029233223
-0.09442616,-0.16458121,-0.23094666,-0.2651566,-0.28515768,-0.24827519,-0.25544092,-0.21425284,-0.16238064,-0.080339566,0.00417638,0.10553178
-0.24180575,-0.23976454,-0.23251937,-0.23073348,-0.22415443,-0.22741038,-0.22622979,-0.21910208,-0.21669732,-0.21407324,-0.21355134,-0.21148595
0.19033276,0.13420407,0.10353103,0.077727646,0.046849437,0.026216649,-0.0012358576,-0.0043284968,-0.01785881,-0.021577079,-0.0053657973,0.0027394444
0.11157563,0.4084094,0.67183995,0.85154307,0.9667106,0.996865,0.9384743,0.7930113,0.6246382,0.34312624,0.024073437,-0.31455278
0.69173795,0.5976398,0.507386,0.4075325,0.34343314,0.3100134,0.27820358,0.27969947,0.29587168,0.3218886,0.44454825,0.43442306
-0.6232926,-0.5556286,-0.50428605,-0.44020963,-0.35533583,-0.32644683,-0.2587859,-0.17760113,-0.08826537,-0.08465652,-0.020597503,0.042140964
-0.39930937,-0.4083473,-0.4092589,-0.41740873,-0.39838105,-0.38861227,-0.3426549,-0.29887784,-0.27107894,-0.2111049,-0.14607014,-0.08040299
0.41198772,0.39207557,0.38642347,0.34713203,0.32530403,0.31266403,0.2921277,0.27319014,0.24514145,0.23765013,0.23504782,0.22239329
-0.16347209,-0.16039541,-0.14087932,-0.15677066,-0.13748994,-0.13973838,-0.082947746,-0.061529554,-0.041321814,-0.025963113,0.025059849,0.05054052
-0.3126983,-0.21805818,-0.16659921,-0.14103624,-0.07973093,-0.07964033,-0.067068785,-0.08393085,-0.1126267,-0.15007037,-0.21569873,-0.28454334
0.32124895,0.2647712,0.23176469,0.21059918,0.16627692,0.15195265,0.11461699,0.09155063,0.081346594,0.07042512,0.061230306,0.06559068
-0.3565922,-0.36623073,-0.37456924,-0.38281146,-0.352722,-0.34825048,-0.27860448,-0.2101309,-0.1595013,-0.09265704,-0.0046859607,0.08155055
-0.021314152,-0.008546889,0.0040882826,-0.015886717,-0.0032322407,-0.008518487,0.034106642,0.055369638,0.10294024,0.13515301,0.24565762,0.25200054
-0.061840877,-0.049670015,-0.010163471,-0.0012884885,0.008000582,0.0340697,0.05210314,0.06882255,0.08399546,0.10542668,0.14069748,0.16740859
-0.09675276,-0.13032442,-0.122217074,-0.11665779,-0.117691725,-0.14647108,-0.13739078,-0.10159789,-0.05410543,-0.02945216,0.060441155,0.11129485
-0.16143472,-0.18572402,-0.19591126,-0.20995633,-0.21280058,-0.20690064,-0.18032908,-0.1801017,-0.1799157,-0.16394314,-0.14064965,-0.118155085
-0.21177298,-0.20739745,-0.21232106,-0.20386966,-0.19167838,-0.18500236,-0.1810199,-0.16697213,-0.15591264,-0.14328888,-0.13410006,-0.117097534
-0.75098586,-0.65797406,-0.5963618,-0.54321426,-0.46349874,-0.44082603,-0.38564897,-0.33991718,-0.30772012,-0.30393025,-0.3026162,-0.28464735
0.2645115,0.25419283,0.2558025,0.25387692,0.24855264,0.2613181,0.2813493,0.2885752,0.2937038,0.31313193,0.33015686,0.3630931
0.059488714,0.014091913,-0.036377285,-0.06882157,-0.09218429,-0.099343725,-0.10419145,-0.092422485,-0.0665717,-0.029750101,0.014807744,0.04657266
0.06436919,0.12102581,0.19194774,0.21323258,0.22184008,0.21264814,0.2221615,0.20499012,0.2219433,0.22059281,0.20711328,0.19992818
0.1701475,0.14294377,0.12176821,0.09240854,0.085350335,0.08309569,0.069738954,0.07125594,0.08076369,0.09859213,0.15152687,0.15438296
0.035984967,0.06532523,0.12613338,0.11854405,0.13948362,0.14685726,0.17495075,0.17660639,0.15880887,0.15565994,0.15134004,0.14804931
0.5003152,0.4157987,0.3584091,0.24120894,0.23165357,0.16383886,0.18140745,0.22404054,0.24447739,0.3027982,0.41957042,0.49227822
0.049063765,-0.02985935,-0.10494078,-0.15003498,-0.18076766,-0.18353957,-0.19641888,-0.1679168,-0.13167755,-0.07867387,-0.0071319006,0.055411503
0.033437826,0.01128993,-0.018919345,-0.0067670606,-0.03750723,-0.052609697,-0.06172648,-0.083387986,-0.08960232,-0.100324005,-0.1439449,-0.15028018
0.26674268,0.27420813,0.27128255,0.2614736,0.24870116,0.22880569,0.2152578,0.19021475,0.16394007,0.1413092,0.12923808,0.07985793
0.015340338,-0.012909001,-0.05705267,-0.095963664,-0.12558636,-0.1422371,-0.12104478,-0.106973134,-0.071667954,-7.9702586e-05,0.05924136,0.09537473
0.42785788,0.4256115,0.45420372,0.38986516,0.36920294,0.33561987,0.28096586,0.24563378,0.24999389,0.21659705,0.28385413,0.20005909
0.039888714,0.0042043403,-0.02658189,-0.041105814,-0.05805558,-0.062210068,-0.055447206,-0.035226166,-0.0020413399,0.025301848,0.07621464,0.11620088
-0.12767442,-0.117715284,-0.096289575,-0.0720395,-0.04844153,-0.020062681,-0.024811186,0.0037185252,0.022716083,0.030599473,0.053174775,0.083841346
-0.040687434,-0.088475585,-0.13571125,-0.15951356,-0.18623011,-0.20855327,-0.21276397,-0.19404529,-0.18050589,-0.13215491,-0.10123293,-0.062331535
-0.18084824,-0.23009795,-0.29185575,-0.33488595,-0.34325767,-0.360342,-0.34111378,-0.3022573,-0.2531159,-0.19764888,-0.11697278,-0.057119794
0.27350894,0.2597012,0.25908494,0.24695924,0.23388773,0.21056335,0.18824425,0.15819228,0.12646103,0.06813614,0.030213818,-0.014182248
-0.11026886,-0.094912335,-0.1065854,-0.10669205,-0.10269889,-0.107407,-0.08333289,-0.0597016,-0.024019664,0.019693151,0.03747807,0.081441194
-0.044130675,-0.07624514,-0.085323475,-0.09761053,-0.1040576,-0.08979876,-0.0724619,-0.062082127,-0.032039702,-0.0112570375,0.044687834,0.08991471
-0.006281834,0.0071127564,-0.012084451,-0.007877231,-0.001770623,-0.004853174,0.012852982,0.018617861,0.05898784,0.053558685,0.06462195,0.0669464
-0.07535436,-0.079018064,-0.08247905,-0.09970799,-0.09252697,-0.09869166,-0.09597128,-0.09126852,-0.08072272,-0.09394294,-0.07863439,-0.08077118
-0.21198179,-0.27291176,-0.31322166,-0.33119017,-0.34417185,-0.34564283,-0.33557174,-0.28591087,-0.2546027,-0.19235791,-0.117668055,-0.03712078
-0.13085708,-0.1543462,-0.18177927,-0.19071737,-0.19710805,-0.1648171,-0.13789576,-0.120435566,-0.08440172,-0.033926316,0.015427424,0.06538792
0.09867641,0.08298439,0.06108845,0.054495644,0.037849106,0.030099524,0.029289309,0.029705483,0.035512596,0.04618598,0.04862923,0.056104552
0.18363005,0.11897929,0.064833075,0.032651544,-0.0032640994,-0.015451789,-0.0031635463,0.009839535,0.04025489,0.08533251,0.16855554,0.21023144
-0.36864775,-0.3616297,-0.34558046,-0.327938,-0.30724922,-0.28635687,-0.26438683,-0.24228695,-0.22863042,-0.20532733,-0.19212821,-0.15801685
-0.033453256,-0.07423821,-0.115999386,-0.14607587,-0.15729812,-0.16685133,-0.16766828,-0.15913942,-0.13493355,-0.120665595,-0.0672816,-0.048654363
-0.20429713,-0.1675911,-0.15267567,-0.14376956,-0.11481628,-0.11156075,-0.11404826,-0.103511296,-0.09996394,-0.10626617,-0.11295333,-0.1263262
0.42906848,0.38568234,0.3384077,0.28920397,0.2355226,0.21687743,0.17258441,0.14605868,0.12628925,0.14591302,0.14718036,0.12538357
-0.5609182,-0.5175437,-0.500696,-0.48304617,-0.4325423,-0.40299112,-0.3468529,-0.29444802,-0.2439544,-0.201478,-0.16172104,-0.10399425
0.04166834,0.15856403,0.24123564,0.30735332,0.32877293,0.30904356,0.27099776,0.17072135,0.08244756,-0.068443865,-0.27037832,-0.4529546
-0.10451865,-0.07413169,-0.05574353,-0.025009304,-0.022008717,-0.036915824,-0.04304777,-0.068849914,-0.08788969,-0.1400296,-0.21350917,-0.2624883
0.4120466,0.31362104,0.22302026,0.18612143,0.12841758,0.122792184,0.09276089,0.0890066,0.10111979,0.11215769,0.13425657,0.16892406
0.18179497,0.17758222,0.18110166,0.17362022,0.17064205,0.16443759,0.16293639,0.15611833,0.1444333,0.13636822,0.13473327,0.12709133
-0.021542717,-0.03829567,-0.03715221,-0.04627835,-0.048911296,-0.053814866,-0.049294572,-0.046414904,-0.049840234,-0.054649126,-0.046888027,-0.037282128
0.1500218,0.084762454,0.051692776,0.01277795,-0.01768257,0.010289814,-0.020114683,-0.01757379,-0.030092847,0.0011844374,0.046460066,0.07466261
-0.5620406,-0.631513,-0.61429006,-0.6127534,-0.572762,-0.43719235,-0.39429855,-0.33718783,-0.40031382,-0.25651276,-0.20732245,-0.069284424
-0.024947416,-0.022422813,-0.02916041,-0.024558306,-0.031333417,-0.033329234,-0.076951645,-0.087162346,-0.10274738,-0.102810696,-0.13299006,-0.15495953
0.045033142,0.036528707,0.041309368,0.036959056,0.028916288,0.041833423,0.0372334,0.032441948,0.03247276,0.031381484,0.04578175,0.047277693
-0.11044892,-0.0971147,-0.08504765,-0.074164614,-0.066786274,-0.058575664,-0.048921958,-0.04245426,-0.044721805,-0.035683934,-0.04518183,-0.035921395
0.0034989193,0.004777588,0.008842394,0.0077920854,0.011215247,0.021281809,0.021833032,0.034704536,0.041813537,0.078601055,0.10734084,0.13088037
0.18631221,0.20968685,0.22201905,0.23027766,0.22860499,0.21158764,0.21923894,0.20042172,0.20170766,0.16988921,0.14348605,0.111658834
-0.00348444,-0.011545606,-0.009775646,-0.011570625,-0.010090899,-0.0025121644,0.0037459955,0.01005115,0.0111025795,0.023480147,0.039046127,0.051377043
-0.40802228,-0.44202197,-0.42592353,-0.41258433,-0.4168715,-0.42728525,-0.4194588,-0.40142173,-0.41030216,-0.4146958,-0.41920733,-0.38512385
-0.14546275,-0.14859423,-0.1485934,-0.13758391,-0.13833761,-0.13675928,-0.119341396,-0.116922714,-0.10546775,-0.099830605,-0.07796401,-0.077404104
-0.20909703,-0.23404673,-0.24632198,-0.25822788,-0.2518894,-0.24501733,-0.2407091,-0.20502026,-0.18290217,-0.14391622,-0.09484725,-0.04339275
-0.21895495,-0.25062186,-0.27715895,-0.2843722,-0.28618968,-0.2653873,-0.24982947,-0.23039913,-0.2283788,-0.17592221,-0.15916143,-0.10016844
-0.6522534,-0.6422469,-0.6304686,-0.61855656,-0.57917273,-0.5354727,-0.4910253,-0.4384892,-0.39409548,-0.34381768,-0.2854661,-0.22322534
-0.26726848,-0.28707156,-0.2961899,-0.2970212,-0.2885461,-0.2711746,-0.24829699,-0.20612487,-0.17468223,-0.11141891,-0.04601088,0.019955426
-0.24315602,-0.23667173,-0.24248433,-0.23738211,-0.22537383,-0.21968852,-0.2140161,-0.19498743,-0.17489806,-0.16557539,-0.16140807,-0.14214881
-0.39150268,-0.364776,-0.3383103,-0.3147514,-0.2889224,-0.27035597,-0.22100592,-0.18770957,-0.15417388,-0.1146989,-0.09100653,-0.0361327
0.2982517,0.25102228,0.20934914,0.15356655,0.12163836,0.1093539,0.12185261,0.14503773,0.20696372,0.28290293,0.42168024,0.46603537
0.066251904,0.04416497,0.023475394,0.009609021,0.00517118,-0.0011604652,0.003925316,0.010275438,0.0296138,0.027696442,0.06478141,0.07752354
-0.19345914,-0.1496075,-0.12735227,-0.105038315,-0.085621506,-0.093839556,-0.069354415,-0.07839361,-0.08296457,-0.10367988,-0.12592779,-0.16014567
-0.082597084,-0.098899335,-0.1471475,-0.1643765,-0.1694805,-0.18585669,-0.19098835,-0.17718521,-0.16084495,-0.12428331,-0.09556051,-0.07858251
0.047125474,0.065137714,0.08824405,0.07811635,0.08643674,0.08213471,0.09221564,0.082564905,0.08302067,0.057645686,0.052335612,0.032632068
-0.14815482,-0.19363767,-0.226636,-0.2506254,-0.25713798,-0.23417881,-0.22891366,-0.19483902,-0.17094159,-0.114182055,-0.05371074,0.007272685
-0.08035114,-0.08341068,-0.09570624,-0.10458344,-0.09757516,-0.0805937,-0.082173735,-0.06791596,-0.037230507,-0.03704473,0.017881569,0.02750522
0.26319838,0.23189059,0.2536314,0.2299718,0.20906523,0.2865582,0.37396753,0.34137157,0.34666234,0.37776196,0.44289982,0.4928123
-0.22979729,-0.25062877,-0.2545256,-0.25802806,-0.2505303,-0.25179583,-0.21939224,-0.19152778,-0.16869743,-0.14228159,-0.09745924,-0.051872663
-0.14553213,-0.14576225,-0.15424015,-0.15133062,-0.14424081,-0.13364127,-0.120205864,-0.097031295,-0.0889848,-0.05617238,-0.044141706,-0.012301654
-0.15160748,-0.22200976,-0.28929853,-0.3184182,-0.35010517,-0.36294883,-0.37954354,-0.35445344,-0.32517824,-0.28563446,-0.24686064,-0.19144969
-0.046734765,-0.11630741,-0.18353668,-0.20863385,-0.2382517,-0.22526096,-0.21014632,-0.17264456,-0.14792283,-0.068273105,-0.0012427047,0.07983407
-0.27080727,-0.23375456,-0.19543818,-0.1624264,-0.13491006,-0.11361835,-0.112671174,-0.096774705,-0.10375996,-0.106897414,-0.13706051,-0.12843253
0.17006955,0.1687554,0.32833755,0.41975287,0.31715617,0.244136,0.30985585,0.30062267,0.2613476,0.4833715,0.31557804,0.55105656
-0.23042107,-0.29250628,-0.3661961,-0.39046097,-0.4141485,-0.43806082,-0.4563805,-0.4347543,-0.41533735,-0.3738323,-0.35744366,-0.3126775
-0.9030446,-0.77434003,-0.69736445,-0.6296536,-0.5359752,-0.5015184,-0.4540474,-0.4194333,-0.3918575,-0.41082844,-0.4430431,-0.45591557
-0.3222249,-0.23055,-0.14485887,-0.08041891,-0.007892214,0.030308455,0.054871,0.076286905,0.08307701,0.052911963,0.03146115,0.027298942
0.025947992,0.06874866,0.09036688,0.11350742,0.12961048,0.11335431,0.10179814,0.08285402,0.063526705,0.022185706,-0.037639026,-0.086371854
-0.2967701,-0.25177568,-0.20824182,-0.16741678,-0.13038816,-0.09462687,-0.09058796,-0.086758494,-0.084385976,-0.10078509,-0.119225055,-0.124289736
-0.027630325,-0.04254935,-0.058030333,-0.06495623,-0.080173045,-0.09716407,-0.12056232,-0.14636002,-0.16295128,-0.19248526,-0.22462754,-0.257527
-0.095146835,-0.04624153,-0.020251565,0.01529029,0.03677884,0.023080103,0.03146257,0.028144963,0.050299365,0.020491395,0.022759955,-0.014057033
0.011701284,0.042559072,0.06696678,0.07602355,0.08296196,0.0852546,0.09666675,0.08094244,0.07377977,0.053629532,0.012052147,-0.008307895
0.196052,0.17574677,0.16700405,0.15989506,0.12872022,0.09935616,0.049863942,0.010168411,-0.044859767,-0.09301777,-0.17500366,-0.22389017
0.24967411,0.25112596,0.25884628,0.25270697,0.2400738,0.20816138,0.18650323,0.15169273,0.12193035,0.0854019,0.06473007,0.013717974
-0.23237152,-0.19752167,-0.16327372,-0.14059713,-0.1122298,-0.10503097,-0.08622261,-0.08594321,-0.086258136,-0.107461154,-0.11897701,-0.13423023
-0.03597741,0.0097426735,0.029019967,0.04749574,0.074724235,0.071584776,0.07183404,0.07651456,0.08415265,0.073402114,0.065175824,0.038722247
0.07644445,0.09659009,0.110473245,0.12941869,0.14385574,0.16426775,0.17216735,0.17352396,0.19181733,0.18349496,0.17753105,0.17962414
-0.24377358,-0.22275066,-0.20935357,-0.20703809,-0.18865074,-0.17847575,-0.14126065,-0.1172892,-0.074545026,-0.05780576,-0.018615877,0.007021505
0.071466506,0.16576733,0.25485757,0.31313127,0.3352701,0.33475178,0.33105367,0.27935892,0.21243045,0.13883358,0.012936551,-0.087432876
0.025722537,-0.04234282,-0.13038221,-0.16083245,-0.20743318,-0.24924727,-0.26698607,-0.2704832,-0.25165483,-0.22292726,-0.20648214,-0.18782058
0.110066965,0.05924907,-0.00021336228,-0.028887331,-0.058320895,-0.069573216,-0.06788314,-0.06541982,-0.052386254,-0.027623925,0.003988756,0.029464109
0.0068288036,-0.026838753,-0.052253053,-0.06917919,-0.0809115,-0.086852215,-0.10217972,-0.09569591,-0.09485565,-0.08086571,-0.060071513,-0.046278294
-1.2037704,-1.097133,-1.0079567,-0.94663525,-0.8454031,-0.79472,-0.7416157,-0.6858366,-0.64030564,-0.64702576,-0.65096253,-0.6166233
-0.19934541,-0.19109084,-0.18365778,-0.18319538,-0.17954576,-0.18490356,-0.1496718,-0.13769054,-0.12904921,-0.115522295,-0.11038185,-0.09604553
-0.3503633,-0.37070423,-0.38882685,-0.38871017,-0.3825078,-0.37814468,-0.34638897,-0.30687237,-0.28791082,-0.25320914,-0.2209886,-0.16682923
0.26198393,0.18217368,0.11116998,0.068228185,0.027752042,-0.0055188537,-0.025709838,-0.015811697,-0.002266243,0.027636424,0.075449094,0.11095818
0.054225706,0.058454618,0.04433491,0.027624525,0.03455642,0.045589566,0.07883955,0.09138717,0.11367593,0.14115568,0.17204773,0.19996488
0.06916788,0.018935025,-0.02349034,-0.044800356,-0.06407733,-0.05971256,-0.059432626,-0.044392243,-0.022506699,0.0064157844,0.067467995,0.106387794
0.057849593,0.10474521,0.14310145,0.16627723,0.18353637,0.18710689,0.18576574,0.1603691,0.14611423,0.0972618,0.0504,0.0039560087
0.06870763,0.02204686,-0.013995024,-0.054562707,-0.07999001,-0.09701482,-0.10722121,-0.11101766,-0.10487792,-0.10445203,-0.08015482,-0.07493336
-0.07347801,-0.054629233,-0.04218131,-0.040089976,-0.02028303,-0.013216814,0.0058791,0.018691413,0.026437046,0.034312792,0.037718408,0.05443663
-0.023828581,-0.034718987,-0.042669915,-0.06453927,-0.061537415,-0.055027,-0.034742538,-0.021824595,-0.0020935237,0.019966833,0.067490794,0.0883079
0.2020486,0.17257829,0.12724647,0.0887098,0.055444762,0.033231363,-0.008454755,-0.020162806,-0.018420167,-0.0009204447,0.00019119494,-0.0127298385
0.093636125,0.1059862,0.10595971,0.11447683,0.122642964,0.13926119,0.14627437,0.14514309,0.15965103,0.14753988,0.13923135,0.14025253
-0.20991246,-0.1395267,-0.11323002,-0.052795477,-0.03318613,-0.048609093,-0.05927944,-0.06350297,-0.07823575,-0.12459468,-0.22344963,-0.28008956
-0.100814,-0.117655754,-0.1285015,-0.13155176,-0.13348642,-0.13705927,-0.12006971,-0.11005344,-0.10061334,-0.08760822,-0.07393692,-0.054588024
-0.18772943,-0.15901908,-0.14656568,-0.15001759,-0.11659904,-0.117197566,-0.10598175,-0.08579319,-0.071305685,-0.064480595,-0.033081688,-0.03706219
0.026120285,0.031683903,0.028841209,0.017938979,0.022230513,0.011927456,0.0003586188,-0.01834105,-0.032614566,-0.06363823,-0.07846463,-0.11194235
0.12225084,0.10124643,0.08568021,0.062208332,0.038907956,0.018256307,4.198402e-06,-0.014924154,-0.016698245,-0.043302998,-0.05474467,-0.07698986
-0.12263075,-0.15303889,-0.18046857,-0.19270754,-0.20240094,-0.20148009,-0.1938108,-0.18405211,-0.16718057,-0.15002453,-0.13128325,-0.0998729
-0.17798202,-0.14151461,-0.10332041,-0.1014501,-0.0662141,-0.045696937,-0.022090126,0.006524559,0.019859545,0.053530302,0.07665432,0.10598525
0.47082847,0.39295182,0.29225543,0.22566113,0.1852409,0.1362555,0.15977871,0.14345273,0.17200091,0.21572325,0.30281687,0.32740948
0.0010824874,0.065503165,0.09967181,0.13022375,0.1573785,0.1365189,0.120911464,0.08943662,0.054808185,-0.008033663,-0.0791454,-0.16167451
-0.036476687,0.005800206,0.028946746,0.055362847,0.06697142,0.06873381,0.07331073,0.058831368,0.048355855,0.017110337,-0.021281004,-0.061026704
0.04954443,0.08112483,0.09099768,0.1058829,0.1099777,0.105015665,0.09552155,0.07817678,0.07357868,0.04846392,0.013447376,-0.023698526
-0.05733312,-0.08387429,-0.10374193,-0.109083444,-0.10819527,-0.095789716,-0.103652954,-0.06932618,-0.048522204,0.0078959875,0.0713936,0.116510004
-0.034408573,-0.067011,-0.07186211,-0.08473085,-0.09205835,-0.08203834,-0.08361432,-0.0713578,-0.07692099,-0.029878123,0.004983863,0.036929898
0.17678659,0.14179792,0.12894556,0.120434985,0.10445097,0.09486169,0.08377692,0.082123734,0.060616918,0.08801749,0.089701466,0.1007545
0.1483012,0.10273169,0.071274385,0.04269758,0.023255274,0.026721,0.01930964,0.040032364,0.049147196,0.09080841,0.13592382,0.18477933
-0.03883254,-0.028855085,-0.03337343,-0.031712912,-0.014034312,-0.00090191513,-0.018676221,0.0007894337,-0.0029336065,0.01134756,0.025008637,0.0347081
-0.060055412,-0.086940095,-0.099041015,-0.11307311,-0.10409921,-0.09164871,-0.06511247,-0.022568323,0.012055963,0.06764244,0.14610918,0.2157327
0.14891374,0.10964834,0.08144254,0.08865498,0.062756896,0.058696073,0.046490982,0.033762623,0.033372264,-0.008489561,-0.04010948,-0.049201578
0.34358034,0.33612597,0.31568906,0.3066099,0.2999245,0.298796,0.33332738,0.3103634,0.34178856,0.29257095,0.2856528,0.2780202
-0.08741813,-0.10531156,-0.112678915,-0.11032202,-0.09680016,-0.06658165,-0.035980746,-0.0050065517,0.014665693,0.048145242,0.07772511,0.13879289
-0.2978492,-0.22065195,-0.18010367,-0.15278429,-0.100996226,-0.08424713,-0.023961298,-0.0008809641,0.037078224,0.025365919,0.0643797,0.05136299
0.25365078,0.21054259,0.18532614,0.1508972,0.12635648,0.118662536,0.110759735,0.10690527,0.11067489,0.110642746,0.14007708,0.15684348
0.016103322,-0.005595699,-0.023273103,-0.05195573,-0.060961552,-0.0642272,-0.06675162,-0.060715735,-0.04965156,-0.039328568,0.016037136,0.014873855
0.19143191,0.18987074,0.19138649,0.18894878,0.17296186,0.15737422,0.13335851,0.109993964,0.08151896,0.055738766,0.015365617,-0.014676616
0.3378464,0.32647803,0.33712667,0.3243681,0.3149718,0.35217378,0.35160065,0.3503754,0.3166763,0.33207786,0.31608987,0.33532277
0.35635972,0.32868248,0.32448694,0.31694305,0.286391,0.27606097,0.24739015,0.21235569,0.190206,0.15304548,0.133163,0.10100174
0.4073704,0.41840374,0.44799596,0.4376245,0.42525703,0.40161288,0.35075456,0.28222916,0.19823904,0.10886652,0.028352492,-0.070187256
0.448377,0.5599181,0.6889795,0.7550777,0.75814617,0.68841773,0.60399103,0.4340507,0.2776475,-0.0020540357,-0.2860656,-0.5725307
-0.2482809,-0.2468996,-0.2185373,-0.2071706,-0.18070394,-0.12990397,-0.10387242,-0.07042655,-0.09200664,-0.023053259,-0.010434073,0.044997137
0.0004909001,-0.008515187,-0.025236651,-0.02863644,-0.02693054,-0.019051306,0.002488792,0.02190084,0.057738215,0.0891009,0.13648146,0.17362115
0.20855063,0.19899854,0.18734759,0.14428529,0.13932413,0.121333465,0.052048624,0.026055634,-0.0034119934,-0.061675236,-0.06381537,-0.14111677
-0.14817595,-0.17721702,-0.20565093,-0.2201176,-0.21802709,-0.22020276,-0.19750884,-0.17438672,-0.1557853,-0.12663372,-0.08390438,-0.037170846
-0.099975206,-0.10062558,-0.09652559,-0.08702382,-0.080606736,-0.068242356,-0.06356994,-0.049319107,-0.042545337,-0.039523497,-0.0487435,-0.0207986
0.14465939,0.14732382,0.13277188,0.14122795,0.12839195,0.10719858,0.10055788,0.08058384,0.05406674,0.034967165,-0.019492013,-0.04839555
-0.08749531,-0.036852293,0.0132249445,0.023963317,0.057721987,0.07028234,0.078379184,0.07238641,0.054543283,0.027646463,0.006232269,-0.018870372
0.14139321,0.04374703,-0.008371256,-0.048119232,-0.10339883,-0.12736683,-0.18033512,-0.1963957,-0.22526637,-0.24576133,-0.26740107,-0.25876322
0.73193187,0.65279645,0.6096456,0.5690221,0.50824,0.4819232,0.5094004,0.49885607,0.55667835,0.50029546,0.5583327,0.5626792
0.20746213,0.18215014,0.17808694,0.1705774,0.15118733,0.161095,0.15495124,0.14720859,0.1449872,0.1669524,0.17108956,0.1999787
0.13251199,0.14151362,0.14604306,0.15491357,0.15382165,0.14265399,0.16770297,0.14743643,0.16011159,0.1054474,0.09946285,0.06990318
-0.44730946,-0.3904786,-0.3409076,-0.3145998,-0.26328027,-0.23719352,-0.18113968,-0.14561488,-0.10615138,-0.08788734,-0.051916603,-0.023899201
0.18394522,0.19954902,0.21708417,0.21922529,0.20281881,0.18354522,0.16791756,0.1353279,0.093830355,0.061063513,0.0012394702,-0.053322226
0.14167187,0.09014513,0.058115073,0.03726556,0.009715319,-0.019223735,-0.034780703,-0.024401315,0.001638189,-0.0058552697,0.040539954,0.053407196
0.24055472,0.22701484,0.21712656,0.21072602,0.19533567,0.18818429,0.1753652,0.15112384,0.12399642,0.10482754,0.075003155,0.0486666
0.5335386,0.48338163,0.40616998,0.39674294,0.3116393,0.24551257,0.15032628,0.05042191,-0.018268913,-0.08992664,-0.22440156,-0.33814895
0.09921889,0.046453215,0.023663767,0.010089673,-0.019970879,-0.04658597,-0.0753638,-0.06876502,-0.053470865,-0.04692954,-0.008493353,0.011427745
0.09936172,0.092467874,0.06440981,0.049891975,0.033549607,0.04269396,0.05063913,0.0401866,0.04790155,0.06999086,0.06683584,0.07516902
-0.045375425,-0.027380401,-0.00530624,0.0063636694,0.017363757,0.008747095,0.03010367,0.026212774,0.015523132,0.01355588,-0.0061227437,-0.008217989
-0.102691874,-0.057429574,-0.042992465,-0.016557291,-0.0011448488,-0.007591903,-0.010706224,-0.006172903,-0.002562657,-0.0015294626,-0.03019834,-0.043659396
-0.43322483,-0.39468414,-0.3890422,-0.3657151,-0.34245476,-0.3492027,-0.31358957,-0.2938693,-0.26577392,-0.25353077,-0.26753512,-0.2562247
0.17591496,0.1663774,0.13696083,0.13668482,0.11866244,0.10103789,0.1044794,0.090038985,0.09009018,0.0951369,0.08752377,0.072245784
0.12462607,0.27623913,0.39130053,0.48673022,0.5163472,0.50545967,0.4677119,0.37692767,0.2908675,0.15243706,-0.08120627,-0.24516165
0.098801546,0.03879334,-0.015471563,-0.054081082,-0.080060095,-0.08362825,-0.09428722,-0.08199445,-0.05751629,-0.018447898,0.038635157,0.08328995
-0.8233118,-0.6650614,-0.57370293,-0.474679,-0.39036173,-0.38592452,-0.3534638,-0.32544014,-0.31101853,-0.3496612,-0.44687992,-0.4842536
0.032630086,-0.03081249,-0.104150295,-0.12292022,-0.15487367,-0.17905879,-0.20710316,-0.1993455,-0.18476996,-0.17240284,-0.14173357,-0.123328835
0.19205754,0.1865366,0.18225516,0.16638435,0.16623186,0.16500767,0.14728338,0.1433369,0.120869905,0.115350306,0.089121304,0.08784897
0.42027876,0.3991876,0.38728732,0.34034914,0.3377861,0.30273676,0.2837631,0.28039926,0.2606725,0.25307667,0.25894082,0.2533881
0.20953572,0.22862747,0.22794352,0.24140492,0.23118375,0.21758291,0.18313713,0.14817263,0.12932679,0.09257089,0.033338092,-0.020808324
-0.12815525,-0.010500997,0.091813594,0.16159457,0.20711231,0.21113124,0.18402055,0.1617279,0.04766366,-0.015675366,-0.15767832,-0.24123317
-0.17581913,-0.17077827,-0.17669024,-0.17080243,-0.1782078,-0.18771243,-0.17007041,-0.16739957,-0.15317929,-0.1382512,-0.14489062,-0.13438253
0.2876028,0.25912315,0.24436004,0.20576094,0.20441513,0.18898454,0.17276365,0.17510743,0.18549079,0.16322352,0.20272118,0.20317978
-0.3218113,-0.24358511,-0.20540659,-0.15789202,-0.12645158,-0.13529438,-0.13239324,-0.15600932,-0.17879933,-0.23560114,-0.33197868,-0.40178725
0.087738656,0.021017864,-0.042118654,-0.07322514,-0.10709031,-0.12592569,-0.14409637,-0.13008793,-0.123113744,-0.069286525,-0.032096725,0.012220632
-0.23822646,-0.20672148,-0.17403689,-0.16941732,-0.13608623,-0.10957223,-0.057497095,-0.027091406,0.005238805,0.035378322,0.07049202,0.11623863
0.36604118,0.23797137,0.14236626,0.075512856,0.022992283,0.006220311,0.00077444315,0.009264499,0.043116868,0.07363197,0.18873355,0.24544998
-0.5798469,-0.55554426,-0.5350663,-0.500703,-0.43887702,-0.348053,-0.3463386,-0.2816378,-0.26804918,-0.18906204,-0.14259142,-0.07195263
0.5163946,0.55158067,0.5985097,0.6341412,0.60968494,0.5727481,0.50088316,0.43482327,0.3742771,0.3179661,0.19579592,0.10709345
0.8247809,0.7462163,0.7712668,0.688908,0.61460197,0.5890939,0.46780333,0.39499226,0.3565506,0.26535106,0.2464619,0.16264832
-0.40005678,-0.39129567,-0.40284455,-0.40135956,-0.36392885,-0.35035318,-0.33200225,-0.28760272,-0.25677097,-0.2333389,-0.1914377,-0.15409136
0.042838518,0.016631536,-0.010903031,-0.03285028,-0.039181672,-0.036236018,-0.043202817,-0.021882325,-0.0060599446,0.01497151,0.05057699,0.07831812
0.050538033,0.00902576,-0.026714139,-0.053377785,-0.08106063,-0.10322308,-0.10748096,-0.09793999,-0.07746806,-0.03971795,0.0060630627,0.027213616
0.08435803,0.13097543,0.17015897,0.2024114,0.19889092,0.18741208,0.1416244,0.09269646,0.036639944,-0.03399256,-0.1557823,-0.24372506
-0.45223257,-0.4039231,-0.3535422,-0.3157312,-0.26615155,-0.22676936,-0.19529843,-0.18483701,-0.18546909,-0.20066394,-0.21606965,-0.21494338
0.17574088,0.15020788,0.13437757,0.11733558,0.102198474,0.0961695,0.07723634,0.072860554,0.062420987,0.065863475,0.07943078,0.07773483
-0.033565447,0.016852163,0.03951074,0.048570037,0.07318659,0.07902494,0.089055285,0.07035639,0.0733003,0.052765895,0.052753225,0.0054344162
-0.46456292,-0.4417109,-0.3886034,-0.3604372,-0.3011551,-0.27284944,-0.1881375,-0.1344061,-0.10031937,-0.07042277,0.0126197,0.06756819
0.005946316,0.00481023,0.0019201003,0.00742789,0.00489204,0.008531963,0.018714607,0.028071387,0.04481792,0.047276877,0.055033535,0.07147628
-0.5371991,-0.50711167,-0.5014573,-0.48362532,-0.44926786,-0.46355993,-0.43791145,-0.3903394,-0.3423549,-0.31827104,-0.27557185,-0.24943118
0.27968025,0.26859584,0.26277304,0.26169872,0.2331442,0.21313812,0.18662064,0.13820297,0.10851016,0.060800884,0.009927171,-0.042742036
-0.12473537,-0.12400332,-0.11754967,-0.12172177,-0.11557938,-0.1105466,-0.0973573,-0.08317817,-0.075794734,-0.057457954,-0.042240255,-0.023673654
0.15744512,0.14308289,0.12970445,0.12930562,0.114515126,0.098934606,0.078598775,0.061069947,0.038881097,0.014609412,-0.015081221,-0.03137283
-0.39537013,-0.3214589,-0.27032325,-0.23997521,-0.18217976,-0.15013272,-0.11220678,-0.081599966,-0.057807807,-0.04607304,-0.048959866,-0.031640302
0.3545013,0.31308824,0.28123224,0.24102074,0.20483547,0.16185093,0.11688203,0.0891295,0.050072867,0.04240573,0.025197623,-0.006536994
-0.07177326,-0.086048976,-0.108955115,-0.11613178,-0.11197764,-0.124277234,-0.12540837,-0.12829943,-0.12585858,-0.14391364,-0.14877972,-0.14925762
0.34794205,0.25670373,0.2193762,0.20056519,0.15562457,0.1893557,0.1843993,0.2048524,0.21487811,0.2752741,0.34964973,0.4285761
-0.22947344,-0.25380024,-0.25549132,-0.27114135,-0.254343,-0.23385374,-0.20896357,-0.18624535,-0.17221698,-0.14400458,-0.07667436,-0.030189436
-0.12656446,-0.104924515,-0.06834822,-0.03610208,-0.03560623,-0.024358869,-0.018235222,-0.015096843,-0.0054725483,0.008810765,-0.0030072108,0.016228415
-0.20509277,-0.22524458,-0.24445383,-0.24199247,-0.23951021,-0.23605046,-0.23560813,-0.20576972,-0.19121715,-0.15973851,-0.12790015,-0.09591538
-0.010709273,-0.019700315,-0.014484247,-0.00825387,-0.016546786,-0.012021633,-0.00589187,-0.006956739,-0.023104077,-0.004317555,-0.022275401,-0.0050876224
0.20397726,0.28751546,0.35992885,0.41026205,0.4167856,0.42659786,0.3972388,0.32485962,0.25024217,0.15787664,0.012063932,-0.101067424
-0.13080935,-0.1707245,-0.16995642,-0.21174446,-0.18729867,-0.16280642,-0.20210662,-0.1571176,-0.1427136,-0.1616473,-0.115302205,-0.07822892
0.41770872,0.38106817,0.43733585,0.44508594,0.42096248,0.33108076,0.36430866,0.4127746,0.4639327,0.55145454,0.6475627,0.7616059
0.76133627,0.7196444,0.6686591,0.5966599,0.52203345,0.4931556,0.3696667,0.26258963,0.21179163,0.12977903,0.10080253,-0.06320667
-0.32550657,-0.28826767,-0.2489999,-0.22651976,-0.19327222,-0.18862829,-0.16803631,-0.14796945,-0.14553884,-0.14660516,-0.14818656,-0.14503977
-0.037264362,-0.0412629,-0.03830779,-0.03190431,-0.030603804,-0.021487944,-0.017604575,-0.010091759,-0.00089424476,0.006236829,0.019859605,0.033825576
0.11874388,0.12994511,0.15753499,0.16211966,0.16951266,0.17367852,0.17464149,0.15504614,0.14840898,0.12819357,0.13181175,0.10959626
-0.012179218,-0.077939615,-0.13700369,-0.17396566,-0.21164867,-0.21984348,-0.25963533,-0.26537526,-0.26852843,-0.2442691,-0.23807144,-0.21315786
-0.040952608,-0.039279774,-0.050339524,-0.05889837,-0.054915093,-0.081970416,-0.07574798,-0.07480058,-0.06998579,-0.080636516,-0.0520396,-0.07606961
0.4096047,0.4085779,0.39852107,0.40458822,0.38042554,0.38543886,0.3643227,0.3266914,0.30217645,0.28171295,0.23551475,0.20446682
0.20259897,0.18965912,0.1719566,0.1383813,0.12822734,0.11952565,0.13169274,0.140129,0.1402862,0.17674758,0.1936929,0.21618614
-0.92728245,-0.804839,-0.73382074,-0.6846607,-0.5895999,-0.56431323,-0.51221544,-0.45409608,-0.3937807,-0.38477248,-0.38280442,-0.36773023
0.1678094,0.19109166,0.21019602,0.20614213,0.21815515,0.23807938,0.20635185,0.18046188,0.15740922,0.12684464,0.10324106,0.05515092
0.25062835,0.23177433,0.21163398,0.17952962,0.16844958,0.16929972,0.14067523,0.12093017,0.109245405,0.093075395,0.10241835,0.07557526
-0.28847307,-0.30111727,-0.29417184,-0.30791432,-0.2892066,-0.26635575,-0.23541602,-0.20559925,-0.20830865,-0.15703502,-0.115529336,-0.06714846
0.052992977,0.02375485,0.026846409,0.044332385,0.058486342,0.07470107,0.07932794,0.13901049,0.18426305,0.2330164,0.3311072,0.41733152
0.3023628,0.3317638,0.3668059,0.3742734,0.3640651,0.3392403,0.3155687,0.26327133,0.21549913,0.15751687,0.08806723,0.009920139
0.110564515,0.03264302,-0.028642386,-0.07290084,-0.10207009,-0.10315321,-0.1259871,-0.115394905,-0.09065808,-0.076884285,-0.02002554,0.018311612
0.29749936,0.25838816,0.23464578,0.19938515,0.18414673,0.17353642,0.17178303,0.17805776,0.20355012,0.2061565,0.24541883,0.2715436
-0.20117769,-0.13190076,-0.08370416,-0.03843537,-0.01025486,-0.003077373,0.0055614114,-0.019120246,-0.040192567,-0.08282744,-0.1702256,-0.21604711
0.12572052,0.13687146,0.16034165,0.17675847,0.17528602,0.17995678,0.14068817,0.101781875,0.05919745,-0.003511887,-0.076230705,-0.13002582
-0.54832387,-0.49857086,-0.42439193,-0.36211872,-0.31611255,-0.36153933,-0.31569234,-0.25800347,-0.20763442,-0.19147605,-0.14075924,-0.0967098
0.4814171,0.32925725,0.24210548,0.14494833,0.052441567,-0.03364636,-0.08523095,-0.10907017,-0.1494093,-0.13923162,-0.1250727,-0.097549185
-0.18086022,-0.14196938,-0.095949255,-0.06656991,-0.0534046,-0.04760702,-0.046421647,-0.06782043,-0.09503477,-0.14121129,-0.20955835,-0.24895999
0.6629218,0.54454595,0.4184866,0.3409687,0.25127444,0.20113109,0.11410999,0.09406139,0.057790656,0.09957139,0.10614561,0.1100906
0.11190286,0.08671176,0.0751443,0.062176477,0.050483897,0.036659557,0.019800024,0.010033002,-0.008362118,-0.029592311,-0.039538555,-0.05231709
0.030966721,-0.036501832,-0.07463024,-0.11073597,-0.13974395,-0.16783246,-0.18966103,-0.18208417,-0.18897742,-0.17060488,-0.14558041,-0.12301615
-0.23025239,-0.20772651,-0.1904832,-0.17824209,-0.15009807,-0.105822265,-0.0920918,-0.05779775,-0.02345293,0.008560285,0.04701198,0.09051671
0.13794555,0.112888075,0.09907813,0.086060986,0.07980716,0.08753136,0.080816284,0.088162936,0.103649415,0.113227144,0.14825962,0.17073238
0.15897913,0.117118865,0.084574714,0.06577203,0.03659971,0.019354314,0.014848381,0.013526522,0.014493935,0.02874691,0.039329704,0.06086357
0.17887908,0.15428966,0.12478272,0.107639834,0.07982549,0.07337652,0.080151975,0.05825436,0.046943318,0.033396114,0.014018218,0.009807271
-0.3780006,-0.32474956,-0.30072075,-0.26908702,-0.23602663,-0.22796051,-0.2191953,-0.20848037,-0.19466144,-0.20649332,-0.22762436,-0.24081624
-0.07507661,-0.058287576,-0.027692402,-0.009947015,0.008883063,0.019975958,0.036739603,0.04381425,0.03609661,0.03377049,0.01667739,0.026059022
-1.4700204,-1.2844568,-1.1839391,-1.1554527,-0.9731815,-0.9684006,-0.9010565,-0.7920815,-0.71612275,-0.7286016,-0.72466767,-0.7188069
0.31643236,0.5445586,0.7507064,0.8700193,0.9298339,0.92229515,0.8593911,0.6963701,0.5305416,0.25955057,-0.05291684,-0.36718342
0.29566705,0.30746162,0.29141465,0.30935657,0.2813466,0.26893136,0.26305282,0.24366066,0.24676394,0.2469933,0.22170055,0.19432092
0.028723974,0.011227183,-0.0027781203,-0.015721083,-0.019520096,-0.026577868,-0.023330063,-0.0146231055,0.0022712946,0.022921018,0.059925213,0.0802432
0.1661079,0.1482825,0.10084589,0.07667411,0.061490312,0.020833828,0.02010837,0.010351514,0.021964824,0.031703472,0.057353776,0.044252746
0.015366524,-0.030175112,-0.06904573,-0.08963361,-0.10429756,-0.09301883,-0.08431627,-0.06299349,-0.043744996,-0.0015969202,0.041940276,0.09503152
-0.550168,-0.47251403,-0.42313504,-0.3826837,-0.33731133,-0.3074667,-0.2723694,-0.25992975,-0.2500502,-0.25497895,-0.27753243,-0.28477308
0.049938716,0.03415116,0.026066296,0.021146096,0.012024105,0.008395374,0.021968424,0.031959325,0.045382746,0.06355536,0.07179359,0.09905586
0.3490131,0.34553915,0.28115132,0.2767416,0.23867181,0.19245186,0.13698243,0.074336305,0.016809024,-0.001361087,-0.10840623,-0.1858482
-0.20881782,-0.16538277,-0.14846425,-0.11427991,-0.09886736,-0.082375154,-0.06857468,-0.0709025,-0.04906535,-0.06261596,-0.109819666,-0.1109087
0.09401983,0.18811285,0.28975105,0.27301165,0.31731367,0.28119844,0.26516202,0.19180661,0.10438022,-0.006934345,-0.10798456,-0.25496277
-0.08889432,-0.025577039,-0.017922267,0.017265633,0.029871762,0.03563796,0.035981685,0.010554597,0.011451185,-0.011255257,-0.068400025,-0.11595911
0.040916827,-0.0032697674,-0.05925653,-0.08020823,-0.10899374,-0.1246164,-0.15210006,-0.15996993,-0.15930073,-0.15041927,-0.15628451,-0.15314727
-0.020696908,-0.052964203,-0.085791245,-0.113113806,-0.13403569,-0.17092034,-0.1488389,-0.12500659,-0.09544773,-0.024762198,0.07580806,0.094602615
-0.38176838,-0.32294273,-0.2668069,-0.23699991,-0.18656117,-0.15629208,-0.1351283,-0.09859028,-0.07762655,-0.055606175,-0.024304088,-0.007488598
-0.15268849,-0.23378651,-0.27670884,-0.30680954,-0.3346228,-0.32892773,-0.31639898,-0.2783484,-0.23436221,-0.17764449,-0.09652003,-0.005164463
0.05470734,0.039978743,0.031129908,0.027003407,0.015450513,0.014402188,-0.00446314,-0.0046631265,-0.013529366,-0.019687448,-0.031850066,-0.03213911
0.23881936,0.18030697,0.13217053,0.09435664,0.05891724,0.046991423,0.019090772,0.038660973,0.031216927,0.07765648,0.09919146,0.14444806
0.106972784,0.083577655,0.061841823,0.044948474,0.036263056,0.029797956,0.03726002,0.044099964,0.05207409,0.06547508,0.085120365,0.09978312
0.5208369,0.549641,0.56554365,0.5635451,0.5552879,0.5335655,0.5264962,0.47579736,0.43978056,0.3950474,0.32735386,0.2645889
0.36201203,0.262924,0.19559133,0.11001369,0.04701197,0.04505524,0.015343338,0.07702863,0.12319924,0.23775232,0.3616416,0.46308017
0.009014949,-0.0071929693,-0.0232727,-0.043525524,-0.047608815,-0.055835985,-0.03191275,-0.0189903,-0.0020197295,0.018728942,0.061683305,0.08221796
-0.17276503,-0.17693785,-0.19802082,-0.18861185,-0.19082876,-0.20334557,-0.20797674,-0.21255158,-0.2089887,-0.21617405,-0.23082446,-0.24049966
0.4620701,0.32503384,0.22767535,0.16243711,0.06826453,0.038015366,-0.06357364,-0.07721527,-0.09211582,-0.0967323,-0.1098131,-0.1022487
0.0023001144,0.0011337702,0.004858529,0.017405864,0.014008235,0.011659159,-0.0006969087,-0.0071905367,-0.028370967,-0.03466609,-0.0653816,-0.07337622
-0.10577954,-0.07889208,-0.05927971,-0.043703258,-0.037939683,-0.035941035,-0.061326936,-0.08081435,-0.095022686,-0.13186686,-0.19164954,-0.22740144
0.17601086,0.31314105,0.40629905,0.49151662,0.50389284,0.49293014,0.43766588,0.3322742,0.23532975,0.0842444,-0.16543901,-0.3472473
0.07212353,0.016683117,-0.018770948,-0.033086613,-0.053415433,-0.03143716,-0.0061064214,-0.0013154298,-0.01802738,0.037212692,0.0416909,0.09203939
-0.2962309,-0.3123333,-0.3256964,-0.333197,-0.31720006,-0.30617118,-0.2793617,-0.23645872,-0.20365202,-0.16357775,-0.11377142,-0.048508346
0.4116012,0.35461316,0.3172673,0.27992916,0.24601744,0.24759245,0.24894486,0.23688787,0.24938788,0.2733589,0.3242035,0.3513863
0.16591434,0.1184485,0.08480728,0.05195703,0.023545988,0.014998417,-0.0070734955,-0.007044874,-0.012754155,0.0026167547,0.027822152,0.04011444
0.45962268,0.4479748,0.35737652,0.35865754,0.30851462,0.2738678,0.24165362,0.2033721,0.19179054,0.23762238,0.17437686,0.1463467
0.03029716,0.14313038,0.22512384,0.29160306,0.3363346,0.3565499,0.32753426,0.27714905,0.23973675,0.15578932,0.0577592,-0.050269227
-0.19670857,-0.16988547,-0.14640981,-0.15903074,-0.11184208,-0.11494868,-0.081935465,-0.065901935,-0.06843469,-0.076949574,-0.0722571,-0.064422175
0.054193847,0.073223084,0.092878014,0.106317505,0.10618186,0.09964049,0.0842913,0.06489593,0.03727634,0.009951085,-0.031253695,-0.06866553
0.44763815,0.3897745,0.3436845,0.28012505,0.25487098,0.2521327,0.23641226,0.26234907,0.27648693,0.34106225,0.39869156,0.46079382
-0.09762086,-0.120274626,-0.13383509,-0.14708999,-0.15554996,-0.16051358,-0.17861469,-0.1701962,-0.1721523,-0.16429655,-0.15984881,-0.1485711
0.24437639,0.25055218,0.26560017,0.2545591,0.2496104,0.22997157,0.20333952,0.16234897,0.1359984,0.07269886,0.038522977,-0.026549235
0.27452686,0.26608318,0.26234,0.26148918,0.24093394,0.26143017,0.31535685,0.29680154,0.3485598,0.3228435,0.35585627,0.32677412
-0.009933377,0.0021884516,0.015626624,0.021251515,0.025962424,0.029268876,0.032412425,0.027899988,0.021982186,0.014657965,-0.00022232812,-0.009067011
0.024023186,-0.015298694,-0.05336255,-0.08018048,-0.09448997,-0.08916721,-0.073596165,-0.049656138,-0.03412784,0.018515967,0.06327416,0.11673183
0.021909855,-0.018420264,-0.050380573,-0.06793594,-0.076383576,-0.08794753,-0.11697154,-0.11154061,-0.0992554,-0.12242063,-0.099385574,-0.0953581
-0.074767314,-0.03654006,-0.00966832,0.0008922219,0.0069154203,-0.013566673,-0.025679886,-0.0605471,-0.0759916,-0.13252129,-0.18246016,-0.25121108
-0.086208865,-0.0632463,-0.057311766,-0.044365622,-0.038357332,-0.046411514,-0.048577532,-0.06262209,-0.0639583,-0.09359805,-0.13047734,-0.159301
0.107097216,0.06223405,0.03812079,0.010326788,-0.0013513863,0.0016486198,0.010067046,0.03722194,0.053824477,0.10358961,0.16085373,0.21958199
-0.28756768,-0.19507408,-0.1030031,-0.048940048,-0.0022940189,0.029420286,0.08491683,0.05975561,0.030004382,-0.011145376,-0.092682384,-0.13282278
0.06162884,0.05803101,0.05969537,0.051492993,0.044863872,0.054587074,0.04707419,0.03275563,0.026202474,0.010916624,0.005291664,-0.0064571574
-0.38371596,-0.32590774,-0.28751493,-0.24899471,-0.20180462,-0.16650277,-0.13000923,-0.09727405,-0.05353488,-0.03887827,-0.01997323,0.015098304
0.4387,0.4257985,0.42343688,0.39464062,0.37990242,0.36660755,0.38635066,0.35665357,0.36020237,0.3124191,0.36233798,0.31881675
0.063240215,0.011463344,-0.019276991,-0.055575535,-0.077987745,-0.08496536,-0.057785816,-0.03694713,-0.029885083,0.023313306,0.08174056,0.1352556
0.3328398,0.30929294,0.28805715,0.2641111,0.24269849,0.22512533,0.2042749,0.19715656,0.19259378,0.20193794,0.21331897,0.21170473
-0.23858514,-0.31151944,-0.3686409,-0.38652387,-0.40192848,-0.41789326,-0.3853079,-0.3362059,-0.29870087,-0.22824563,-0.14542659,-0.060657114
-0.92289287,-0.83088803,-0.7713983,-0.705908,-0.6064463,-0.5539944,-0.5206607,-0.45592844,-0.38228917,-0.37463552,-0.31147453,-0.27534148
0.02644445,0.04826195,0.06636223,0.08041155,0.08569265,0.080687754,0.06288269,0.041578736,0.023917474,-0.017370827,-0.05058076,-0.09831235
0.30746752,0.25189877,0.22153662,0.18966638,0.15476671,0.15950751,0.13554825,0.103485644,0.07328583,0.057810143,0.049363807,0.03848616
0.1357106,0.056821495,-0.003988266,-0.052496538,-0.0919102,-0.11329466,-0.13203359,-0.11086545,-0.104522765,-0.05258909,-0.009412821,0.05007698
0.3557506,0.3801416,0.37019178,0.40282166,0.3906731,0.3786449,0.40202233,0.36318284,0.35500395,0.3133127,0.25007504,0.21273956
-0.5257012,-0.55332935,-0.56083035,-0.5486744,-0.5332297,-0.5406349,-0.5404977,-0.49377033,-0.48352325,-0.46861959,-0.471562,-0.41691875
-0.33658966,-0.32056555,-0.27838445,-0.2758416,-0.24755558,-0.23783204,-0.1641699,-0.124364145,-0.10399367,-0.06132357,-0.016003555,0.031318005
-0.18944634,-0.1812299,-0.14845435,-0.15228128,-0.1319467,-0.073372334,-0.013724878,-0.0027073324,0.03606069,0.065663286,0.12401669,0.1911559
-0.20083262,-0.22464406,-0.23585755,-0.23773593,-0.23225617,-0.21642238,-0.20352602,-0.16437979,-0.14326108,-0.10629799,-0.064966634,-0.009366535
0.029718876,-0.03097067,-0.121956974,-0.15251154,-0.18485022,-0.21788934,-0.21408074,-0.19190523,-0.13468754,-0.053080767,0.0058412813,0.06856884
0.86409324,0.866042,0.9237101,0.84498346,0.7788036,0.7498857,0.6562279,0.5182614,0.41659862,0.2777155,0.22760902,0.018940091
-0.06004832,-0.04598365,-0.035876356,-0.01573301,-0.0015074704,0.0020420775,-0.007009633,-0.00031430274,0.002864154,-0.0071541416,-0.010944583,-0.013276958
0.22796655,0.22699459,0.2219985,0.21452017,0.1912696,0.16860801,0.12959383,0.106398806,0.088113576,0.064942904,0.035663035,-0.010730471
-0.11181547,-0.09749934,-0.092347816,-0.078443155,-0.06734234,-0.07135543,-0.09187323,-0.0996805,-0.109327786,-0.1363921,-0.16385138,-0.18886131
0.4023017,0.30559236,0.297696,0.27026403,0.2847929,0.33507168,0.32021487,0.35605058,0.3494575,0.34693545,0.48376477,0.5379024
0.21838169,0.1894089,0.163235,0.14792138,0.10993476,0.09617892,0.09508458,0.089035384,0.10978741,0.120961994,0.14712846,0.15007257
-0.34933364,-0.36287054,-0.3858965,-0.3912896,-0.37443036,-0.37616444,-0.35778838,-0.30944428,-0.25786564,-0.21658537,-0.15567769,-0.095325224
-1.0653205,-0.91354704,-0.7981351,-0.70414054,-0.59281945,-0.55761015,-0.49926794,-0.4413253,-0.43180823,-0.42463648,-0.4696813,-0.46866348
0.3281715,0.28732646,0.25217363,0.22928286,0.19257733,0.17362574,0.15666011,0.13677767,0.12714867,0.116864264,0.11709893,0.11035532
-0.12954581,-0.09526438,-0.062357783,-0.036709115,-0.008008987,0.008684216,0.010794106,0.022194304,0.042091772,0.024240367,0.040626932,0.032737706
-0.018295124,-0.060689453,-0.0935551,-0.09685227,-0.13047028,-0.13990873,-0.14211749,-0.12575302,-0.11075739,-0.06544314,-0.06806059,-0.012819037
0.58680737,0.79832184,0.9272628,1.0175346,1.0195715,1.0018665,0.8985589,0.73906887,0.6474983,0.46838182,0.17409453,-0.11027001
-0.27316278,-0.28501078,-0.3026849,-0.31341803,-0.30907914,-0.30931655,-0.26884332,-0.23740196,-0.21898565,-0.16877514,-0.13111255,-0.07968218
0.23942529,0.179988,0.015964925,-0.015067257,-0.08648806,-0.152,-0.24244885,-0.28008172,-0.28265542,-0.2396147,-0.33909646,-0.36043513
-0.91239476,-0.7028897,-0.54489154,-0.44942456,-0.30494225,-0.3211484,-0.20164382,-0.16945899,-0.2061137,-0.2793557,-0.33378297,-0.40659535
-0.026109658,-0.020564582,-0.0023018476,0.011085164,0.023381975,0.03092829,0.032769214,0.037129544,0.032362584,0.005981425,0.011887149,0.004439233
0.2155476,0.18908955,0.15629467,0.1460984,0.11723505,0.100186154,0.071626544,0.05345882,0.05204829,0.052361436,0.041259937,0.02738199
0.06719728,0.06606349,0.06571045,0.0741739,0.07009834,0.07195707,0.062415153,0.051027797,0.04827894,0.041807473,0.044974413,0.029669834
0.50572604,0.4418041,0.37677485,0.32682645,0.27382565,0.26479715,0.22059269,0.20537253,0.19978464,0.23741582,0.27773485,0.28226748
0.35638896,0.3853548,0.41019693,0.3876843,0.41034156,0.3642384,0.38847208,0.3600945,0.32233864,0.29507136,0.3139667,0.254766
0.08743585,0.034849487,-0.01609788,-0.060653582,-0.08305912,-0.09447752,-0.105241835,-0.08613051,-0.069457695,-0.022963174,0.026017366,0.06912364
-0.22688709,-0.19595693,-0.13947392,-0.1085993,-0.059671164,-0.043693215,-0.010388143,0.021191001,0.05002404,0.063384935,0.14209834,0.15890032
-0.11935563,-0.09587339,-0.07752769,-0.057144184,-0.05331797,-0.054379787,-0.028139018,-0.04483708,-0.05224572,-0.0725355,-0.113726534,-0.12907785
0.62605274,0.51531875,0.4150965,0.34992194,0.2736762,0.21247217,0.22611398,0.24959388,0.28221008,0.3398787,0.4275234,0.50232524
0.14064327,0.13006595,0.11790438,0.09560807,0.09627165,0.106666595,0.093123026,0.092688516,0.091575295,0.10692353,0.14745636,0.14258648
-0.10259909,-0.038383827,-0.011784837,0.013742074,0.039959416,0.03470035,0.024952546,0.013932943,0.0002950579,-0.028656863,-0.084516674,-0.13584757
-0.017281681,-0.03435884,-0.039197337,-0.047386758,-0.046252914,-0.042355444,-0.041267898,-0.030314311,-0.025088502,-0.02362469,-0.0106155155,0.010630797
-0.008609441,-0.0083103515,-0.0147052985,-0.018072885,-0.022011518,-0.028706271,-0.023839567,-0.034583773,-0.043004908,-0.04763457,-0.067644365,-0.07678111
-0.1965734,-0.2113808,-0.21923165,-0.22233582,-0.21333578,-0.19939756,-0.17465873,-0.13840356,-0.10518766,-0.06297465,-0.0077087563,0.04529825
0.23291469,0.18274021,0.13695252,0.10658926,0.07957989,0.06251031,0.068142846,0.073214844,0.06502729,0.09154626,0.11931915,0.14916763
0.09084469,0.05811935,0.0381359,0.0049461424,-0.0036659688,-0.00081688166,0.017318755,0.040625617,0.053097054,0.10383567,0.16049536,0.20755656
0.12516244,0.12399515,0.116638415,0.11926788,0.12346382,0.13686983,0.13458642,0.13331407,0.13958694,0.13602643,0.1458805,0.13932553
-0.1780182,-0.18285249,-0.17956965,-0.17409357,-0.163095,-0.1588912,-0.14518836,-0.13294925,-0.12485808,-0.111123815,-0.07827011,-0.064382166
0.015884705,-0.07751453,-0.1694642,-0.21955466,-0.26387632,-0.27470222,-0.29450858,-0.2715805,-0.2609989,-0.19755337,-0.14983562,-0.0863605
0.581269,0.58122873,0.5651933,0.5444497,0.50949293,0.5058719,0.4967833,0.4635012,0.46686888,0.4653629,0.5058885,0.45550126
0.06094852,-0.059398487,-0.16554335,-0.22448105,-0.28517777,-0.30340618,-0.31758124,-0.28580752,-0.2585978,-0.16678713,-0.10078967,-0.006529227
0.17179357,0.16593319,0.15556931,0.14809927,0.14304675,0.16675687,0.15284187,0.15236387,0.1499676,0.1529586,0.1827425,0.18110552
-0.60267127,-0.47789526,-0.37987128,-0.3000846,-0.2239067,-0.20184258,-0.18176758,-0.15506878,-0.15123472,-0.17765185,-0.24585271,-0.2688098
-0.7309438,-0.6609771,-0.6032838,-0.5717279,-0.4602825,-0.4278636,-0.32708618,-0.20112783,-0.14361632,-0.088127345,0.022936214,0.10604189
0.079679176,0.035331346,-0.023101598,-0.04507993,-0.084092185,-0.107713245,-0.11793758,-0.12456002,-0.121863306,-0.08591026,-0.074084274,-0.06008915
-0.23873554,-0.15194502,-0.08534244,-0.030638069,0.013463214,0.019172296,0.043456152,0.034475833,0.027683452,-0.008522898,-0.053580105,-0.101505965
0.21706621,0.17883448,0.14345187,0.12944585,0.10336846,0.097381964,0.073719986,0.06051272,0.052652232,0.04306351,0.044039905,0.039007306
0.31282914,0.20288941,0.09792271,0.054821163,0.00030872226,-0.001470387,-0.008180052,0.025591463,0.059379905,0.14551805,0.21680784,0.31311098
0.091120064,0.08349487,0.07218664,0.057554334,0.05355631,0.041842464,0.028480716,0.029583031,0.024723021,0.02963995,0.04359981,0.036968462
0.23748899,0.22590223,0.22072688,0.21129277,0.18408023,0.16779003,0.13758202,0.10227735,0.07042775,0.046761036,0.010325601,-0.031340398
0.07174602,0.075405344,0.07143324,0.06785693,0.06206962,0.066147424,0.06545007,0.057322774,0.04630216,0.056191474,0.05016207,0.040910184
-0.58899176,-0.61465204,-0.62191904,-0.66994226,-0.6397985,-0.61383885,-0.49892893,-0.42182118,-0.31228146,-0.1980619,-0.0410135,0.111656174
0.068168685,0.10033478,0.13740158,0.17056,0.18606031,0.2020237,0.19789791,0.17463304,0.14543222,0.106665075,0.06486754,0.023130458
-0.040364314,-0.041865587,-0.043080848,-0.03922943,-0.045542333,-0.053041123,-0.054392923,-0.054723386,-0.05606784,-0.0579377,-0.07353547,-0.073175535
0.06640445,0.003681481,-0.050039597,-0.088092156,-0.121587664,-0.1339142,-0.151423,-0.13323164,-0.115334705,-0.06755969,-0.020225152,0.023560356
-0.01693058,-0.07990674,-0.14226028,-0.15734443,-0.20141561,-0.22476318,-0.23094094,-0.23477723,-0.22180016,-0.21951917,-0.22776861,-0.2057086
0.138342,0.17880632,0.22441003,0.2378222,0.24392888,0.23022889,0.19784006,0.1555948,0.112275295,0.031163499,-0.05274293,-0.13554806
-0.5770489,-0.5349884,-0.53068316,-0.51338536,-0.47036225,-0.47428626,-0.43260553,-0.38370982,-0.32771158,-0.30740386,-0.29848516,-0.24783175
-0.13798307,-0.11671518,-0.085926205,-0.067619875,-0.057732977,-0.035755325,-0.03635959,-0.018264143,-0.01501333,-0.006478358,-0.02154566,0.0013861116
-0.0501106,-0.06469864,-0.07320155,-0.088182494,-0.0857908,-0.09378791,-0.09071206,-0.079248235,-0.07544429,-0.06841482,-0.04785692,-0.035081714
-0.62303805,-0.5934707,-0.56610423,-0.53284925,-0.4946853,-0.46794525,-0.4734003,-0.43678275,-0.41174418,-0.38565305,-0.37769186,-0.345174
0.26503146,0.31362486,0.3263752,0.35206044,0.34618688,0.32615343,0.29884455,0.24885923,0.20028049,0.14969355,0.061363436,-0.025767833
-0.0146566,-0.009983115,-0.031279773,-0.029786602,-0.042674467,-0.066705436,-0.07097369,-0.083893456,-0.092728086,-0.10342355,-0.12067605,-0.15783975
0.15131637,0.18329972,0.23665449,0.2615912,0.2771194,0.30096686,0.28686965,0.26209885,0.21810165,0.17466065,0.13702592,0.09088189
-0.115253165,-0.09742216,-0.08827776,-0.080093995,-0.066539854,-0.06371855,-0.04553502,-0.03684595,-0.030223487,-0.026871128,-0.020426061,-0.019670006
