-0.070485964,-0.072925895,-0.07607338,-0.06672176,-0.06274493,-0.05983721,-0.052557178,-0.04895883,-0.032240577,-0.027765552,-0.020726072,-0.003374891
-0.28746727,-0.2613614,-0.25055262,-0.24460272,-0.22366089,-0.20823555,-0.186548,-0.1793576,-0.17480232,-0.1715492,-0.15213533,-0.15582447
-0.06869195,-0.06515496,-0.06652869,-0.07136844,-0.07008518,-0.06106184,-0.06393883,-0.061015505,-0.060126357,-0.061462633,-0.057274822,-0.06046965
-0.13209379,-0.11078005,-0.11105144,-0.08974828,-0.08614652,-0.08461353,-0.06839917,-0.07793726,-0.0752507,-0.08152388,-0.07599342,-0.08811106
-0.4119297,-0.38314173,-0.38168952,-0.37215102,-0.35767993,-0.3262029,-0.31084928,-0.3034382,-0.29917306,-0.27763224,-0.24702823,-0.23655094
0.0568339,0.046099998,0.044110022,0.039451115,0.027623996,0.016396957,0.009486666,0.006190664,0.0066857683,0.0015124399,-0.0058633666,-0.013304393
-0.07545987,-0.03683383,-0.014155246,0.009961113,0.02918974,0.041404314,0.04718417,0.04910036,0.039109863,0.025669552,-0.0048297793,-0.03665694
-0.21271741,-0.19651091,-0.19038253,-0.18339197,-0.15959878,-0.1718772,-0.124507375,-0.14238581,-0.13792887,-0.12690948,-0.11839376,-0.10559359
-0.6201769,-0.58267397,-0.57289565,-0.55184215,-0.5328532,-0.50346,-0.47626415,-0.44377977,-0.42349818,-0.422059,-0.3951339,-0.36311537
-0.09762606,-0.08823409,-0.08297715,-0.06601022,-0.06254123,-0.05687043,-0.05376975,-0.059442516,-0.052092675,-0.043980308,-0.046380136,-0.04681488
-0.06487237,-0.06683844,-0.067475766,-0.07101159,-0.072615534,-0.077071056,-0.071727045,-0.062301524,-0.06566859,-0.07939183,-0.06650554,-0.082412586
0.23097628,0.23063993,0.260558,0.24389277,0.23792335,0.21880925,0.2129417,0.21596038,0.18315533,0.18112445,0.14462642,0.12976038
0.08338065,0.06985491,0.0691966,0.058073357,0.052265204,0.050422378,0.03870576,0.03932392,0.03435743,0.048497174,0.060408913,0.061761633
0.08330203,0.09198896,0.11902853,0.123619914,0.12915087,0.13021794,0.10704124,0.11635368,0.10689859,0.11647318,0.10418759,0.08010479
-0.42495742,-0.41434765,-0.40979254,-0.41191906,-0.400539,-0.37821102,-0.3673933,-0.34032243,-0.32736924,-0.31070226,-0.27564836,-0.2593498
-0.032475892,-0.045299537,-0.026161093,-0.013765637,-0.03130471,-0.035941273,-0.064185195,-0.079872906,-0.07087267,-0.029628098,-0.021792144,-0.048749544
0.14831944,0.13341078,0.13364609,0.11877909,0.1173303,0.10512227,0.105043255,0.10659696,0.098784424,0.087887764,0.068437316,0.067474045
-0.056462727,-0.061046652,-0.062984996,-0.05292011,-0.053876594,-0.057129506,-0.05596057,-0.05012854,-0.038165916,-0.038606748,-0.023609174,-0.015072955
0.1057874,0.09377896,0.07975875,0.057350457,0.04293915,0.04227397,0.037427835,0.038326643,0.040044818,0.018711532,0.028662119,0.017849676
-0.05452832,-0.052553467,-0.051336348,-0.04979141,-0.05452781,-0.063864745,-0.061282184,-0.06506334,-0.06425241,-0.075883575,-0.0907296,-0.093477845
-0.0707423,-0.07017298,-0.06464359,-0.07010459,-0.06666801,-0.06967982,-0.06329115,-0.054397896,-0.049486656,-0.053144082,-0.050834574,-0.043090302
-0.029195085,-0.039111998,-0.046245623,-0.03373725,-0.054811433,-0.06431412,-0.0896374,-0.08793011,-0.08093679,-0.07430639,-0.07558279,-0.072874986
-0.039904404,-0.038451415,-0.038218368,-0.025460212,-0.019789362,-0.017738491,-0.003590012,-0.016787384,-0.008197258,0.00989803,0.028161436,0.038106397
0.020093419,0.010030044,-0.0011381805,0.0058347303,0.0014827037,-0.0026440714,0.0030813487,-0.0064310143,-0.006249784,-0.000992489,0.011240232,0.023949804
-0.5187017,-0.5024145,-0.4985969,-0.50521594,-0.49888152,-0.46911833,-0.44289407,-0.42023072,-0.42294428,-0.4028999,-0.35805562,-0.37218785
-0.09256538,-0.07048408,-0.05589447,-0.038747903,-0.02305882,-0.014269516,-0.006281376,-0.016757514,-0.019904446,-0.013091359,-0.028998608,-0.04197596
-0.80506945,-0.7587366,-0.71752363,-0.74157333,-0.70873964,-0.6649051,-0.6427333,-0.5862293,-0.564184,-0.5572622,-0.5163925,-0.5569066
0.76000094,0.70234597,0.7016674,0.6808751,0.62942094,0.6049767,0.5520514,0.5326669,0.51575786,0.5332524,0.5207646,0.48753315
0.6117849,0.5899071,0.5952425,0.59815884,0.58455807,0.58254313,0.53993964,0.52017635,0.5155558,0.5333645,0.5442257,0.5209906
-0.7380102,-0.69927806,-0.6948545,-0.6815526,-0.65683997,-0.60856485,-0.5792325,-0.5368022,-0.5081078,-0.48569787,-0.4200928,-0.38585165
0.14272551,0.13241875,0.11787643,0.1164215,0.113428414,0.11342387,0.12169324,0.1130264,0.11010148,0.113163814,0.122062154,0.14180255
-0.07496854,-0.040729895,-0.019475628,0.0064234138,0.011821173,0.028534219,0.024967484,0.01245293,0.009463318,0.01621006,-0.0059497105,-0.030214386
0.07513043,0.0504089,0.051868133,0.047552697,0.044226915,0.020669736,0.018201701,0.030974254,0.048048377,0.033244073,0.028557125,0.04998941
0.47692448,0.45139843,0.4480179,0.4475958,0.4540184,0.45431498,0.42457148,0.40504673,0.4044258,0.4194455,0.39977866,0.3850297
-0.008852673,-0.0039510652,-0.0042381985,-0.0064226263,-0.0071055256,-0.007454607,-0.0063821985,-0.010624072,-0.0066490504,-0.012479609,-0.01892444,-0.019229582
0.18698774,0.18251453,0.18312249,0.1792697,0.17762665,0.16642933,0.16275243,0.15283197,0.14886643,0.13755693,0.11436052,0.11019316
0.51924795,0.4792542,0.46577874,0.45144594,0.42842996,0.39563707,0.37096167,0.34850174,0.33363357,0.32958743,0.32186905,0.30620527
-0.088470384,-0.089126594,-0.091449216,-0.095822304,-0.09394239,-0.086896,-0.08601438,-0.0951483,-0.08808206,-0.07619787,-0.071410015,-0.07367917
-0.29362735,-0.28473172,-0.2781411,-0.26598507,-0.24926291,-0.24227251,-0.22114077,-0.20446017,-0.19972992,-0.19106765,-0.16351534,-0.15343167
0.25370768,0.21934164,0.20324734,0.18618667,0.16865999,0.15774465,0.13561991,0.13186157,0.124809355,0.1341525,0.14332289,0.14881396
0.22050522,0.21691485,0.2186314,0.21027982,0.20408641,0.19188553,0.18553054,0.17324221,0.1545656,0.14395386,0.12941003,0.10628047
0.6552654,0.61661065,0.6202902,0.611322,0.59190035,0.5549483,0.52137077,0.4937342,0.48573607,0.48429978,0.45060024,0.42830527
0.09059277,0.07786131,0.078410186,0.06745425,0.07062037,0.068526715,0.06398619,0.065618254,0.068575464,0.08236991,0.10131578,0.100507595
-0.1134373,-0.122905314,-0.124020554,-0.14361347,-0.14830263,-0.13903901,-0.14188986,-0.10006571,-0.1097586,-0.13369274,-0.13894871,-0.14400327
0.05945607,0.05618295,0.059771534,0.06493154,0.06861678,0.062436394,0.056868043,0.04191666,0.047083184,0.05503629,0.029872386,0.033015672
0.0008485876,0.0024652705,-0.011083584,0.0028378852,0.007694196,0.015509624,0.037262734,0.023252822,0.02387105,0.042918008,0.076719254,0.10144846
-0.38203633,-0.384195,-0.39364076,-0.39104974,-0.3864247,-0.36197582,-0.35730302,-0.33334124,-0.30218157,-0.28255147,-0.23813617,-0.2024684
0.3919023,0.37753138,0.36951467,0.35502213,0.3608639,0.37185347,0.355455,0.34192416,0.33989722,0.35672536,0.39511028,0.37345558
0.50199914,0.44563168,0.3806924,0.33165714,0.2691322,0.25324932,0.18681754,0.14546338,0.120881036,0.104007,0.057376817,0.06212046
-0.0771203,-0.08198759,-0.08483794,-0.09706227,-0.09476034,-0.090225756,-0.081797585,-0.06086403,-0.038735945,-0.038093913,-0.008449396,0.011873883
-0.0096209645,0.0022299886,0.0033326615,0.0063195503,0.014653231,0.020229157,0.031225856,0.031449962,0.04394161,0.03829313,0.049337026,0.04198367
0.1837409,0.15135226,0.14141206,0.1255623,0.1139865,0.10057522,0.09269126,0.09453359,0.1047204,0.11391698,0.13183892,0.14089528
-0.03430306,-0.018624844,-0.012662085,0.0028827824,0.010348406,0.008032866,0.018918697,0.013727512,0.015584484,0.004256581,-0.009062141,-0.01883747
-0.085214846,-0.059689976,-0.060591206,-0.03117088,-0.012624148,-0.0022438206,0.035130814,0.04620662,0.03961062,0.026904859,0.036465496,0.05074818
0.11817655,0.14272264,0.15638813,0.16209516,0.16009054,0.15825723,0.15327817,0.13147682,0.09732789,0.08386682,0.034020428,-0.0032393262
-0.060016803,-0.050834406,-0.04225637,-0.03608863,-0.02674071,-0.020137403,-0.011048973,-0.01841069,-0.015491005,-0.013441537,-0.01985969,-0.036478404
0.035184607,0.026890188,0.036267698,0.030230671,0.035799555,0.035867237,0.018052265,0.015883585,0.034650844,0.053226788,0.040047478,0.04496897
-0.42368126,-0.37886226,-0.3563215,-0.33640692,-0.32233155,-0.3050493,-0.29287547,-0.28594714,-0.27509815,-0.27666306,-0.2808368,-0.29059988
0.43352157,0.38971993,0.39057282,0.3607905,0.32971317,0.28241122,0.25879553,0.25297982,0.21567494,0.20579657,0.19074346,0.159497
0.15286563,0.14096129,0.1404975,0.13471593,0.11965771,0.101628795,0.08602032,0.069598086,0.05852167,0.056898292,0.01313286,0.0059470236
0.0659329,0.060948912,0.055425264,0.062437676,0.05943801,0.061690025,0.05971273,0.060678918,0.055944152,0.062422164,0.060665376,0.08000807
0.2603222,0.25374618,0.2573775,0.25547487,0.25103536,0.23746985,0.23099174,0.19046614,0.16844639,0.18404911,0.16846405,0.13576606
0.15715384,0.14520636,0.14002617,0.14103647,0.14349459,0.13960338,0.13617538,0.13542196,0.14983922,0.14582567,0.1432889,0.15677321
0.16611972,0.14614835,0.12300904,0.10049124,0.08610159,0.07995984,0.071962886,0.061575107,0.037161093,0.03153231,0.023370361,0.024025464
0.67264193,0.6519486,0.6843202,0.6838762,0.6680119,0.6191653,0.54991084,0.57654744,0.6450787,0.5978123,0.49560186,0.53270066
0.68921363,0.6333538,0.65856147,0.59340686,0.5230885,0.46300194,0.3725421,0.37210152,0.37861058,0.34979773,0.27838388,0.20947364
0.03953658,0.035667777,0.02611061,0.018043026,0.011877079,0.021694174,0.013619266,0.011738423,0.006944075,0.015199276,0.022188209,0.029376635
0.10363223,0.108492315,0.115584865,0.118875,0.12657717,0.13523588,0.12555033,0.12710418,0.11785439,0.12274191,0.10415495,0.103861816
-0.058141243,-0.05230986,-0.053384904,-0.055220388,-0.051670376,-0.045730457,-0.048284195,-0.052151334,-0.051957697,-0.04621403,-0.047976516,-0.0394044
0.31585053,0.26649618,0.23803072,0.19928554,0.1724039,0.15928026,0.1308854,0.12627043,0.11331132,0.10337641,0.09055942,0.09908262
0.024717562,0.037147705,0.044711854,0.05487135,0.057835676,0.04602998,0.052252933,0.038356196,0.0218673,0.010285929,-0.018643579,-0.03743626
0.1229143,0.09556566,0.08033104,0.058408823,0.034234695,0.025609072,0.0049392134,0.011146214,0.011866916,0.011902913,0.021767667,0.033813782
0.012042249,0.0013665613,-0.002493796,-0.007861213,-0.013690982,-0.017570727,-0.02081724,-0.01098902,-0.0028223367,-0.007254844,0.0028056647,0.0011219338
-0.05965049,-0.04699405,-0.04123826,-0.029566128,-0.01707905,-0.017929018,-0.0045113284,0.0048294254,0.005126466,-0.0067405785,-0.0051218728,-0.0004497344
0.14085834,0.12006886,0.12851396,0.10162165,0.08852552,0.06550091,0.061668098,0.05925394,0.052311823,0.055770624,0.045673512,0.03824785
0.12273196,0.12600574,0.1302447,0.13782388,0.14518511,0.14071552,0.13340107,0.1298706,0.13578382,0.1237547,0.104750164,0.094866216
-0.5047946,-0.45566362,-0.42095107,-0.41337764,-0.4142774,-0.4155935,-0.40060306,-0.39496648,-0.39515775,-0.40639457,-0.45110086,-0.4505578
0.0697701,0.07118722,0.07382918,0.081864804,0.088844374,0.093029864,0.0984802,0.09871851,0.09384483,0.09436578,0.08752566,0.10243598
-0.37904778,-0.353592,-0.34145778,-0.3284988,-0.3120704,-0.29723755,-0.27669203,-0.25905013,-0.24225534,-0.2474899,-0.24269328,-0.23361114
-0.02795059,-0.017081834,-0.024176458,-0.003966775,0.01766019,0.041612618,0.05888748,0.084951326,0.0986628,0.07975188,0.08913241,0.11611519
-0.10246299,-0.11242036,-0.12652893,-0.12766209,-0.14293535,-0.15092053,-0.14707834,-0.14527008,-0.14445734,-0.15069759,-0.14359024,-0.13334401
-0.32239065,-0.3169851,-0.322218,-0.32716033,-0.3191595,-0.29213133,-0.28685668,-0.25646406,-0.24192983,-0.23531087,-0.2002685,-0.17867324
0.2635543,0.26448798,0.25856587,0.25457484,0.2689806,0.2495461,0.25685447,0.26502484,0.25895962,0.22808245,0.23992977,0.21709311
-1.2310987,-1.136987,-1.1037532,-1.0725566,-0.99733305,-0.92419815,-0.82497346,-0.7525344,-0.73949295,-0.73539037,-0.63884574,-0.6613229
0.082806624,0.083914325,0.06776909,0.054304436,0.034786724,0.02873578,0.026493765,0.0031436374,-0.004565065,-0.014503158,-0.021533478,-0.023548033
-0.24634714,-0.25103533,-0.26193917,-0.27156264,-0.2780621,-0.26830965,-0.26885357,-0.25507587,-0.2587442,-0.24589443,-0.21708906,-0.2139443
-0.16484758,-0.13983315,-0.1300748,-0.1105155,-0.08752755,-0.09147924,-0.05634361,-0.04205241,-0.035677984,-0.06005078,-0.049008984,-0.033444274
0.118820705,0.1335136,0.1379974,0.16121295,0.16692698,0.15952808,0.15966935,0.14735617,0.13808656,0.119074896,0.08970542,0.063961454
-0.12265815,-0.11046731,-0.10610235,-0.101249225,-0.095190376,-0.09006649,-0.08110828,-0.07628941,-0.0864329,-0.084548734,-0.075464964,-0.072148144
0.090477444,0.088349536,0.09215096,0.08919536,0.091088094,0.085261635,0.08446897,0.08211294,0.07877682,0.07491668,0.06611631,0.06217439
0.12019132,0.089454845,0.06979591,0.06413251,0.04990763,0.036467247,0.030641738,0.021741576,0.021169815,0.030384043,0.051444758,0.064940736
-0.021202365,-0.036929935,-0.044534717,-0.048824783,-0.036738493,-0.0166189,-0.016639091,0.0024456307,-0.0045004264,0.030377477,0.023718622,0.09880884
0.16777685,0.13360497,0.123724386,0.11122098,0.08732947,0.078717135,0.040677596,0.022654392,0.036704108,0.05391249,0.041757725,0.0388986
0.0010240774,-0.0132409595,-0.024988484,-0.01568814,-0.025546601,-0.019038964,-0.031391263,-0.03343776,-0.005469514,0.010389641,0.043441534,0.04501639
-0.008900715,0.005815328,0.011770252,0.017336596,0.018257052,0.022427564,0.02052905,0.020677688,0.009564625,0.0002557682,-0.025499994,-0.026562225
0.53113437,0.49717724,0.48280445,0.4965256,0.48538616,0.44874737,0.42897084,0.40057194,0.3956192,0.38563815,0.36265776,0.36068925
0.004880299,-0.0013876348,-0.005073623,-0.02036129,-0.01919114,-0.01230981,-0.012102158,-0.008559602,-0.0045270757,-0.015472244,-0.021675486,-0.031951405
0.05590769,0.06286837,0.06173084,0.06950117,0.07141406,0.07257512,0.07760315,0.06452611,0.05955258,0.046637453,0.040401362,0.0114163365
0.099282146,0.10461767,0.11408767,0.103868246,0.085473,0.07181685,0.05516652,0.054039348,0.04920382,0.035727587,0.00886663,-0.0009955666
-0.07815688,-0.07644917,-0.082265936,-0.083743095,-0.086683854,-0.0857714,-0.08027087,-0.07753853,-0.07704149,-0.08418478,-0.07479526,-0.076796316
0.19383049,0.1721918,0.16846174,0.15367945,0.13946491,0.11825103,0.1034421,0.08586757,0.07514297,0.07873,0.06176026,0.051260244
