-0.06987094,-0.078516856,-0.07861901,-0.06914671,-0.06761148,-0.064808495,-0.0600428,-0.059687667,-0.039265662,-0.03448879,-0.02616392,-0.008274723
-0.28851712,-0.2730657,-0.2568576,-0.25113186,-0.2361746,-0.22486492,-0.20298368,-0.19826159,-0.19594954,-0.18772182,-0.1668797,-0.17439242
-0.06913514,-0.06803645,-0.0677555,-0.07231384,-0.07279108,-0.06609211,-0.067508295,-0.065844364,-0.0665233,-0.06638885,-0.061805394,-0.06693587
-0.13387612,-0.11303657,-0.11346445,-0.09253312,-0.090276085,-0.092038095,-0.07401477,-0.08233774,-0.08382202,-0.08706766,-0.08174262,-0.095027916
-0.41478887,-0.39702383,-0.38830552,-0.37722182,-0.3698493,-0.3454741,-0.32934082,-0.32744902,-0.32468307,-0.29770017,-0.26375937,-0.25883442
0.05503274,0.05283027,0.04903757,0.044470377,0.035569027,0.022940729,0.018124655,0.017352182,0.015342224,0.008729817,0.00042911712,-0.008256169
-0.07425026,-0.04207799,-0.021389473,-0.0009525493,0.014811315,0.0247074,0.03359655,0.038120568,0.024877809,0.014998276,-0.014568362,-0.04869109
-0.21077897,-0.21340823,-0.2027998,-0.19564429,-0.18061551,-0.18875052,-0.14698927,-0.17075878,-0.16024211,-0.14589058,-0.13345549,-0.117760345
-0.6239501,-0.6035593,-0.58106863,-0.56086206,-0.55378956,-0.53849185,-0.51083446,-0.48619315,-0.46564865,-0.457936,-0.42361903,-0.40327317
-0.098318875,-0.090501264,-0.08501793,-0.06849128,-0.06628383,-0.061751828,-0.057766467,-0.06272144,-0.05715024,-0.048175417,-0.04970635,-0.05073809
-0.06805165,-0.06468101,-0.06457651,-0.06874981,-0.069452636,-0.07913875,-0.069393,-0.05731219,-0.06717809,-0.08001249,-0.068097085,-0.08768703
0.23289943,0.24117316,0.26617044,0.24630557,0.24469006,0.23111962,0.22325483,0.23452422,0.20362076,0.19647202,0.16369857,0.14732747
0.083823025,0.07339742,0.071537994,0.06247842,0.058942858,0.059137575,0.04637482,0.04773172,0.04268498,0.055393923,0.06774235,0.071352236
0.085968435,0.09331682,0.1167643,0.12081444,0.1282093,0.13350987,0.109610505,0.12480807,0.11286326,0.12266563,0.11102028,0.08916883
-0.42952922,-0.4260092,-0.41190532,-0.41291636,-0.4067635,-0.39316082,-0.3808584,-0.35834408,-0.34704977,-0.3268473,-0.28994602,-0.28143486
-0.038789798,-0.027918715,-0.01399184,0.00067066774,-0.007098727,-0.013057232,-0.035663,-0.039157595,-0.043934613,-0.0050238147,-0.0005903207,-0.02919264
0.14889325,0.13810131,0.1366369,0.12045947,0.12021451,0.10863665,0.109510824,0.11105889,0.10522993,0.09149023,0.071803786,0.07075606
-0.056840222,-0.06289914,-0.063383676,-0.0530587,-0.054616507,-0.058989674,-0.058743767,-0.05296137,-0.041842107,-0.04169424,-0.025720876,-0.017173927
0.10470717,0.10002099,0.08653139,0.065148056,0.05289723,0.048166875,0.04515083,0.046211798,0.04528327,0.023885574,0.032866426,0.019212462
-0.05748747,-0.047232043,-0.047171727,-0.04680594,-0.04942503,-0.061514594,-0.054826684,-0.055808,-0.05913952,-0.07176176,-0.08988165,-0.09521642
-0.070736974,-0.072707586,-0.06511791,-0.07004332,-0.0681745,-0.073515914,-0.06707073,-0.05943867,-0.054050993,-0.058012445,-0.05487077,-0.047574937
-0.033169866,-0.029250314,-0.04024954,-0.02610014,-0.038263895,-0.046131417,-0.06625304,-0.057675067,-0.057218686,-0.054190557,-0.06470962,-0.057758454
-0.038281985,-0.044223182,-0.042485274,-0.029015524,-0.02602496,-0.0204844,-0.010742444,-0.025193833,-0.014350014,0.0046954527,0.026565023,0.039061096
0.019452484,0.011736963,-5.7174824e-05,0.007099389,0.00303867,-0.0005912157,0.004818687,-0.0050909063,-0.0053319773,-0.0010257317,0.012457414,0.026108604
-0.52677095,-0.5152518,-0.50139797,-0.50602186,-0.5063679,-0.49315077,-0.45854372,-0.4389816,-0.45000637,-0.4261624,-0.37550324,-0.4003601
-0.09307271,-0.07177088,-0.059041686,-0.043376252,-0.028689142,-0.020303592,-0.009140298,-0.017465971,-0.024557102,-0.016491845,-0.03427482,-0.047227174
-0.8119002,-0.78591615,-0.72654694,-0.7487566,-0.72874665,-0.7055194,-0.67644376,-0.62458515,-0.6117869,-0.59385335,-0.54893273,-0.6064861
0.7627383,0.7349445,0.72071224,0.70259374,0.66860133,0.6538476,0.59950876,0.59446055,0.5755431,0.58151656,0.5703949,0.5458566
0.62627333,0.58640593,0.5858586,0.58921117,0.5753127,0.59515333,0.53533626,0.5194417,0.5248504,0.5435086,0.56668824,0.5551653
-0.741647,-0.728406,-0.7064545,-0.6900015,-0.6801616,-0.6483712,-0.6212901,-0.59210134,-0.5610039,-0.5292021,-0.45412263,-0.43086666
0.14543109,0.1319938,0.117272094,0.11607828,0.11305709,0.117867246,0.12174173,0.11045387,0.11361416,0.114605516,0.12522785,0.14895096
-0.074953094,-0.04042348,-0.021649607,0.0019090697,0.0076546445,0.025033046,0.023249887,0.016830944,0.009102121,0.017625183,-0.004483725,-0.030745115
0.07455644,0.05738755,0.05866646,0.053384453,0.05399028,0.031348094,0.028745731,0.043627113,0.060943753,0.042116407,0.033159036,0.055716816
0.4855539,0.45301512,0.44251272,0.44273773,0.4493992,0.4614229,0.42584372,0.40377313,0.41031533,0.42467216,0.40697965,0.40262204
-0.008295819,-0.005046129,-0.0048060995,-0.0071601304,-0.008404055,-0.007895096,-0.0076765697,-0.012338626,-0.007417799,-0.012569954,-0.019777527,-0.020362426
0.1905019,0.18340038,0.18149869,0.17584504,0.17444153,0.1697888,0.16296858,0.15379438,0.1539886,0.14173262,0.11871768,0.11707692
0.5239764,0.49167383,0.46969002,0.4558059,0.43891418,0.41822636,0.38814202,0.36987633,0.35819972,0.35077903,0.3445946,0.33651817
-0.090165414,-0.09016653,-0.09105939,-0.094255224,-0.09328525,-0.08781568,-0.08558362,-0.09629484,-0.090936966,-0.077745914,-0.0739307,-0.07777296
-0.29571503,-0.2961344,-0.28405288,-0.27209628,-0.26138338,-0.2602846,-0.23798667,-0.22428617,-0.22164622,-0.21019378,-0.17859724,-0.17178205
0.25414145,0.22959284,0.20958976,0.19500902,0.18306676,0.1757951,0.15307364,0.14993232,0.1437746,0.14935876,0.15717414,0.1670728
0.22073172,0.22800356,0.22381546,0.21428548,0.21378392,0.20578265,0.20116848,0.19505726,0.17280047,0.16025126,0.14187464,0.12054703
0.66236657,0.63454956,0.6256539,0.6170079,0.60722154,0.5860517,0.5475589,0.5282167,0.5229589,0.5150332,0.479496,0.46990207
0.094178446,0.07258975,0.07398444,0.06565961,0.06696167,0.06916661,0.059831627,0.058794286,0.06555136,0.08007985,0.102143444,0.10620608
-0.11892347,-0.11980883,-0.11742,-0.13866313,-0.14293328,-0.14819157,-0.14061889,-0.09937272,-0.11390231,-0.14053696,-0.14593117,-0.15993473
0.060526278,0.058053765,0.058789007,0.06349436,0.068292305,0.06683733,0.061329566,0.04673355,0.05331846,0.05984622,0.03138955,0.03802757
0.0031245537,-0.0029985327,-0.015516283,0.00050072,0.0030465126,0.014148708,0.03095964,0.013260886,0.017953064,0.03690144,0.074281394,0.10475724
-0.3861524,-0.39409,-0.39368564,-0.38770676,-0.38826805,-0.37478852,-0.36994612,-0.35443076,-0.3227905,-0.30013788,-0.25331604,-0.22363135
0.4014407,0.37182713,0.3624659,0.3508684,0.3549886,0.37936115,0.3502319,0.33377984,0.33922413,0.36031702,0.40398428,0.39080015
0.49769405,0.47823268,0.4007689,0.35342443,0.31093147,0.3069802,0.25120437,0.21624671,0.18721542,0.15961063,0.09036927,0.10262479
-0.07394282,-0.09467944,-0.08986391,-0.09921844,-0.10219598,-0.098274864,-0.09738905,-0.083651125,-0.052851472,-0.050365254,-0.015756978,0.005696968
-0.006746488,-0.0057799798,-0.0018772967,0.0020782892,0.006167067,0.011530936,0.017589705,0.013940115,0.030513301,0.028821256,0.042959083,0.03615032
0.18431991,0.15788408,0.14726123,0.13451637,0.12742946,0.11685793,0.10604986,0.10746208,0.120581105,0.12646477,0.14291616,0.15664947
-0.032743275,-0.024198705,-0.018589053,-0.0046684816,-0.0006086156,-0.003028987,0.0076568685,0.0023028012,0.0044092406,-0.0049322383,-0.016276598,-0.025635766
-0.08018135,-0.07968077,-0.07570986,-0.049572494,-0.042531975,-0.03309742,-0.002685422,0.001163396,0.0045662117,-0.004460234,0.017870087,0.031499907
0.11623133,0.15626884,0.16114369,0.16280016,0.16703105,0.16720934,0.17002992,0.15829557,0.11585599,0.10026345,0.044252746,0.0056240465
-0.06107774,-0.05187121,-0.04315952,-0.038028702,-0.03022506,-0.02634782,-0.014540244,-0.02099102,-0.021515328,-0.018074768,-0.024203721,-0.043123618
0.03702225,0.026742626,0.035861865,0.031719398,0.038409196,0.04311876,0.02271947,0.019026926,0.041219205,0.059393484,0.042420533,0.05108561
-0.4271033,-0.38777667,-0.3607134,-0.3417944,-0.33272025,-0.32376638,-0.3080147,-0.30021417,-0.2956109,-0.29171315,-0.29555675,-0.3129306
0.43011048,0.41926965,0.40801877,0.37869224,0.36302438,0.3194335,0.30292138,0.310915,0.26390308,0.24486074,0.22336826,0.19637144
0.1513248,0.15293463,0.14613616,0.13938533,0.13041013,0.115802296,0.10459184,0.09271178,0.08025096,0.073808745,0.02484767,0.019661857
0.067850515,0.060096607,0.053579435,0.060753495,0.057461813,0.061685048,0.058235563,0.057629354,0.056796424,0.060728207,0.06135092,0.08415086
0.26061594,0.2672276,0.26113537,0.2598339,0.26179412,0.25557202,0.25195095,0.21894138,0.19033232,0.20367429,0.18438683,0.15767601
0.16032797,0.14685605,0.14036165,0.14250341,0.14603518,0.14482108,0.13881044,0.13577637,0.15419629,0.14840946,0.14389166,0.16305824
0.16395077,0.15682012,0.12928723,0.10765384,0.09806248,0.09175796,0.089298084,0.078792684,0.052414916,0.042929925,0.030295629,0.032638796
0.69209355,0.6534983,0.6803142,0.67805564,0.6731814,0.658315,0.56856906,0.60193276,0.6961435,0.6387397,0.52097917,0.5832427
0.6927084,0.66435957,0.67727757,0.6162191,0.5646295,0.5143993,0.4256289,0.44349673,0.44541633,0.4063448,0.328382,0.26698643
0.039966214,0.03606882,0.026954273,0.01976287,0.014627637,0.026770836,0.017376993,0.014354652,0.011724666,0.019362161,0.025890019,0.033756163
0.107406475,0.105116636,0.11087758,0.112886526,0.11748319,0.12848248,0.11588368,0.11483985,0.11079768,0.11630292,0.10238126,0.10244749
-0.057637423,-0.05510493,-0.055392675,-0.056664318,-0.0549901,-0.04848484,-0.05204574,-0.058445882,-0.056816533,-0.04976609,-0.051434238,-0.043185692
0.31498802,0.28023985,0.24826767,0.21008998,0.18864721,0.17672499,0.15158264,0.14590868,0.1339915,0.11844381,0.10345517,0.111905985
0.024035456,0.040345304,0.043442458,0.050876502,0.05428848,0.043206774,0.053056944,0.043027975,0.022792881,0.011229586,-0.018690588,-0.037990216
0.12106263,0.10615352,0.089913756,0.07038984,0.053244177,0.045736007,0.025910318,0.03417618,0.034485273,0.030182488,0.035659272,0.049239833
0.01088399,0.0033954699,0.0006394284,-0.0035966681,-0.008394145,-0.015610576,-0.018494328,-0.009260358,-0.0015144795,-0.006062853,0.0040898956,0.0012885176
-0.057054758,-0.056400176,-0.04853078,-0.038580876,-0.031463563,-0.03243402,-0.021983054,-0.015134568,-0.011763003,-0.02118197,-0.015208772,-0.010827963
0.1388869,0.1327589,0.13878916,0.1131136,0.10585658,0.08331294,0.07990756,0.08148518,0.07394113,0.073162705,0.06168823,0.053449
0.12604126,0.12520835,0.12676547,0.13328828,0.14044778,0.13978718,0.13127196,0.12801449,0.1352216,0.12413531,0.102920815,0.09670188
-0.51076096,-0.4599163,-0.4205511,-0.41630608,-0.42118555,-0.43187422,-0.41180438,-0.40228498,-0.40717772,-0.41663316,-0.45962495,-0.4724479
0.072549455,0.069298506,0.07119403,0.077559195,0.08349291,0.09087412,0.09483163,0.0948481,0.093026616,0.09134229,0.08615269,0.103836454
-0.38082793,-0.36817053,-0.34825882,-0.33663112,-0.3285736,-0.32232475,-0.30061793,-0.2873684,-0.2709133,-0.2718738,-0.2630033,-0.26098904
-0.02217517,-0.035575528,-0.035542503,-0.018579587,-0.008704703,0.011437591,0.021226253,0.03584368,0.061713245,0.047053643,0.06735759,0.09093778
-0.10610944,-0.111257195,-0.12385686,-0.12459944,-0.13962483,-0.1523595,-0.14522286,-0.14384781,-0.14523955,-0.15265948,-0.14474836,-0.13728487
-0.32424322,-0.33095267,-0.32651654,-0.32982832,-0.32905596,-0.31146482,-0.3060543,-0.28369108,-0.26754826,-0.2573399,-0.21765338,-0.2022857
0.2724189,0.25177717,0.24504776,0.24103186,0.25042537,0.24037646,0.23781857,0.24143945,0.24429977,0.21889025,0.23353551,0.2191883
-1.2393739,-1.1881993,-1.1282263,-1.0986419,-1.0503169,-1.0089334,-0.90472007,-0.8464167,-0.84001327,-0.81696755,-0.70529366,-0.7504552
0.0810613,0.09342105,0.07477981,0.061769266,0.047822446,0.045479067,0.04388173,0.023846302,0.014540722,0.003160853,-0.009845646,-0.011743303
-0.2522528,-0.25279415,-0.2596208,-0.26707143,-0.27371773,-0.27147585,-0.26702714,-0.25507537,-0.26339215,-0.24945924,-0.22135703,-0.2231431
-0.1618216,-0.15370163,-0.1395367,-0.121903256,-0.10809016,-0.11630967,-0.085353,-0.0759659,-0.06614988,-0.08633788,-0.06830888,-0.054278005
0.118803635,0.13998991,0.13838422,0.1582304,0.16547535,0.15772319,0.16034436,0.15162829,0.13896838,0.1216375,0.09046895,0.06372782
-0.12382938,-0.112889804,-0.10756913,-0.10313735,-0.098986916,-0.09680179,-0.08654199,-0.081701085,-0.0941143,-0.09115484,-0.080084905,-0.079024635
0.09161542,0.090854675,0.09285671,0.08933745,0.092559546,0.089194834,0.08798403,0.087026075,0.08411665,0.0792504,0.069182396,0.06692522
0.11747532,0.10118581,0.078141846,0.074953906,0.06737308,0.0548497,0.051679045,0.04480562,0.040399935,0.045496292,0.061817326,0.07954756
-0.01651336,-0.049637012,-0.05226534,-0.056415904,-0.05218281,-0.029338881,-0.036570795,-0.03125801,-0.019741423,0.010774992,0.013567187,0.09083946
0.16454606,0.15157367,0.13615257,0.12677059,0.11249201,0.105180226,0.07203692,0.05837114,0.06659929,0.079308555,0.05899852,0.05880542
-0.0013361219,-0.0077393837,-0.018525146,-0.006485909,-0.011252248,-0.0046090023,-0.018390695,-0.018822636,0.00648758,0.022996932,0.05146031,0.05406432
-0.008741958,0.0068435,0.011136376,0.014482569,0.015385686,0.019166011,0.019484311,0.021157335,0.009791705,-0.00038756616,-0.026645508,-0.029119797
0.5351852,0.5145435,0.48843855,0.50006235,0.4982834,0.47633392,0.45246875,0.4302359,0.42738906,0.4129713,0.38388216,0.39216027
0.0033131838,0.00022231601,-0.0020080237,-0.017761506,-0.01672676,-0.014394617,-0.010105052,-0.0077839848,-0.005866972,-0.016930085,-0.025130171,-0.038782578
0.05565819,0.064141065,0.06068014,0.06705151,0.0676085,0.065763265,0.07380218,0.06218915,0.05245219,0.04201725,0.037587784,0.0064765085
0.09887652,0.11464244,0.121199355,0.109917745,0.098608844,0.09006789,0.072668046,0.079145916,0.07383343,0.05765351,0.02537496,0.015126042
-0.08035468,-0.07597253,-0.08084713,-0.08188449,-0.08417053,-0.08659483,-0.07793634,-0.074604996,-0.07765755,-0.084672704,-0.07727877,-0.08028134
0.19155152,0.18836841,0.17778385,0.16426173,0.15814757,0.13963386,0.12908104,0.11669475,0.10123404,0.10050577,0.07707647,0.06975018
