1.395822
1.945911
0.481884
0.947894
1.011828
0.367019
1.909448
1.034883
0.701555
1.828026
0.938573
1.385589
0.846147
2.085407
0.556180
1.299365
1.563763
1.109398
0.515570
3.697474
1.805654
0.758281
0.840110
0.663013
1.291128
0.708797
0.722088
0.645682
0.291405
0.501416
0.771487
1.434420
0.945179
0.551472
0.474423
0.394977
0.445331
0.709843
0.572085
0.854609
1.939170
0.451996
0.762277
1.428827
1.047545
2.445154
0.684226
0.502308
1.890023
0.311643
1.217221
2.407607
0.499443
1.605700
1.282497
2.543266
0.944113
1.748369
1.129163
1.208204
0.911784
0.472692
1.844253
5.736572
0.793947
1.930240
0.436954
1.974393
1.778395
2.902281
1.480843
0.755856
0.681259
2.613774
0.966143
1.781727
1.328123
1.039906
0.618756
1.447818
1.365729
2.581014
0.318517
0.521023
3.644760
1.641960
1.589877
0.930828
0.377092
0.533141
2.012983
3.064095
1.149684
0.725794
1.864657
0.410241
1.243764
2.114733
0.158785
0.650954
0.491485
