0|i -0.0539870382650502 -0.129572071778329 -0.136014024306396 -0.10568708096451 -0.114389770675101 0.115191225907721 0.136383547766213 0.183566452645599 0.194353592868232 0.125956226079262 0.0590875339255686 0.000405070080642667 -0.0138766827462813 -0.0881649076710344 -0.0809840421966999 -0.146255068934887 |o -0.0687872775614864 -0.147003841855397 -0.0703810086704813 0.0481752664492524 0.0639409455222108 0.14939089514243 0.141591081574522 0.212827521723286 0.299417646014589 0.313297873967433 0.252399729540236 0.214379742830017
0|i -0.034614087670281 -0.140066343920852 -0.109739400578966 -0.118442090289557 0.111138906293265 0.132331228151757 0.179514133031143 0.190301273253776 0.121903906464806 0.0550352143111125 -0.00364724953381352 -0.0179290023607375 -0.0922172272854906 -0.0850363618111561 -0.150307388549344 -0.0728395971759426 |o -0.151056161469853 -0.0744333282849375 0.0441229468347962 0.0598886259077546 0.145338575527974 0.137538761960066 0.20877520210883 0.295365326400133 0.309245554352977 0.24834740992578 0.210327423215561 0.162497846999224
0|i 0.0250514740050357 -0.1090067460757 -0.11770943578629 0.111871560796532 0.133063882655024 0.18024678753441 0.191033927757043 0.122636560968072 0.0557678688143792 -0.00291459503054677 -0.0171963478574707 -0.0914845727822238 -0.0843037073078893 -0.149574734046077 -0.0721069426726758 -0.150323506966587 |o -0.0737006737816707 0.044855601338063 0.0606212804110214 0.146071230031241 0.138271416463333 0.209507856612097 0.2960979809034 0.309978208856243 0.249080064429047 0.211060077718828 0.163230501502491 0.153679725350301
0|i 0.0556362684192903 -0.120063173939226 0.109517822643597 0.130710144502089 0.177893049381474 0.188680189604108 0.120282822815137 0.0534141306614439 -0.00526833318348204 -0.019550086010406 -0.0938383109351591 -0.0866574454608246 -0.151928472199012 -0.0744606808256111 -0.152677245119522 -0.076054411934606 |o 0.0425018631851277 0.0582675422580861 0.143717491878306 0.135917678310398 0.207154118459162 0.293744242750465 0.307624470703308 0.246726326276112 0.208706339565892 0.160876763349555 0.151325987197366 0.122451981126108
0|i 0.0923351464587346 0.098680153501973 0.119872475360465 0.167055380239851 0.177842520462484 0.109445153673514 0.0425764615198204 -0.0161060023251056 -0.0303877551520295 -0.104675980076783 -0.0974951146024481 -0.162766141340636 -0.0852983499672346 -0.163514914261146 -0.0868920810762295 0.0316641940435042 |o 0.0474298731164626 0.132879822736682 0.125080009168774 0.196316449317538 0.282906573608841 0.296786801561685 0.235888657134488 0.197868670424269 0.150039094207932 0.140488318055743 0.111614311984485 0.0331584774674192
0|i 0.071713677104848 0.123289160719499 0.170472065598885 0.181259205821518 0.112861839032548 0.0459931468788544 -0.0126893169660716 -0.0269710697929955 -0.101259294717749 -0.0940784292434141 -0.159349455981602 -0.0818816646082006 -0.160098228902111 -0.0834753957171955 0.0350808794025382 0.0508465584754966 |o 0.136296508095716 0.128496694527808 0.199733134676572 0.286323258967875 0.300203486920719 0.239305342493522 0.201285355783303 0.153455779566966 0.143905003414777 0.115030997343519 0.0365751628264532 -0.0698981740277071
0|i 0.0233367672313665 0.169604909107137 0.18039204932977 0.1119946825408 0.0451259903871066 -0.0135564734578194 -0.0278382262847433 -0.102126451209496 -0.0949455857351619 -0.160216612473349 -0.0827488210999484 -0.160965385393859 -0.0843425522089433 0.0342137229107904 0.0499794019837488 0.135429351603968 |o 0.12762953803606 0.198865978184824 0.285456102476127 0.299336330428971 0.238438186001774 0.200418199291555 0.152588623075218 0.143037846923029 0.114163840851771 0.0357080063347054 -0.0707653305194549 -0.251004900359449
0|i -0.026915843282413 0.183190407401175 0.114793040612205 0.0479243484585117 -0.0107581153864142 -0.0250398682133382 -0.0993280931380913 -0.0921472276637568 -0.157418254401944 -0.0799504630285433 -0.158167027322454 -0.0815441941375382 0.0370120809821955 0.0527777600551539 0.138227709675374 0.130427896107465 |o 0.201664336256229 0.288254460547532 0.302134688500376 0.24123654407318 0.20321655736296 0.155386981146623 0.145836204994434 0.116962198923176 0.0385063644061105 -0.0679669724480497 -0.248206542288044 -0.36418686338026
0|i -0.0808531895636961 0.113561445355201 0.0466927532015081 -0.0119897106434178 -0.0262714634703418 -0.100559688395095 -0.0933788229207604 -0.158649849658948 -0.0811820582855469 -0.159398622579458 -0.0827757893945418 0.0357804857251919 0.0515461647981503 0.13699611441837 0.129196300850462 0.200432740999226 |o 0.287022865290529 0.300903093243372 0.240004948816176 0.201984962105956 0.15415538588962 0.14460460973743 0.115730603666172 0.0372747691491069 -0.0691985677050533 -0.249438137545047 -0.365418458637264 -0.579675594609139
0|i -0.023025086581806 0.035128658539153 -0.023553805305773 -0.0378355581326969 -0.11212378305745 -0.104942917583116 -0.170213944321303 -0.092746152947902 -0.170962717241813 -0.0943398840568969 0.0242163910628367 0.0399820701357952 0.125432019756015 0.117632206188107 0.188868646336871 0.275458770628174 |o 0.289338998581017 0.228440854153821 0.190420867443601 0.142591291227264 0.133040515075075 0.104166509003817 0.0257106744867518 -0.0807626623674085 -0.261002232207402 -0.376982553299619 -0.591239689271494 -0.563320600813696
1|i -0.344535802177672 -0.0254017402801687 -0.339621636043637 -0.445425402007574 -0.44518740792887 -0.139911837956902 -0.0615901734295607 -0.00401804035430707 0.198589003687023 0.306252518796495 0.324446662943437 0.384585107607771 0.324638988712913 0.152364881491374 -0.0334529960869201 -0.196267929151073 |o -0.123076170006241 0.0276033541133441 0.26720474371243 0.275435302602321 0.265883300092107 0.235585514368479 0.197596305903395 0.129406814082861 -0.0202971168075622 -0.161523593660619 -0.263410021334823 -0.249851337060762
1|i -0.275987513533491 -0.333110007395232 -0.438913773359169 -0.438675779280465 -0.133400209308497 -0.0550785447811558 0.00249358829409775 0.205100632335427 0.3127641474449 0.330958291591842 0.391096736256176 0.331150617361318 0.158876510139779 -0.0269413674385153 -0.189756300502669 -0.116564541357836 |o 0.034114982761749 0.273716372360834 0.281946931250725 0.272394928740511 0.242097143016883 0.2041079345518 0.135918442731265 -0.0137854881591573 -0.155011965012214 -0.256898392686418 -0.243339708412357 -0.0931834287692046
1|i -0.0852216533233574 -0.463395439369635 -0.463157445290931 -0.157881875318963 -0.0795602107916212 -0.0219880777163676 0.180618966324962 0.288282481434434 0.306476625581377 0.366615070245711 0.306668951350852 0.134394844129314 -0.0514230334489807 -0.214237966513134 -0.141046207368302 0.00963331675128357 |o 0.249234706350369 0.25746526524026 0.247913262730046 0.217615477006418 0.179626268541334 0.1114367767208 -0.0382671541696227 -0.17949363102268 -0.281380058696884 -0.267821374422823 -0.11766509477967 0.0166186265830337
1|i 0.0585145137469353 -0.510666121672264 -0.205390551700296 -0.127068887172955 -0.0694967540977012 0.133110289943628 0.240773805053101 0.258967949200043 0.319106393864377 0.259160274969519 0.0868861677479802 -0.0989317098303143 -0.261746642894468 -0.188554883749635 -0.03787535963005 0.201726029969035 |o 0.209956588858926 0.200404586348712 0.170106800625084 0.132117592160001 0.0639281003394664 -0.0857758305509563 -0.227002307404013 -0.328888735078217 -0.315330050804156 -0.165173771161004 -0.0308900497982999 0.0885378860436372
1|i 0.107199028417408 -0.253432065735709 -0.175110401208368 -0.117538268133114 0.0850687759082157 0.192732291017688 0.21092643516463 0.271064879828965 0.211118760934106 0.0388446537125675 -0.146973223865727 -0.30978815692988 -0.236596397785048 -0.0859168736654627 0.153684515933623 0.161915074823514 |o 0.1523630723133 0.122065286589672 0.0840760781245881 0.0158865863040537 -0.133817344586369 -0.275043821439426 -0.37693024911363 -0.363371564839569 -0.213215285196416 -0.0789315638337126 0.0404963720082245 0.126889919713593
1|i 0.205828637744082 -0.202163410411635 -0.144591277336381 0.0580157667049485 0.165679281814421 0.183873425961363 0.244011870625697 0.184065751730839 0.0117916445093003 -0.174026233068994 -0.336841166133148 -0.263649406988315 -0.11296988286873 0.126631506730355 0.134862065620246 0.125310063110032 |o 0.0950122773864045 0.0570230689213209 -0.0111664228992135 -0.160870353789636 -0.302096830642693 -0.403983258316897 -0.390424574042836 -0.240268294399683 -0.10598457303698 0.0134433628049573 0.0998369105103258 0.212409792698877
1|i 0.22251490414054 -0.16440298985625 0.0382040541850792 0.145867569294551 0.164061713441494 0.224200158105828 0.164254039210969 -0.00802006801056901 -0.193837945588863 -0.356652878653017 -0.283461119508184 -0.132781595388599 0.106819794210486 0.115050353100377 0.105498350590163 0.0752005648665352 |o 0.0372113564014516 -0.0309781354190828 -0.180682066309506 -0.321908543162562 -0.423794970836767 -0.410236286562706 -0.260080006919553 -0.125796285556849 -0.00636834971491204 0.0800251979904565 0.192598080179008 0.175030152838161
1|i 0.178655045525137 0.024763097767899 0.132426612877371 0.150620757024314 0.210759201688648 0.150813082793789 -0.0214610244277491 -0.207278902006044 -0.370093835070197 -0.296902075925364 -0.146222551805779 0.093378837793306 0.101609396683197 0.092057394172983 0.0617596084493551 0.0237703999842715 |o -0.044419091836263 -0.194123022726686 -0.335349499579742 -0.437235927253947 -0.423677242979886 -0.273520963336733 -0.139237241974029 -0.0198093061320922 0.0665842415732764 0.179157123761828 0.16158919642098 0.0732686116328716
1|i 0.180039318684496 0.137038758850982 0.155232902997924 0.215371347662259 0.1554252287674 -0.0168488784541383 -0.202666756032433 -0.365481689096586 -0.292289929951754 -0.141610405832169 0.0979909837669168 0.106221542656808 0.0966695401465938 0.0663717544229659 0.0283825459578823 -0.0398069458626522 |o -0.189510876753075 -0.330737353606132 -0.432623781280336 -0.419065097006275 -0.268908817363122 -0.134625096000418 -0.0151971601584814 0.0711963875468872 0.183769269735439 0.166201342394591 0.0778807576064824 0.113548665488235
1|i 0.0366218917931603 0.177002878704862 0.237141323369196 0.177195204474337 0.0049210972527988 -0.180896780325496 -0.343711713389649 -0.270519954244817 -0.119840430125231 0.119760959473854 0.127991518363745 0.118439515853531 0.088141730129903 0.0501525216648194 -0.018036970155715 -0.167740901046138 |o -0.308967377899195 -0.410853805573399 -0.397295121299338 -0.247138841656185 -0.112855120293481 0.00657281554845576 0.0929663632538243 0.205539245442376 0.187971318101528 0.0996507333134195 0.135318641195172 -0.0616981456031614
2|i 0.0289600117266757 0.0829920635081466 0.0880398403905963 0.239481771450406 0.0833712581139913 -0.160572089248082 -0.183528731060827 0.0236589507611643 -0.0366593314298296 0.0368724202301138 -0.0849739908657938 -0.0600087408071309 -0.130291890994333 -0.0195095609382594 0.0919708843013365 0.0291571465885013 |o 0.135345700554395 0.139422549622592 0.182302033669948 0.181338893700806 0.193968166357587 0.211090902887954 0.239962564299457 0.364259839728995 0.396578515901627 0.349276514041619 0.2861067415329 0.0962745530663499
2|i -0.0161687261316497 0.0845495979208464 0.235991528980656 0.0798810156442415 -0.164062331717832 -0.187018973530577 0.0201687082914144 -0.0401495738995795 0.0333821777603639 -0.0884642333355437 -0.0634989832768807 -0.133782133464083 -0.0229998034080092 0.0884806418315867 0.0256669041187514 0.131855458084645 |o 0.135932307152842 0.178811791200198 0.177848651231056 0.190477923887837 0.207600660418204 0.236472321829707 0.360769597259246 0.393088273431877 0.345786271571869 0.28261649906315 0.0927843105966001 0.0178020299544786
2|i -0.134116531352523 0.232566015031856 0.0764555016954418 -0.167487845666632 -0.190444487479377 0.0167431943426147 -0.0435750878483792 0.0299566638115642 -0.0918897472843434 -0.0669244972256804 -0.137207647412882 -0.0264253173568089 0.0850551278827869 0.0222413901699517 0.128429944135845 0.132506793204042 |o 0.175386277251398 0.174423137282257 0.187052409939038 0.204175146469404 0.233046807880907 0.357344083310446 0.389662759483077 0.342360757623069 0.279190985114351 0.0893587966478003 0.0143765160056789 -0.0891183833411468
2|i -0.138876524749583 0.0802674842141389 -0.163675863147935 -0.18663250496068 0.0205551768613119 -0.039763105329682 0.0337686463302614 -0.0880777647656462 -0.0631125147069833 -0.133395664894185 -0.0226133348381118 0.0888671104014841 0.0260533726886489 0.132241926654542 0.136318775722739 0.179198259770095 |o 0.178235119800954 0.190864392457735 0.207987128988101 0.236858790399605 0.361156065829143 0.393474742001774 0.346172740141767 0.283002967633048 0.0931707791664975 0.0181884985243761 -0.0853064008224496 -0.106887983803363
2|i -0.0277241307385581 -0.170207038853723 -0.193163680666467 0.0140240011555242 -0.0462942810354696 0.0272374706244738 -0.0946089404714339 -0.0696436904127709 -0.139926840599973 -0.0291445105438994 0.0823359346956965 0.0195221969828612 0.125710750948755 0.129787600016952 0.172667084064308 0.171703944095166 |o 0.184333216751947 0.201455953282313 0.230327614693817 0.354624890123355 0.386943566295987 0.339641564435979 0.27647179192726 0.0866396034607099 0.0116573228185884 -0.0918375765282373 -0.113419159509151 0.0264349625878442
2|i -0.0250455302287673 -0.216799697706845 -0.00961201588485375 -0.0699302980758476 0.00360145358409578 -0.118244957511812 -0.0932797074531489 -0.163562857640351 -0.0527805275842774 0.0586999176553185 -0.00411382005751675 0.102074733908377 0.106151582976574 0.14903106702393 0.148067927054788 0.160697199711569 |o 0.177819936241936 0.206691597653439 0.330988873082977 0.363307549255609 0.316005547395601 0.252835774886882 0.0630035864203319 -0.0119786942217896 -0.115473593568615 -0.137055176549529 0.00279894554746624 0.057776221571594
2|i 0.0437433713751434 -0.0359199914814391 -0.096238273672433 -0.0227065220124896 -0.144552933108397 -0.119587683049734 -0.189870833236936 -0.0790885031808628 0.0323919420587331 -0.0304217956541021 0.0757667583117915 0.0798436073799884 0.122723091427344 0.121759951458203 0.134389224114984 0.15151196064535 |o 0.180383622056853 0.304680897486392 0.336999573659023 0.289697571799016 0.226527799290297 0.0366956108237465 -0.0382866698183749 -0.141781569165201 -0.163363152146114 -0.0235090300491191 0.0314682459750087 0.146433021077364
2|i 0.0171840760862399 -0.110658514574986 -0.0371267629150424 -0.15897317401095 -0.134007923952287 -0.204291074139489 -0.0935087440834156 0.0179717011561803 -0.044842036556655 0.0613465174092386 0.0654233664774356 0.108302850524792 0.10733971055565 0.119968983212431 0.137091719742797 0.165963381154301 |o 0.290260656583839 0.322579332756471 0.275277330896463 0.212107558387744 0.0222753699211937 -0.0527069107209278 -0.156201810067753 -0.177783393048667 -0.037929270951672 0.0170480050724558 0.132012780174811 0.135694141900097
2|i 0.0825924744102686 -0.0638547076589641 -0.185701118754872 -0.160735868696209 -0.231019018883411 -0.120236688827337 -0.00875624358774139 -0.0715699813005766 0.034618572665317 0.0386954217335139 0.08157490578087 0.0806117658117284 0.0932410384685093 0.110363774998876 0.139235436410379 0.263532711839918 |o 0.295851388012549 0.248549386152541 0.185379613643822 -0.004452574822728 -0.0794348554648495 -0.182929754811675 -0.204511337792589 -0.0646572156955936 -0.00967993967146584 0.105284835430889 0.108966197156175 0.146313359299313
2|i 0.0648777953612591 -0.209681525132973 -0.18471627507431 -0.254999425261512 -0.144217095205438 -0.0327366499658423 -0.0955503876786775 0.0106381662872161 0.014715015355413 0.0575944994027691 0.0566313594336275 0.0692606320904084 0.0863833686207748 0.115255030032278 0.239552305461817 0.271870981634448 |o 0.22456897977444 0.161399207265721 -0.0284329812008289 -0.10341526184295 -0.206910161189776 -0.22849174417069 -0.0886376220736945 -0.0336603460495667 0.0813044290527883 0.0849857907780746 0.122332952921212 0.109996584661288
3|i -0.00960581281081512 0.261889398271125 0.00795064855722061 -0.0319756384014818 -0.12354537429241 -0.0768553963804831 -0.0139647855812339 -0.0497728886844756 -0.0867232992709727 -0.128255803922954 -0.102869895404196 -0.0096166959382179 0.00925178453032249 0.130984729409805 0.140038303143767 0.0734649139641846 |o 0.0893955229010719 -0.0575933222604059 -0.047188687359802 0.0468690553326365 0.102178330674212 0.308340585790278 0.424035696644883 0.615171603825852 0.669173554439793 0.777152359803226 0.765516134944088 0.676952477412753
3|i -0.0483266746704483 0.0194502402485576 -0.0204760467101448 -0.112045782601073 -0.0653558046891461 -0.00246519388989697 -0.0382732969931386 -0.0752237075796357 -0.116756212231617 -0.0913703037128595 0.00188289575311906 0.0207513762216595 0.142484321101142 0.151537894835104 0.0849645056555216 0.100895114592409 |o -0.046093730569069 -0.035689095668465 0.0583686470239735 0.113677922365549 0.319840177481615 0.43553528833622 0.626671195517189 0.68067314613113 0.788651951494563 0.777015726635425 0.68845206910409 0.690489698267151
3|i -0.098706442416636 -0.0161064486556364 -0.107676184546564 -0.0609862066346377 0.00190440416461146 -0.0339036989386302 -0.0708541095251273 -0.112386614177109 -0.0870007056583511 0.00625249380762749 0.0251209742761679 0.146853919155651 0.155907492889612 0.08933410371003 0.105264712646917 -0.0417241325145605 |o -0.0313194976139566 0.0627382450784819 0.118047520420058 0.324209775536123 0.439904886390729 0.631040793571697 0.685042744185638 0.793021549549071 0.781385324689934 0.692821667158598 0.694859296321659 0.686580177699788
3|i -0.0945223383393953 -0.106661981282676 -0.0599720033707497 0.00291860742849948 -0.0328894956747422 -0.0698399062612393 -0.111372410913221 -0.085986502394463 0.0072666970715155 0.0261351775400559 0.147868122419539 0.1569216961535 0.090348306973918 0.106278915910805 -0.0407099292506725 -0.0303052943500686 |o 0.0637524483423699 0.119061723683946 0.325223978800011 0.440919089654617 0.632054996835585 0.686056947449526 0.794035752812959 0.782399527953822 0.693835870422486 0.695873499585547 0.687594380963676 0.676470490748077
3|i -0.0744483337927936 -0.0713329653457528 -0.00844235454650366 -0.0442504576497453 -0.0812008682362424 -0.122733372888224 -0.0973474643694662 -0.00409426490348763 0.0147742155650528 0.136507160444535 0.145560734178497 0.0789873449989149 0.0949179539358022 -0.0520708912256757 -0.0416662563250717 0.0523914863673668 |o 0.107700761708943 0.313863016825008 0.429558127679614 0.620694034860582 0.674695985474523 0.782674790837956 0.771038565978818 0.682474908447483 0.684512537610544 0.676233418988673 0.665109528773073 0.716700843227028
3|i -0.0872074551745648 -0.0203779363501501 -0.0561860394533917 -0.0931364500398888 -0.13466895469187 -0.109283046173113 -0.016029846707134 0.00283863376140636 0.124571578640889 0.133625152374851 0.0670517631952685 0.0829823721321558 -0.0640064730293221 -0.0536018381287181 0.0404559045637204 0.0957651799052963 |o 0.301927435021362 0.417622545875967 0.608758453056936 0.662760403670876 0.77073920903431 0.759102984175172 0.670539326643837 0.672576955806897 0.664297837185026 0.653173946969427 0.704765261423381 0.703022285164885
3|i -0.0329817509042417 -0.0776730642114924 -0.11462347479799 -0.156155979449971 -0.130770070931213 -0.0375168714652347 -0.0186483909966944 0.103084553882788 0.11213812761675 0.0455647384371678 0.0614953473740551 -0.0854934977874228 -0.0750888628868188 0.0189688798056197 0.0742781551471956 0.280440410263261 |o 0.396135521117866 0.587271428298835 0.641273378912776 0.749252184276209 0.737615959417071 0.649052301885736 0.651089931048797 0.642810812426926 0.631686922211326 0.683278236665281 0.681535260406784 0.734475748102721
3|i -0.00808834460087184 -0.146210713819947 -0.187743218471928 -0.162357309953171 -0.069104110487192 -0.0502356300186516 0.0714973148608311 0.0805508885947925 0.0139774994152105 0.0299081083520978 -0.11708073680938 -0.106676101908776 -0.0126183592163376 0.0426909161252383 0.248853171241304 0.364548282095909 |o 0.555684189276878 0.609686139890818 0.717664945254252 0.706028720395114 0.617465062863779 0.61950269202684 0.611223573404968 0.600099683189369 0.651690997643323 0.649948021384827 0.702888509080763 0.704833205124171
3|i 0.0950588475073692 -0.234536212011717 -0.209150303492959 -0.11589710402698 -0.0970286235584399 0.0247043213210428 0.0337578950550042 -0.0328154941245778 -0.0168848851876905 -0.163873730349168 -0.153469095448564 -0.0594113527561259 -0.00410207741454999 0.202060177701515 0.317755288556121 0.50889119573709 |o 0.56289314635103 0.670871951714463 0.659235726855326 0.57067206932399 0.572709698487051 0.56443057986518 0.553306689649581 0.604898004103535 0.603155027845038 0.656095515540975 0.658040211584382 0.7514381820383
3|i 0.105486198739638 -0.262312260717142 -0.169059061251163 -0.150190580782623 -0.0284576359031403 -0.0194040621691789 -0.0859774513487609 -0.0700468424118736 -0.217035687573351 -0.206631052672748 -0.112573309980309 -0.0572640346387331 0.148898220477332 0.264593331331938 0.455729238512906 0.509731189126847 |o 0.61770999449028 0.606073769631143 0.517510112099807 0.519547741262868 0.511268622640997 0.500144732425398 0.551736046879352 0.549993070620855 0.602933558316792 0.604878254360199 0.698276224814117 0.732684308263011
4|i -0.0884513224278225 -0.434338543050537 -0.642650019344514 -0.626725704571611 -0.555281591833258 -0.371169171446214 -0.108324692609307 0.137826651292385 0.256209428022847 0.271417154311017 0.318630877414706 0.305660563078653 0.314479776611473 0.37564595971761 0.385238895487123 0.373380416919628 |o 0.393457494015254 0.343145688434826 0.281579859845669 0.35173291343378 0.332847114504747 0.292905269231081 0.303689683502918 0.278868270684305 0.324516354154091 0.368207974143553 0.463935202690933 0.485991249335249
4|i -0.0737741208188181 -0.697836421815567 -0.681912107042663 -0.61046799430431 -0.426355573917267 -0.163511095080359 0.0826402488213324 0.201023025551794 0.216230751839964 0.263444474943653 0.250474160607601 0.25929337414042 0.320459557246557 0.33005249301607 0.318194014448575 0.338271091544201 |o 0.287959285963773 0.226393457374616 0.296546510962727 0.277660712033694 0.237718866760029 0.248503281031865 0.223681868213252 0.269329951683038 0.3130215716725 0.40874880021988 0.430804846864196 0.456348332289828
4|i -0.0581481288412503 -0.74763182089462 -0.676187708156266 -0.492075287769223 -0.229230808932315 0.0169205349693764 0.135303311699838 0.150511037988008 0.197724761091697 0.184754446755645 0.193573660288464 0.254739843394601 0.264332779164114 0.252474300596619 0.272551377692245 0.222239572111817 |o 0.16067374352266 0.230826797110772 0.211940998181738 0.171999152908073 0.182783567179909 0.157962154361296 0.203610237831082 0.247301857820544 0.343029086367924 0.36508513301224 0.390628618437872 0.376739158270972
4|i -0.0219951730523542 -0.736741412450752 -0.552628992063708 -0.289784513226801 -0.0436331693251089 0.0747496074053527 0.0899573336935227 0.137171056797212 0.124200742461159 0.133019955993979 0.194186139100116 0.203779074869629 0.191920596302134 0.21199767339776 0.161685867817332 0.100120039228175 |o 0.170273092816286 0.151387293887253 0.111445448613587 0.122229862885424 0.0974084500668107 0.143056533536597 0.186748153526059 0.282475382073439 0.304531428717755 0.330074914143386 0.316185453976487 0.286646749660572
4|i 0.064501146616557 -0.613096625748178 -0.35025214691127 -0.104100803009578 0.0142819737208835 0.0294897000090535 0.0767034231127424 0.0637331087766901 0.0725523223095095 0.133718505415646 0.14331144118516 0.131452962617665 0.151530039713291 0.101218234132863 0.0396524055437053 0.109805459131817 |o 0.0909196602027835 0.0509778149291182 0.0617622292009549 0.0369408163823415 0.0825888998521278 0.12628051984159 0.222007748388969 0.244063795033286 0.269607280458917 0.255717820292018 0.226179115976103 0.232644632548592
4|i 0.0822202058081821 -0.397186565974667 -0.151035222072976 -0.0326524453425139 -0.0174447190543439 0.029769004049345 0.0167986897132927 0.0256179032461121 0.0867840863522489 0.0963770221217624 0.0845185435542672 0.104595620649893 0.0542838150694654 -0.00728201351969208 0.0628710400684196 0.0439852411393861 |o 0.00404339586572081 0.0148278101375575 -0.00999360268105588 0.0356544807887304 0.0793461007781924 0.175073329325572 0.197129375969888 0.22267286139552 0.20878340122862 0.179244696912706 0.185710213485194 0.207881220523659
4|i 0.0647344961229702 -0.177783886195668 -0.0594011094652065 -0.0441933831770365 0.00302033992665248 -0.00994997440939983 -0.00113076087658043 0.0600354222295563 0.0696283579990699 0.0577698794315746 0.0778469565272008 0.0275351509467729 -0.0340306776423846 0.0361223759457271 0.0172365770166935 -0.0227052682569717 |o -0.011920853985135 -0.0367422668037484 0.00890581666603785 0.0525974366554998 0.148324665202879 0.170380711847196 0.195924197272827 0.182034737105928 0.152496032790013 0.158961549362502 0.181132556400967 0.221920332121291
4|i 0.0582354808047575 -0.0704586449459087 -0.0552509186577387 -0.00803719555404973 -0.021007509890102 -0.0121882963572826 0.0489778867488541 0.0585708225183677 0.0467123439508724 0.0667894210464986 0.0164776154660707 -0.0450882131230868 0.0250648404650249 0.00617904153599134 -0.0337628037376739 -0.0229783894658372 |o -0.0477998022844506 -0.00215171881466436 0.0415399011747976 0.137267129722177 0.159323176366493 0.184866661792125 0.170977201625226 0.141438497309311 0.147904013881799 0.170075020920265 0.210862796640589 0.212660945781952
4|i 0.0115306147021432 -0.0567615081685025 -0.0095477850648136 -0.0225180994008659 -0.0136988858680465 0.0474672972380903 0.0570602330076038 0.0452017544401086 0.0652788315357347 0.0149670259553068 -0.0465988026338507 0.023554250954261 0.00466845202522747 -0.0352733932484378 -0.0244889789766011 -0.0493103917952145 |o -0.00366230832542823 0.0400293116640338 0.135756540211413 0.15781258685573 0.183356072281361 0.169466612114462 0.139927907798547 0.146393424371036 0.168564431409501 0.209352207129825 0.211150356271188 0.188120810607745
4|i 0.0095989225188934 -0.0130877317210186 -0.0260580460570709 -0.0172388325242515 0.0439273505818853 0.0535202863513989 0.0416618077839036 0.0617388848795298 0.0114270792991018 -0.0501387492900557 0.020014304298056 0.00112850536902252 -0.0388133399046428 -0.028028925632806 -0.0528503384514195 -0.00720225498163318 |o 0.0364893650078288 0.132216593555208 0.154272640199525 0.179816125625156 0.165926665458257 0.136387961142342 0.142853477714831 0.165024484753296 0.20581226047362 0.207610409614983 0.18458086395154 0.178318085284183
5|i -0.0266562194126541 -0.243243447481498 -0.0800244933386744 -0.0553509518763151 -0.0711648688511299 -0.0803269386939041 -0.0154307752438381 0.0517750840572022 0.0839798948213433 0.102792151950895 0.0918395903046971 0.0448797542229016 0.0723562870435996 0.0840127242658649 0.0505591144669528 -0.0366531256480975 |o -0.148473517230738 -0.211562197852252 -0.204421444960697 -0.102929049144184 -0.133280819884892 -0.0668312744451824 -0.170973537031207 -0.399169004270333 -0.419879422370805 -0.665895988328349 -0.600970888005606 -0.484999847376481
5|i -0.0610759450001757 -0.086342488688725 -0.0616689472263658 -0.0774828642011805 -0.0866449340439548 -0.0217487705938887 0.0454570887071516 0.0776618994712927 0.0964741566008447 0.0855215949546465 0.0385617588728509 0.066038291693549 0.0776947289158143 0.0442411191169022 -0.0429711209981482 -0.154791512580789 |o -0.217880193202303 -0.210739440310748 -0.109247044494234 -0.139598815234943 -0.073149269795233 -0.177291532381258 -0.405486999620384 -0.426197417720856 -0.6722139836784 -0.607288883355657 -0.491317842726532 -0.483678855558008
5|i -0.0591479092420555 -0.0528997669254606 -0.0687136839002753 -0.0778757537430496 -0.0129795902929835 0.0542262690080567 0.0864310797721979 0.10524333690175 0.0942907752555516 0.0473309391737561 0.0748074719944542 0.0864639092167195 0.0530102994178073 -0.034201940697243 -0.146022332279884 -0.209111012901397 |o -0.201970260009842 -0.100477864193329 -0.130829634934038 -0.0643800894943279 -0.168522352080352 -0.396717819319479 -0.417428237419951 -0.663444803377495 -0.598519703054752 -0.482548662425627 -0.474909675257103 -0.413610980940849
5|i 0.0090189763653488 -0.0587756510279832 -0.0679377208707575 -0.0030415574206914 0.0641643018803489 0.09636911264449 0.115181369774042 0.104228808127844 0.0572689720460482 0.0847455048667463 0.0964019420890116 0.0629483322900995 -0.0242639078249509 -0.136084299407592 -0.199172980029105 -0.19203222713755 |o -0.0905398313210371 -0.120891602061746 -0.0544420566220357 -0.15858431920806 -0.386779786447187 -0.407490204547658 -0.653506770505203 -0.588581670182459 -0.472610629553335 -0.464971642384811 -0.403672948068556 -0.299072670361169
5|i 0.107742793631056 -0.0658201088512206 -0.00092394540115448 0.0662819138998858 0.0984867246640269 0.117298981793579 0.106346420147381 0.0593865840655852 0.0868631168862832 0.0985195541085485 0.0650659443096364 -0.022146295805414 -0.133966687388055 -0.197055368009568 -0.189914615118013 -0.0884222193015001 |o -0.118773990042209 -0.0523244446024988 -0.156466707188523 -0.38466217442765 -0.405372592528122 -0.651389158485666 -0.586464058162922 -0.470493017533798 -0.462854030365274 -0.401555336049019 -0.296955058341632 -0.19734542126118
5|i 0.114769244485749 0.00260631334491142 0.0698121726459517 0.102016983410093 0.120829240539645 0.109876678893447 0.0629168428116511 0.0903933756323491 0.102049812854614 0.0685962030557023 -0.0186160370593481 -0.130436428641989 -0.193525109263502 -0.186384356371948 -0.0848919605554342 -0.115243731296143 |o -0.0487941858564329 -0.152936448442458 -0.381131915681584 -0.401842333782056 -0.6478588997396 -0.582933799416857 -0.466962758787732 -0.459323771619208 -0.398025077302954 -0.293424799595567 -0.193815162515114 -0.203746170281704
5|i 0.142423741492612 0.073238872592708 0.105443683356849 0.124255940486401 0.113303378840203 0.0663435427584074 0.0938200755791054 0.105476512801371 0.0720229030024586 -0.0151893371125918 -0.127009728695232 -0.190098409316746 -0.182957656425191 -0.081465260608678 -0.111817031349387 -0.0453674859096766 |o -0.149509748495701 -0.377705215734828 -0.398415633835299 -0.644432199792843 -0.5795070994701 -0.463536058840976 -0.455897071672452 -0.394598377356197 -0.28999809964881 -0.190388462568357 -0.200319470334948 -0.231775217804611
5|i 0.0580290751059782 0.12029359142941 0.139105848558962 0.128153286912763 0.081193450830968 0.108669983651666 0.120326420873931 0.0868728110750192 -0.000339429040031154 -0.112159820622672 -0.175248501244186 -0.168107748352631 -0.0666153525361173 -0.0969671232768261 -0.030517577837116 -0.134659840423141 |o -0.362855307662267 -0.383565725762739 -0.629582291720283 -0.56465719139754 -0.448686150768415 -0.441047163599891 -0.379748469283637 -0.27514819157625 -0.175538554495797 -0.185469562262387 -0.216925309732051 -0.381554984979288
5|i -0.0564280122172833 0.171315775165073 0.160363213518875 0.11340337743708 0.140879910257778 0.152536347480043 0.119082737681131 0.0318704975660806 -0.0799498940165601 -0.143038574638074 -0.135897821746519 -0.0344054259300056 -0.0647571966707143 0.00169234876899576 -0.102449913817029 -0.330645381056155 |o -0.351355799156627 -0.597372365114171 -0.532447264791428 -0.416476224162303 -0.408837236993779 -0.347538542677525 -0.242938264970138 -0.143328627889685 -0.153259635656275 -0.184715383125939 -0.349345058373176 -0.444101374684896
5|i -0.0592092532073553 0.195207985140322 0.148248149058526 0.175724681879225 0.18738111910149 0.153927509302578 0.0667152691875273 -0.0451051223951134 -0.108193803016627 -0.101053050125072 0.000439345691441138 -0.0299124250492676 0.0365371203904425 -0.0676051421955822 -0.295800609434709 -0.31651102753518 |o -0.562527593492724 -0.497602493169981 -0.381631452540857 -0.373992465372332 -0.312693771056078 -0.208093493348691 -0.108483856268238 -0.118414864034828 -0.149870611504492 -0.314500286751729 -0.40925660306345 -0.453854675493226
6|i -0.0147197029554865 -0.312445542435646 -0.380865999275225 -0.353603221935118 -0.185063114510658 -0.0237322522062423 0.0345629058273737 0.133461235392359 0.173289855904436 0.138953547343093 0.105144702845943 0.121770009884471 0.150245066050983 0.125142521797541 0.146710189683503 0.126430095633188 |o 0.0935192410748737 0.110020268982129 0.0905961142769435 0.118708192259319 0.137675104074097 0.164560467014409 0.201922047096966 0.204602348292891 0.182540566144174 0.204385794631411 0.242669374092235 0.27965666467237
6|i 0.025151411232227 -0.407930318175927 -0.380667540835819 -0.212127433411359 -0.0507965711069436 0.00749858692667239 0.106396916491657 0.146225537003735 0.111889228442391 0.0780803839452415 0.0947056909837699 0.123180747150282 0.0980782028968398 0.119645870782801 0.0993657767324862 0.0664549221741723 |o 0.0829559500814277 0.0635317953762422 0.0916438733586177 0.110610785173396 0.137496148113708 0.174857728196265 0.177538029392189 0.155476247243472 0.17732147573071 0.215605055191534 0.252592345771668 0.223033357167428
6|i 0.0752364400552883 -0.413393292052976 -0.244853184628516 -0.0835223223241006 -0.0252271642904846 0.0736711652745002 0.113499785786578 0.0791634772252345 0.0453546327280846 0.0619799397666129 0.0904549959331246 0.0653524516796829 0.0869201195656445 0.0666400255153293 0.0337291709570154 0.0502301988642707 |o 0.0308060441590852 0.0589181221414607 0.0778850339562389 0.104770396896551 0.142131976979108 0.144812278175033 0.122750496026315 0.144595724513553 0.182879303974377 0.219866594554511 0.190307605950271 0.14918766441292
6|i 0.0494603712224297 -0.27446647370932 -0.113135611404905 -0.0548404533712887 0.0440578761936961 0.0838864967057737 0.0495501881444304 0.0157413436472805 0.0323666506858088 0.0608417068523205 0.0357391625988788 0.0573068304848404 0.0370267364345252 0.00411588187621127 0.0206169097834666 0.00119275507828114 |o 0.0293048330606566 0.0482717448754348 0.0751571078157471 0.112518687898303 0.115198989094228 0.0931372069455114 0.114982435432749 0.153266014893573 0.190253305473707 0.160694316869467 0.119574375332116 -0.00679567029508087
6|i 0.0731080362962207 -0.133387031856236 -0.0750918738226204 0.0238064557423643 0.063635076254442 0.0292987676930986 -0.0045100768040513 0.012115230234477 0.0405902864009887 0.015487742147547 0.0370554100335086 0.0167753159831934 -0.0161355385751205 0.000365489332134844 -0.0190586653730506 0.00905341260932482 |o 0.028020324424103 0.0549056873644153 0.0922672674469717 0.0949475686428966 0.0728857864941796 0.0947310149814168 0.133014594442241 0.170001885022375 0.140442896418135 0.0993229548807843 -0.0270470907464126 -0.0932853360077918
6|i 0.0311637514976939 -0.0858523642413097 0.0130459653236751 0.0528745858357527 0.0185382772744093 -0.0152705672227406 0.00135473981578774 0.0298297959822994 0.00472725172885771 0.0262949196148193 0.00601482556450411 -0.0268960289938098 -0.0103950010865544 -0.0298191557917399 -0.00170707780936447 0.0172598340054137 |o 0.044145196945726 0.0815067770282824 0.0841870782242073 0.0621252960754903 0.0839705245627275 0.122254104023551 0.159241394603686 0.129682405999446 0.088562464462095 -0.0378075811651019 -0.104045826426481 -0.297147055621964
6|i -0.0279608623685129 0.00437946124453933 0.0442080817566169 0.00987177319527363 -0.0239370713018763 -0.00731176426334798 0.0211632919031637 -0.00393925235027801 0.0176284155356836 -0.00265167851463161 -0.0355625330729455 -0.0190615051656902 -0.0384856598708757 -0.0103735818885002 0.00859332992627798 0.0354786928665903 |o 0.0728402729491467 0.0755205741450716 0.0534587919963546 0.0753040204835917 0.113587599944416 0.15057489052455 0.12101590192031 0.0798959603829593 -0.0464740852442377 -0.112712330505617 -0.3058135597011 -0.484209336245993
6|i -0.0800280443624625 0.0396440276429764 0.00530771908163313 -0.0285011254155168 -0.0118758183769885 0.0165992377895232 -0.0085033064639185 0.0130643614220431 -0.0072157326282721 -0.040126587186586 -0.0236255592793307 -0.0430497139845162 -0.0149376360021407 0.00402927581263748 0.0309146387529498 0.0682762188355062 |o 0.0709565200314311 0.0488947378827141 0.0707399663699513 0.109023545830775 0.14601083641091 0.116451847806669 0.0753319062693188 -0.0510381393578782 -0.117276384619257 -0.31037761381474 -0.488773390359634 -0.674761282599622
6|i -0.0718222442084546 0.00322021958906948 -0.0305886249080805 -0.0139633178695521 0.0145117382969596 -0.0105908059564822 0.0109768619294794 -0.00930323212083575 -0.0422140866791497 -0.0257130587718943 -0.0451372134770798 -0.0170251354947043 0.00194177632007383 0.0288271392603862 0.0661887193429425 0.0688690205388675 |o 0.0468072383901504 0.0686524668773876 0.106936046338212 0.143923336918346 0.114364348314106 0.0732444067767552 -0.0531256388504418 -0.119363884111821 -0.312465113307304 -0.490860889852198 -0.676848782092186 -0.697770456418307
6|i -0.0264241819475788 -0.0334944261614858 -0.0168691191229575 0.0116059370435542 -0.0134966072098875 0.00807106067607402 -0.0122090333742411 -0.0451198879325551 -0.0286188600252997 -0.0480430147304852 -0.0199309367481097 -0.000964024933331559 0.0259213380069808 0.0632829180895371 0.0659632192854621 0.043901437136745 |o 0.0657466656239822 0.104030245084806 0.141017535664941 0.1114585470607 0.0703386055233498 -0.0560314401038472 -0.122269685365226 -0.315370914560709 -0.493766691105603 -0.679754583345591 -0.700676257671712 -0.640223984421654
7|i -0.00404159219689678 -0.104503680658177 -0.0283644137946263 0.095877961945975 0.299461571226808 0.279967271652849 0.251449152402336 -0.000540537869912205 -0.175706484251843 -0.232084701782127 -0.13002080085597 -0.0662754589505772 -0.0571471280232476 -0.0669460562258237 -0.011273725425065 -0.0538929693906004 |o 0.0312492908602249 0.0773722422789818 0.0546645490352537 0.122224251668619 0.137566114581652 0.199182034843879 0.242231826605076 0.370175307892563 0.428295989066467 0.449824516432115 0.536029200477827 0.493426045012802
7|i 0.115894130084586 -0.0374146118958531 0.0868277638447482 0.290411373125582 0.270917073551622 0.242398954301109 -0.00959073597113899 -0.184756682353069 -0.241134899883354 -0.139070998957197 -0.075325657051804 -0.0661973261244743 -0.0759962543270505 -0.0203239235262918 -0.0629431674918272 0.0221990927589981 |o 0.0683220441777551 0.0456143509340269 0.113174053567393 0.128515916480426 0.190131836742652 0.23318162850385 0.361125109791336 0.41924579096524 0.440774318330888 0.5269790023766 0.484375846911575 0.570205540008416
7|i 0.136069444292602 0.079778653439841 0.283362262720674 0.263867963146715 0.235349843896202 -0.0166398463760462 -0.191805792757977 -0.248184010288261 -0.146120109362104 -0.0823747674567112 -0.0732464365293816 -0.0830453647319577 -0.027373033931199 -0.0699922778967344 0.0151499823540909 0.0612729337728478 |o 0.0385652405291197 0.106124943162485 0.121466806075518 0.183082726337745 0.226132518098942 0.354075999386429 0.412196680560333 0.433725207925981 0.519929891971693 0.477326736506668 0.563156429603509 0.611802023975592
7|i 0.102390173925654 0.286109823581389 0.26661552400743 0.238097404756917 -0.0138922855153314 -0.189058231897262 -0.245436449427546 -0.143372548501389 -0.0796272065959964 -0.0704988756686668 -0.0802978038712429 -0.0246254730704843 -0.0672447170360196 0.0178975432148056 0.0640204946335626 0.0413128013898345 |o 0.1088725040232 0.124214366936233 0.185830287198459 0.228880078959657 0.356823560247144 0.414944241421048 0.436472768786696 0.522677452832408 0.480074297367382 0.565903990464223 0.614549584836307 0.585277161360358
7|i 0.0189181259562081 0.278431345311309 0.249913226060796 -0.00207646421145219 -0.177242410593383 -0.233620628123667 -0.13155672719751 -0.0678113852921172 -0.0586830543647875 -0.0684819825673637 -0.012809651766605 -0.0554288957321404 0.0297133645186849 0.0758363159374419 0.0531286226937137 0.120688325327079 |o 0.136030188240113 0.197646108502339 0.240695900263536 0.368639381551023 0.426760062724927 0.448288590090575 0.534493274136287 0.491890118671262 0.577719811768103 0.626365406140186 0.597092982664237 0.551646188945845
7|i -0.0683187801030146 0.259406636532209 0.00741694625996095 -0.167749000121969 -0.224127217652254 -0.122063316726097 -0.058317974820704 -0.0491896438933744 -0.0589885720959505 -0.00331624129519187 -0.0459354852607272 0.039206774990098 0.085329726408855 0.0626220331651269 0.130181735798493 0.145523598711526 |o 0.207139518973752 0.25018931073495 0.378132792022436 0.43625347319634 0.457782000561988 0.5439866846077 0.501383529142675 0.587213222239516 0.635858816611599 0.60658639313565 0.561139599417259 0.486491958412706
7|i -0.0929440930555332 0.0109014207638581 -0.164264525618072 -0.220642743148357 -0.118578842222199 -0.0548335003168069 -0.0457051693894773 -0.0555040975920534 0.000168233208705265 -0.0424510107568301 0.0426912494939952 0.0888142009127521 0.066106507669024 0.13366621030239 0.149008073215423 0.210623993477649 |o 0.253673785238847 0.381617266526333 0.439737947700237 0.461266475065885 0.547471159111597 0.504868003646572 0.590697696743413 0.639343291115496 0.610070867639547 0.564624073921156 0.489976432916604 0.438101809828
7|i -0.0746896489094511 -0.180449349916405 -0.236827567446689 -0.134763666520532 -0.0710183246151395 -0.0618899936878098 -0.0716889218903859 -0.0160165910896273 -0.0586358350551627 0.0265064251956626 0.0726293766144196 0.0499216833706914 0.117481386004057 0.13282324891709 0.194439169179316 0.237488960940514 |o 0.365432442228001 0.423553123401905 0.445081650767553 0.531286334813264 0.488683179348239 0.57451287244508 0.623158466817164 0.593886043341215 0.548439249622823 0.473791608618271 0.421916985529667 0.355135419518229
7|i -0.0203472154492463 -0.273219686922983 -0.171155785996826 -0.107410444091433 -0.0982821131641035 -0.10808104136668 -0.052408710565921 -0.0950279545314564 -0.0098856942806311 0.0362372571381259 0.0135295638943977 0.0810892665277635 0.0964311294407965 0.158047049703023 0.20109684146422 0.329040322751707 |o 0.387161003925611 0.408689531291259 0.494894215336971 0.452291059871946 0.538120752968787 0.58676634734087 0.557493923864921 0.512047130146529 0.437399489141977 0.385524866053374 0.318743300041935 0.313650497391353
7|i -0.036340350852704 -0.215181165386732 -0.151435823481339 -0.14230749255401 -0.152106420756586 -0.0964340899558273 -0.139053333921363 -0.0539110736705374 -0.00778812225178041 -0.0304958154955086 0.0370638871378572 0.0524057500508902 0.114021670313116 0.157071462074314 0.285014943361801 0.343135624535705 |o 0.364664151901353 0.450868835947065 0.408265680482039 0.49409537357888 0.542740967950964 0.513468544475015 0.468021750756623 0.393374109752071 0.341499486663467 0.274717920652029 0.269625118001446 0.180104328668275
8|i 0.0892200764476015 -0.117409744636237 0.162960245063675 0.281520557565571 0.226631641927496 0.262963139308705 -0.0375621176180379 -0.018227412977219 -0.0861072662761946 -0.0555006115124418 0.0158711663569164 -0.0799996961247832 0.00653456331048566 -0.089604591791811 -0.216516799902585 -0.25555307269354 |o -0.371518087062423 -0.423804487146915 -0.219378018302898 0.0194052583280539 0.148186775689703 0.232370776793942 0.260676879848013 0.30574941491361 0.413397429237633 0.508915795309007 0.545543528641399 0.422987694974267
8|i 0.00613993911437253 0.179900801225421 0.298461113727317 0.243572198089241 0.279903695470451 -0.0206215614562922 -0.00128685681547333 -0.0691667101144489 -0.0385600553506961 0.0328117225186621 -0.0630591399630376 0.0234751194722314 -0.0726640356300653 -0.199576243740839 -0.238612516531794 -0.354577530900677 |o -0.406863930985169 -0.202437462141152 0.0363458144897996 0.165127331851449 0.249311332955688 0.277617436009759 0.322689971075356 0.430337985399379 0.525856351470753 0.562484084803145 0.439928251136013 0.313112342840704
8|i -0.0461685081715953 0.337578762541356 0.282689846903281 0.319021344284491 0.0184960873577471 0.037830791998566 -0.0300490613004096 0.00055759346334322 0.0719293713327014 -0.0239414911489982 0.0625927682862707 -0.0335463868160259 -0.1604585949268 -0.199494867717755 -0.315459882086638 -0.36774628217113 |o -0.163319813327113 0.0754634633038389 0.204244980665488 0.288428981769727 0.316735084823798 0.361807619889395 0.469455634213418 0.564974000284792 0.601601733617184 0.479045899950052 0.352229991654743 0.162830076252291
8|i -0.111066876664809 0.316083085294512 0.352414582675722 0.0518893257489784 0.0712240303897973 0.00334417709082171 0.0339508318545745 0.105322609723933 0.00945174724223308 0.095986006677502 -0.000153148424794636 -0.127065356535569 -0.166101629326523 -0.282066643695407 -0.334353043779898 -0.129926574935882 |o 0.10885670169507 0.237638219056719 0.321822220160958 0.350128323215029 0.395200858280627 0.502848872604649 0.598367238676023 0.634994972008415 0.512439138341283 0.385623230045975 0.196223314643522 0.0712577985128199
8|i -0.0424271477565012 0.366229674915685 0.0657044179889412 0.0850391226297601 0.0171592693307845 0.0477659240945373 0.119137701963895 0.0232668394821959 0.109801098917465 0.0136619438151681 -0.113250264295606 -0.152286537086561 -0.268251551455444 -0.320537951539936 -0.116111482695919 0.122671793935033 |o 0.251453311296682 0.335637312400921 0.363943415454992 0.409015950520589 0.516663964844612 0.612182330915986 0.648810064248378 0.526254230581246 0.399438322285937 0.210038406883485 0.0850728907527827 0.00650504800685905
8|i -0.0766042191425059 0.0733561755635413 0.0926908802043603 0.0248110269053847 0.0554176816691375 0.126789459538496 0.030918597056796 0.117452856492065 0.0213137013897683 -0.105598506721006 -0.144634779511961 -0.260599793880844 -0.312886193965335 -0.108459725121319 0.130323551509633 0.259105068871282 |o 0.343289069975521 0.371595173029592 0.41666770809519 0.524315722419213 0.619834088490586 0.656461821822978 0.533905988155846 0.407090079860538 0.217690164458085 0.0927246483273829 0.0141568055814592 -0.168470618918761
8|i -0.0592498792310585 0.0746953539102283 0.00681550061125269 0.0374221553750055 0.108793933244364 0.0129230707626641 0.099457330197933 0.00331817509563634 -0.123594033015138 -0.162630305806093 -0.278595320174976 -0.330881720259467 -0.126455251415451 0.112328025215501 0.24110954257715 0.325293543681389 |o 0.35359964673546 0.398672181801058 0.506320196125081 0.601838562196454 0.638466295528846 0.515910461861714 0.389094553566406 0.199694638163953 0.0747291220332509 -0.00383872071267274 -0.186466145212893 -0.268388181724156
8|i -0.0226770991738403 -0.0117781189104295 0.0188285358533233 0.0902003137226815 -0.0056705487590181 0.0808637106762508 -0.0152754444260458 -0.14218765253682 -0.181223925327775 -0.297188939696658 -0.34947533978115 -0.145048870937133 0.0937344056938191 0.222515923055468 0.306699924159707 0.335006027213778 |o 0.380078562279376 0.487726576603398 0.583244942674772 0.619872676007164 0.497316842340032 0.370500934044723 0.181101018642271 0.0561355025115687 -0.0224323402343549 -0.205059764734575 -0.286981801245838 -0.328862341233669
8|i 0.00422381483874866 -0.00729524289266364 0.0640765349766945 -0.0317943275050051 0.0547399319302638 -0.0413992231720328 -0.168311431282807 -0.207347704073762 -0.323312718442645 -0.375599118527137 -0.17117264968312 0.0676106269478321 0.196392144309481 0.28057614541372 0.308882248467791 0.353954783533388 |o 0.461602797857411 0.557121163928785 0.593748897261177 0.471193063594045 0.344377155298736 0.154977239896284 0.0300117237655818 -0.0485561189803419 -0.231183543480562 -0.313105579991825 -0.354986119979656 -0.275406089889187
8|i 0.152279433129242 0.0328166655933562 -0.0630541968883434 0.0234800625469255 -0.0726590925553711 -0.199571300666145 -0.2386075734571 -0.354572587825983 -0.406858987910475 -0.202432519066458 0.0363507575644938 0.165132274926143 0.249316276030382 0.277622379084453 0.32269491415005 0.430342928474073 |o 0.525861294545447 0.562489027877839 0.439933194210707 0.313117285915398 0.123717370512946 -0.00124814561775657 -0.0798159883636802 -0.2624434128639 -0.344365449375163 -0.386245989362994 -0.306665959272525 -0.136937101369264
9|i -0.0433918149135068 -0.15447938012336 -0.188552943961502 -0.176183514501128 0.00947925300798827 0.0399031436206099 -0.163938821772762 -0.104427150496945 -0.0775747147278991 0.0602112387398955 0.156243980572477 0.129553949586008 0.134388730918222 0.0989800116588067 0.08523296000558 0.151163257474008 |o 0.172277607432455 0.262042391365047 0.368407146694074 0.463204144077672 0.509007956122637 0.490613855964718 0.517946642759145 0.545075251906544 0.583762394919537 0.619282058769777 0.575093468634598 0.500898805288123
9|i -0.0391370619251929 -0.21033674313189 -0.197967313671516 -0.0123045461623994 0.0181193444502222 -0.18572262094315 -0.126210949667332 -0.0993585138982868 0.0384274395695078 0.134460181402089 0.107770150415621 0.112604931747834 0.0771962124884191 0.0634491608351924 0.129379458303621 0.150493808262067 |o 0.240258592194659 0.346623347523686 0.441420344907284 0.487224156952249 0.46883005679433 0.496162843588757 0.523291452736156 0.56197859574915 0.59749825959939 0.553309669464211 0.479115006117735 0.310522238247811
9|i -0.0323139342871503 -0.228007002693286 -0.0423442351841693 -0.0119203445715477 -0.21576230996492 -0.156250638689102 -0.129398202920057 0.00838775054773788 0.104420492380319 0.0777304613938507 0.0825652427260644 0.0471565234666491 0.0334094718134224 0.0993397692818509 0.120454119240298 0.210218903172889 |o 0.316583658501916 0.411380655885514 0.457184467930479 0.43879036777256 0.466123154566987 0.493251763714386 0.53193890672738 0.56745857057762 0.523269980442441 0.449075317095965 0.280482549226041 0.206183247930068
9|i -0.0761640815138476 -0.0786502792638494 -0.0482263886512278 -0.2520683540446 -0.192556682768783 -0.165704246999737 -0.0279182935319422 0.0681144483006393 0.0414244173141706 0.0462591986463842 0.010850479386969 -0.00289657226625768 0.0630337252021708 0.0841480751606174 0.173912859093209 0.280277614422236 |o 0.375074611805834 0.420878423850799 0.40248432369288 0.429817110487307 0.456945719634706 0.4956328626477 0.53115252649794 0.486963936362761 0.412769273016285 0.244176505146361 0.169877203850388 0.159499830407492
9|i -0.040448557335886 -0.07847471472254 -0.282316680115912 -0.222805008840095 -0.195952573071049 -0.0581666196032545 0.0378661222293271 0.0111760912428583 0.016010872575072 -0.0193978466843432 -0.0331448983375699 0.0327853991308585 0.0538997490893052 0.143664533021897 0.250029288350924 0.344826285734522 |o 0.390630097779487 0.372235997621568 0.399568784415995 0.426697393563394 0.465384536576387 0.500904200426627 0.456715610291448 0.382520946944973 0.213928179075049 0.139628877779076 0.12925150433618 0.105785404703384
9|i 0.00163750898886129 -0.313590334282714 -0.254078663006897 -0.227226227237851 -0.0894402737700562 0.00659246806252532 -0.0200975629239434 -0.0152627815917298 -0.050671500851145 -0.0644185525043717 0.00151174496405675 0.0226260949225034 0.112390878855095 0.218755634184122 0.31355263156772 0.359356443612685 |o 0.340962343454766 0.368295130249193 0.395423739396592 0.434110882409586 0.469630546259826 0.425441956124647 0.351247292778171 0.182654524908247 0.108355223612274 0.0979778501693781 0.0745117505365827 0.145888603940975
9|i 0.0186738562748589 -0.297715508189395 -0.27086307242035 -0.133077118952555 -0.0370443771199733 -0.0637344081064421 -0.0588996267742284 -0.0943083460336437 -0.10805539768687 -0.0421251002184419 -0.0210107502599953 0.0687540336725966 0.175118789001623 0.269915786385221 0.315719598430186 0.297325498272267 |o 0.324658285066694 0.351786894214094 0.390474037227087 0.425993701077327 0.381805110942148 0.307610447595672 0.139017679725749 0.0647183784297756 0.0543410049868794 0.030874905354084 0.102251758758476 0.0517439089688368
9|i 0.0795369875980443 -0.312354658637422 -0.174568705169628 -0.078535963337046 -0.105225994323515 -0.100391212991301 -0.135799932250716 -0.149546983903943 -0.0836166864355146 -0.0625023364770679 0.027262447455524 0.133627202784551 0.228424200168149 0.274228012213114 0.255833912055194 0.283166698849622 |o 0.310295307997021 0.348982451010014 0.384502114860254 0.340313524725075 0.2661188613786 0.0975260935086759 0.0232267922127029 0.0128494187698068 -0.0106166808629886 0.0607601725414036 0.0102523227517642 0.0718193433543854
9|i 0.0705831538799291 -0.216078702945257 -0.120045961112676 -0.146735992099144 -0.141901210766931 -0.177309930026346 -0.191056981679573 -0.125126684211144 -0.104012334252697 -0.0142475503201056 0.0921172050089212 0.186914202392519 0.232718014437484 0.214323914279565 0.241656701073992 0.268785310221391 |o 0.307472453234385 0.342992117084625 0.298803526949446 0.22460886360297 0.0560160957330464 -0.0182832055629266 -0.0286605790058227 -0.0521266786386182 0.0192501747657741 -0.0312576750238653 0.0303093455787559 0.00535231586712445
9|i 0.0791601121032041 -0.154949371524652 -0.18163940251112 -0.176804621178907 -0.212213340438322 -0.225960392091549 -0.16003009462312 -0.138915744664674 -0.0491509607320817 0.0572137945969451 0.152010791980543 0.197814604025508 0.179420503867589 0.206753290662016 0.233881899809415 0.272569042822409 |o 0.308088706672649 0.26390011653747 0.189705453190994 0.0211126853210703 -0.0531866159749027 -0.0635639894177988 -0.0870300890505943 -0.015653235646202 -0.0661610854358415 -0.00459406483322027 -0.0295510945448517 -0.0519603815991723
