0|i -0.0284663014507779 -0.656227182197602 -0.666787210192501 -0.39732974126126 -0.239873384074935 -0.0640737583937156 0.0650787583995314 0.167938164856671 0.226683044946139 0.199039095416695 0.220207087358922 0.231110976983771 0.256575767099111 0.249171044574293 0.23376271311167 0.174724623373211 |o 0.148942060492816 0.195450885926368 0.171708011376702 0.160162035676032 0.217168230178413 0.212793384948433 0.288155752983238 0.361988284145623 0.410295271862888 0.452365309597157 0.477505508822003 0.512781090192713
0|i 0.00720267446259793 -0.720465159705196 -0.451007690773955 -0.293551333587629 -0.11775170790641 0.0114008088868369 0.114260215343977 0.173005095433445 0.145361145904 0.166529137846227 0.177433027471076 0.202897817586416 0.195493095061598 0.180084763598975 0.121046673860516 0.0952641109801217 |o 0.141772936413674 0.118030061864008 0.106484086163337 0.163490280665719 0.159115435435739 0.234477803470543 0.308310334632929 0.356617322350193 0.398687360084462 0.423827559309309 0.459103140680019 0.460880158027225
0|i 0.0614684291403053 -0.508490230515213 -0.351033873328887 -0.175234247647668 -0.046081730854421 0.0567776756027189 0.115522555692187 0.0878786061627421 0.109046598104969 0.119950487729819 0.145415277845158 0.13801055532034 0.122602223857717 0.0635641341192582 0.0377815712388638 0.0842903966724158 |o 0.06054752212275 0.0490015464220793 0.106007740924461 0.101632895694481 0.176995263729285 0.250827794891671 0.299134782608935 0.341204820343205 0.366345019568051 0.401620600938761 0.403397618285967 0.370330233621084
0|i 0.0621658372198675 -0.388969723504752 -0.213170097823532 -0.0840175810302852 0.0188418254268547 0.0775867055163226 0.0499427559868779 0.0711107479291053 0.0820146375539543 0.107479427669294 0.100074705144476 0.084666373681853 0.025628283943394 -0.000154278937000422 0.0463545464965516 0.0226116719468858 |o 0.0110656962462152 0.0680718907485964 0.0636970455186167 0.139059413553421 0.212891944715806 0.261198932433071 0.30326897016734 0.328409169392187 0.363684750762897 0.365461768110103 0.332394383445219 0.25768478715347
0|i 0.0424516193515132 -0.23983912580693 -0.110686609013683 -0.00782720255654306 0.0509176775329249 0.0232737280034801 0.0444417199457075 0.0553456095705566 0.0808103996858962 0.0734056771610783 0.0579973456984552 -0.00104074404000379 -0.0268233069203982 0.0196855185131538 -0.00405735603651199 -0.0156033317371826 |o 0.0414028627651986 0.037028017535219 0.112390385570023 0.186222916732409 0.234529904449673 0.276599942183943 0.301740141408789 0.337015722779499 0.338792740126705 0.305725355461822 0.231015759170072 0.109167447029338
0|i 0.0482705540388108 -0.129436074918492 -0.0265766684613516 0.0321682116281163 0.00452426209867153 0.0256922540408989 0.036596143665748 0.0620609337810877 0.0546562112562698 0.0392478797936467 -0.0197902099448124 -0.0455727728252068 0.00093605260834523 -0.0228068219413206 -0.0343527976419912 0.0226533968603901 |o 0.0182785516304104 0.0936409196652147 0.1674734508276 0.215780438544865 0.257850476279134 0.28299067550398 0.31826625687469 0.320043274221897 0.286975889557013 0.212266293265264 0.0904179811245291 0.0291919880965194
0|i -0.0084531726992692 -0.0364243102312784 0.0223205698581895 -0.00532337967125526 0.0158446122709721 0.0267485018958212 0.0522132920111609 0.044808569486343 0.0294002380237199 -0.0296378517147392 -0.0554204145951336 -0.00891158916158157 -0.0326544637112474 -0.044200439411918 0.0128057550904633 0.00843090986048359 |o 0.0837932778952879 0.157625809057673 0.205932796774938 0.248002834509207 0.273143033734054 0.308418615104763 0.31019563245197 0.277128247787086 0.202418651495337 0.0805703393546023 0.0193443463265926 -0.0817397633893544
0|i -0.00747660695697129 0.0143060639830851 -0.0133378855463597 0.0078301063958677 0.0187339960207168 0.0441987861360564 0.0367940636112386 0.0213857321486155 -0.0376523575898436 -0.063434920470238 -0.016926095036686 -0.0406689695863518 -0.0522149452870224 0.00479124921535885 0.000416403985379173 0.0757787720201834 |o 0.149611303182569 0.197918290899834 0.239988328634103 0.265128527858949 0.300404109229659 0.302181126576866 0.269113741911982 0.194404145620233 0.0725558334794979 0.0113298404514882 -0.0897542692644588 -0.16211816637078
0|i -0.0211281292942275 -0.0223582348263253 -0.00119024288409788 0.00971364674075119 0.0351784368560908 0.027773714331273 0.0123653828686499 -0.0466727068698092 -0.0724552697502036 -0.0259464443166516 -0.0496893188663174 -0.061235294566988 -0.00422910006460673 -0.00860394529458641 0.0667584227402179 0.140590953902603 |o 0.188897941619868 0.230967979354137 0.256108178578984 0.291383759949693 0.2931607772969 0.260093392632016 0.185383796340267 0.0635354841995323 0.00230949117152261 -0.0987746185444244 -0.171138515650745 -0.275592757686108
0|i -0.0108682535120567 -0.0152739879805108 -0.0043700983556617 0.021094691759678 0.0136899692348601 -0.00171836222776301 -0.060756451966222 -0.0865390148466165 -0.0400301894130645 -0.0637730639627302 -0.0753190396634009 -0.0183128451610196 -0.0226876903909993 0.052674677643805 0.12650720880619 0.174814196523455 |o 0.216884234257724 0.242024433482571 0.277300014853281 0.279077032200487 0.246009647535603 0.171300051243854 0.0494517391031194 -0.0117742539248903 -0.112858363640837 -0.185222260747158 -0.289676502782521 -0.356414706427069
1|i 0.0504135415373812 -0.182844345234676 0.0430158307552942 0.131267813046293 0.284808669435427 0.223973819098909 0.13624289719455 0.129125985798759 0.0853562914839934 0.0012570227869336 0.0178913005780559 -0.0211205199103101 -0.074801759084127 -0.0880585513451945 -0.281937459677171 -0.404176994926738 |o -0.367522551083791 -0.521388820318303 -0.513819678146008 -0.504465816980591 -0.944226855221458 -1.06872952373908 -1.07633083312792 -0.734037577058204 -0.380647537113869 -0.162955170982314 -0.114431799730895 -0.131024520608026
1|i 0.177976391448706 0.0553277111452353 0.143579693436234 0.297120549825368 0.23628569948885 0.148554777584491 0.1414378661887 0.0976681718739345 0.0135689031768747 0.0302031809679969 -0.00880863952036903 -0.0624898786941859 -0.0757466709552534 -0.26962557928723 -0.391865114536797 -0.35521067069385 |o -0.509076939928362 -0.501507797756066 -0.49215393659065 -0.931914974831517 -1.05641764334914 -1.06401895273798 -0.721725696668263 -0.368335656723928 -0.150643290592373 -0.102119919340954 -0.118712640218085 0.0394793723069587
1|i 0.126729315433782 0.181206670174474 0.334747526563608 0.27391267622709 0.186181754322731 0.17906484292694 0.135295148612174 0.0511958799151145 0.0678301577062368 0.0288183372178708 -0.0248629019559461 -0.0381196942170136 -0.23199860254899 -0.354238137798557 -0.31758369395561 -0.471449963190123 |o -0.463880821017827 -0.45452695985241 -0.894287998093277 -1.0187906666109 -1.02639197599974 -0.684098719930023 -0.330708679985688 -0.113016313854133 -0.0644929426027141 -0.081085663479845 0.0771063490451985 0.103765021368927
1|i 0.117941616219453 0.377753359309761 0.316918508973244 0.229187587068885 0.222070675673093 0.178300981358328 0.0942017126612679 0.11083599045239 0.0718241699640242 0.0181429307902073 0.00488613852913979 -0.188992769802836 -0.311232305052403 -0.274577861209457 -0.428444130443969 -0.420874988271673 |o -0.411521127106257 -0.851282165347124 -0.975784833864746 -0.983386143253582 -0.64109288718387 -0.287702847239535 -0.0700104811079793 -0.0214871098565607 -0.0380798307336916 0.120112181791352 0.146770854115081 0.190600582625563
1|i 0.123939853382764 0.369536808067645 0.281805886163286 0.274688974767494 0.230919280452729 0.146820011755669 0.163454289546791 0.124442469058425 0.0707612298846085 0.057504437623541 -0.136374470708435 -0.258614005958002 -0.221959562115056 -0.375825831349568 -0.368256689177272 -0.358902828011856 |o -0.798663866252722 -0.923166534770344 -0.930767844159181 -0.588474588089469 -0.235084548145134 -0.0173921820135781 0.0311311892378405 0.0145384683607096 0.172730480885753 0.199389153209482 0.243218881719964 0.249007709594578
1|i -0.091502626745013 0.359685931117977 0.352569019722185 0.30879932540742 0.22470005671036 0.241334334501483 0.202322514013117 0.1486412748393 0.135384482578232 -0.0584944257537441 -0.180733961003311 -0.144079517160365 -0.297945786394877 -0.290376644222581 -0.281022783057165 -0.720783821298031 |o -0.845286489815653 -0.85288779920449 -0.510594543134778 -0.157204503190442 0.060487862941113 0.109011234192532 0.0924185133154007 0.250610525840444 0.277269198164173 0.321098926674655 0.326887754549269 0.192422143830963
1|i -0.167054637647445 0.432900514451094 0.389130820136329 0.305031551439269 0.321665829230391 0.282654008742025 0.228972769568208 0.215715977307141 0.0218370689751645 -0.100402466274402 -0.0637480224314561 -0.217614291665968 -0.210045149493672 -0.200691288328256 -0.640452326569122 -0.764954995086744 |o -0.772556304475581 -0.430263048405869 -0.0768730084615337 0.140819357670022 0.18934272892144 0.172750008044309 0.330942020569353 0.357600692893081 0.401430421403564 0.407219249278178 0.272753638559872 0.283030374007936
1|i -0.188857285776701 0.469494608064774 0.385395339367714 0.402029617158836 0.36301779667047 0.309336557496653 0.296079765235586 0.10220085690361 -0.0200386783459574 0.0166157654969889 -0.137250503737523 -0.129681361565227 -0.120327500399811 -0.560088538640678 -0.6845912071583 -0.692192516547136 |o -0.349899260477424 0.00349077946691131 0.221183145598467 0.269706516849885 0.253113795972754 0.411305808497798 0.437964480821527 0.481794209332009 0.487583037206623 0.353117426488317 0.363394161936381 0.31771888823665
1|i -0.139439277734575 0.440021597270527 0.456655875061649 0.417644054573283 0.363962815399467 0.350706023138399 0.156827114806423 0.0345875795568558 0.0712420233998021 -0.08262424583471 -0.0750551036624141 -0.0657012424969977 -0.505462280737864 -0.629964949255486 -0.637566258644323 -0.295273002574611 |o 0.0581170373697245 0.27580940350128 0.324332774752699 0.307740053875568 0.465932066400611 0.49259073872434 0.536420467234822 0.542209295109436 0.40774368439113 0.418020419839194 0.372345146139463 0.246082950810998
1|i -0.114593197644989 0.482116179055036 0.44310435856667 0.389423119392853 0.376166327131786 0.18228741879981 0.0600478835502426 0.0967023273931889 -0.0571639418413231 -0.0495947996690272 -0.0402409385036109 -0.480001976744477 -0.604504645262099 -0.612105954650936 -0.269812698581224 0.0835773413631113 |o 0.301269707494667 0.349793078746085 0.333200357868954 0.491392370393998 0.518051042717727 0.561880771228209 0.567669599102823 0.433203988384517 0.443480723832581 0.39780545013285 0.271543254804384 0.0632529325244699
2|i 0.0659993428247877 0.85052097407683 0.775865322197439 0.63489026775302 0.121759229894715 -0.310977796051609 -0.653337117274018 -1.04313859191707 -1.02754098633576 -0.126001415010681 0.0328455217732421 0.0578546600717074 0.201608007699851 0.231638108899416 0.205283255181958 0.0487305590409658 |o -0.0245607522603177 0.0377171561640158 0.343928588880475 0.527419608198708 0.614788843437442 0.376883397652913 0.104855436364687 -0.0197996195444046 -0.149331369521395 -0.162328935672769 -0.224765740960214 0.0302416996786636
2|i -0.105613962919472 0.834204103953249 0.693229049508829 0.180098011650525 -0.252639014295799 -0.594998335518208 -0.984799810161263 -0.969202204579955 -0.067662633254871 0.091184303529052 0.116193441827517 0.259946789455661 0.289976890655226 0.263622036937768 0.107069340796776 0.0337780294954922 |o 0.0960559379198257 0.402267370636285 0.585758389954518 0.673127625193252 0.435222179408723 0.163194218120497 0.0385391622114053 -0.090992587765585 -0.10399015391696 -0.166426959204404 0.0885804814344735 0.201671824614421
2|i -0.120323658969665 0.742438927244391 0.229307889386086 -0.203429136560237 -0.545788457782646 -0.935589932425702 -0.919992326844393 -0.0184527555193095 0.140394181264614 0.165403319563079 0.309156667191222 0.339186768390788 0.31283191467333 0.156279218532337 0.0829879072310537 0.145265815655387 |o 0.451477248371847 0.634968267690079 0.722337502928814 0.484432057144284 0.212404095856058 0.0877490399469668 -0.0417827100300235 -0.0547802761813981 -0.117217081468842 0.137790359170035 0.250881702349982 0.618720675355299
2|i -0.108036601123695 0.248705334644256 -0.184031691302068 -0.526391012524477 -0.916192487167532 -0.900594881586223 0.000944689738860083 0.159791626522783 0.184800764821248 0.328554112449392 0.358584213648957 0.332229359931499 0.175676663790507 0.102385352489223 0.164663260913557 0.470874693630016 |o 0.654365712948249 0.741734948186983 0.503829502402454 0.231801541114228 0.107146485205136 -0.0223852647718539 -0.0353828309232285 -0.0978196362106729 0.157187804428205 0.270279147608152 0.638118120613468 0.718290968189432
2|i -0.154807261370425 -0.211075716522334 -0.553435037744743 -0.943236512387798 -0.92763890680649 -0.0260993354814061 0.132747601302517 0.157756739600982 0.301510087229125 0.331540188428691 0.305185334711233 0.148632638570241 0.0753413272689571 0.137619235693291 0.44383066840975 0.627321687727983 |o 0.714690922966717 0.476785477182188 0.204757515893961 0.0801024599848703 -0.04942928999212 -0.0624268561434946 -0.124863661430939 0.130143779207938 0.243235122387886 0.611074095393202 0.691246942969166 0.764409299711442
2|i -0.0814740406336403 -0.61515281371068 -1.00495428835373 -0.989356682772426 -0.0878171114473428 0.0710298253365803 0.0960389636350456 0.239792311263189 0.269822412462755 0.243467558745297 0.086914862604304 0.0136235513030205 0.075901459727354 0.382112892443813 0.565603911762046 0.65297314700078 |o 0.415067701216251 0.143039739928025 0.0183846840189336 -0.111147065958057 -0.124144632109431 -0.186581437396876 0.0684260032420018 0.181517346421949 0.549356319427265 0.629529167003229 0.702691523745506 0.81814860540682
2|i 0.169388812717933 -1.07363565601553 -1.05803805043422 -0.156498479109138 0.00234845767478487 0.0273575959732502 0.171110943601393 0.201141044800959 0.174786191083501 0.0182334949425086 -0.0550578163587749 0.00722009206555857 0.313431524782018 0.496922544100251 0.584291779338985 0.346386333554456 |o 0.0743583722662294 -0.0502966836428618 -0.179828433619852 -0.192825999771227 -0.255262805058671 -0.000255364419793624 0.112835978760154 0.48067495176547 0.560847799341434 0.63401015608371 0.749467237745025 0.836846695673155
2|i 0.0766057144669216 -1.13457098565301 -0.233031414327922 -0.0741844775439991 -0.0491753392455338 0.0945780083826094 0.124608109582175 0.0982532558647172 -0.0582994402762754 -0.131590751577559 -0.0693128431532254 0.236898589563234 0.420389608881467 0.507758844120201 0.269853398335672 -0.00217456295255461 |o -0.126829618861646 -0.256361368838636 -0.269358934990011 -0.331795740277455 -0.0767882996385776 0.0363030435413697 0.404142016546686 0.48431486412265 0.557477220864926 0.672934302526241 0.760313760454371 0.65879743465739
2|i 0.0298669865968121 -0.300214172114013 -0.14136723533009 -0.116358097031624 0.0273952505965187 0.0574253517960845 0.0310704980786265 -0.125482198062366 -0.19877350936365 -0.136495600939316 0.169715831777143 0.353206851095376 0.44057608633411 0.202670640549581 -0.0693573207386453 -0.194012376647736 |o -0.323544126624727 -0.336541692776101 -0.398978498063546 -0.143971057424668 -0.0308797142447209 0.336959258760595 0.417132106336559 0.490294463078836 0.60575154474015 0.69313100266828 0.5916146768713 0.614696201529604
2|i -0.0291759167314167 -0.139811905029376 -0.11480276673091 0.028950580897233 0.0589806820967988 0.0326258283793408 -0.123926867761652 -0.197218179062935 -0.134940270638602 0.171271162077858 0.35476218139609 0.442131416634825 0.204225970850295 -0.067801990437931 -0.192457046347022 -0.321988796324013 |o -0.334986362475387 -0.397423167762831 -0.142415727123954 -0.0293243839440067 0.338514589061309 0.418687436637273 0.49184979337955 0.607306875040864 0.694686332968995 0.593170007172014 0.616251531830318 0.588362213006448
3|i -0.12404981746787 0.225389095476616 0.305432236089791 0.140964257262473 0.220193619097508 0.149744149977357 0.0802002824498712 0.0356261006460562 0.0260960043835896 0.0310850752166939 0.0402690849685264 0.00656540057487981 -0.289793194492965 -0.29554458782586 -0.393632382352579 -0.282595141471958 |o -0.214068241256685 0.0357536389694096 0.218277970314839 0.460637701457848 0.519857677954589 0.55658047622704 0.607039655375782 0.612870177290043 0.687316913409846 0.654144675909636 0.669671189570537 0.678653131086329
3|i -0.0500517519791971 0.334729391872011 0.170261413044693 0.249490774879728 0.179041305759577 0.109497438232091 0.0649232564282762 0.0553931601658096 0.0603822309989139 0.0695662407507465 0.0358625563570998 -0.260496038710745 -0.26624743204364 -0.364335226570359 -0.253297985689738 -0.184771085474465 |o 0.0650507947516297 0.247575126097059 0.489934857240068 0.54915483373681 0.58587763200926 0.636336811158002 0.642167333072263 0.716614069192066 0.683441831691856 0.698968345352757 0.707950286868549 0.775712771312874
3|i 0.00863994488401236 0.188239986186051 0.267469348021087 0.197019878900935 0.12747601137345 0.082901829569635 0.0733717333071684 0.0783608041402727 0.0875448138921052 0.0538411294984586 -0.242517465569386 -0.248268858902281 -0.346356653429001 -0.235319412548379 -0.166792512333106 0.0830293678929884 |o 0.265553699238418 0.507913430381426 0.567133406878168 0.603856205150618 0.654315384299361 0.660145906213622 0.734592642333425 0.701420404833214 0.716946918494116 0.725928860009908 0.793691344454232 0.783918275570255
3|i 0.0138719785307485 0.262315100484262 0.191865631364111 0.122321763836626 0.0777475820328106 0.068217485770344 0.0732065566034483 0.0823905663552808 0.0486868819616342 -0.24767171310621 -0.253423106439105 -0.351510900965825 -0.240473660085203 -0.17194675986993 0.077875120356164 0.260399451701594 |o 0.502759182844602 0.561979159341344 0.598701957613794 0.649161136762537 0.654991658676797 0.7294383947966 0.69626615729639 0.711792670957291 0.720774612473083 0.788537096917408 0.77876402803343 0.694062187132813
3|i 0.0644884358019983 0.175836025873422 0.106292158345936 0.0617179765421212 0.0521878802796547 0.0571769511127589 0.0663609608645915 0.0326572764709449 -0.2637013185969 -0.269452711929795 -0.367540506456514 -0.256503265575893 -0.18797636536062 0.0618455148654747 0.244369846210904 0.486729577353913 |o 0.545949553850655 0.582672352123105 0.633131531271848 0.638962053186108 0.713408789305911 0.680236551805701 0.695763065466602 0.704745006982394 0.772507491426719 0.762734422542741 0.678032581642124 0.644678904160493
3|i 0.0671568072233442 0.0816179231474541 0.0370437413436391 0.0275136450811725 0.0325027159142768 0.0416867256661093 0.00798304127246269 -0.288375553795382 -0.294126947128277 -0.392214741654997 -0.281177500774375 -0.212650600559102 0.0371712796669925 0.219695611012422 0.46205534215543 0.521275318652172 |o 0.557998116924622 0.608457296073365 0.614287817987626 0.688734554107429 0.655562316607218 0.67108883026812 0.680070771783912 0.747833256228236 0.738060187344259 0.653358346443642 0.620004668962011 0.59587634199183
3|i 0.0755046791592385 0.00528506175849452 -0.00424503450397207 0.000744036329132225 0.00992804608096476 -0.0237756383126819 -0.320134233380526 -0.325885626713421 -0.423973421240141 -0.312936180359519 -0.244409280144246 0.00541260008184796 0.187936931427277 0.430296662570286 0.489516639067028 0.526239437339478 |o 0.576698616488221 0.582529138402481 0.656975874522284 0.623803637022074 0.639330150682975 0.648312092198767 0.716074576643092 0.706301507759114 0.621599666858497 0.588245989376866 0.564117662406685 0.565005890874681
3|i 0.102813373465962 -0.0423392714859538 -0.0373502006528496 -0.028166190901017 -0.0618698752946636 -0.358228470362508 -0.363979863695403 -0.462067658222123 -0.351030417341501 -0.282503517126228 -0.0326816369001338 0.149842694445296 0.392202425588304 0.451422402085046 0.488145200357496 0.538604379506239 |o 0.544434901420499 0.618881637540303 0.585709400040092 0.601235913700993 0.610217855216786 0.67798033966111 0.668207270777132 0.583505429876516 0.550151752394884 0.526023425424704 0.526911653892699 0.56468191655044
3|i 0.0939475019789414 -0.0764684788466131 -0.0672844690947805 -0.100988153488427 -0.397346748556272 -0.403098141889167 -0.501185936415886 -0.390148695535265 -0.321621795319992 -0.0717999150938973 0.110724416251532 0.353084147394541 0.412304123891283 0.449026922163733 0.499486101312476 0.505316623226736 |o 0.579763359346539 0.546591121846329 0.56211763550723 0.571099577023022 0.638862061467347 0.629088992583369 0.544387151682752 0.511033474201121 0.48690514723094 0.487793375698936 0.525563638356677 0.542326567844539
3|i -0.032306430841084 -0.111033258307657 -0.144736942701304 -0.441095537769148 -0.446846931102043 -0.544934725628763 -0.433897484748141 -0.365370584532868 -0.115548704306774 0.0669756270386553 0.309335358181664 0.368555334678406 0.405278132950856 0.455737312099599 0.461567834013859 0.536014570133662 |o 0.502842332633452 0.518368846294353 0.527350787810145 0.59511327225447 0.585340203370492 0.500638362469875 0.467284684988244 0.443156358018063 0.444044586486059 0.4818148491438 0.498577778631662 0.365399826821168
4|i 0.0211912670646424 -0.284420302723559 -0.222585630050374 -0.126658730185457 -0.146659465979999 -0.127920933064851 -0.170439939627497 -0.107484470790089 -0.057976395957241 0.109127089477512 0.12990868555572 0.136252950588639 0.177953425791134 0.207842673451725 0.257568559529568 0.225492483984772 |o 0.233309252195353 0.215020444454231 0.193744553770458 0.232188870843746 0.227142862866329 0.287150369715127 0.27276408607778 0.279168443698592 0.321601872404006 0.356527113940496 0.431284229067636 0.56651022499893
4|i 0.0182049924900302 -0.257100933711635 -0.161174033846718 -0.18117476964126 -0.162436236726112 -0.204955243288758 -0.14199977445135 -0.0924916996185018 0.0746117858162511 0.0953933818944588 0.101737646927378 0.143438122129873 0.173327369790464 0.223053255868307 0.190977180323511 0.198793948534093 |o 0.18050514079297 0.159229250109197 0.197673567182485 0.192627559205068 0.252635066053866 0.238248782416519 0.244653140037331 0.287086568742745 0.322011810279235 0.396768925406375 0.531994921337669 0.593693253772765
4|i 0.00847382120801885 -0.190347772147025 -0.210348507941567 -0.191609975026419 -0.234128981589065 -0.171173512751657 -0.121665437918809 0.0454380475159441 0.0662196435941518 0.0725639086270708 0.114264383829566 0.144153631490157 0.193879517568 0.161803442023204 0.169620210233786 0.151331402492663 |o 0.13005551180889 0.168499828882178 0.163453820904761 0.223461327753559 0.209075044116212 0.215479401737024 0.257912830442438 0.292838071978928 0.367595187106068 0.502821183037362 0.564519515472458 0.593349494412492
4|i -0.0162475313467885 -0.231708726871961 -0.212970193956813 -0.255489200519459 -0.192533731682052 -0.143025656849203 0.0240778285855498 0.0448594246637575 0.0512036896966765 0.0929041648991715 0.122793412559762 0.172519298637606 0.140443223092809 0.148259991303391 0.129971183562269 0.108695292878495 |o 0.147139609951784 0.142093601974367 0.202101108823165 0.187714825185818 0.194119182806629 0.236552611512044 0.271477853048534 0.346234968175674 0.481460964106968 0.543159296542064 0.571989275482098 0.613892421246297
4|i 0.00696117275118302 -0.238226749745063 -0.280745756307709 -0.217790287470301 -0.168282212637453 -0.0011787272026999 0.0196028688755078 0.0259471339084268 0.0676476091109218 0.0975368567715128 0.147262742849356 0.11518666730456 0.123003435515142 0.104714627774019 0.0834387370902457 0.121883054163534 |o 0.116837046186117 0.176844553034915 0.162458269397568 0.16886262701838 0.211296055723794 0.246221297260284 0.320978412387424 0.456204408318718 0.517902740753814 0.546732719693848 0.588635865458047 0.609134480128691
4|i -0.00463580387415964 -0.304416676036454 -0.241461207199047 -0.191953132366198 -0.0248496469314452 -0.0040680508532375 0.00227621417968152 0.0439766893821765 0.0738659370427675 0.123591823120611 0.0915157475758144 0.0993325157863962 0.0810437080452737 0.0597678173615004 0.098212134434789 0.093166126457372 |o 0.15317363330617 0.138787349668823 0.145191707289634 0.187625135995049 0.222550377531539 0.297307492658679 0.432533488589973 0.494231821025069 0.523061799965103 0.564964945729302 0.585463560399946 0.565234658421805
4|i 0.0468960263734341 -0.271967227821888 -0.22245915298904 -0.0553556675542868 -0.0345740714760791 -0.0282298064431601 0.0134706687593349 0.0433599164199258 0.0930858024977691 0.0610097269529728 0.0688264951635546 0.0505376874224321 0.0292617967386588 0.0677061138119473 0.0626601058345304 0.122667612683329 |o 0.108281329045981 0.114685686666793 0.157119115372207 0.192044356908697 0.266801472035837 0.402027467967131 0.463725800402227 0.492555779342261 0.534458925106461 0.554957539777104 0.534728637798963 0.521237228090241
4|i 0.0247107257396644 -0.247809056780231 -0.0807055713454781 -0.0599239752672704 -0.0535797102343514 -0.0118792350318564 0.0180100126287346 0.0677358987065778 0.0356598231617815 0.0434765913723633 0.0251877836312408 0.00391189294746752 0.042356210020756 0.0373102020433391 0.0973177088921372 0.0829314252547897 |o 0.0893357828756015 0.131769211581016 0.166694453117506 0.241451568244646 0.37667756417594 0.438375896611036 0.46720587555107 0.509109021315269 0.529607635985913 0.509378734007772 0.49588732429905 0.500059966154297
4|i -0.0138399694934866 -0.1031818939892 -0.0824002979109926 -0.0760560328780736 -0.0343555576755786 -0.00446631001498762 0.0452595760628556 0.0131835005180593 0.0210002687286411 0.00271146098751862 -0.0185644296962547 0.0198798873770339 0.0148338793996169 0.074841386248415 0.0604551026110675 0.0668594602318793 |o 0.109292888937294 0.144218130473784 0.218975245600924 0.354201241532218 0.415899573967313 0.444729552907347 0.486632698671547 0.507131313342191 0.48690241136405 0.473411001655328 0.477583643510575 0.426306734960368
4|i -0.0311098853484769 -0.0965652834394255 -0.0902210184065065 -0.0485205432040115 -0.0186312955434206 0.0310945905344227 -0.000981485010373623 0.00683528320020818 -0.0114535245409143 -0.0327294152246876 0.00571490184860093 0.000668893871183962 0.0606764007199821 0.0462901170826346 0.0526944747034464 0.0951279034088609 |o 0.130053144945351 0.204810260072491 0.340036256003785 0.401734588438881 0.430564567378915 0.472467713143114 0.492966327813758 0.472737425835617 0.459246016126895 0.463418657982142 0.412141749431935 0.358820461812506
5|i -0.0154495220214555 -0.637807902613966 -0.388629828889469 -0.253732035684771 -0.159706313331995 -0.0407992741740408 0.0489331668422466 0.133787160416509 0.155135787866754 0.172103371783877 0.127419156084659 0.0871725874380909 0.111954305701246 0.151149985103484 0.208220951304693 0.284798882152684 |o 0.326283502134346 0.31205608666235 0.242276061863464 0.171878100223924 0.072350338879433 -0.0188077205907057 -0.0207831628860149 -0.0884519542848478 -0.0663827101595741 -0.101656086619823 -0.0380546922701255 -0.0169942647369427
5|i 0.015791677026114 -0.452902589206023 -0.318004796001325 -0.223979073648549 -0.105072034490595 -0.0153395934743076 0.069514400099955 0.0908630275501997 0.107830611467323 0.0631463957681044 0.0228998271215368 0.0476815453846914 0.0868772247869302 0.143948190988139 0.22052612183613 0.262010741817792 |o 0.247783326345795 0.17800330154691 0.10760533990737 0.00807757856287886 -0.0830804809072598 -0.085055923202569 -0.152724714601402 -0.130655470476128 -0.165928846936377 -0.10232745258668 -0.0812670250534968 -0.0688967863019779
5|i 0.0723752136939628 -0.364717190371446 -0.270691468018671 -0.151784428860716 -0.0620519878444288 0.0228020057298338 0.0441506331800785 0.0611182170972013 0.0164340013979832 -0.0238125672485845 0.000969151014570145 0.040164830416809 0.0972357966180174 0.173813727466008 0.215298347447671 0.201070931975674 |o 0.131290907176788 0.0608929455372484 -0.0386348158072424 -0.129792875277381 -0.13176831757269 -0.199437108971523 -0.17736786484625 -0.212641241306498 -0.149039846956801 -0.127979419423618 -0.115609180672099 0.00361891261090022
5|i 0.0793559242626398 -0.303758674521886 -0.184851635363932 -0.0951191943476445 -0.0102652007733819 0.0110834266768628 0.0280510105939857 -0.0166332051052325 -0.0568797737518001 -0.0320980554886455 0.00709762391359332 0.0641685901148017 0.140746520962793 0.182231140944455 0.168003725472459 0.0982237006735727 |o 0.0278257390340328 -0.071702022310458 -0.162860081780597 -0.164835524075906 -0.232504315474739 -0.210435071349465 -0.245708447809714 -0.182107053460017 -0.161046625926834 -0.148676387175315 -0.0294482938923154 0.0166019016521796
5|i 0.0949865288975585 -0.206957262934326 -0.117224821918039 -0.0323708283437765 -0.0110222008935318 0.00594538302359109 -0.0387388326756271 -0.0789854013221947 -0.0542036830590401 -0.0150080036568013 0.0420629625444071 0.118640893392398 0.160125513374061 0.145898097902064 0.0761180731031781 0.00572011146363818 |o -0.0938076498808526 -0.184965709350991 -0.186941151646301 -0.254609943045134 -0.23254069891986 -0.267814075380108 -0.204212681030411 -0.183152253497228 -0.170782014745709 -0.05155392146271 -0.00550372591821496 0.0719925501741501
5|i 0.0619971185269397 -0.124768129454937 -0.0399141358806748 -0.01856550843043 -0.00159792451330717 -0.0462821402125254 -0.086528708859093 -0.0617469905959384 -0.0225513111936995 0.0345196550075089 0.1110975858555 0.152582205837162 0.138354790365166 0.0685747655662799 -0.00182319607326008 -0.101350957417751 |o -0.19250901688789 -0.194484459183199 -0.262153250582032 -0.240084006456758 -0.275357382917007 -0.211755988567309 -0.190695561034127 -0.178325322282608 -0.0590972289996083 -0.0130470334551132 0.0644492426372519 0.087067789506088
5|i 0.0201973741171617 -0.0353980767184779 -0.0140494492682332 0.00291813464888965 -0.0417660810503286 -0.0820126496968962 -0.0572309314337416 -0.0180352520315027 0.0390357141697057 0.115613645017697 0.157098264999359 0.142870849527363 0.0730908247284767 0.00269286308893674 -0.0968348982555541 -0.187992957725693 |o -0.189968400021002 -0.257637191419835 -0.235567947294561 -0.27084132375481 -0.207239929405113 -0.18617950187193 -0.173809263120411 -0.0545811698374115 -0.0085309742929164 0.0689653017994487 0.0915838486682848 0.0837827090030138
5|i -0.00599644998691137 -0.00374476104806494 0.0132228228690579 -0.0314613928301603 -0.0717079614767279 -0.0469262432135733 -0.00773056381133446 0.049340402389874 0.125918333237865 0.167402953219527 0.153175537747531 0.0833955129486449 0.012997551309105 -0.0865302100353858 -0.177688269505524 -0.179663711800834 |o -0.247332503199667 -0.225263259074393 -0.260536635534641 -0.196935241184944 -0.175874813651761 -0.163504574900243 -0.0442764816172432 0.00177371392725187 0.0792699900196169 0.101888536888453 0.0940873972231821 0.1087730230236
5|i -0.0520964249870237 0.0294620056791647 -0.0152222100200535 -0.0554687786666211 -0.0306870604034665 0.00850861899877232 0.0655795851999807 0.142157516047972 0.183642136029634 0.169414720557638 0.0996346957587517 0.0292367341192118 -0.070291027225279 -0.161449086695418 -0.163424528990727 -0.23109332038956 |o -0.209024076264286 -0.244297452724535 -0.180696058374838 -0.159635630841655 -0.147265392090136 -0.0280372988071364 0.0180128967373587 0.0955091728297237 0.11812771969856 0.110326580033289 0.125012205833707 0.141235150491467
5|i -0.0232079042233864 0.000676862109509886 -0.0395697065370577 -0.0147879882739031 0.0244076911283357 0.0814786573295442 0.158056588177535 0.199541208159198 0.185313792687201 0.115533767888315 0.0451358062487752 -0.0543919550957156 -0.145550014565854 -0.147525456861164 -0.215194248259997 -0.193125004134723 |o -0.228398380594971 -0.164796986245274 -0.143736558712091 -0.131366319960572 -0.012138226677573 0.033911968866922 0.111408244959287 0.134026791828123 0.126225652162852 0.14091127796327 0.15713422262103 0.241007865061804
6|i -0.0158390977400376 0.0503210518285764 0.107515958585591 0.00472020206288176 -0.0403167236920917 -0.184492598363038 -0.26329579787765 -0.185199966776723 -0.183316421103865 -0.128928485046199 -0.01475287242777 0.089817192629368 0.135155685955455 0.1925370292141 0.205597523938706 0.214638221072658 |o 0.266010500144531 0.380973711178544 0.446936009758799 0.524694175340128 0.503166291122807 0.478770596007876 0.447151783754236 0.339764911179249 0.304972574111695 0.251443869671511 0.341408500140735 0.330449562640532
6|i -0.0145807149539151 0.0931366620311942 -0.0096590944915152 -0.0546960202464887 -0.198871894917435 -0.277675094432046 -0.19957926333112 -0.197695717658262 -0.143307781600596 -0.0291321689821669 0.0754378960749711 0.120776389401058 0.178157732659703 0.191218227384309 0.200258924518261 0.251631203590134 |o 0.366594414624147 0.432556713204402 0.510314878785731 0.48878699456841 0.464391299453479 0.432772487199839 0.325385614624852 0.290593277557298 0.237064573117114 0.327029203586338 0.316070266086135 0.361417749571403
6|i -0.0395655371119744 -0.0278896113310454 -0.0729265370860189 -0.217102411756966 -0.295905611271577 -0.21780978017065 -0.215926234497792 -0.161538298440126 -0.0473626858216971 0.0572073792354409 0.102545872561528 0.159927215820173 0.172987710544779 0.182028407678731 0.233400686750604 0.348363897784617 |o 0.414326196364872 0.4920843619462 0.47055647772888 0.446160782613949 0.414541970360309 0.307155097785322 0.272362760717768 0.218834056277583 0.308798686746807 0.297839749246605 0.343187232731873 0.345352981990574
6|i -0.0558294383663741 -0.102407590932413 -0.24658346560336 -0.325386665117971 -0.247290834017045 -0.245407288344187 -0.19101935228652 -0.0768437396680916 0.0277263253890464 0.0730648187151332 0.130446161973778 0.143506656698385 0.152547353832337 0.20391963290421 0.318882843938223 0.384845142518477 |o 0.462603308099806 0.441075423882486 0.416679728767554 0.385060916513914 0.277674043938928 0.242881706871374 0.189353002431189 0.279317632900413 0.268358695400211 0.313706178885478 0.315871928144179 0.311279882575716
6|i 0.0148216153841041 -0.284250858872175 -0.363054058386786 -0.284958227285859 -0.283074681613001 -0.228686745555335 -0.114511132936906 -0.00994106787976823 0.0353974254463186 0.0927787687049634 0.10583926342957 0.114879960563522 0.166252239635395 0.281215450669408 0.347177749249662 0.424935914830991 |o 0.403408030613671 0.37901233549874 0.3473935232451 0.240006650670113 0.205214313602559 0.151685609162374 0.241650239631598 0.230691302131396 0.276038785616663 0.278204534875365 0.273612489306901 0.361070525150205
6|i -0.0064001552270096 -0.408897984352509 -0.330802153251582 -0.328918607578724 -0.274530671521058 -0.160355058902629 -0.0557849938454913 -0.0104465005194045 0.0469348427392404 0.059995337463847 0.0690360345977989 0.120408313669672 0.235371524703685 0.301333823283939 0.379091988865268 0.357564104647948 |o 0.333168409533017 0.301549597279377 0.19416272470439 0.159370387636836 0.105841683196651 0.195806313665875 0.184847376165673 0.23019485965094 0.232360608909642 0.227768563341178 0.315226599184482 0.291930372983441
6|i 0.00558395679168548 -0.380273246177284 -0.378389700504426 -0.32400176444676 -0.209826151828331 -0.105256086771193 -0.0599175934451061 -0.00253625018646131 0.0105242445381453 0.0195649416720972 0.0709372207439702 0.185900431777983 0.251862730358238 0.329620895939567 0.308093011722246 0.283697316607315 |o 0.252078504353675 0.144691631778688 0.109899294711134 0.0563705902709496 0.146335220740174 0.135376283239971 0.180723766725239 0.18288951598394 0.178297470415476 0.26575550625878 0.242459280057739 0.269144177010615
6|i 0.0189582405293066 -0.420546483873157 -0.36615854781549 -0.251982935197062 -0.147412870139924 -0.102074376813837 -0.0446930335551919 -0.0316325388305853 -0.0225918416966334 0.0287804373752396 0.143743648409253 0.209705946989507 0.287464112570836 0.265936228353516 0.241540533238584 0.209921720984944 |o 0.102534848409958 0.0677425113424036 0.0142138069022189 0.104178437371443 0.0932194998712406 0.138566983356508 0.140732732615209 0.136140687046746 0.22359872289005 0.200302496689008 0.226987393641885 0.221311082252556
6|i 0.021224990075222 -0.401030636634365 -0.286855024015936 -0.182284958958798 -0.136946465632711 -0.0795651223740662 -0.0665046276494596 -0.0574639305155077 -0.00609165144363472 0.108871559590378 0.174833858170633 0.252592023751962 0.231064139534641 0.20666844441971 0.17504963216607 0.0676627595910834 |o 0.0328704225235293 -0.0206582819166553 0.0693063485525688 0.0583474110523664 0.103694894537634 0.105860643796335 0.101268598227872 0.188726634071176 0.165430407870134 0.19211530482301 0.186438993433682 0.232813785491894
6|i 0.0360357586307265 -0.315781761293129 -0.211211696235991 -0.165873202909904 -0.108491859651259 -0.0954313649266525 -0.0863906677927007 -0.0350183887208276 0.0799448223131854 0.14590712089344 0.223665286474769 0.202137402257448 0.177741707142517 0.146122894888877 0.0387360223138905 0.00394368524633641 |o -0.0495850191938483 0.0403796112753758 0.0294206737751734 0.0747681572604409 0.0769339065191422 0.0723418609506787 0.159799896793983 0.136503670592941 0.163188567545818 0.157512256156489 0.203887048214701 0.299094678592944
7|i -0.0923819328420879 0.0533221621287446 0.261557536661566 0.240215173772827 0.205452352723777 0.121732275010349 0.177179300927893 0.114722391485778 -0.0236609209668076 -0.0243374554339451 -0.195644308596254 -0.103007458032591 -0.200294018152361 -0.10653563503811 -0.173424283327533 -0.347277113163333 |o -0.383673619390677 -0.560608235272502 -0.465784849204208 -0.582543165939 -0.305424370538066 -0.367314570197129 -0.384101403090869 -0.502715460572386 -0.674835847538933 -0.955584866634235 -1.17667985063704 -0.965680414450186
7|i -0.0493393760622495 0.290690588762861 0.269348225874121 0.234585404825072 0.150865327111644 0.206312353029188 0.143855443587073 0.00547213113448719 0.00479559666734969 -0.166511256494959 -0.0738744059312967 -0.171160966051066 -0.0774025829368157 -0.144291231226238 -0.318144061062038 -0.354540567289382 |o -0.531475183171208 -0.436651797102913 -0.553410113837706 -0.276291318436771 -0.338181518095834 -0.354968350989574 -0.473582408471092 -0.645702795437638 -0.926451814532941 -1.14754679853574 -0.936547362348891 -0.777604637214452
7|i -0.00653469567148153 0.324159277336393 0.289396456287343 0.205676378573915 0.261123404491459 0.198666495049344 0.0602831825967584 0.0596066481296209 -0.111700205032688 -0.0190633544690255 -0.116349914588795 -0.0225915314745445 -0.0894801797639671 -0.263333009599767 -0.299729515827111 -0.476664131708936 |o -0.381840745640642 -0.498599062375434 -0.2214802669745 -0.283370466633563 -0.300157299527303 -0.418771357008821 -0.590891743975367 -0.87164076307067 -1.09273574707347 -0.88173631088662 -0.722793585752181 -0.375068910522145
7|i 0.081545616471692 0.336463124485812 0.252743046772384 0.308190072689928 0.245733163247813 0.107349850795227 0.10667331632809 -0.0646335368342193 0.0280033137294435 -0.0692832463903261 0.0244751367239245 -0.0424135115654981 -0.216266341401298 -0.252662847628642 -0.429597463510467 -0.334774077442173 |o -0.451532394176965 -0.174413598776031 -0.236303798435094 -0.253090631328834 -0.371704688810352 -0.543825075776898 -0.824574094872201 -1.045669078875 -0.834669642688151 -0.675726917553712 -0.328002242323676 -0.260880330698793
7|i 0.0580127987296656 0.305276081349903 0.360723107267447 0.298266197825332 0.159882885372746 0.159206350905608 -0.0121005022567007 0.080536348306962 -0.0167502118128076 0.077008171301443 0.0101195230120204 -0.16373330682378 -0.200129813051123 -0.377064428932949 -0.282241042864654 -0.398999359599447 |o -0.121880564198512 -0.183770763857576 -0.200557596751316 -0.319171654232833 -0.491292041199379 -0.772041060294682 -0.993136044297485 -0.782136608110632 -0.623193882976193 -0.275469207746158 -0.208347296121275 -0.146578984259615
7|i 0.107763343828688 0.389200216970675 0.32674330752856 0.188359995075974 0.187683460608836 0.0163766074465269 0.10901345801019 0.0117268978904201 0.105485281004671 0.038596632715248 -0.135256197120552 -0.171652703347896 -0.348587319229721 -0.253763933161427 -0.370522249896219 -0.0934034544952844 |o -0.155293654154348 -0.172080487048088 -0.290694544529605 -0.462814931496151 -0.743563950591454 -0.964658934594257 -0.753659498407405 -0.594716773272966 -0.24699209804293 -0.179870186418047 -0.118101874556388 -0.158882434798333
7|i 0.108501062559908 0.363042898936894 0.224659586484308 0.223983052017171 0.0526761988548618 0.145313049418525 0.0480264892987549 0.141784872413006 0.0748962241235829 -0.0989566057122172 -0.135353111939561 -0.312287727821386 -0.217464341753092 -0.334222658487884 -0.0571038630869495 -0.118994062746013 |o -0.135780895639753 -0.254394953121271 -0.426515340087817 -0.70726435918312 -0.928359343185922 -0.71735990699907 -0.558417181864631 -0.210692506634595 -0.143570595009712 -0.0818022831480528 -0.122582843389998 -0.109099225512362
7|i 0.0571682681853182 0.257914506122752 0.257237971655614 0.085931118493305 0.178567969056968 0.0812814089371981 0.175039792051449 0.108151143762026 -0.0657016860737741 -0.102098192301117 -0.279032808182943 -0.184209422114649 -0.300967738849441 -0.0238489434485063 -0.0857391431075701 -0.10252597600131 |o -0.221140033482827 -0.393260420449373 -0.674009439544676 -0.895104423547479 -0.684104987360627 -0.525162262226188 -0.177437586996152 -0.110315675371269 -0.0485473635096096 -0.0893279237515549 -0.0758443058739189 -0.0796796600190024
7|i 0.0394440739826759 0.289174940962653 0.117868087800344 0.210504938364006 0.113218378244237 0.206976761358487 0.140088113069065 -0.0337647167667355 -0.0701612229940789 -0.247095838875905 -0.15227245280761 -0.269030769542403 0.00808802585853226 -0.0538021738005315 -0.0705890066942715 -0.189203064175789 |o -0.361323451142335 -0.642072470237638 -0.863167454240441 -0.652168018053588 -0.493225292919149 -0.145500617689113 -0.0783787060642304 -0.016610394202571 -0.0573909544445163 -0.0439073365668803 -0.0477426907119638 -0.11286851791852
7|i -0.0601697390523286 0.161234647274009 0.253871497837672 0.156584937717903 0.250343320832153 0.183454672542731 0.00960184270693037 -0.026794663520413 -0.203729279402239 -0.108905893333944 -0.225664210068737 0.0514545853321981 -0.0104356143268657 -0.0272224472206057 -0.145836504702123 -0.317956891668669 |o -0.598705910763972 -0.819800894766775 -0.608801458579922 -0.449858733445483 -0.102134058215448 -0.0350121465905645 0.0267561652710948 -0.0140243949708505 -0.000540777093214512 -0.00437613123829797 -0.0695019584448541 -0.114414959256488
8|i 0.0623445292811577 -0.263536705881624 -0.257546832455002 -0.19239669722898 -0.193903104949884 -0.289224785851197 -0.210309616818319 -0.154303993683635 -0.0208636251444875 0.087755793899787 0.154003882337672 0.191895512542103 0.275204750168898 0.302911064725561 0.284474517406839 0.285839840932268 |o 0.240743335192395 0.220600653233147 0.121628664066676 0.0245386561130726 -0.108183907050121 -0.082197093953254 -0.111710579308514 0.0163832207752973 0.0936247378248862 0.156342045302164 0.258535185464295 0.224789740783874
8|i 0.0315995678858454 -0.291165501859937 -0.226015366633915 -0.227521774354818 -0.322843455256132 -0.243928286223253 -0.18792266308857 -0.0544822945494221 0.0541371244948524 0.120385212932737 0.158276843137169 0.241586080763963 0.269292395320626 0.250855848001904 0.252221171527333 0.20712466578746 |o 0.186981983828213 0.0880099946617414 -0.00908001329186199 -0.141802576455056 -0.115815763358189 -0.145329248713449 -0.0172354486296373 0.0600060684199517 0.122723375897229 0.22491651605936 0.191171071378939 0.185016370524621
8|i -0.0216421521121225 -0.257891865679791 -0.259398273400695 -0.354719954302008 -0.27580478526913 -0.219799162134446 -0.0863587935952987 0.0222606254489758 0.0885087138868608 0.126400344091292 0.209709581718087 0.23741589627475 0.218979348956028 0.220344672481457 0.175248166741584 0.155105484782336 |o 0.0561334956158648 -0.0409565123377386 -0.173679075500932 -0.147692262404065 -0.177205747759325 -0.0491119476755139 0.028129569374075 0.0908468768513526 0.193040017013484 0.159294572333063 0.153139871478744 0.148356272197017
8|i -0.0196222459097153 -0.280333297487072 -0.375654978388385 -0.296739809355507 -0.240734186220824 -0.107293817681676 0.00132560136259873 0.0675736898004838 0.105465320004915 0.18877455763171 0.216480872188373 0.19804432486965 0.19940964839508 0.154313142655207 0.134170460695959 0.0351984715294877 |o -0.0618915364241157 -0.194614099587309 -0.168627286490442 -0.198140771845702 -0.070046971761891 0.00719454528769796 0.0699118527649755 0.172104992927107 0.138359548246686 0.132204847392367 0.12742124811064 0.187079282125751
8|i -0.0374788877188382 -0.390217762459249 -0.311302593426371 -0.255296970291687 -0.12185660175254 -0.013237182708265 0.05301090572962 0.0909025359340514 0.174211773560846 0.201918088117509 0.183481540798787 0.184846864324216 0.139750358584343 0.119607676625095 0.020635687458624 -0.0764543204949794 |o -0.209176883658173 -0.183190070561306 -0.212703555916566 -0.0846097558327547 -0.00736823878316579 0.0553490686941118 0.157542208856243 0.123796764175822 0.117642063321504 0.112858464039776 0.172516498054888 0.193572419696221
8|i -0.0688039570140417 -0.323371985346443 -0.267366362211759 -0.133925993672611 -0.0253065746283367 0.0409415138095483 0.0788331440139797 0.162142381640774 0.189848696197437 0.171412148878715 0.172777472404144 0.127680966664271 0.107538284705024 0.00856629553855226 -0.0885237124150512 -0.221246275578245 |o -0.195259462481378 -0.224772947836638 -0.0966791477528264 -0.0194376307032375 0.04327967677404 0.145472816936171 0.11172737225575 0.105572671401432 0.100789072119704 0.160447106134816 0.18150302777615 0.126300059162172
8|i -0.0542147881722505 -0.27590719706943 -0.142466828530282 -0.0338474094860077 0.0324006789518773 0.0702923091563087 0.153601546783103 0.181307861339766 0.162871314021044 0.164236637546473 0.1191401318066 0.0989974498473526 2.54606808812678e-05 -0.0970645472727221 -0.229787110435916 -0.203800297339049 |o -0.233313782694309 -0.105219982610497 -0.0279784655609085 0.0347388419163691 0.1369319820785 0.103186537398079 0.0970318365437608 0.0922482372620333 0.151906271277145 0.172962192918479 0.117759224304501 0.0664103721388715
8|i -0.0593680248431561 -0.145306389488624 -0.0366869704443491 0.0295611179935359 0.0674527481979673 0.150761985824762 0.178468300381425 0.160031753062703 0.161397076588132 0.116300570848259 0.0961578888890112 -0.00281410027746014 -0.0999041082310635 -0.232626671394257 -0.20663985829739 -0.23615334365265 |o -0.108059543568839 -0.0308180265192499 0.0318992809580277 0.134092421120159 0.100346976439738 0.0941922755854194 0.0894086763036919 0.149066710318804 0.170122631960137 0.11491966334616 0.0635708111805301 0.0608458574968293
8|i -0.0141859465710223 -0.0391700935056681 0.0270779949322169 0.0649696251366483 0.148278862763443 0.175985177320106 0.157548630001384 0.158913953526813 0.11381744778694 0.0936747658276922 -0.00529722333877913 -0.102387231292383 -0.235109794455576 -0.209122981358709 -0.238636466713969 -0.110542666630158 |o -0.0333011495805689 0.0294161578967087 0.13160929805884 0.0978638533784188 0.0917091525241004 0.0869255532423729 0.146583587257485 0.167639508898818 0.112436540284841 0.0610876881192111 0.0583627344355103 0.0773927355607781
8|i 0.0353152685473291 0.0266867320038769 0.0645783622083083 0.147887599835103 0.175593914391766 0.157157367073044 0.158522690598473 0.1134261848586 0.0932835028993522 -0.00568848626711908 -0.102778494220722 -0.235501057383916 -0.209514244287049 -0.239027729642309 -0.110933929558498 -0.0336924125089089 |o 0.0290248949683687 0.1312180351305 0.0974725904500789 0.0913178895957605 0.086534290314033 0.146192324329145 0.167248245970478 0.112045277356501 0.0606964251908711 0.0579714715071704 0.0770014726324382 0.110353103500377
9|i 0.121023719560564 -0.374588613500587 -0.122873571398579 -0.0753329646108362 -0.07644912860091 -0.0954661532039534 -0.135468014472563 -0.118648358120885 -0.239051410465236 -0.198047032735087 -0.105458153974078 0.054881724269428 0.21432864388686 0.335702972815472 0.442727638809148 0.493742421301808 |o 0.514748325373591 0.464841110640003 0.387301370639611 0.27255955382454 0.235392169407195 0.194242990448658 0.265447748805689 0.330941237153838 0.382430989779371 0.456686094467212 0.477506667839334 0.463421972643935
9|i 0.117477028708411 -0.182162700656857 -0.134622093869115 -0.135738257859189 -0.154755282462232 -0.194757143730842 -0.177937487379164 -0.298340539723515 -0.257336161993365 -0.164747283232356 -0.00440740498885056 0.155039514628581 0.276413843557193 0.383438509550869 0.434453292043529 0.455459196115312 |o 0.405551981381725 0.328012241381333 0.213270424566261 0.176103040148917 0.13495386119038 0.206158619547411 0.271652107895559 0.323141860521092 0.397396965208933 0.418217538581055 0.404132843385657 0.442750247718304
9|i 0.069835140578593 -0.173803072671687 -0.174919236661761 -0.193936261264804 -0.233938122533414 -0.217118466181736 -0.337521518526087 -0.296517140795937 -0.203928262034928 -0.0435883837914227 0.115858535826009 0.237232864754621 0.344257530748297 0.395272313240957 0.41627821731274 0.366371002579153 |o 0.28883126257876 0.174089445763689 0.136922061346344 0.0957728823878075 0.166977640744839 0.232471129092987 0.28396088171852 0.358215986406361 0.379036559778483 0.364951864583085 0.403569268915732 0.398715101537247
9|i 0.000643459501349237 -0.205761525678457 -0.224778550281501 -0.26478041155011 -0.247960755198432 -0.368363807542783 -0.327359429812634 -0.234770551051625 -0.0744306728081192 0.0850162468093126 0.206390575737924 0.313415241731601 0.36443002422426 0.385435928296044 0.335528713562456 0.257988973562064 |o 0.143247156746992 0.106079772329648 0.064930593371111 0.136135351728142 0.201628840076291 0.253118592701824 0.327373697389665 0.348194270761787 0.334109575566388 0.372726979899036 0.36787281252055 0.330633516675135
9|i -0.0554373304183274 -0.248045795776531 -0.28804765704514 -0.271228000693462 -0.391631053037813 -0.350626675307664 -0.258037796546655 -0.0976979183031492 0.0617490013142827 0.183123330242894 0.290147996236571 0.341162778729231 0.362168682801014 0.312261468067426 0.234721728067034 0.119979911251962 |o 0.0828125268346179 0.041663347876081 0.112868106233112 0.178361594581261 0.229851347206794 0.304106451894635 0.324927025266757 0.310842330071358 0.349459734404006 0.344605567025521 0.307366271180105 0.289840284365461
9|i -0.129522140348005 -0.31010487855255 -0.293285222200872 -0.413688274545223 -0.372683896815074 -0.280095018054065 -0.119755139810559 0.0396917798068728 0.161066108735485 0.268090774729161 0.319105557221821 0.340111461293604 0.290204246560016 0.212664506559624 0.0979226897445525 0.060755305327208 |o 0.0196061263686711 0.0908108847257022 0.156304373073851 0.207794125699384 0.282049230387225 0.302869803759347 0.288785108563948 0.327402512896596 0.322548345518111 0.285309049672695 0.267783062858052 0.248062419517279
9|i -0.136201757259563 -0.315265955862287 -0.435669008206638 -0.394664630476488 -0.30207575171548 -0.141735873471974 0.017711046145458 0.13908537507407 0.246110041067746 0.297124823560406 0.318130727632189 0.268223512898602 0.190683772898209 0.0759419560831378 0.0387745716657933 -0.00237460729274365 |o 0.0688301510642874 0.134323639412436 0.185813392037969 0.26006849672581 0.280889070097932 0.266804374902533 0.305421779235181 0.300567611856696 0.26332831601128 0.245802329196637 0.226081685855864 0.251151094385404
9|i -0.115232104048463 -0.461275415335076 -0.420271037604927 -0.327682158843918 -0.167342280600412 -0.0078953609829803 0.113478967945631 0.220503633939308 0.271518416431968 0.292524320503751 0.242617105770163 0.165077365769771 0.0503355489546995 0.013168164537355 -0.0279810144211819 0.0432237439358491 |o 0.108717232283998 0.160206984909531 0.234462089597372 0.255282662969494 0.241197967774095 0.279815372106743 0.274961204728258 0.237721908882842 0.220195922068199 0.200475278727426 0.225544687256966 0.177187031743734
9|i -0.0340930136999654 -0.458270547446198 -0.365681668685189 -0.205341790441684 -0.0458948708242519 0.0754794581043599 0.182504124098036 0.233518906590696 0.254524810662479 0.204617595928892 0.127077855928499 0.0123360391134279 -0.0248313453039166 -0.0659805242624535 0.00522423409457751 0.070717722442726 |o 0.122207475068259 0.1964625797561 0.217283153128222 0.203198457932824 0.241815862265471 0.236961694886986 0.199722399041571 0.182196412226927 0.162475768886154 0.187545177415694 0.139187521902462 0.209298548319787
9|i 0.0131757103744151 -0.404380203519487 -0.244040325275981 -0.084593405658549 0.0367809232700627 0.143805589263739 0.194820371756399 0.215826275828182 0.165919061094594 0.0883793210942023 -0.0263624957208693 -0.0635298801382138 -0.104679059096751 -0.0334743007397196 0.0320191876084288 0.0835089402339619 |o 0.157764044921803 0.178584618293925 0.164499923098526 0.203117327431174 0.198263160052689 0.161023864207273 0.14349787739263 0.123777234051857 0.148846642581397 0.100488987068165 0.17060001348549 0.161819724683211
