-0.011370864,0.004441846,0.022289261,0.03348465,0.037673604,0.037676997,0.03130906,0.01876112,0.00455766,-0.0038333312,-0.014777333,-0.022456437
0.13356599,0.16566792,0.1709022,0.18066075,0.18193893,0.17421776,0.15071514,0.114301056,0.09388399,0.06998825,0.052482918,0.04143656
0.21797197,0.24167126,0.2374375,0.24390706,0.23621903,0.21907502,0.19510376,0.15503077,0.12438515,0.09634943,0.07732093,0.0649858
0.02648746,0.043460704,0.059464857,0.06184661,0.061425958,0.054140743,0.042942442,0.02660171,0.013262037,0.0027578012,-0.0072112107,-0.0125074135
0.1018593,0.10771027,0.10755316,0.10315161,0.10631897,0.10322345,0.10897297,0.098433435,0.09266195,0.078547195,0.08229986,0.076511234
-0.006235704,-0.009608492,-0.04195083,-0.038916208,-0.043671392,-0.04499013,-0.043292046,-0.029204972,-0.027947124,-0.014788039,-0.010197522,-0.005071409
-0.034421057,-0.024229664,-0.019519165,-0.026148781,-0.021203699,-0.014423098,-0.008860957,-0.0062558614,-0.0025870595,-0.0015810691,0.005723372,0.009553459
-0.10676366,-0.042781487,-0.029787421,0.0038568676,0.03411445,0.03671582,0.017304853,-0.00046147406,-0.0071751326,-0.014344685,-0.033627257,-0.03613177
-0.17868832,-0.1924487,-0.19444941,-0.17718676,-0.16448013,-0.14199276,-0.120773524,-0.09602627,-0.08354484,-0.07204124,-0.0620677,-0.058188252
0.48082036,0.49085277,0.4657668,0.40323672,0.39219755,0.3491382,0.31047732,0.27350223,0.25031388,0.2552032,0.23582639,0.22173873
-0.12993655,-0.10946973,-0.089728996,-0.065561526,-0.051328138,-0.03467039,-0.028571874,-0.030425854,-0.032784775,-0.03865431,-0.044691302,-0.05065897
0.17486411,0.16881768,0.15456247,0.13690467,0.11181435,0.08955339,0.068162635,0.05714204,0.052758552,0.048955075,0.045863375,0.048535425
0.09098958,0.13436405,0.1478421,0.15961605,0.15377018,0.14709051,0.12285715,0.08612665,0.058674447,0.034599897,0.008876534,-0.004553335
-0.3589661,-0.36916927,-0.33397642,-0.29585636,-0.28572875,-0.26048553,-0.23961234,-0.2132767,-0.19878387,-0.18634617,-0.18660215,-0.18587573
0.13887745,0.11410424,0.094322175,0.07631818,0.07482685,0.07356317,0.0660915,0.060016982,0.04421876,0.034256823,0.04640279,0.052877992
0.18874295,0.17443693,0.15716717,0.15485889,0.1378025,0.11923961,0.10233479,0.08847383,0.08109231,0.07155912,0.0659582,0.06262013
-0.13141367,-0.14474285,-0.14368519,-0.13798419,-0.122265294,-0.11001024,-0.10519385,-0.09269278,-0.08370605,-0.07868986,-0.07222953,-0.06415575
0.2198442,0.18938051,0.13124897,0.13202918,0.13456543,0.12643449,0.10521981,0.0976644,0.12916444,0.1435459,0.13439861,0.13536073
-0.13581054,-0.113942616,-0.089536764,-0.05720669,-0.049817145,-0.036477536,-0.034329295,-0.041624106,-0.047667056,-0.060126532,-0.07122479,-0.07924052
0.19162188,0.24792907,0.2799619,0.2564683,0.22840117,0.19442996,0.16593379,0.12805223,0.09836219,0.086070195,0.06578383,0.058832802
0.09329975,0.08280736,0.0717204,0.058148134,0.057718407,0.055234633,0.04256344,0.04195801,0.040081043,0.04328025,0.039181743,0.039611235
0.22614546,0.23830158,0.24811453,0.22674167,0.20961621,0.1826536,0.1642098,0.13531819,0.1252557,0.10761456,0.10308107,0.09658052
-0.03113534,0.021188587,0.054858163,0.06238403,0.05458256,0.04921808,0.04877846,0.03306689,0.02474717,0.016239364,0.011153579,0.0071988404
0.23747359,0.21331333,0.17499986,0.15133469,0.13180792,0.10552065,0.0863478,0.08420411,0.086452566,0.09193774,0.09165762,0.09469516
0.15909387,0.1474911,0.12931064,0.1125043,0.101175465,0.08363651,0.06590996,0.052147,0.043303512,0.04012018,0.03629588,0.03877261
0.120467216,0.18402493,0.20194903,0.19588128,0.1921857,0.16226137,0.13315946,0.09364189,0.07913288,0.06068092,0.04790291,0.046849377
-0.49615973,-0.52812004,-0.5090191,-0.4542845,-0.41299656,-0.35130328,-0.29880258,-0.24624678,-0.20662236,-0.18792441,-0.16761923,-0.1614403
-0.18762045,-0.26181465,-0.24886946,-0.24778758,-0.22850093,-0.19194387,-0.16206881,-0.12945889,-0.10383117,-0.08232224,-0.07952218,-0.0794756
0.11747739,0.08999823,0.09267676,0.09907925,0.09324464,0.08495031,0.07499637,0.06062346,0.060150392,0.0540594,0.041124612,0.028148577
-0.03229312,0.029784255,0.02755861,0.0019143522,-0.017877694,-0.0111466795,-0.0049669333,0.008206017,0.024652138,0.030891053,0.03452132,0.039997593
-0.07189178,-0.1235827,-0.12007384,-0.10576013,-0.104588285,-0.10705054,-0.09436588,-0.082537554,-0.073807895,-0.06872619,-0.060893133,-0.06096208
-0.20442124,-0.13756064,-0.18357225,-0.16370796,-0.16167115,-0.12156666,-0.11722821,-0.082215644,-0.06588494,-0.047175862,-0.05011171,-0.039007053
-0.22645113,-0.2272049,-0.17475642,-0.15855202,-0.1346776,-0.12751685,-0.10100964,-0.09665793,-0.080889836,-0.081592575,-0.070768364,-0.07129362
-0.10710917,-0.09062383,-0.07298787,-0.06552601,-0.05893968,-0.04140552,-0.034793243,-0.02823063,-0.025700178,-0.024625663,-0.027788252,-0.029526338
-0.20017591,-0.23294654,-0.25194845,-0.23325208,-0.22053334,-0.18984413,-0.17668693,-0.14024642,-0.120069385,-0.10469236,-0.099656686,-0.09359136
-0.34120715,-0.28656572,-0.21441966,-0.15958226,-0.14409927,-0.12614101,-0.11035836,-0.122323334,-0.121268585,-0.1428164,-0.1479548,-0.15415883
0.31882215,0.39208904,0.39979184,0.38671538,0.38012764,0.36435342,0.33483177,0.27661255,0.24930322,0.2094054,0.18652275,0.16359037
-0.109103575,-0.055842236,-0.040647566,-0.033951037,-0.038317673,-0.0261162,-0.00035049766,-0.002019316,-0.0032275245,-0.013195638,4.3477863e-05,0.0010612346
-0.052028604,-0.051272668,-0.038760982,-0.02961644,-0.022589253,-0.012532283,-0.004688129,-0.0034130588,-0.0014386754,-0.0074614044,-0.006325418,-0.009187352
-0.0040854122,0.0024094135,0.0076537244,0.016665008,0.023616323,0.027368065,0.028067708,0.027436167,0.031501427,0.031099927,0.028884504,0.025616363
-0.3120075,-0.3441201,-0.32975486,-0.28884166,-0.26705682,-0.22338226,-0.18835828,-0.16155879,-0.14435808,-0.13723838,-0.13207904,-0.13696565
0.009914553,0.00701927,0.00858085,0.02124287,0.026927171,0.030229839,0.031127853,0.023330033,0.017933019,0.009207368,0.005296657,-0.00082042255
-0.1546351,-0.14707261,-0.1305293,-0.10040992,-0.1018674,-0.09562045,-0.08670579,-0.08219926,-0.08488366,-0.08988603,-0.09224326,-0.09679517
0.2553003,0.25531784,0.2654389,0.2691095,0.2543048,0.22012739,0.18911523,0.14794347,0.11834873,0.093541905,0.06954013,0.0515735
-0.24479437,-0.27568108,-0.2778183,-0.2424403,-0.21768756,-0.18254255,-0.16549425,-0.13887236,-0.13417149,-0.1225384,-0.12992287,-0.13561311
0.3585899,0.55847424,0.52265805,0.5290624,0.5412739,0.55584276,0.49372512,0.42858982,0.39638,0.35136697,0.30303666,0.28433707
-0.05283452,-0.05078974,-0.035172783,-0.009979077,0.0037676431,0.027140532,0.034851283,0.023958014,0.011167223,-0.009693341,-0.017510734,-0.032649677
-0.2309975,-0.22178972,-0.18268098,-0.19731888,-0.17634553,-0.17392898,-0.14331189,-0.11750063,-0.09511107,-0.07528141,-0.055100404,-0.044588856
-0.015549362,-0.013904751,-0.018158283,-0.005502088,-0.00026464462,0.0038363952,-0.008648647,-0.011275582,-0.010744567,-0.010788003,-0.022871498,-0.025527839
0.18699935,0.18279088,0.14832415,0.13262141,0.11957382,0.10820964,0.086072795,0.0768491,0.06329742,0.056849398,0.05397729,0.057956956
0.03358183,0.03451103,0.039340727,0.03336488,0.021957017,0.017351938,0.010410719,0.002897121,0.0020334786,-0.0021415777,-0.0042562145,-0.0021866616
-0.11337496,-0.06348552,-0.05295977,-0.014772892,0.02226375,0.055248335,0.04294984,0.021064654,-0.00054204464,-0.011763226,-0.04836633,-0.06861909
-0.24093683,-0.2550177,-0.24626674,-0.22455993,-0.20988277,-0.1840649,-0.16613004,-0.14598778,-0.13229394,-0.12595186,-0.12275128,-0.12042792
-0.11133706,-0.06885761,-0.052969128,-0.04264938,-0.03276392,-0.015944056,-0.0070669055,-0.0032584593,-0.006827064,-0.007851027,-0.0127357505,-0.01795784
0.026358224,0.03701464,0.040063217,0.050649084,0.0602137,0.06201118,0.0638998,0.051779434,0.040581234,0.028642634,0.022566931,0.012418743
0.1330261,0.32381287,0.3634915,0.35720932,0.36048073,0.3632544,0.31567454,0.26613912,0.23734805,0.20181337,0.18338686,0.17730732
-0.06741499,-0.13279942,-0.1719965,-0.16716224,-0.16112946,-0.14585036,-0.13135438,-0.09217946,-0.07502225,-0.053811118,-0.040125266,-0.033703245
-0.069198005,-0.066783614,-0.04020802,-0.034424033,-0.03781735,-0.04454228,-0.03985416,-0.04388483,-0.046195664,-0.045921598,-0.04892353,-0.05278146
0.019308396,0.007543169,-0.006967321,-0.011959437,-0.017938077,-0.018926457,-0.017434344,-0.01268889,-0.00014788285,0.0029063653,0.008538952,0.013389094
-0.018081792,0.0016684122,0.003276229,0.02556279,0.02311803,0.03161586,0.020341072,0.012021044,0.002209276,-0.005989176,-0.018369861,-0.02289933
0.13112608,0.1327912,0.13950709,0.121747084,0.10399772,0.07888068,0.076787114,0.06963199,0.07136091,0.069290884,0.07658157,0.07646231
0.012189217,0.017425857,0.027245536,0.012487311,0.0060404623,0.0061018467,0.0015615858,0.00545399,0.007810932,0.014174435,0.009154752,0.009130383
0.09088087,0.11218938,0.12881953,0.1560192,0.1665718,0.16060299,0.13984734,0.09792451,0.067615315,0.037799336,0.00961902,-0.012433995
-0.34270784,-0.3579103,-0.38754645,-0.3636148,-0.31663287,-0.25877172,-0.24896157,-0.20107868,-0.17303686,-0.14004083,-0.14404783,-0.1364812
0.28929788,0.333466,0.3117066,0.31290764,0.31132862,0.28117067,0.22727928,0.16940497,0.13343927,0.107876815,0.0763678,0.061329752
-0.27933228,-0.3109308,-0.2879768,-0.26090038,-0.2412268,-0.21918955,-0.19315639,-0.16293328,-0.14023739,-0.124864586,-0.11069761,-0.105026536
-0.0446303,-0.02568444,-0.0011593103,-0.011742137,-0.005001329,0.0016178638,0.013792198,0.008073747,0.0077292398,-0.0060248002,0.0045085363,0.004614014
-0.49097115,-0.384372,-0.24982542,-0.22215694,-0.16161239,-0.12633294,-0.08707404,-0.11170009,-0.1482301,-0.17437984,-0.17809112,-0.18909931
-0.18247409,-0.20084149,-0.20358455,-0.18272603,-0.16693884,-0.14772686,-0.13102424,-0.11605572,-0.1024124,-0.10041537,-0.09240531,-0.0881477
-0.59003246,-0.62243813,-0.59141946,-0.52424276,-0.47629797,-0.42158666,-0.37413272,-0.32758707,-0.2906201,-0.26671642,-0.26234066,-0.25979927
0.16975191,0.1903955,0.18244788,0.17382318,0.16845718,0.15543936,0.13867946,0.11214945,0.0866647,0.07068206,0.058568753,0.049211867
-0.2433934,-0.23180473,-0.20752865,-0.18750955,-0.16934532,-0.14328545,-0.11908358,-0.1015207,-0.09213721,-0.08816706,-0.07553621,-0.071478166
0.16864601,0.18121484,0.17051737,0.16721678,0.1596669,0.14505818,0.14203554,0.123292625,0.11025152,0.09880105,0.09576459,0.08809477
-0.92244494,-0.94870937,-0.8615969,-0.7661562,-0.69132715,-0.6121519,-0.5248157,-0.45847645,-0.4167269,-0.40010613,-0.37274894,-0.37140816
0.37996125,0.31558436,0.27787897,0.24986193,0.1777659,0.122971594,0.10476321,0.10757846,0.12321271,0.13256902,0.14206637,0.14520076
-0.014888689,-0.026093159,-0.018909995,-0.014938777,-0.013865709,-0.024693483,-0.029249446,-0.03164807,-0.026033273,-0.020384233,-0.022001095,-0.019002115
-0.36886913,-0.36655056,-0.32196924,-0.2713887,-0.23019925,-0.18761854,-0.16311324,-0.15979683,-0.16094965,-0.16605803,-0.17280447,-0.18224582
0.018483523,0.04370568,0.06466429,0.080026,0.08892327,0.08494303,0.076017566,0.057316132,0.03664814,0.021700561,0.0072935577,-0.0062577594
-0.15930602,-0.17166843,-0.15537198,-0.13656008,-0.13291144,-0.13324684,-0.11144697,-0.095792405,-0.08555786,-0.071574636,-0.06398547,-0.06164635
0.16564485,0.1558352,0.13224405,0.12205532,0.111899465,0.102751434,0.09923631,0.0904836,0.09189378,0.084735274,0.08665915,0.08318897
0.111695945,0.09809273,0.08019711,0.075298145,0.06689892,0.059630483,0.04530894,0.03626134,0.027646169,0.024195489,0.01627729,0.0152197
0.17061308,0.17077328,0.13562123,0.1255071,0.11704314,0.11597507,0.1156884,0.11480935,0.12095453,0.12035395,0.11952501,0.115077555
0.10025747,0.08867402,0.07868268,0.06424347,0.055572085,0.046437033,0.049692586,0.053437978,0.061519343,0.06589833,0.07555671,0.07803494
0.20640475,0.22110833,0.23226903,0.23784173,0.21970427,0.18575442,0.16695862,0.13424045,0.12563305,0.11376859,0.1033509,0.09666756
-0.6004863,-0.72855365,-0.74332845,-0.66928893,-0.60361564,-0.53171617,-0.48263752,-0.39840966,-0.34723607,-0.28342608,-0.2865413,-0.2864682
-0.0236567,0.030714888,0.014538832,0.008676447,0.007587582,0.016658917,0.015813064,0.020117778,0.02397288,0.02122122,0.024525724,0.030602999
0.05091378,0.045195363,0.032653596,0.027102068,0.02695059,0.021663655,0.021814741,0.01836156,0.016015306,0.013044631,0.01664701,0.017247993
0.06383177,0.055315968,0.055548206,0.04532947,0.042358045,0.033058535,0.025345523,0.019894646,0.01802829,0.017991818,0.016006095,0.01716084
0.15161008,0.09315615,0.0778984,0.06397599,0.052226126,0.051969767,0.037428215,0.035752647,0.041325517,0.04394629,0.037195183,0.03926435
-0.17208847,-0.17601377,-0.16376965,-0.15562043,-0.14397834,-0.13362145,-0.1100156,-0.09226811,-0.07443453,-0.066244856,-0.05019241,-0.0432005
0.2969295,0.38189936,0.38666493,0.35824305,0.32778096,0.27937195,0.22142352,0.16096795,0.12720883,0.10846699,0.07747067,0.078549914
-0.53410673,-0.5683787,-0.5625736,-0.52284867,-0.48038456,-0.43215662,-0.39572272,-0.33751005,-0.31590682,-0.2801385,-0.27743447,-0.27361947
0.15142599,0.17543775,0.1765824,0.17171468,0.16763815,0.15517019,0.13407266,0.107845455,0.084423356,0.06586237,0.0503392,0.042461686
0.27018997,0.25207996,0.20949297,0.15467224,0.12949657,0.086187884,0.070297584,0.064112276,0.043115616,0.063481115,0.073281795,0.09078401
0.30634207,0.32679093,0.3323833,0.3083209,0.2949808,0.26575598,0.23028883,0.19025351,0.15824452,0.14812279,0.13493991,0.13368204
-0.12557302,-0.0927259,-0.05040434,-0.037110135,-0.01866971,-0.001981318,0.001799494,-0.010688126,-0.019915737,-0.031563565,-0.04025805,-0.04794138
0.103171036,0.104723595,0.09674887,0.07976801,0.07519794,0.066970386,0.064679995,0.06165282,0.05458337,0.052308824,0.052612334,0.05028967
0.051250547,0.032816585,0.03864553,0.036286127,0.029463425,0.023823641,0.032195926,0.028535206,0.02980021,0.025099643,0.0246403,0.018738825
-0.21267003,-0.24148327,-0.26211175,-0.24214968,-0.2510891,-0.24742237,-0.2383069,-0.20923537,-0.1936495,-0.17375156,-0.16681848,-0.15480857
-0.009466749,0.015122013,0.028914373,0.045650918,0.049214363,0.052766457,0.04447699,0.028485607,0.012460962,-0.0022189943,-0.016462456,-0.026215058
-0.13409637,-0.1720278,-0.1773271,-0.17358515,-0.16803986,-0.15602,-0.1420898,-0.11529085,-0.10106336,-0.0882944,-0.074574664,-0.066130154
