-0.81313753,-0.7999102,-0.7828787,-0.7568456,-0.73458016,-0.7259403,-0.7147101,-0.69119287,-0.6763892,-0.6549122,-0.662265,-0.68878406
0.7867476,0.8206631,0.82519245,0.80659366,0.79520255,0.79678655,0.78383994,0.74915636,0.7370868,0.6735191,0.6256129,0.57166195
0.30172142,0.25531816,0.22580278,0.2042197,0.18600829,0.17403734,0.1770808,0.18752939,0.18671922,0.20986706,0.22646502,0.26517802
0.23356381,0.16966915,0.1266608,0.10556476,0.087613255,0.06722328,0.06963506,0.088486865,0.10590367,0.14566037,0.1935958,0.24746946
0.31052768,0.30659294,0.29759154,0.2847667,0.27466753,0.26882887,0.2707353,0.2658342,0.27005613,0.27319908,0.25925434,0.2651085
0.006455252,0.012613757,0.023795964,0.0227172,0.025061484,0.010172673,0.009286907,0.007988811,0.018787917,0.016317174,0.045330107,0.041914776
0.33072653,0.39840752,0.43821216,0.45541835,0.4610653,0.47363043,0.46770978,0.42422277,0.3782513,0.30658555,0.22695953,0.16018859
-0.14158796,-0.11149166,-0.10518552,-0.087900236,-0.08164111,-0.07275769,-0.07503463,-0.08620318,-0.09194697,-0.119396985,-0.13572796,-0.1783795
-0.5093513,-0.5214542,-0.5180772,-0.5064165,-0.5027892,-0.5045776,-0.50153595,-0.48367843,-0.4684443,-0.44628894,-0.4127822,-0.39541054
0.13491347,0.10011837,0.08918451,0.068285674,0.0543717,0.04464139,0.05647549,0.0638856,0.06545766,0.079091005,0.11445789,0.1408307
-0.070443094,-0.046293393,-0.03291309,-0.006694168,0.00065501034,-0.0038467646,-0.0029667765,-0.012015238,-0.03703873,-0.062525325,-0.12117238,-0.14356934
0.34015214,0.24330547,0.17449355,0.12372735,0.07991353,0.05692783,0.06836507,0.092434615,0.1250081,0.17693113,0.27171677,0.34418517
-0.7604753,-0.7353365,-0.70994806,-0.68165183,-0.6430942,-0.62440115,-0.6339886,-0.61004484,-0.5932248,-0.58047307,-0.5896598,-0.58962417
0.0712765,0.068203755,0.060523905,0.06477616,0.065192014,0.06334836,0.061510645,0.06344557,0.060218252,0.06264984,0.044774726,0.054089792
-0.20806967,-0.22701521,-0.23076162,-0.22727415,-0.22588728,-0.22641426,-0.22532578,-0.21146289,-0.20602012,-0.18811093,-0.16931272,-0.14902127
0.12229107,0.046128795,-0.003052041,-0.031085178,-0.05491075,-0.08802557,-0.075744554,-0.053937092,-0.035739854,0.011492848,0.087167874,0.14859258
0.048064835,0.071458556,0.08342424,0.09207173,0.09755291,0.10403916,0.10698075,0.09566568,0.08170615,0.06103135,0.02967481,0.006275568
-0.42055246,-0.43689367,-0.43176585,-0.4363416,-0.42336884,-0.43414122,-0.425906,-0.4030652,-0.39435935,-0.3484802,-0.297529,-0.27719098
-0.46964753,-0.47132432,-0.47995335,-0.4709099,-0.4793453,-0.45758814,-0.4530204,-0.44725412,-0.44875178,-0.4381601,-0.4259749,-0.4352802
0.53681016,0.6984552,0.7612286,0.8354423,0.80899745,0.86435765,0.86673933,0.7348338,0.63795745,0.47637397,0.27576086,0.11726893
0.23377036,0.19224414,0.17125699,0.15168154,0.14226557,0.13693401,0.1387491,0.14990869,0.14966628,0.15948798,0.18061411,0.21155769
0.37792984,0.48838374,0.5577648,0.5557612,0.5721481,0.62942135,0.5912007,0.55043757,0.5125359,0.41926575,0.34205455,0.2161709
-0.3380078,-0.330242,-0.3296265,-0.32013026,-0.32477653,-0.32000637,-0.31692466,-0.318273,-0.29949632,-0.28516367,-0.2484543,-0.25574866
0.20703346,0.20481588,0.22135873,0.21911079,0.21491516,0.20826688,0.21010414,0.20251416,0.18404092,0.16475904,0.14316483,0.15102237
-0.116027884,-0.17718789,-0.21368149,-0.225101,-0.23220265,-0.2608869,-0.24795222,-0.21523947,-0.18589482,-0.1316521,-0.070509605,-0.011651352
0.22214301,0.1743438,0.13266364,0.108044945,0.08370701,0.062082753,0.07395373,0.08480374,0.090079665,0.1317795,0.16647896,0.2037612
0.5034,0.5599551,0.6012459,0.5912602,0.60486066,0.61982167,0.60786176,0.57883954,0.53624284,0.48601085,0.40730458,0.347002
-0.04866166,-0.026740275,-0.014694605,-0.0006096177,0.0037061237,0.0059467927,0.0074101314,-0.0027839392,-0.011665545,-0.023997039,-0.048112407,-0.06465896
-0.19275157,-0.2158795,-0.22369055,-0.21170668,-0.20473944,-0.2132112,-0.2163566,-0.201911,-0.19779451,-0.18542299,-0.1782602,-0.1479348
0.38265318,0.3931708,0.39957753,0.39050382,0.37522882,0.36750978,0.37085912,0.34677514,0.33499408,0.3118512,0.29994038,0.28984243
0.18578802,0.16879643,0.15310585,0.13512473,0.122449145,0.11552185,0.12765221,0.124586195,0.13396432,0.14695427,0.17463654,0.18684706
0.19022076,0.16887213,0.15329207,0.13684648,0.1280963,0.12577978,0.13100594,0.13723573,0.1254922,0.1403549,0.14581485,0.16087265
0.27770993,0.30856964,0.3212056,0.33864415,0.34198475,0.34310973,0.3288973,0.31345984,0.29672396,0.2702235,0.2095175,0.18645729
0.018037343,0.032434627,0.036118656,0.02997568,0.02613458,0.02479962,0.024030162,0.016815972,0.031026984,0.04106859,0.0488418,0.032711476
0.49168295,0.414876,0.34359476,0.28974938,0.25279886,0.2303274,0.22128913,0.24336056,0.28307527,0.31968898,0.41592795,0.4640413
-0.4840541,-0.4755992,-0.455529,-0.4419492,-0.43397728,-0.41972724,-0.42341793,-0.424912,-0.4223678,-0.44739282,-0.3888595,-0.39383906
0.034499325,0.022779435,0.022324484,0.017542683,0.005941473,0.0071007907,0.013584182,0.0083866045,-0.0024081431,-0.008458808,-0.001889063,0.00468605
-0.03614495,-0.045161173,-0.053378053,-0.051975332,-0.046572573,-0.048043765,-0.043079987,-0.026467018,-0.042489637,-0.021101419,-0.056322478,-0.061321553
0.08510144,0.09746093,0.10446977,0.09258787,0.102419935,0.118953556,0.11032699,0.116046034,0.11287032,0.111177206,0.08444964,0.07422962
-0.024940073,-0.08108951,-0.1083052,-0.1314978,-0.14811005,-0.13947655,-0.16599984,-0.14344174,-0.15422207,-0.14189203,-0.08989097,-0.04550143
-0.15304287,-0.1730674,-0.18760088,-0.18663037,-0.19326329,-0.1933356,-0.18644094,-0.17974988,-0.17644392,-0.16550517,-0.14792085,-0.12878363
-0.23147663,-0.20373656,-0.1965709,-0.17799911,-0.16887268,-0.15798748,-0.15814012,-0.16231355,-0.15429327,-0.15891726,-0.18096294,-0.20028852
0.07509638,0.0060983896,-0.03678304,-0.0682299,-0.08354217,-0.098630935,-0.094197676,-0.06572579,-0.04007478,0.011825912,0.081491314,0.13970974
-0.44637066,-0.44775504,-0.44758198,-0.43426117,-0.42381167,-0.4207836,-0.41944596,-0.40291095,-0.38496435,-0.35926318,-0.34287706,-0.33709288
0.17783695,0.18355772,0.18176329,0.17486487,0.18069038,0.18169156,0.17227788,0.1734765,0.16441958,0.16966878,0.15663092,0.14772186
0.078261785,0.014209315,-0.007258922,-0.049053326,-0.07179032,-0.10255825,-0.068017006,-0.058414683,-0.03557782,-0.0070963725,0.09390597,0.14472327
-0.7621024,-0.7823001,-0.80515933,-0.7767212,-0.7832391,-0.7805759,-0.7434335,-0.73812646,-0.7372143,-0.71573436,-0.6793675,-0.6581599
0.5834691,0.57560694,0.54520166,0.53643966,0.5047918,0.50220186,0.5000727,0.4711783,0.45677966,0.45476174,0.42927143,0.42687365
0.06429925,0.023482092,-0.010804102,-0.03497278,-0.052700676,-0.04946337,-0.039001644,-0.030735753,-0.011616066,0.008388799,0.05343707,0.08633391
-0.3122762,-0.27196825,-0.24934798,-0.22607595,-0.20891777,-0.1900602,-0.20172355,-0.20417199,-0.19388932,-0.21050858,-0.2359415,-0.26191714
0.098565064,0.09585504,0.092545114,0.084759265,0.08714645,0.08952075,0.09434614,0.09208736,0.086542666,0.0782505,0.08519167,0.08461693
0.012155758,-0.015772277,-0.032162588,-0.045861237,-0.050144333,-0.05859208,-0.05480253,-0.041206785,-0.03249304,-0.015339389,0.014618602,0.03206987
-0.05334363,-0.05413937,-0.06382478,-0.07794814,-0.078145765,-0.057343524,-0.06690901,-0.059781753,-0.056316443,-0.06705226,-0.06046532,-0.071207866
-0.49079892,-0.4839498,-0.47972342,-0.46600828,-0.45604405,-0.43792486,-0.44345528,-0.42790815,-0.4176245,-0.4026551,-0.40309656,-0.4082945
0.28341463,0.28415942,0.2895223,0.2834845,0.27490184,0.2736174,0.27094084,0.25682327,0.23241468,0.22247344,0.18550426,0.18249528
-0.1880305,-0.15130927,-0.13752967,-0.11904367,-0.11035298,-0.09974896,-0.10215048,-0.111281306,-0.10608852,-0.11565549,-0.14497854,-0.17540936
0.26370472,0.30523378,0.30008763,0.29976496,0.28578082,0.30868658,0.28835386,0.26324832,0.21835431,0.20257843,0.18592255,0.08113499
0.018154282,0.010324883,0.016981654,0.009469428,0.013004919,0.023346549,0.016158227,0.023423929,0.019052323,0.014276448,0.015730258,0.023473859
-0.48521602,-0.46561706,-0.45238042,-0.42827994,-0.40143454,-0.3961501,-0.40637758,-0.3881681,-0.3629785,-0.3434388,-0.3416398,-0.33809868
0.11539637,0.12197976,0.13047999,0.12245585,0.11869211,0.12238773,0.12461357,0.117924154,0.11356382,0.10812336,0.105015665,0.091260344
-0.2543198,-0.2893959,-0.299325,-0.3067262,-0.31461477,-0.3373708,-0.32368937,-0.30902648,-0.30308965,-0.27066454,-0.21053514,-0.19027568
0.38839978,0.360295,0.32907164,0.30378076,0.2771748,0.25226143,0.26945436,0.26508325,0.26531243,0.29274035,0.3374532,0.33826572
-0.005653995,-0.034891028,-0.055996276,-0.07261559,-0.07915354,-0.08734876,-0.09156989,-0.07232848,-0.044746123,-0.01755297,0.027289618,0.055107933
0.39106685,0.36587074,0.35700014,0.32963282,0.31087402,0.30882943,0.31064528,0.30324864,0.28144056,0.2692566,0.29186645,0.29609248
-0.058581546,-0.12062104,-0.1902115,-0.19822507,-0.2544825,-0.25757748,-0.21253963,-0.22000654,-0.22144118,-0.15875927,-0.15243918,-0.09567958
0.018460277,0.046112604,0.060785286,0.08386977,0.078893885,0.061035432,0.08244546,0.0526082,0.047512505,0.015348751,0.00703703,-0.019146284
0.20586477,0.18137065,0.18438876,0.16243574,0.15895306,0.14675173,0.14958777,0.15726036,0.15537402,0.16278628,0.17458285,0.19961219
-0.31029937,-0.2735118,-0.2469596,-0.2166352,-0.1927227,-0.18052992,-0.19650519,-0.19594589,-0.20226237,-0.21989645,-0.25133857,-0.27478287
-0.77237463,-0.7094401,-0.6536437,-0.5964112,-0.55308956,-0.52629876,-0.5582289,-0.55289584,-0.531258,-0.5566885,-0.58566934,-0.6110496
-0.42714193,-0.45218825,-0.4669432,-0.4596638,-0.45951492,-0.45610332,-0.45602745,-0.43593314,-0.41728503,-0.38299757,-0.34318694,-0.31016448
-0.37226766,-0.38824987,-0.3931236,-0.3889497,-0.37864295,-0.38073182,-0.38275087,-0.35958585,-0.3352207,-0.3068239,-0.27060083,-0.24878235
-0.13402052,-0.110151015,-0.0866964,-0.077757455,-0.061043434,-0.045888968,-0.044624425,-0.04964327,-0.06210425,-0.08189558,-0.111887954,-0.12593794
0.054566383,0.025600962,0.015832147,0.0022636503,-0.010331899,-0.01359636,-0.007595038,-0.0011755768,0.019110758,0.023833277,0.05439741,0.087637655
-0.27889827,-0.17807272,-0.12521303,-0.047944352,-0.012695566,-0.004526809,-0.012930378,-0.0536696,-0.09717697,-0.1635625,-0.27027434,-0.34507495
0.18529683,0.2559539,0.31733227,0.3399384,0.3556679,0.3609641,0.36326534,0.3174076,0.27403343,0.18733463,0.12296571,0.068693504
0.032325175,0.05301174,0.06343368,0.075476944,0.077777535,0.07660072,0.07618392,0.063892186,0.05304245,0.031812485,0.010123426,-0.007569003
0.07214922,0.028949603,-0.00058156997,-0.02581644,-0.040213436,-0.056308255,-0.048778653,-0.031288587,0.00031009316,0.029878262,0.092216745,0.12117076
0.121233776,0.112807214,0.10728698,0.09900663,0.08342234,0.08982618,0.08921091,0.08464087,0.08499433,0.09482722,0.10157426,0.10382269
0.076729916,0.06366394,0.049752228,0.035221986,0.027732193,0.025922589,0.02993273,0.032828778,0.03868362,0.053066503,0.07585393,0.07730101
-0.37221614,-0.3558952,-0.34831306,-0.32874638,-0.32886136,-0.3279101,-0.3145478,-0.3179192,-0.30538687,-0.2966973,-0.2982518,-0.31359676
0.21607551,0.21000971,0.20249945,0.19424962,0.18610314,0.1831245,0.17944658,0.17497313,0.17000175,0.17156269,0.1784127,0.17544836
-0.045303747,-0.07016258,-0.086942464,-0.09345263,-0.096564434,-0.10152913,-0.10005904,-0.0897221,-0.080208264,-0.06890716,-0.03709364,-0.02003762
0.55218923,0.51192904,0.48889664,0.43990034,0.42526457,0.42689994,0.4210577,0.4331703,0.4410671,0.45046175,0.47563598,0.5049906
-0.29760814,-0.35759678,-0.396598,-0.41009527,-0.4232273,-0.431096,-0.42394146,-0.3927512,-0.35631138,-0.2999036,-0.21617594,-0.16949208
0.12587863,0.13581762,0.13184834,0.13571608,0.13335142,0.136575,0.13047576,0.12204689,0.11862707,0.10342929,0.09042545,0.078217074
-0.4211656,-0.4536596,-0.44479942,-0.4651291,-0.4692483,-0.47402602,-0.46046817,-0.44128805,-0.40656155,-0.36677542,-0.2740337,-0.22800219
0.16779125,0.22278558,0.23728353,0.24215941,0.25838557,0.26578096,0.25804442,0.24011147,0.23796979,0.19396427,0.17000662,0.10369155
0.5704066,0.5409836,0.51566255,0.4873174,0.47093028,0.46532065,0.45579657,0.45750773,0.45441133,0.4508482,0.45406175,0.47029325
0.520943,0.50648004,0.5025197,0.47039083,0.452257,0.42900842,0.45262706,0.43723026,0.4373774,0.4240545,0.43143958,0.44030312
0.08658835,0.071965925,0.053161204,0.045980945,0.034161635,0.033542186,0.037843168,0.035404246,0.035180286,0.040292088,0.05510356,0.060903
0.07291421,0.060218647,0.044644006,0.041399688,0.03308589,0.02903825,0.0310241,0.033349283,0.036677826,0.044574495,0.052759845,0.06049769
0.030220801,0.06501113,0.078636974,0.10185334,0.11415869,0.12574498,0.11337936,0.10757599,0.09632722,0.079897024,0.012787809,-0.014648251
-0.5828689,-0.61147064,-0.61643696,-0.60220414,-0.596753,-0.5985036,-0.5819412,-0.5530997,-0.54867125,-0.50608325,-0.49580836,-0.4630638
0.35542953,0.27302846,0.24190491,0.18575174,0.13692501,0.13005376,0.14513332,0.14856422,0.1533294,0.18290102,0.27153614,0.34013224
0.15225974,0.110852055,0.07743937,0.06343651,0.046913087,0.034421653,0.036721706,0.0480237,0.062447198,0.09039839,0.12830675,0.15750349
-0.124861956,-0.11591227,-0.11519562,-0.103530005,-0.103688285,-0.098705724,-0.09352572,-0.09826841,-0.10350504,-0.10735924,-0.11913118,-0.12927933
0.05931235,0.058345035,0.07634385,0.073794976,0.070580274,0.044681847,0.046392336,0.05056399,0.03938672,0.03017962,0.03284176,0.03903139
0.4111254,0.41482592,0.41703624,0.39660624,0.39005235,0.39600468,0.38715768,0.3761407,0.35858637,0.33947673,0.3273052,0.30561388
0.18407112,0.21356595,0.23511915,0.23260728,0.23571075,0.24095324,0.24154335,0.22810471,0.21507803,0.18524611,0.14849433,0.12012038
-0.2718295,-0.2993158,-0.3077493,-0.31254193,-0.32335457,-0.3253455,-0.31005988,-0.29929924,-0.2773709,-0.25638556,-0.21383472,-0.18269438
-0.048141934,-0.09584274,-0.12523444,-0.14399348,-0.1567454,-0.16111712,-0.15003239,-0.13249747,-0.115919486,-0.07969479,-0.035131358,0.0067991167
-0.08030924,-0.111128956,-0.13590968,-0.1408647,-0.15186663,-0.16086763,-0.14961407,-0.14110537,-0.13219029,-0.10880987,-0.07592797,-0.052996773
-0.15261355,-0.19523117,-0.22847606,-0.23992088,-0.2553519,-0.27345374,-0.24153881,-0.23173252,-0.21047859,-0.15701286,-0.12066799,-0.08173678
0.27978575,0.26381114,0.2554335,0.24055906,0.2313032,0.23612426,0.22954512,0.22818622,0.22282411,0.21267858,0.21589188,0.22710769
0.13007182,0.11174269,0.09160475,0.08743833,0.07637852,0.057109445,0.0661754,0.065104984,0.07395199,0.079831265,0.10251251,0.108107686
0.1389436,0.16304241,0.19776483,0.1972057,0.21457133,0.21901256,0.21602969,0.20788021,0.18273306,0.15164542,0.11336678,0.095069095
-0.39742443,-0.37251088,-0.36630422,-0.34796774,-0.35546738,-0.3422211,-0.31983286,-0.3382892,-0.32614705,-0.33419675,-0.31674463,-0.3170613
0.0056304038,-0.020979214,-0.039456114,-0.05614295,-0.06372981,-0.07063188,-0.06121634,-0.05102261,-0.03367225,-0.006998092,0.027050601,0.045855585
-0.06727758,-0.19030845,-0.27526414,-0.31997642,-0.38311723,-0.40390766,-0.37321326,-0.3559821,-0.33973938,-0.26991057,-0.12532431,-0.027598038
0.6152698,0.55276334,0.50947106,0.47262713,0.45848334,0.42992988,0.4348289,0.4473151,0.4580832,0.49883422,0.53239256,0.58922166
0.03708703,0.02301852,0.009069949,0.0011243224,-0.0071575344,-0.012858741,-0.010008909,-0.0094328225,-0.0041358843,0.0049942024,0.026310833,0.039693847
0.12554853,0.13646984,0.14831558,0.14547087,0.14670077,0.14569904,0.14149,0.13535221,0.13136041,0.11786364,0.11221155,0.10040346
0.0010249987,-0.013604999,-0.02030696,-0.026645184,-0.03510207,-0.04096456,-0.030014783,-0.030090824,-0.0203247,-0.016016752,0.017270172,0.028548611
0.12923636,0.14705408,0.16471773,0.16596848,0.17525434,0.17335384,0.1670774,0.1586059,0.14471155,0.1160979,0.09667423,0.08276635
-0.3417005,-0.33510315,-0.3167226,-0.29640695,-0.33130288,-0.35261285,-0.28387213,-0.32455567,-0.35268474,-0.36613083,-0.33274925,-0.3455615
-0.6812633,-0.7158616,-0.7464831,-0.73766935,-0.74056727,-0.7320495,-0.720508,-0.69318706,-0.6630194,-0.6204152,-0.5667665,-0.5373337
-0.33215433,-0.34483424,-0.3465354,-0.3398618,-0.32146543,-0.32024148,-0.32900053,-0.30325893,-0.29200864,-0.27086294,-0.2531256,-0.2351139
-0.73071563,-0.70022327,-0.7237342,-0.68023646,-0.71294653,-0.67411,-0.63515145,-0.6732099,-0.6888181,-0.71848315,-0.69660294,-0.7654175
0.14474005,0.16477539,0.19296394,0.2004917,0.20295072,0.2187233,0.20300423,0.19682434,0.1764457,0.15047088,0.099539705,0.08240292
0.4691299,0.41115063,0.35964018,0.3298782,0.29727447,0.2616176,0.2752517,0.28069425,0.30119473,0.33233044,0.38192904,0.42943525
0.09832938,0.12301326,0.14283851,0.14970754,0.1631093,0.16665459,0.14842473,0.14535528,0.14607993,0.1278346,0.095821336,0.082436875
-0.61151993,-0.61208045,-0.62876,-0.6290811,-0.635147,-0.61440957,-0.6132893,-0.5989397,-0.5427172,-0.5025009,-0.41844955,-0.42398605
0.096612215,0.08407907,0.07667233,0.067501456,0.058048174,0.049609914,0.053533353,0.049720243,0.044318356,0.04876775,0.07025039,0.07588055
0.057342272,0.07166825,0.080440305,0.07662826,0.07913232,0.082692884,0.07556598,0.07182948,0.073633574,0.06678069,0.065703884,0.049289037
0.08921416,0.092418626,0.10161653,0.099966906,0.1000298,0.09420982,0.10562724,0.09953823,0.08034656,0.075751744,0.0533934,0.04714335
0.32203633,0.33350804,0.33456713,0.33315206,0.32719773,0.32322437,0.31885844,0.3050958,0.29114357,0.27040234,0.24167229,0.23152426
-0.11569744,-0.122344896,-0.12228881,-0.1278733,-0.1364176,-0.13350287,-0.11822868,-0.12412597,-0.12787569,-0.13010697,-0.110192634,-0.103335865
0.096330404,0.05379288,0.031081215,0.012663119,0.00033708662,-0.0077535957,-0.0024154782,0.012278959,0.026848763,0.049099814,0.08225699,0.12151806
0.005255118,-0.0136592835,-0.025986224,-0.029164478,-0.033564113,-0.03921993,-0.040868983,-0.03297712,-0.025381677,-0.013092998,0.0021761693,0.018138036
-0.68202096,-0.6951574,-0.6983424,-0.6750533,-0.6510398,-0.6474907,-0.664824,-0.6264142,-0.5770535,-0.53256184,-0.49071068,-0.4607285
0.12883225,0.08673186,0.06078157,0.04236847,0.017782807,0.010197461,0.019166514,0.021230161,0.018594548,0.040394053,0.07497239,0.10766749
-0.09125787,-0.16561186,-0.2127747,-0.2568844,-0.3051942,-0.30586535,-0.27549687,-0.2727574,-0.2618227,-0.22532512,-0.08919278,-0.049813043
-0.07127169,-0.0447876,-0.045707405,-0.054094627,-0.065185726,-0.030866861,-0.026509196,-0.042595133,-0.07539933,-0.09083634,-0.12682292,-0.16513576
0.36776665,0.3392185,0.3238344,0.3089761,0.30191222,0.29442847,0.29074416,0.29384658,0.28325152,0.28048038,0.284426,0.30236217
-1.5762867,-1.5085403,-1.4710844,-1.4066557,-1.3626558,-1.308207,-1.3052996,-1.2902822,-1.260144,-1.2636847,-1.2582783,-1.2969799
0.28114784,0.259206,0.23162697,0.2150487,0.20509955,0.19489503,0.18982598,0.19459985,0.20785338,0.2191567,0.24123617,0.25633276
-0.25056732,-0.2362496,-0.22000347,-0.2137779,-0.19383794,-0.17825562,-0.19292054,-0.17599337,-0.16545907,-0.16126308,-0.16658486,-0.1827228
-0.061818402,-0.056112036,-0.051304206,-0.04907135,-0.018660443,-0.0081478655,-0.033106454,-0.011185024,-0.0072735827,0.0036835708,-0.029540427,-0.016340608
0.57606626,0.63314545,0.66184235,0.65337,0.6405625,0.6641282,0.6757344,0.6217255,0.5697988,0.4824952,0.41521183,0.33424172
0.28960264,0.28909448,0.26998073,0.26192543,0.24188967,0.23572993,0.24527828,0.22713524,0.22278917,0.22392447,0.21741673,0.215059
-0.045703463,-0.025135934,-0.00972281,-0.0024782047,-0.008621998,0.00092722476,0.010301463,-0.014069501,-0.024934813,-0.053164795,-0.042822924,-0.06672993
-0.2126164,-0.2219703,-0.24001718,-0.23508476,-0.23964444,-0.23405325,-0.2222656,-0.2147173,-0.20794478,-0.18296209,-0.1751466,-0.17043334
-0.25016028,-0.2682139,-0.2704564,-0.27401727,-0.267687,-0.2653445,-0.2665435,-0.2475631,-0.24153021,-0.22453968,-0.20073774,-0.18485698
0.6118645,0.5571393,0.52880526,0.48221877,0.4455524,0.42395338,0.43144497,0.4373185,0.46914518,0.5097983,0.5463001,0.6065286
-0.07932379,-0.09003006,-0.09566341,-0.09715488,-0.09655887,-0.09691481,-0.09658119,-0.0881473,-0.07884645,-0.06570797,-0.05448594,-0.04241216
-0.12265258,-0.2025088,-0.27306002,-0.29716906,-0.3251302,-0.33773783,-0.31448358,-0.29172793,-0.2618142,-0.20370764,-0.11176691,-0.041418996
-0.2399229,-0.24357815,-0.24221018,-0.22991827,-0.22090691,-0.22672234,-0.2270614,-0.21489792,-0.20743182,-0.20008737,-0.19509323,-0.18803562
0.28072605,0.25747508,0.25237495,0.23913147,0.2257684,0.21545987,0.21491179,0.21468034,0.21785113,0.21976945,0.2285367,0.25486293
0.02412346,0.32897693,0.53471315,0.6555536,0.73468363,0.8199501,0.751042,0.6262273,0.48353532,0.22101219,-0.08474167,-0.35519707
0.8151771,0.77177906,0.6965567,0.64662796,0.59597516,0.5939736,0.5660793,0.5588497,0.5752752,0.62082666,0.6809256,0.6718152
-0.86236894,-0.881742,-0.8873608,-0.84387213,-0.8212361,-0.86002576,-0.83818,-0.80351406,-0.76035196,-0.6951997,-0.6530587,-0.60496044
-0.48727307,-0.5315713,-0.56041235,-0.5637144,-0.5734265,-0.5709628,-0.55949134,-0.53099483,-0.5063172,-0.4523049,-0.39076468,-0.35556263
0.49279532,0.49943855,0.50968784,0.48131168,0.47739786,0.48232782,0.48090184,0.47007126,0.45331937,0.43927228,0.41211012,0.4038787
-0.23968354,-0.25715265,-0.27557075,-0.28012314,-0.28616428,-0.28691828,-0.28152862,-0.26850888,-0.252603,-0.22165036,-0.18367636,-0.18770751
-0.3445362,-0.26893216,-0.236121,-0.20105079,-0.15561333,-0.12174514,-0.1543873,-0.15048933,-0.16165069,-0.19633396,-0.2747351,-0.33489192
0.4163965,0.40138808,0.39185128,0.37677056,0.35791564,0.34635895,0.35970658,0.34059817,0.3300463,0.3128234,0.32432187,0.33310127
-0.47831547,-0.54203165,-0.5746416,-0.5840566,-0.5836346,-0.598547,-0.59053427,-0.5425908,-0.5071141,-0.4217531,-0.35021114,-0.29429838
-0.11909529,-0.13005494,-0.16030112,-0.17774945,-0.20804524,-0.20449576,-0.20709834,-0.20916685,-0.1717827,-0.14121494,-0.059990704,-0.075501375
-0.15291019,-0.16016395,-0.15079634,-0.16152911,-0.17528246,-0.17765944,-0.16883859,-0.1737825,-0.1562372,-0.1573404,-0.117349975,-0.10557517
-0.15203834,-0.20725748,-0.2161752,-0.22359549,-0.24590717,-0.29008386,-0.25865543,-0.25074774,-0.23084493,-0.19080985,-0.085445136,-0.03435436
-0.17575511,-0.19423635,-0.22366555,-0.22199634,-0.24054399,-0.23277795,-0.22192594,-0.21971078,-0.2115964,-0.20082395,-0.18033126,-0.17653704
-0.23708358,-0.24222393,-0.25041693,-0.24146639,-0.24022958,-0.2340084,-0.2347546,-0.22664931,-0.21335451,-0.20336835,-0.1902086,-0.17785093
-0.92261946,-0.8973811,-0.8793238,-0.837634,-0.8046729,-0.78526914,-0.7880997,-0.763501,-0.74076754,-0.7178097,-0.7156177,-0.72219
0.21856277,0.20216203,0.19790483,0.17604923,0.15932164,0.15362725,0.16751462,0.15966508,0.15729442,0.16534555,0.17530176,0.19208917
0.10279609,0.06136386,0.028691329,0.009197481,0.0015871413,-0.016137399,-0.010989845,0.008588314,0.027496234,0.06190818,0.09896834,0.13372904
-0.003707638,0.03262207,0.07069337,0.06474359,0.063479945,0.05207447,0.08569688,0.053730037,0.048419476,0.016918669,0.038270175,0.009327067
0.19834302,0.17413509,0.1611455,0.13691293,0.12981907,0.11790984,0.114943005,0.12610985,0.13481864,0.1441988,0.17232394,0.19335634
-0.025343943,-0.013785332,0.0074150804,-0.000100221485,0.010188576,0.010193411,0.01166581,0.010074347,-0.009915605,-0.015005485,-0.0209606,-0.045826364
0.5831057,0.52765274,0.47053736,0.41152966,0.4023447,0.38145074,0.3599802,0.39011747,0.43712783,0.51112115,0.57782173,0.6278543
0.098440364,0.027645454,-0.022852927,-0.051725164,-0.06578374,-0.08427377,-0.081876844,-0.05253589,-0.023899332,0.027054884,0.10091348,0.15954898
0.095033586,0.09716747,0.09608142,0.10289925,0.09656444,0.095109895,0.101976246,0.09095466,0.08934796,0.074798465,0.06258489,0.061547175
0.3273397,0.35130513,0.37105748,0.35858402,0.35752523,0.37397426,0.35848117,0.3462368,0.32923883,0.30726624,0.27670896,0.24492522
0.030037465,-0.0013125027,-0.04259859,-0.06736664,-0.08816267,-0.09695543,-0.09373153,-0.08027865,-0.041442268,0.0051917564,0.055652846,0.07656693
0.5295987,0.56279296,0.579651,0.5482973,0.543823,0.525728,0.5026988,0.48345712,0.50252724,0.4620493,0.4930973,0.44899863
0.03744735,-0.00223466,-0.02720698,-0.040684946,-0.05620741,-0.076610014,-0.061593637,-0.05123411,-0.031676322,0.0033401772,0.04781595,0.083450265
-0.21123424,-0.2271378,-0.23092087,-0.21719429,-0.218504,-0.23667005,-0.22366187,-0.21982428,-0.21995369,-0.2042441,-0.18734044,-0.15774027
0.010063782,-0.033143926,-0.058277488,-0.07084601,-0.078455485,-0.09504776,-0.09428269,-0.07264406,-0.053035498,-0.01202945,0.025085352,0.06776221
-0.15904665,-0.21657935,-0.26418597,-0.28242463,-0.2849378,-0.29978716,-0.30022308,-0.258749,-0.21071175,-0.14508241,-0.07844619,-0.025977217
0.3663644,0.39750254,0.41815823,0.41793475,0.42301598,0.4296037,0.41163203,0.3939007,0.38944116,0.34764224,0.30532712,0.2812088
-0.14510691,-0.15217604,-0.15782961,-0.1670084,-0.16472687,-0.16596605,-0.154014,-0.14269206,-0.11135815,-0.08096011,-0.062449872,-0.037292916
-0.08814615,-0.1246195,-0.15386583,-0.16696937,-0.19262269,-0.20032883,-0.17213076,-0.17369734,-0.16109194,-0.1458592,-0.082653366,-0.061665975
-0.027632507,-0.03080316,-0.03791472,-0.042788193,-0.030521654,-0.035338223,-0.032414027,-0.022110257,-0.009567063,0.003951872,0.022638464,0.017011303
-0.061091736,-0.058263175,-0.064540885,-0.06434205,-0.056534007,-0.051622264,-0.060779,-0.053461872,-0.037502408,-0.035495766,-0.023785608,-0.030548919
-0.23022312,-0.30535907,-0.34138563,-0.3543524,-0.37120518,-0.39020842,-0.38021752,-0.34752965,-0.3197308,-0.25541657,-0.17559877,-0.1053977
-0.19474107,-0.23460308,-0.2736259,-0.2901864,-0.30942607,-0.306588,-0.2964243,-0.28374636,-0.25892693,-0.2328205,-0.17092516,-0.14777975
0.12524839,0.11506733,0.111525714,0.10123414,0.09814739,0.093408644,0.0925904,0.09589493,0.10306605,0.111167535,0.11572824,0.1264991
0.2019983,0.13879111,0.1025285,0.06560153,0.03233394,0.016988814,0.033158094,0.045015827,0.060024038,0.10092129,0.17549327,0.21341583
-0.44498506,-0.46329555,-0.4727636,-0.45852128,-0.45773032,-0.46050462,-0.45022327,-0.43629572,-0.42718232,-0.40990323,-0.38210317,-0.36250967
0.0016811229,-0.02829386,-0.06090463,-0.07237135,-0.083141066,-0.08716297,-0.08779577,-0.07387393,-0.04881204,-0.0274292,0.01614767,0.036200922
-0.22297725,-0.2036565,-0.1893487,-0.17828979,-0.15446824,-0.14288013,-0.15817557,-0.14516743,-0.13892606,-0.13925311,-0.15299629,-0.16061173
0.56677413,0.55804276,0.5496128,0.51636344,0.50703347,0.50350827,0.4943722,0.49024242,0.47936246,0.47634166,0.46499544,0.46246022
-0.70987755,-0.7216605,-0.7377146,-0.726841,-0.7124598,-0.69570804,-0.69657266,-0.66609854,-0.62553835,-0.5824655,-0.53548354,-0.5190916
0.12737802,0.28644022,0.3679834,0.4408461,0.48439336,0.51684415,0.48918492,0.42689827,0.36336043,0.23324849,0.04373312,-0.09681466
-0.07215634,-0.028043367,0.00079820305,0.029967584,0.048782587,0.055380628,0.04671929,0.033221886,0.022863992,-0.01338651,-0.06296273,-0.09942735
0.5179,0.4665028,0.41777986,0.39346454,0.36662433,0.34613383,0.34812772,0.3478281,0.35950536,0.37672618,0.4038506,0.44528636
0.19622746,0.19769439,0.20159577,0.19505756,0.19309875,0.18833852,0.19026178,0.18514268,0.17204359,0.16882525,0.1540619,0.15063383
-0.008279902,-0.018836675,-0.016315445,-0.020823024,-0.020969309,-0.023543414,-0.021413784,-0.016302906,-0.012770848,-0.011568943,-0.002315432,0.0068499064
0.20344888,0.15530625,0.14922573,0.105269685,0.09018415,0.0999962,0.092372,0.107423335,0.11197358,0.10807041,0.15509072,0.19259724
-0.76906675,-0.9026679,-0.9483378,-0.9758785,-0.9936522,-0.9726843,-0.971485,-0.9062441,-0.95457584,-0.90980947,-0.8298147,-0.7311159
0.027750317,0.039779343,0.047205616,0.057416253,0.06805782,0.06615323,0.054823652,0.053735074,0.044580594,0.030411344,0.011954246,0.0113988165
0.040780656,0.035567775,0.03512194,0.028049175,0.016464278,0.017733835,0.026497465,0.019443426,0.016980713,0.009434607,0.019511567,0.019483253
-0.13945268,-0.13545458,-0.12897992,-0.12470891,-0.122601494,-0.11622001,-0.115832165,-0.114491925,-0.11180847,-0.110859424,-0.11493518,-0.1127886
-0.041632347,-0.0581908,-0.0690822,-0.07833269,-0.089931026,-0.090594985,-0.08225322,-0.08214812,-0.08728434,-0.070962295,-0.04120252,-0.030060494
0.1952427,0.22719638,0.24128036,0.24523592,0.24904001,0.24545401,0.2449138,0.2272525,0.22551522,0.20654991,0.17802058,0.14876871
-0.027300026,-0.041260492,-0.048694633,-0.052959964,-0.05901048,-0.061997898,-0.059707757,-0.056641597,-0.058720566,-0.051021174,-0.035143815,-0.0275095
-0.41334656,-0.44057453,-0.45345616,-0.41525096,-0.42610198,-0.45146272,-0.42761987,-0.42376202,-0.42527783,-0.40271068,-0.390854,-0.36193934
-0.17367528,-0.18792683,-0.18791458,-0.18934844,-0.19663046,-0.19636676,-0.19280034,-0.18638913,-0.17906514,-0.17492616,-0.14427093,-0.14125326
-0.24154833,-0.28147984,-0.30655402,-0.3082027,-0.31325954,-0.3239218,-0.31880316,-0.29753023,-0.27916124,-0.23935144,-0.19045064,-0.15035984
-0.24489397,-0.2893086,-0.32231635,-0.32501802,-0.33526555,-0.33385688,-0.3173703,-0.29814172,-0.2995926,-0.26619187,-0.24183196,-0.20321941
-0.78852963,-0.83025295,-0.8566057,-0.84451234,-0.8368882,-0.8382367,-0.83554584,-0.7936725,-0.75703275,-0.7098357,-0.64451945,-0.6060934
-0.3462986,-0.39858198,-0.4204142,-0.43292964,-0.4445213,-0.45136392,-0.442896,-0.41645652,-0.3910311,-0.34644336,-0.27225792,-0.22230847
-0.26421818,-0.27059639,-0.27538446,-0.26764253,-0.2549324,-0.25275448,-0.25710315,-0.24108526,-0.22293083,-0.2079651,-0.19125603,-0.17972553
-0.5155021,-0.53120446,-0.53426135,-0.5292506,-0.5307125,-0.5276985,-0.50816023,-0.49573606,-0.47330922,-0.44567326,-0.40129253,-0.38214922
0.2740144,0.20974417,0.15467943,0.10354832,0.06232795,0.034873903,0.054834336,0.06313743,0.0874491,0.14930913,0.26318517,0.28918087
0.072595984,0.05326444,0.032553166,0.027539834,0.017158635,0.0068771765,0.017621681,0.020479605,0.026596144,0.04427491,0.06375866,0.0752842
-0.21626298,-0.18295984,-0.16298063,-0.14621523,-0.1352443,-0.11900523,-0.12718894,-0.12833908,-0.12388681,-0.13714717,-0.16626674,-0.19510117
-0.042500783,-0.060503058,-0.083395146,-0.090197384,-0.08982962,-0.086101,-0.09491388,-0.07474445,-0.05204493,-0.021909095,-0.006908996,0.01849565
0.046316314,0.066889994,0.07867668,0.07620601,0.08618649,0.08929087,0.08725025,0.08251882,0.08235884,0.06815566,0.058789857,0.032142494
-0.17292476,-0.23697087,-0.2710426,-0.29087794,-0.2975955,-0.30787218,-0.30263996,-0.26977497,-0.2572947,-0.21090367,-0.14687622,-0.09794069
-0.10756563,-0.11461264,-0.12716773,-0.13732332,-0.14751217,-0.12932298,-0.1345962,-0.13206263,-0.104633115,-0.1013479,-0.05730616,-0.05544865
0.09449327,0.05761528,-0.015077949,-0.04869625,-0.13519683,-0.107593685,-0.035576522,-0.08717069,-0.13007826,-0.13742262,-0.075573765,-0.12561564
-0.27926442,-0.31768095,-0.33568025,-0.33806658,-0.34523344,-0.35470513,-0.34302837,-0.323643,-0.30648476,-0.27185458,-0.22075011,-0.19126625
-0.178623,-0.19619866,-0.20358874,-0.2055407,-0.20352274,-0.20025137,-0.20263693,-0.18614438,-0.17498226,-0.14988607,-0.13960566,-0.11573385
-0.08347839,-0.1395442,-0.17833272,-0.18690203,-0.19422844,-0.21052472,-0.20712446,-0.1805655,-0.14802042,-0.10549869,-0.047975034,0.0067537334
-0.049040686,-0.1279262,-0.17476985,-0.20219941,-0.22838461,-0.23736708,-0.22729903,-0.1965565,-0.17324704,-0.10987652,-0.04993228,0.020172056
-0.33476225,-0.31936735,-0.29784423,-0.27615705,-0.2612253,-0.25287288,-0.2540043,-0.25246704,-0.2581188,-0.2635477,-0.27884024,-0.27808616
0.026910886,-0.015319735,0.08334501,0.048927605,-0.019208252,-0.13250592,0.064263135,-0.023103893,-0.06978947,-0.06678942,0.0057792645,0.12724629
-0.14712349,-0.19672766,-0.23927262,-0.23523194,-0.23131964,-0.2482115,-0.2516709,-0.2187923,-0.19484037,-0.14850394,-0.110700995,-0.060403567
-1.0778167,-1.0183734,-0.9838483,-0.9285269,-0.878962,-0.83930236,-0.85564977,-0.8347846,-0.8105893,-0.81343055,-0.8354477,-0.871083
-0.48982313,-0.44367337,-0.4004073,-0.37057734,-0.3497279,-0.33086997,-0.33331975,-0.34191966,-0.3394445,-0.36614525,-0.38460913,-0.4006313
0.04609639,0.09418526,0.11877099,0.14384094,0.16528228,0.16801171,0.15602121,0.14330134,0.12753625,0.10110188,0.040344883,0.007112641
-0.39159402,-0.36803302,-0.3628496,-0.32977596,-0.32603896,-0.31970415,-0.31125665,-0.32161835,-0.32823268,-0.3458555,-0.36008146,-0.37213507
0.052400127,0.0677153,0.061887383,0.07789192,0.0804673,0.08215532,0.077044755,0.0684413,0.061032943,0.04044652,0.019435344,-0.0014962647
-0.13803935,-0.11026092,-0.08837211,-0.06991535,-0.06233961,-0.06983826,-0.06517962,-0.07261051,-0.06927676,-0.07794053,-0.08369693,-0.10368425
0.00043036044,0.02739095,0.04122427,0.05002059,0.06341848,0.06447223,0.06960944,0.060920443,0.04583423,0.029920585,-0.004123521,-0.03376562
0.33839113,0.3721222,0.39021617,0.4065754,0.4133828,0.41715658,0.40487435,0.38204026,0.3538261,0.31288615,0.24502182,0.21837229
0.32244295,0.3509098,0.3698637,0.36856946,0.3633481,0.36768195,0.36624533,0.34280133,0.32054895,0.28728667,0.25836056,0.22664876
-0.28222865,-0.26418707,-0.24149045,-0.22981456,-0.21498731,-0.20378977,-0.207978,-0.20385572,-0.20237264,-0.21858078,-0.22084942,-0.2367776
-0.07353422,-0.04768633,-0.03830293,-0.023105718,-0.006383054,-0.00844888,-0.02009473,-0.01924403,-0.022450361,-0.021366943,-0.04250159,-0.0603125
0.018654346,0.021598348,0.02967338,0.026161464,0.0353627,0.02576145,0.02920878,0.02855767,0.02717987,0.018013958,0.023908544,0.023320934
-0.32519668,-0.33313686,-0.34412077,-0.34304905,-0.34108838,-0.34358308,-0.33529508,-0.3232788,-0.2953555,-0.27041808,-0.23032856,-0.22858702
0.051957596,0.14936855,0.21991587,0.2574497,0.27885073,0.30047694,0.2883239,0.24475224,0.1910841,0.11380739,-0.002293907,-0.08818132
0.15309794,0.11390114,0.07407411,0.06665488,0.056994088,0.03767422,0.0410873,0.058130875,0.08039722,0.11316699,0.1381599,0.1738045
0.16968508,0.13428071,0.106489204,0.08412391,0.07004608,0.069696546,0.07205403,0.084409036,0.10005404,0.12286267,0.14866503,0.17482542
0.045912087,0.020500232,0.0054792017,-0.0001712814,-0.0038742833,-0.013907831,-0.01495162,-0.003601484,-0.00027622283,0.014520284,0.03201111,0.055586338
-1.4164975,-1.3836297,-1.3679929,-1.302859,-1.2596598,-1.2312169,-1.2273245,-1.1989243,-1.1598648,-1.1477809,-1.125761,-1.135237
-0.22630067,-0.23243858,-0.23015234,-0.22934218,-0.22495535,-0.22208226,-0.21986614,-0.20673841,-0.19403751,-0.17531745,-0.16708976,-0.16622621
-0.38490283,-0.4248399,-0.43403563,-0.43716827,-0.43450302,-0.42908075,-0.43146306,-0.3983343,-0.3695652,-0.32841483,-0.28900623,-0.24762073
0.35992286,0.3067757,0.27166748,0.24518982,0.2281611,0.20396723,0.20625009,0.22042097,0.23517121,0.27128962,0.31317443,0.3606563
0.014466838,0.001603948,-0.012236737,-0.035499312,-0.036612257,-0.02556098,-0.022871261,-0.011119055,0.0027552592,0.023538629,0.040979158,0.046069928
0.07764447,0.031401366,0.0008417666,-0.020884663,-0.04491052,-0.04943353,-0.039686456,-0.030440181,-0.01520896,0.011220939,0.063503265,0.09879245
0.041174237,0.09064968,0.118052065,0.13340397,0.1446297,0.1570758,0.15557179,0.13219358,0.11396859,0.07251026,0.02904535,-0.017070644
0.14720382,0.13267566,0.10620956,0.09740139,0.088730544,0.08321564,0.076207794,0.0806963,0.103501126,0.11169464,0.12922713,0.13660434
-0.11560086,-0.11416134,-0.1091334,-0.112563275,-0.102417834,-0.095996864,-0.09496003,-0.086523674,-0.08225703,-0.07443225,-0.07289247,-0.06991659
-0.05398191,-0.07532619,-0.09605584,-0.11180809,-0.11911696,-0.1163959,-0.11485554,-0.104079284,-0.09214291,-0.07100894,-0.03197457,-0.02827482
0.32005185,0.31165814,0.2982515,0.28395164,0.2915061,0.27381343,0.26606306,0.27575308,0.27879578,0.28954053,0.2810837,0.29124242
0.06513131,0.0707531,0.076741606,0.0690442,0.07800248,0.0801854,0.07812478,0.078224346,0.082051694,0.07148437,0.07076556,0.06678589
-0.22001182,-0.14975253,-0.12703139,-0.06267892,-0.037051827,-0.03394723,-0.05975265,-0.07785063,-0.0828733,-0.097686626,-0.18679306,-0.2292468
-0.108086415,-0.12677427,-0.13789521,-0.13801461,-0.14002159,-0.14846939,-0.14782856,-0.1356755,-0.12068891,-0.10495436,-0.08755362,-0.069471896
-0.22380637,-0.21880952,-0.21209607,-0.2129139,-0.19412196,-0.18580443,-0.20407903,-0.18233067,-0.16369289,-0.15103208,-0.13866702,-0.13698302
0.07753417,0.099484876,0.110551134,0.10949781,0.120813884,0.13886379,0.12541625,0.12343151,0.12004554,0.095333345,0.076411754,0.052169304
0.20400983,0.21117923,0.20957339,0.20823765,0.21303645,0.20592779,0.19922715,0.19537511,0.19850118,0.19042628,0.1826224,0.16726722
-0.11529569,-0.14010854,-0.16876635,-0.16765662,-0.17627168,-0.18102369,-0.17271373,-0.16418456,-0.14839718,-0.12856627,-0.101266764,-0.08233186
-0.2802051,-0.2866448,-0.28384268,-0.28877282,-0.27555537,-0.2717937,-0.26943666,-0.25468326,-0.2581778,-0.23564744,-0.20922875,-0.20807171
0.5789367,0.52868253,0.47964126,0.42062718,0.38903812,0.37919647,0.39124566,0.40556332,0.43788967,0.4681576,0.51320547,0.5518151
0.030449025,0.108344145,0.14735484,0.17990053,0.20332675,0.22492978,0.19753271,0.17599937,0.16379815,0.11319073,0.029649466,-0.025236424
-0.054162517,-0.014738113,0.0075520724,0.023592792,0.03199575,0.048799764,0.039454587,0.025508907,0.016899638,-0.007945836,-0.04475113,-0.08164616
0.064434126,0.09700924,0.11772551,0.124912985,0.1383635,0.14452113,0.13713884,0.12805992,0.12119401,0.09800115,0.06664503,0.040234104
-0.09255865,-0.14229295,-0.1557351,-0.17594424,-0.18439665,-0.19736287,-0.1999056,-0.17487772,-0.15819407,-0.12303044,-0.06229371,-0.008033432
-0.052487977,-0.09213593,-0.112601906,-0.12287318,-0.13797015,-0.15343094,-0.14765024,-0.13612857,-0.13906673,-0.117719375,-0.081216566,-0.04856001
0.20462391,0.17559746,0.17434779,0.15777805,0.1528137,0.13603967,0.13057204,0.13866709,0.12518546,0.13079524,0.14479682,0.17091163
0.16380817,0.121463865,0.09717111,0.0735279,0.05614485,0.045952126,0.054679945,0.064072475,0.071820214,0.10405965,0.13640964,0.17800646
-0.04495482,-0.050632253,-0.038011253,-0.046207614,-0.033817746,-0.021322712,-0.03435055,-0.017875172,-0.017387588,-0.00953548,-0.014251944,0.0081426175
-0.13079986,-0.18554936,-0.2091365,-0.23208834,-0.24481443,-0.26107055,-0.24889901,-0.22373827,-0.1981366,-0.15000318,-0.0847688,-0.028412998
0.20518807,0.20088132,0.19848773,0.20547467,0.20426139,0.18967745,0.1813499,0.17508003,0.18421331,0.16620237,0.15581845,0.16221061
0.34972146,0.35571328,0.3543614,0.33203512,0.33786818,0.33287227,0.3433113,0.33638027,0.3461092,0.32566375,0.32407326,0.30381873
-0.1693471,-0.2129601,-0.23631541,-0.24426952,-0.24824904,-0.2578163,-0.24412587,-0.224688,-0.2220949,-0.18797438,-0.1557635,-0.11805933
-0.4422012,-0.41259748,-0.41075528,-0.39361382,-0.38992876,-0.36562696,-0.36806288,-0.3661309,-0.3467365,-0.33003947,-0.32719228,-0.36394945
0.30939996,0.28674912,0.28353068,0.25096983,0.24095984,0.24094355,0.24614,0.24706319,0.25341693,0.25248095,0.27920353,0.29340798
0.031556785,0.013417892,-0.0059566945,-0.020625085,-0.033849284,-0.026413936,-0.03275309,-0.026754148,-0.017666593,-0.0024614334,0.0355859,0.032031216
0.26078153,0.28419757,0.30335343,0.3044539,0.3071535,0.31048363,0.305903,0.2902927,0.2747485,0.24878281,0.20818265,0.19224292
0.3257721,0.31923264,0.33150473,0.30348247,0.29754978,0.30718356,0.30324268,0.29832858,0.279186,0.26813868,0.2356433,0.2471464
0.42827103,0.43602088,0.44828516,0.43689683,0.42437294,0.41830963,0.4228864,0.39809862,0.3776826,0.33978638,0.3290272,0.31276423
0.54907495,0.6226704,0.6734886,0.67721343,0.6817834,0.7121107,0.69381,0.6504451,0.60727924,0.5176096,0.41637853,0.35318062
0.6786257,0.90506935,1.0408604,1.1341016,1.1830124,1.2082672,1.1749718,1.0627394,0.9586666,0.7378298,0.46902052,0.2652192
-0.36796618,-0.40818885,-0.41749293,-0.42204967,-0.42307752,-0.41965654,-0.42205608,-0.39698243,-0.41393375,-0.3861196,-0.36510348,-0.3297472
-0.050674893,-0.07802954,-0.09977776,-0.11328817,-0.12526825,-0.13389605,-0.12119996,-0.112716325,-0.09392253,-0.06615458,-0.023541564,0.000100445
0.34789938,0.3812279,0.3835112,0.3896051,0.40633208,0.41338825,0.3776433,0.37289402,0.35973722,0.33078903,0.2871114,0.24980804
-0.1595498,-0.19655257,-0.21846607,-0.22964603,-0.23696402,-0.23348445,-0.22520399,-0.20468569,-0.1857523,-0.15366066,-0.115311585,-0.08166807
-0.12768856,-0.13349906,-0.1343818,-0.12796894,-0.12484591,-0.12583789,-0.11945081,-0.116992466,-0.11160566,-0.10543446,-0.102854654,-0.08797372
0.2059378,0.2277254,0.24067374,0.24772453,0.25551867,0.26032555,0.24812783,0.24089453,0.22851548,0.2139074,0.16185905,0.14789252
-0.13457435,-0.091811076,-0.07148073,-0.057088293,-0.046741977,-0.023761258,-0.029255092,-0.04277452,-0.053677917,-0.07880704,-0.11390898,-0.15042429
0.3139589,0.27410853,0.2646739,0.25597146,0.2551774,0.2345281,0.23421423,0.24238318,0.2309134,0.22462638,0.2322127,0.26229277
0.78836304,0.7335917,0.725804,0.6722803,0.6590725,0.60153365,0.62556314,0.625846,0.6321133,0.6483776,0.7082956,0.7130269
0.20221595,0.18683702,0.1783433,0.15905124,0.13828228,0.13430312,0.15248851,0.13660234,0.13064587,0.12173938,0.14650369,0.15914038
0.13746001,0.16083558,0.1759011,0.17479533,0.17277217,0.17602186,0.17929597,0.1650581,0.17840779,0.15164196,0.13785385,0.11316032
-0.6067877,-0.6043334,-0.60319746,-0.5890909,-0.57945836,-0.574462,-0.56682384,-0.5514203,-0.5275368,-0.50405836,-0.46942586,-0.4712553
0.24771994,0.2856074,0.3111987,0.3194239,0.32569838,0.33182517,0.32085788,0.30093223,0.27214572,0.24198969,0.18342014,0.14126019
0.20129196,0.1700552,0.15483475,0.14743206,0.13477221,0.10102916,0.10704999,0.11194899,0.13488886,0.15658973,0.19365658,0.22549206
0.2949046,0.3061895,0.310737,0.30628377,0.30432358,0.30674165,0.29723585,0.2862318,0.27125713,0.24876164,0.21745065,0.20388757
0.8373527,0.8849936,0.8965663,0.9112801,0.913574,0.90640897,0.892825,0.8533991,0.80653393,0.73341024,0.62775946,0.580514
0.15764017,0.12585337,0.12013411,0.109813236,0.09272455,0.06356862,0.07339065,0.07268097,0.091758065,0.1006383,0.15067314,0.18948756
0.11190865,0.110686935,0.088461,0.077081144,0.06806198,0.07686064,0.08125429,0.077377945,0.082033426,0.08592513,0.08204403,0.07534868
-0.06747069,-0.06257154,-0.049141925,-0.043760993,-0.03628051,-0.04185006,-0.030691369,-0.029289626,-0.045845676,-0.04485428,-0.063033886,-0.068086654
-0.12457768,-0.0922023,-0.076280005,-0.058200106,-0.046612076,-0.040610224,-0.04779154,-0.05338075,-0.046491295,-0.04910232,-0.07788707,-0.08731498
-0.4853373,-0.4739464,-0.4753332,-0.45094544,-0.43138242,-0.4275092,-0.43067598,-0.413029,-0.38629514,-0.36373454,-0.36186716,-0.36466768
0.21347293,0.20730935,0.20592003,0.19439007,0.19312176,0.18793163,0.18601276,0.18844253,0.18162176,0.18424122,0.17834215,0.1763145
0.15240541,0.3230311,0.43110833,0.5038921,0.55473197,0.57864237,0.5652357,0.4924024,0.415065,0.28342086,0.08127009,-0.05301347
0.13916817,0.09055357,0.04895258,0.024243444,0.0050645173,-0.00512062,0.004762545,0.016612753,0.03327988,0.064139985,0.12070412,0.15704879
-0.9620261,-0.87149215,-0.79886955,-0.72606325,-0.65998805,-0.63389605,-0.6510549,-0.6412711,-0.62876105,-0.639689,-0.7137901,-0.75595284
0.13430968,0.092947155,0.06657374,0.06128435,0.051893257,0.033789247,0.03535126,0.053499483,0.071313694,0.099369474,0.11770759,0.16611493
0.23455848,0.24362607,0.24910846,0.2427262,0.25439793,0.25725287,0.24575207,0.2457366,0.23556736,0.22782531,0.19356073,0.19538218
0.501552,0.5016751,0.5061118,0.47888523,0.49294713,0.4873288,0.4713601,0.47611752,0.46433058,0.4670875,0.4533882,0.4536335
0.27360848,0.31181377,0.3275846,0.34192708,0.35277963,0.345833,0.3419186,0.32157433,0.29795617,0.26430535,0.20854688,0.17893472
-0.11247915,-0.010699272,0.128284,0.15140203,0.19862983,0.26857877,0.24086213,0.22341293,0.15878034,0.0808638,-0.08233818,-0.12895581
-0.18011929,-0.18110992,-0.18967153,-0.17890747,-0.18087272,-0.1867398,-0.17505601,-0.17249131,-0.16105765,-0.14532563,-0.14371271,-0.14207774
0.3326157,0.32323113,0.31443542,0.29304287,0.29461712,0.28816503,0.28128195,0.28257084,0.2884209,0.28917852,0.3117678,0.31368184
-0.32127368,-0.2505043,-0.20711838,-0.16314301,-0.12270972,-0.09861773,-0.119146645,-0.12478936,-0.13916284,-0.17917778,-0.25563654,-0.3135302
0.15562303,0.104822665,0.07287167,0.048980474,0.032691196,0.02324292,0.020322263,0.03726478,0.05438572,0.08718286,0.13593587,0.18456765
-0.36952427,-0.379398,-0.3934903,-0.39297256,-0.39319795,-0.39105353,-0.37369347,-0.36423343,-0.35139906,-0.32185504,-0.2905414,-0.28757092
0.45490488,0.36285427,0.3064374,0.24923825,0.20756903,0.18731707,0.1984694,0.21683893,0.24771005,0.28179967,0.38627094,0.44950935
-0.7617875,-0.8087032,-0.8139469,-0.8165205,-0.8004842,-0.7759845,-0.7983027,-0.75085646,-0.7394279,-0.71201056,-0.6462501,-0.5875535
0.6199168,0.68952376,0.75175595,0.77159846,0.78443575,0.7500429,0.7574079,0.7057114,0.646812,0.5711795,0.472321,0.4346612
1.0683398,1.0919075,1.125531,1.0929734,1.0961096,1.0365207,1.0282519,0.98912036,0.9757165,0.8841445,0.876983,0.8506135
-0.46016097,-0.48189056,-0.49663717,-0.49059555,-0.47262615,-0.461106,-0.47729284,-0.4406563,-0.40931392,-0.37278652,-0.33641708,-0.30799982
0.05330799,0.026789792,0.00675343,-0.005867213,-0.008397527,-0.011794709,-0.017739147,-0.003674768,0.009139843,0.036447007,0.06261319,0.08552468
0.0894302,0.051201202,0.025420986,0.0095291585,-0.003486015,-0.02595812,-0.021180771,-0.008186348,0.0062429607,0.039902054,0.08764543,0.11334565
0.16069028,0.23981178,0.2894283,0.32468894,0.34975463,0.36143458,0.33950868,0.30597264,0.27239543,0.20178357,0.10385817,0.042774253
-0.5715188,-0.55525774,-0.5527837,-0.51753217,-0.5066367,-0.4939037,-0.4874444,-0.48417047,-0.49256566,-0.49959797,-0.5132014,-0.5292511
0.22105661,0.20992684,0.20519763,0.19434242,0.18578216,0.179889,0.17878588,0.17750187,0.17254007,0.17359252,0.17179514,0.1834761
-0.071386635,-0.034999833,-0.03067749,-0.022961773,-0.01755029,0.0013534129,-0.003902346,-0.014542162,-0.025093354,-0.0450764,-0.060760446,-0.10959692
-0.67309654,-0.72754914,-0.74559164,-0.72988576,-0.734197,-0.7627634,-0.72979057,-0.69579506,-0.70393443,-0.6393351,-0.58677036,-0.55388206
-0.015900724,-0.019680586,-0.024622953,-0.023387523,-0.029123535,-0.035436068,-0.0285733,-0.030819928,-0.017435776,-0.008361749,-0.002770307,0.0070834504
-0.60505164,-0.6178099,-0.6202992,-0.60012525,-0.5802796,-0.58724606,-0.59308606,-0.5588708,-0.5194822,-0.47179437,-0.4267754,-0.40334272
0.3755416,0.4037168,0.41976273,0.42159894,0.41790515,0.41669902,0.41997266,0.39316562,0.3696049,0.32357794,0.28119767,0.2493611
-0.15352057,-0.16377567,-0.16916914,-0.1703078,-0.16941947,-0.1699696,-0.17017001,-0.16072357,-0.1515943,-0.13676451,-0.11935564,-0.11129566
0.2256719,0.23541321,0.24885619,0.24754442,0.24763328,0.25288275,0.25164488,0.24170327,0.22966975,0.20981951,0.1817962,0.1793758
-0.5398809,-0.5175047,-0.5073079,-0.48905057,-0.4644411,-0.44688427,-0.4514302,-0.43935555,-0.42881504,-0.41789913,-0.41366422,-0.428559
0.505681,0.5096331,0.50425696,0.49638593,0.49191138,0.48012406,0.47124878,0.46250206,0.4432216,0.43617737,0.39825052,0.39565408
-0.034053847,-0.03181316,-0.039593752,-0.035418488,-0.028823886,-0.01858569,-0.027547363,-0.022032637,-0.008287258,-0.014513241,-0.012714836,-0.011767225
0.3093945,0.22251022,0.17731276,0.13812897,0.082282305,0.05836159,0.086964786,0.08150402,0.070706844,0.10429457,0.18786694,0.24764152
-0.28858298,-0.32890353,-0.35803366,-0.3654374,-0.38299692,-0.3773147,-0.35997742,-0.3449469,-0.33674896,-0.31110883,-0.25910056,-0.23230615
-0.19494267,-0.18887034,-0.17298488,-0.1656816,-0.17653695,-0.18206455,-0.15998805,-0.17725974,-0.17528114,-0.18574777,-0.16286603,-0.15965873
-0.22435118,-0.25921875,-0.2741353,-0.27192193,-0.2726416,-0.28094053,-0.28637847,-0.26310635,-0.24862441,-0.21498135,-0.1799378,-0.14370644
-0.018201133,-0.028460564,-0.028808556,-0.027089747,-0.03386408,-0.040093735,-0.028837074,-0.030779649,-0.04327646,-0.03919238,-0.048636507,-0.03628453
0.23560742,0.3430082,0.41347778,0.44588542,0.46477246,0.49745923,0.48914945,0.4331499,0.3704177,0.26904154,0.13605759,0.03927313
-0.11275399,-0.15185179,-0.16093233,-0.16516341,-0.13222969,-0.15001903,-0.16995722,-0.13055605,-0.11927234,-0.095896244,-0.057810042,-0.017850664
0.3316494,0.26689023,0.2946575,0.25245085,0.20838082,0.103447735,0.17408466,0.15793812,0.19315988,0.25014865,0.37949604,0.48680225
1.0622016,1.105145,1.1113683,1.0886588,1.0928652,1.0810411,1.0555866,1.0270773,0.97521204,0.89544964,0.8237654,0.74663585
-0.39208046,-0.38174638,-0.36340535,-0.345088,-0.32945144,-0.32598355,-0.33043873,-0.31874457,-0.31181636,-0.3048754,-0.3062464,-0.30616677
-0.066661194,-0.07871356,-0.08014606,-0.08340511,-0.088339165,-0.09057287,-0.08515559,-0.08384602,-0.08171601,-0.07800874,-0.055325758,-0.046579227
0.09962406,0.11358434,0.12882774,0.12141302,0.11645931,0.1169025,0.121772006,0.107170224,0.09961784,0.06802736,0.073761955,0.056945212
0.090688236,0.062130794,0.014167398,0.016743906,-0.00026281923,-0.006625302,0.00038830936,0.0005905032,0.00444296,0.019288663,0.036158256,0.057969138
-0.013148815,-0.0063368436,-0.0076573268,-0.005483605,-0.0070249885,-0.001501061,-0.015662331,-0.009887982,0.00726036,0.014309203,0.01627212,0.0095097665
0.4579074,0.4778335,0.49111208,0.47964147,0.47254997,0.4751851,0.48109037,0.45559156,0.4263019,0.39038098,0.344218,0.3253225
0.21594697,0.20390868,0.18676102,0.16372272,0.16052176,0.16102338,0.15569533,0.1624498,0.16676585,0.19182909,0.19505872,0.2008206
-1.1149558,-1.0758132,-1.051315,-1.0082227,-0.9488511,-0.9295418,-0.94790816,-0.9084916,-0.8610692,-0.8342638,-0.8143189,-0.8297006
0.17973357,0.20842884,0.22196543,0.2181265,0.2314814,0.24819124,0.23232514,0.22053346,0.1894136,0.149569,0.12731239,0.0859172
0.32082826,0.32498586,0.3194306,0.30247775,0.3035731,0.30945712,0.297733,0.29551154,0.28810897,0.2706343,0.25965667,0.24772249
-0.35224125,-0.38924837,-0.40470675,-0.4153596,-0.41800937,-0.40730783,-0.40995637,-0.38183734,-0.3720374,-0.34193203,-0.30385512,-0.27466547
-0.0608572,-0.1239835,-0.13206777,-0.15184832,-0.1784608,-0.21244213,-0.19059512,-0.17905101,-0.15071507,-0.10639153,-0.019738656,0.068482
0.3755756,0.43485078,0.4748342,0.4843647,0.4904753,0.4932228,0.49018693,0.45519984,0.41960406,0.36226085,0.28642118,0.2323589
0.18259044,0.13011786,0.09219499,0.0680674,0.055265203,0.040079325,0.042981744,0.059910983,0.08356561,0.10468309,0.16069281,0.20363328
0.32879567,0.29875958,0.28561768,0.25595084,0.25493518,0.2297715,0.23888534,0.24725136,0.25812033,0.2734948,0.3080865,0.3314865
-0.23935804,-0.17841466,-0.14500827,-0.11067161,-0.08593619,-0.06587793,-0.0702669,-0.08851494,-0.10973071,-0.15304029,-0.21135254,-0.26453272
0.18181804,0.22506618,0.25627005,0.27226436,0.28360552,0.29528183,0.28519237,0.2592125,0.23036785,0.16743675,0.11422211,0.078484446
-0.68560964,-0.6960263,-0.6530151,-0.62211555,-0.6164099,-0.6631589,-0.6313313,-0.6163046,-0.57479256,-0.53258526,-0.47368342,-0.41861427
0.75586283,0.7150803,0.66983414,0.64528114,0.6064898,0.57705253,0.57608515,0.56413376,0.5880941,0.5981175,0.6097285,0.655373
-0.19193943,-0.14753094,-0.11795613,-0.08798829,-0.07287502,-0.059861302,-0.06342998,-0.080280505,-0.098467395,-0.137724,-0.18283094,-0.22531176
0.93871593,0.8873645,0.8577232,0.81213444,0.7975744,0.7758009,0.7619954,0.7755685,0.76312864,0.7886334,0.7643893,0.821731
0.17312793,0.17083208,0.17001277,0.17176329,0.17201766,0.16666046,0.16211767,0.16033204,0.15048213,0.14402445,0.12778553,0.12814808
0.12117609,0.08229775,0.060143545,0.051668093,0.04407145,0.023826882,0.017932475,0.03304457,0.04530877,0.06694349,0.097458184,0.1334422
-0.33636332,-0.35613498,-0.35678613,-0.3642309,-0.35751656,-0.35492322,-0.34686184,-0.3283692,-0.3127538,-0.2932761,-0.2540054,-0.22787397
0.13013999,0.108062066,0.092884466,0.07732359,0.06520343,0.0577572,0.06434761,0.06352276,0.06949468,0.07622379,0.110540845,0.12778217
0.21422614,0.18803298,0.17985389,0.16130039,0.15038656,0.14171433,0.15076575,0.15346077,0.15581271,0.16749609,0.1845023,0.20665058
0.24167232,0.2433247,0.24048422,0.22515954,0.21637093,0.2333882,0.23754662,0.22875255,0.22511983,0.21219999,0.19494626,0.18200798
-0.42812166,-0.40038624,-0.3836775,-0.3569917,-0.3337315,-0.32098675,-0.3279236,-0.31967622,-0.3090436,-0.31195274,-0.32586992,-0.3399404
-0.12825046,-0.12668057,-0.115440145,-0.1060774,-0.09788102,-0.10616642,-0.10103422,-0.09849765,-0.10838183,-0.10888232,-0.121379405,-0.11674229
-1.6813711,-1.6147187,-1.5745269,-1.5073203,-1.3641355,-1.3303702,-1.4074175,-1.3063071,-1.2281047,-1.1692936,-1.1623526,-1.1891955
0.3808863,0.66287106,0.8464373,0.9435207,1.0109224,1.0800612,1.0330632,0.9118033,0.78858113,0.5407356,0.22825891,-0.017829731
0.31042567,0.32589674,0.33027804,0.32588315,0.31373075,0.31029776,0.31175238,0.2897903,0.27722487,0.270886,0.25398737,0.23168525
0.021498628,0.0015061721,-0.019944958,-0.026913457,-0.03926394,-0.04930477,-0.039830223,-0.037589327,-0.0299223,-0.010586541,0.02110397,0.03539961
0.24029058,0.2362509,0.21868308,0.20617887,0.20057815,0.1965425,0.19265893,0.19791372,0.21241736,0.22738758,0.22837459,0.2329233
0.009907141,-0.039685994,-0.07107067,-0.09111206,-0.10499175,-0.11302136,-0.1039076,-0.08617698,-0.073539674,-0.03886763,0.004365906,0.045492265
-0.6599943,-0.6255566,-0.60237634,-0.57586896,-0.55566025,-0.519424,-0.5193132,-0.5135619,-0.50983745,-0.51646304,-0.52749234,-0.56022775
0.035408642,0.016581751,0.004824899,-0.0018197522,-0.00637044,-0.02094385,-0.0133591145,-0.009623215,-0.0030415729,0.015154466,0.03544426,0.05009027
0.54586184,0.5867758,0.59624434,0.6014451,0.6193701,0.63301873,0.6122883,0.60016483,0.5567528,0.5217205,0.41806692,0.38499552
-0.25463587,-0.22404613,-0.21158938,-0.1897895,-0.17183931,-0.17199904,-0.1664348,-0.17050019,-0.15328173,-0.16858739,-0.19206327,-0.2018772
0.17829563,0.3177901,0.38061482,0.41369736,0.4538542,0.49429232,0.4507232,0.41036355,0.38207537,0.27866447,0.14232054,0.017040133
-0.09619563,-0.042128816,-0.019229338,-0.0018726289,0.01420486,0.038637623,0.033547208,0.019940212,0.01645276,-0.015691236,-0.06779362,-0.10905947
0.13487282,0.116866015,0.08901945,0.08991995,0.08746813,0.07892828,0.075154886,0.08245123,0.087193,0.09796494,0.09822482,0.113857046
-0.03431032,-0.08472256,-0.13517942,-0.14532287,-0.18068674,-0.20777307,-0.20082082,-0.18643644,-0.17187381,-0.100823246,-0.031502873,-0.010408632
-0.5253401,-0.518677,-0.5037474,-0.49235114,-0.4814315,-0.46999717,-0.4750701,-0.4635963,-0.45222825,-0.43944314,-0.40624505,-0.4062564
-0.16262648,-0.24265254,-0.2908067,-0.30941072,-0.33758807,-0.36653805,-0.34088182,-0.31819373,-0.27923048,-0.22618166,-0.12934294,-0.058051065
0.09097334,0.09087879,0.09065132,0.094347015,0.09395805,0.09004221,0.085470155,0.08305229,0.08300617,0.08108695,0.06754185,0.07480283
0.31659827,0.27376136,0.25759152,0.22959027,0.22097874,0.21032222,0.20716645,0.22153954,0.22402865,0.25915048,0.2735575,0.32151496
0.11757336,0.09452266,0.075880356,0.06593355,0.06288356,0.050589927,0.05165399,0.061315715,0.060929507,0.08311504,0.09594353,0.10790792
0.57444185,0.6238453,0.6472639,0.6412043,0.65006995,0.6505334,0.65128213,0.6194957,0.5736127,0.53114414,0.45585138,0.39953983
0.40337563,0.29936928,0.23247692,0.1785582,0.14676249,0.09549722,0.10714498,0.13679633,0.1574415,0.2649446,0.36354533,0.44379997
-4.124269e-05,-0.019579718,-0.035848953,-0.0515495,-0.061316706,-0.059497207,-0.06010018,-0.05004078,-0.030501332,-0.0070185326,0.023439579,0.03338961
-0.14138143,-0.13975506,-0.14794607,-0.1303509,-0.12567835,-0.12675169,-0.12862657,-0.12314664,-0.11760143,-0.11529626,-0.12224835,-0.12092248
0.70455176,0.6460141,0.6010957,0.590228,0.5819993,0.5269397,0.5187072,0.52364033,0.50998735,0.5282843,0.54031426,0.58190626
0.021379044,0.026944138,0.0373689,0.046641264,0.049261797,0.047864974,0.04555514,0.0416146,0.028537111,0.018592939,-0.0046467977,-0.0021457719
-0.07630955,-0.036720112,-0.019338146,0.006194964,0.025579408,0.030110613,0.022600517,0.010561779,0.0020164698,-0.031173088,-0.070858985,-0.09995871
0.26225498,0.44087115,0.5427524,0.6176709,0.666071,0.6990007,0.6771382,0.599416,0.52240366,0.37924972,0.15707868,0.012928247
0.05733479,0.0043040365,-0.034816384,-0.05113849,-0.07049905,-0.078983516,-0.07373917,-0.05902633,-0.068868466,-0.043022804,-0.02787532,0.0080952905
-0.360091,-0.39506656,-0.4233277,-0.4251846,-0.43005943,-0.42569852,-0.42336595,-0.40122855,-0.3671496,-0.32592887,-0.269458,-0.23312694
0.44117847,0.3971153,0.37420845,0.32705173,0.30031386,0.28879976,0.3094324,0.30651295,0.30154622,0.30661517,0.35675275,0.3765264
0.23736675,0.211982,0.19938399,0.17864676,0.16748708,0.16356851,0.15965298,0.16517986,0.17094214,0.17974171,0.19704914,0.2183991
0.5866931,0.60177326,0.57963496,0.5705395,0.56463856,0.55581796,0.5424069,0.53232,0.5296864,0.53058213,0.4666153,0.4738398
-0.01717306,0.08642669,0.15575182,0.18780392,0.21598919,0.25113654,0.23564576,0.19227768,0.14706695,0.052482143,-0.02955041,-0.1190177
-0.24132991,-0.23109156,-0.23032826,-0.22681764,-0.20023768,-0.1816611,-0.19651033,-0.17691046,-0.17384617,-0.16585329,-0.16807923,-0.18215558
0.08198321,0.11062759,0.13664596,0.1461817,0.15403198,0.16060635,0.15280363,0.14049992,0.122482106,0.094522335,0.05588633,0.033243872
0.47787288,0.42856663,0.38033292,0.33914888,0.3238506,0.3027457,0.3031518,0.31324926,0.31754065,0.3680072,0.4069315,0.4465409
-0.056210414,-0.070653275,-0.07460085,-0.073981926,-0.068657026,-0.07365195,-0.07882634,-0.06663628,-0.059351496,-0.05019992,-0.03967734,-0.02168365
0.32360938,0.3642726,0.38550174,0.3891511,0.39840353,0.39978278,0.3893777,0.36826453,0.35174835,0.30279046,0.26200205,0.21931323
0.20710327,0.17959937,0.16689073,0.13982421,0.13854373,0.103645265,0.10806436,0.11564962,0.114841,0.11690607,0.17020454,0.13501264
-0.019979652,-0.0069599897,-0.0027976856,0.004616171,0.007023718,0.0068241954,0.0050431266,-0.00010276958,-0.0016021989,-0.009456066,-0.02557122,-0.03477122
0.021514166,-0.02697961,-0.05275754,-0.080532566,-0.09059378,-0.091784135,-0.08736897,-0.06472005,-0.05233124,-0.011922762,0.02981019,0.06781777
0.07987333,0.056865275,0.046838403,0.041218996,0.04588701,0.042177618,0.036299005,0.045981675,0.049098015,0.051792845,0.08851032,0.09996941
-0.02701556,0.02886054,0.056699187,0.078912154,0.096896514,0.10769984,0.09627004,0.079522714,0.07489431,0.030387476,-0.01129299,-0.064787894
-0.06605322,-0.039727353,-0.025442153,-0.010724127,0.006124027,0.010653593,0.006121546,0.0035311878,0.0015297756,-0.016323246,-0.042644046,-0.06526488
0.098875806,0.042674936,0.021176882,-0.007347256,-0.018898427,-0.041574366,-0.026677437,-0.005235754,0.0022044033,0.0447217,0.08902836,0.14218655
-0.42113757,-0.35625976,-0.32766032,-0.28638962,-0.27408913,-0.24871549,-0.23643973,-0.26367283,-0.30108574,-0.3426668,-0.40965793,-0.48409754
0.08325197,0.091134414,0.09576304,0.08993974,0.08810442,0.096075796,0.098178886,0.091223374,0.08799274,0.06894538,0.060550004,0.049468305
-0.53778166,-0.52800614,-0.5256544,-0.51005065,-0.50331765,-0.49213222,-0.48045397,-0.4763571,-0.45188063,-0.44074288,-0.41077238,-0.40755323
0.4703554,0.4829975,0.4919853,0.4576406,0.43479362,0.4472962,0.44563425,0.42594945,0.43488416,0.40544432,0.4109755,0.37824407
0.06618443,0.018357605,-0.015510589,-0.040496036,-0.06788571,-0.07373121,-0.06529415,-0.052445322,-0.03356228,0.009397931,0.04954744,0.08633132
0.3917848,0.38351023,0.38109833,0.35999846,0.3541262,0.34174296,0.341104,0.33757493,0.33353007,0.33672833,0.33489975,0.3457051
-0.25146067,-0.34079295,-0.38465822,-0.39958185,-0.41723013,-0.44672334,-0.43515205,-0.39081815,-0.35424984,-0.27748954,-0.19295356,-0.10997392
-1.1549065,-1.1510867,-1.1405151,-1.1041064,-1.0766295,-1.055685,-1.052545,-1.0215153,-0.98091036,-0.9602868,-0.8855566,-0.870569
0.050589018,0.081291825,0.101357594,0.116436005,0.12651546,0.13046673,0.122500055,0.11032844,0.092785254,0.06321649,0.029978644,-0.0006116284
0.39802545,0.39061314,0.3730375,0.35843998,0.33779615,0.3407801,0.340254,0.3247325,0.31492132,0.28762928,0.27175754,0.2702822
0.22027381,0.16166437,0.12843314,0.09978855,0.08469391,0.069438234,0.07427761,0.09340717,0.10779129,0.15143754,0.19735593,0.2522549
0.361982,0.40131286,0.41068465,0.4181913,0.40900186,0.41355515,0.4253914,0.39137405,0.37252396,0.34234384,0.27550203,0.23934808
-0.5366029,-0.57444537,-0.5857358,-0.55481964,-0.5345855,-0.55355525,-0.5590507,-0.5233604,-0.50366014,-0.4621942,-0.4316455,-0.38034004
-0.47455853,-0.50785613,-0.5224246,-0.51851344,-0.51928633,-0.53439486,-0.52088463,-0.49619237,-0.49094808,-0.43770155,-0.39435875,-0.38413227
-0.35442322,-0.3760609,-0.4149487,-0.42654443,-0.4619841,-0.44299847,-0.39192456,-0.4090075,-0.40622735,-0.39855772,-0.3291112,-0.33966118
-0.2499704,-0.2944461,-0.31195676,-0.31620908,-0.31951037,-0.32837027,-0.32440966,-0.30014598,-0.28442758,-0.24424672,-0.19885272,-0.1554259
0.07775553,0.008499965,-0.045721665,-0.07253449,-0.08001998,-0.11789127,-0.104458824,-0.0696515,-0.034595773,0.03117057,0.108034134,0.1729984
1.1415083,1.2590394,1.3260386,1.3015754,1.2888529,1.3074336,1.2802582,1.2047682,1.165383,1.0145559,0.8922004,0.75904477
-0.081863984,-0.079287656,-0.068719104,-0.058577668,-0.051984534,-0.05685234,-0.053916447,-0.05300474,-0.05971656,-0.06128997,-0.06522544,-0.058164537
0.3118048,0.3324058,0.35049435,0.34775427,0.35527658,0.35158625,0.3371656,0.3257325,0.30969292,0.28880388,0.26681888,0.2422572
-0.08854175,-0.06784664,-0.05419736,-0.037719537,-0.023629677,-0.015474532,-0.026189573,-0.027943887,-0.03171374,-0.051930077,-0.069945335,-0.08140604
0.3372488,0.23360217,0.19013786,0.16462576,0.12298766,0.07441798,0.100447655,0.11684251,0.07767844,0.11545953,0.16697423,0.25069955
0.2441017,0.22955844,0.20978278,0.1951241,0.1707279,0.15869544,0.16641064,0.15344834,0.1635387,0.17466114,0.20810272,0.2037932
-0.39048788,-0.43097198,-0.45178896,-0.45289245,-0.44503132,-0.46049199,-0.45768252,-0.42059124,-0.37248746,-0.3215049,-0.26199356,-0.20624664
-1.3006454,-1.2428912,-1.1893896,-1.1194185,-1.0640665,-1.0354882,-1.0572906,-1.0285281,-1.010472,-0.99663115,-1.0306084,-1.0473852
0.41356388,0.4072319,0.40221503,0.38219506,0.36578697,0.36717296,0.36876783,0.35560602,0.35363588,0.3426879,0.34117216,0.34117603
-0.20550953,-0.19332328,-0.18176727,-0.16962506,-0.16468059,-0.1658158,-0.16501248,-0.16849022,-0.16364498,-0.17106377,-0.15530644,-0.1627591
0.0023785941,-0.03317208,-0.054987274,-0.057840973,-0.071394145,-0.09467396,-0.07881269,-0.07437347,-0.058593974,-0.027413208,0.0010702256,0.043858312
0.71526605,0.9532273,1.1066238,1.162514,1.243762,1.2616735,1.2340925,1.1366329,1.0225908,0.82701176,0.57494956,0.35932702
-0.3150239,-0.34459686,-0.3707031,-0.3741439,-0.3830023,-0.37470877,-0.37138075,-0.34978896,-0.3228062,-0.27766404,-0.24550116,-0.21914992
0.5264435,0.51723355,0.46220663,0.47426668,0.5049521,0.47323638,0.4571035,0.47958025,0.46988732,0.49932307,0.4279214,0.4563297
-1.1085923,-0.99361986,-0.85667765,-0.8062036,-0.7316952,-0.6531756,-0.68672734,-0.65789604,-0.65166163,-0.6736024,-0.795764,-0.8588212
-0.052830517,-0.04802788,-0.039365377,-0.0296707,-0.033078693,-0.030550204,-0.030508127,-0.0362961,-0.040908113,-0.04850458,-0.054500192,-0.057537973
0.29181007,0.28772867,0.27945465,0.27400765,0.26951298,0.25256485,0.2525024,0.24698895,0.24524693,0.23953675,0.23323178,0.23993908
0.06667912,0.065147564,0.06768924,0.06544429,0.05865376,0.057942092,0.06206931,0.054757535,0.04127577,0.03001425,0.038151488,0.031067815
0.6054834,0.5750109,0.53733325,0.49916077,0.46642047,0.46344844,0.46121544,0.45015782,0.44210258,0.45229688,0.47739825,0.4891246
0.3888517,0.43252367,0.45801288,0.43942583,0.43540213,0.45580614,0.43691498,0.4229721,0.41894418,0.3916571,0.34437764,0.3098037
0.13951337,0.095273145,0.061602585,0.035533056,0.02769515,0.019150913,0.017157614,0.03771136,0.055980638,0.09431112,0.13859881,0.17587103
-0.38470152,-0.4053626,-0.39521712,-0.3944298,-0.40269905,-0.4173013,-0.40646368,-0.39669055,-0.3881038,-0.3743412,-0.30648458,-0.28722075
-0.14113292,-0.117798656,-0.11241196,-0.09346825,-0.09246533,-0.08538747,-0.07514106,-0.08774095,-0.09700859,-0.11135536,-0.13914488,-0.16809857
0.7324841,0.66971743,0.6187538,0.56419563,0.5087323,0.48549858,0.49235043,0.48905808,0.5450622,0.60736305,0.665601,0.7317536
0.14272214,0.13047707,0.11575337,0.0969207,0.08795428,0.09671657,0.089120194,0.091569126,0.08427663,0.08771353,0.108713984,0.10615397
-0.10170931,-0.049480274,-0.018609881,0.0052582026,0.03701231,0.049740896,0.030982614,0.028859884,0.016485259,-0.0039573014,-0.06516628,-0.10185638
-0.016927563,-0.029019922,-0.03198259,-0.03758299,-0.03770511,-0.038822014,-0.040521413,-0.03413062,-0.020466927,-0.01660459,-0.0018480192,0.016093094
0.015861671,0.02245371,0.021492489,0.024296697,0.028862156,0.032304555,0.031710953,0.032189757,0.027309468,0.023295686,0.0057118665,-0.0038893735
-0.26494247,-0.3046577,-0.3273647,-0.33405748,-0.34196156,-0.35231578,-0.34523413,-0.32399622,-0.29829463,-0.2583638,-0.20349945,-0.16564514
0.2891884,0.26049936,0.24573946,0.21591285,0.1961947,0.20554096,0.20147203,0.20650545,0.21919784,0.23619318,0.24972495,0.27793586
0.071453124,0.03495238,0.0014458746,-0.02001506,-0.039453074,-0.0470168,-0.04345788,-0.032342374,-0.015475661,0.02378096,0.058432765,0.08857314
0.104768634,0.097701445,0.0857552,0.08442982,0.08280326,0.073963396,0.07302337,0.07345475,0.063184544,0.06622631,0.06496258,0.0640519
-0.21590404,-0.2350563,-0.24137583,-0.24061441,-0.2473759,-0.24738598,-0.24292931,-0.23275727,-0.22680336,-0.21473913,-0.18389453,-0.16968109
0.11058146,0.04047583,-0.016388685,-0.03899713,-0.058422804,-0.065489024,-0.067375645,-0.039709613,-0.018848494,0.034652106,0.08382443,0.14382169
0.60367435,0.61398566,0.6118667,0.57131755,0.53944427,0.55180615,0.5483487,0.5188539,0.50314105,0.48491538,0.4989526,0.45446584
0.15362671,0.055839762,-0.020668656,-0.049103796,-0.07878539,-0.111934245,-0.10005042,-0.068148494,-0.038886458,0.0377941,0.115755856,0.20086427
0.16861342,0.16102909,0.1663175,0.14168756,0.12972698,0.15166438,0.1485214,0.1449394,0.13841029,0.12952712,0.14036624,0.14124042
-0.75380576,-0.6866237,-0.62725914,-0.5724344,-0.523583,-0.5092817,-0.52536243,-0.52169853,-0.5179994,-0.5349029,-0.579685,-0.6092751
-1.0150458,-1.0514634,-1.0672485,-1.0390056,-1.0130597,-1.0166644,-1.0447356,-0.97713256,-0.9252972,-0.8129921,-0.7689283,-0.7147199
0.16189656,0.13432242,0.108931884,0.09557423,0.079825625,0.074342236,0.080582395,0.086998664,0.09311965,0.11519772,0.12819514,0.14987116
-0.33231893,-0.2753811,-0.23665528,-0.20355135,-0.18507004,-0.17048344,-0.17520984,-0.18958658,-0.20202,-0.23137024,-0.27139804,-0.319078
0.28130424,0.2709118,0.25534648,0.24862406,0.23434055,0.23301211,0.23275602,0.22353274,0.21709232,0.21135503,0.20940255,0.21330811
0.36556435,0.26196483,0.20578924,0.15450376,0.12732819,0.09650144,0.10857552,0.14090228,0.16060415,0.2292533,0.30865863,0.40103397
0.12448594,0.121158384,0.11968061,0.11217344,0.11255235,0.11279872,0.10593126,0.10975,0.1073148,0.11396381,0.11298818,0.11598502
0.32721007,0.3475629,0.36139828,0.35830542,0.3551238,0.35582006,0.3516341,0.33348384,0.31459668,0.282524,0.24733502,0.22596516
0.08167954,0.08830125,0.087993816,0.08323515,0.079006806,0.08591774,0.08115005,0.07799173,0.07539871,0.071036026,0.05407803,0.048947304
-0.7772473,-0.8762577,-0.95014197,-0.98486954,-0.99872595,-1.0196576,-0.9674579,-0.91009355,-0.8429563,-0.73500437,-0.5727339,-0.5075192
0.03462663,0.06596631,0.092064686,0.1055766,0.107815236,0.119037405,0.115527846,0.09481806,0.06358508,0.022566458,-0.014109647,-0.046795834
-0.02421739,-0.02206032,-0.017711744,-0.011939237,-0.00822995,-0.013347201,-0.012715852,-0.011964707,-0.009383282,-0.008167116,-0.015769504,-0.013071824
0.12496833,0.075965546,0.040555336,0.019485787,0.0046089143,-0.011862412,-0.011535555,0.005251795,0.027082324,0.064704984,0.1157463,0.15923041
0.075317755,0.041656345,0.01788953,0.0148668885,0.008212894,-0.0041974485,0.0018920451,0.011396229,0.026075512,0.04207599,0.06589246,0.088475175
0.20334542,0.26981643,0.31707898,0.34011176,0.36731356,0.372327,0.3570722,0.3319571,0.29908568,0.23813069,0.15841553,0.09897579
-0.65692455,-0.650926,-0.65641034,-0.6330762,-0.6035599,-0.5972418,-0.60059524,-0.57063633,-0.5131959,-0.4740324,-0.4491889,-0.42793325
-0.19304037,-0.19016336,-0.17573725,-0.16746005,-0.16106592,-0.16185318,-0.15413074,-0.15537874,-0.15843366,-0.15441984,-0.15455669,-0.14775018
-0.038694404,-0.05240509,-0.06059545,-0.063933656,-0.06175579,-0.06452085,-0.06834503,-0.056481816,-0.047879368,-0.032637175,-0.019102797,-0.006761677
-0.70902085,-0.7186797,-0.7126688,-0.68635386,-0.6653603,-0.66613895,-0.66751903,-0.642756,-0.6216171,-0.6081214,-0.5658618,-0.53786534
0.34371537,0.41164201,0.45907688,0.47083005,0.4859797,0.50519705,0.4905464,0.4632878,0.4277857,0.37340078,0.2707892,0.21963744
0.04032701,0.05888665,0.055661783,0.06908923,0.06875333,0.07538826,0.059777766,0.05713214,0.060741525,0.06138642,0.030964125,0.011286192
0.12466187,0.15663224,0.19804856,0.20138422,0.20469934,0.21927685,0.21530947,0.19342114,0.1515145,0.101597786,0.05842075,0.02563379
-0.15239495,-0.1494991,-0.14823294,-0.14362794,-0.14002927,-0.13442507,-0.13680834,-0.13125212,-0.12741308,-0.118857816,-0.11726241,-0.12228796
