0.1,"[[-2.55708408e-04 -8.50916095e-03  1.34961354e-02 -3.42997513e-03
   1.00137033e-02  7.26367172e-04  1.75041519e-03]
 [-3.06021981e-02 -1.86979510e-02 -1.83846746e-02 -9.12279473e-04
  -4.85771429e-03  5.13208099e-03 -8.31860770e-03]
 [ 3.24885547e-02  8.59718602e-06  7.65237287e-02 -5.81904780e-03
   5.48176579e-02  2.63430853e-03  2.47105230e-02]
 [ 3.73102799e-02  1.01029947e-01  4.71321680e-02  8.09701458e-02
   1.94615927e-02  4.55276817e-02  2.69110557e-02]
 [-1.26455389e-02 -1.30723519e-02  7.51963444e-03 -4.95202933e-03
  -1.22164479e-02 -2.44226516e-03 -1.96614824e-02]
 [ 3.65964733e-02 -3.79039231e-03  3.23482826e-02  2.98440922e-02
   2.25070976e-02  4.26820852e-02  8.68505426e-03]
 [ 1.08195394e-02 -7.65189668e-03 -4.21543652e-03  1.87319592e-02
   7.81316310e-03  1.22779533e-02  1.76198334e-02]
 [-1.37919411e-02 -4.08964530e-02  5.29566854e-02  7.87804741e-03
   3.78881767e-02  1.65754091e-02  2.28941981e-02]
 [ 3.51629406e-02  3.02689075e-02 -3.20976824e-02 -4.89672534e-02
  -1.30784046e-03 -5.73670492e-03 -5.08179925e-02]
 [ 4.28252444e-02  7.84711819e-03  1.71781164e-02 -1.15126306e-02
   1.28989480e-02  1.81391910e-02  1.28789060e-02]
 [ 4.72274981e-02 -6.95245294e-03  4.47495393e-02  2.58885720e-03
   4.06939536e-02  7.82660022e-03  9.28094797e-03]
 [ 5.90822250e-02 -5.12448065e-02  5.15593663e-02 -1.57049317e-02
   8.90906304e-02  1.30041316e-02  7.20849037e-02]
 [-1.44343376e-02  6.51139114e-03  4.45712917e-02 -1.48683488e-02
   1.70394946e-02 -2.20088698e-02  1.51136694e-02]
 [-5.32360785e-02  2.37717200e-02 -7.97583349e-03 -1.33904265e-02
  -2.49701040e-03 -2.53269710e-02  6.03400096e-02]
 [ 2.91893836e-02 -8.56208894e-03  1.54620837e-02  1.67515054e-02
   2.89271921e-02  2.80902274e-02  1.37413647e-02]
 [ 2.60563530e-02 -2.40082517e-02  2.08092891e-02  2.12191720e-03
   1.71196815e-02  1.78976543e-02 -2.26395279e-02]
 [ 3.42104509e-02  1.52078839e-02 -4.48425766e-03 -6.07376778e-03
   1.55923413e-02  1.98728647e-02  1.66655201e-02]
 [-2.22713444e-02 -4.58430685e-03  1.07419733e-02  7.35225715e-03
  -1.65284332e-03 -9.11902450e-03 -1.51009327e-02]
 [ 4.16145399e-02  1.26107438e-02  3.74654941e-02  1.65660381e-02
   2.61692349e-02  3.57824974e-02 -8.60258378e-03]
 [ 2.21107583e-02 -2.24941950e-02  6.11614697e-02  3.38245668e-02
   5.48683070e-02 -3.13341767e-02 -6.76080287e-02]
 [ 1.76444743e-02  1.09441597e-02  1.61326975e-02  1.20288897e-02
   2.67205425e-02  1.55521156e-02 -2.47537903e-03]
 [ 2.21191999e-03  5.69064077e-03  2.38542408e-02  2.07700934e-02
   1.46992262e-02  5.95289050e-03  1.79961929e-03]
 [ 1.72679946e-02 -4.40064929e-02  3.74724120e-02  3.52463336e-03
   2.06763353e-02  3.51852947e-03 -2.83076465e-02]
 [ 3.54481637e-02  5.92670888e-02  3.67209166e-02  2.99638789e-03
   4.59086075e-02  3.61053389e-03  4.23525311e-02]
 [-1.53568089e-02 -3.57397608e-02 -3.45226866e-03 -1.96569785e-02
  -3.84371658e-03 -8.14041123e-03 -1.21085122e-02]
 [ 3.90380919e-02  2.30401233e-02  9.90199018e-03  5.93634509e-03
   1.98893771e-02  1.98466983e-02  3.19352858e-02]
 [ 1.77658331e-02  1.43559510e-02  2.44835261e-02 -3.82503495e-02
   3.38763520e-02  2.53709983e-02  1.24367019e-02]
 [ 1.21143712e-02  9.39108990e-03 -3.75425117e-03  2.05266178e-02
   3.48921400e-03  1.82484630e-02 -2.21354831e-02]
 [ 2.53774598e-02 -1.09909764e-02  2.80903699e-03 -3.74081545e-02
  -7.07832277e-02 -7.58442329e-03 -4.83925678e-02]
 [ 4.92029861e-02  1.39578944e-02  3.28806117e-02  3.71685736e-02
   2.39899149e-03  3.03567685e-02  1.90675713e-03]
 [-1.38817849e-02 -3.10130473e-02  2.06040032e-02 -1.67981107e-02
  -1.30599346e-02 -1.56293996e-02 -1.71705298e-02]
 [ 8.95031355e-03 -4.63906825e-02  8.52337703e-02 -1.87474806e-02
   7.64211863e-02 -3.98450978e-02  1.38206314e-02]
 [ 8.63286015e-03  1.53336616e-03  4.67834584e-02 -2.57395208e-02
   1.12557765e-02 -3.14996541e-02  7.57153379e-03]
 [ 7.37108886e-02  5.51269427e-02  2.52178665e-02 -2.52503417e-02
   5.37946634e-02  2.18640976e-02  3.56974527e-02]
 [ 2.21141241e-02  1.50554366e-02  8.08103383e-03  7.44768791e-03
   6.49042602e-04  1.68172587e-02 -8.31039995e-03]
 [-1.18372189e-02  6.18087035e-03  1.69225335e-02 -8.13962426e-03
   1.38742020e-02 -6.04243390e-03  7.90234469e-03]
 [ 2.01855917e-02  3.89426872e-02  2.86921486e-02 -3.82123212e-03
   5.88611625e-02 -5.58660249e-04  4.71748784e-02]
 [ 7.30348900e-02  3.13370377e-02  6.48520365e-02  2.67966222e-02
  -3.68382386e-03  2.87565105e-02 -4.44393456e-02]
 [ 3.35423760e-02 -3.27954143e-02  1.95512641e-02 -2.70392094e-03
  -2.42228080e-02  1.29562458e-02 -8.01616441e-03]
 [ 1.36338308e-01  9.23642237e-03  1.27378538e-01  2.54621059e-02
   9.47037563e-02  4.62804995e-02  7.21416995e-02]
 [-1.04834521e-02 -4.34670784e-02  4.42333780e-02 -2.29726266e-02
   4.21204530e-02 -2.16706432e-02  1.87694933e-02]
 [-1.13990149e-02  2.34235656e-02  6.33975072e-03  1.75478235e-02
   8.30133818e-03  1.05199320e-02  4.52524722e-02]
 [ 5.91426082e-02 -2.25075539e-02  1.26235224e-02 -2.12028585e-02
  -4.17534001e-02  7.12339673e-03 -1.13642970e-02]
 [ 2.43058219e-03 -1.08658345e-02  4.78487229e-03 -3.23707145e-03
  -3.51326889e-03 -5.23340749e-03 -1.60285048e-02]
 [ 1.59925465e-02  7.31079653e-03  7.18840212e-03 -1.63789857e-02
   1.60818063e-02  9.17358615e-04  4.05058227e-02]
 [ 2.11781841e-02 -3.44767468e-04  1.42677035e-02  1.81260277e-02
   9.82403290e-03  1.99177582e-02 -1.22144073e-02]
 [ 5.61758280e-02  2.51575001e-02  5.67476638e-02  7.40681663e-02
   8.38210806e-02  5.07709645e-02  1.51068106e-01]
 [ 2.18289588e-02 -2.52996311e-02  2.94354502e-02 -3.03529259e-06
   2.65575461e-02  2.10058857e-02  7.38268136e-04]
 [-2.42220536e-02  2.15064338e-03 -5.72211691e-04 -5.23557304e-04
   8.13519582e-04 -1.14011057e-02 -1.15177622e-02]
 [ 8.46897345e-03 -3.22496705e-02  2.52640117e-02  7.62676913e-03
   1.68264029e-03  5.74735552e-03 -3.00895441e-02]
 [-6.84725586e-03  1.02546345e-03 -6.20410554e-02 -2.52570938e-02
  -7.12086959e-03 -9.73909721e-03 -9.73578356e-03]
 [ 8.13800842e-03  8.46214313e-03  1.13027105e-02 -3.95358587e-03
   2.21809614e-02  6.82089012e-03  1.68180175e-03]
 [ 2.46058814e-02  1.54629340e-02  2.01054905e-02 -4.98319604e-03
   1.57242231e-02  5.62909013e-03  1.98559277e-03]
 [ 2.04816666e-02 -2.80628894e-02  1.04585215e-02  1.57531782e-03
  -3.29491869e-03 -1.50681706e-02 -7.49851018e-02]
 [ 3.53237577e-02  1.58634949e-02  3.53015475e-02  2.56076399e-02
   2.49507539e-02  1.89833324e-02  1.34909013e-02]
 [ 3.65839414e-02 -3.41856442e-02  1.34898927e-02 -5.19395694e-02
   1.51089747e-02 -1.13536611e-04 -1.63467031e-03]
 [ 2.11724248e-02 -4.53291787e-03  3.50493006e-02  2.56659836e-03
   4.40831967e-02 -1.00429663e-02 -4.77076462e-03]
 [-1.10958694e-02 -4.72596772e-02  2.58900393e-02 -1.84971783e-02
   9.29490104e-03 -1.78741813e-02 -2.97219660e-02]
 [ 2.93365177e-02 -1.44068059e-02  5.34281041e-03  3.71022127e-03
  -5.44406939e-03  2.17920914e-02 -2.24156529e-02]
 [-8.61578912e-04 -2.39492431e-02  1.74879062e-03  3.38649820e-03
   2.74502509e-03  1.10514583e-02 -2.45318301e-02]
 [ 3.67978564e-03 -1.57723166e-02  2.03968324e-02 -7.96366576e-03
   2.80579049e-02  7.96839129e-03  5.49138663e-03]
 [ 1.71301793e-02  7.82548562e-02 -3.48283164e-03  2.31592339e-02
   9.97096114e-03  3.60147879e-02  3.48002836e-02]]"
0.5,"[[ 8.43842514e-03 -6.91310177e-03  2.02798378e-02  1.02114410e-03
   1.68059226e-02  3.51620605e-03  8.64415616e-03]
 [ 1.49291486e-03  1.86172780e-02  2.11054133e-03  1.96051318e-02
   2.40371432e-02  3.43746655e-02  1.25870546e-02]
 [-6.11939561e-03 -3.86448391e-02  1.96907204e-02 -5.03478236e-02
   1.76617485e-02 -3.60556282e-02 -2.20694225e-02]
 [-6.75169304e-02  2.68503483e-02 -4.69098128e-02 -5.02208713e-03
  -7.50714168e-02 -4.53599766e-02 -5.82168475e-02]
 [ 1.44804241e-02  1.04597956e-02  2.90260073e-02  1.48805445e-02
   6.90052845e-03  1.61925144e-02  7.78743392e-03]
 [ 2.99791377e-02 -1.61941035e-03 -1.25301834e-02  8.16691108e-03
   2.38180961e-02  3.42532396e-02 -8.11777636e-03]
 [ 1.48989875e-02 -1.40097551e-02  7.51350366e-04 -2.23357044e-03
   1.11017562e-02  1.07319187e-02  1.07543245e-02]
 [-3.19404528e-02 -4.77421992e-02  6.78522438e-02 -1.13836378e-02
   3.45856994e-02  6.10194262e-03  2.00839881e-02]
 [ 7.57578984e-02  5.07364087e-02 -4.16031182e-02 -7.32192248e-02
   1.28191840e-02  2.18051784e-02 -2.32423805e-02]
 [ 2.21020561e-02 -7.91390799e-03 -6.33672066e-03 -3.49696800e-02
  -8.48746300e-03  7.72930309e-03 -3.34465224e-03]
 [ 2.99850199e-02 -3.91619764e-02 -7.76788860e-04 -2.30359100e-02
   1.99008677e-02 -1.21447947e-02 -2.47484725e-02]
 [ 1.30163759e-01 -4.91522737e-02  3.75606306e-02 -6.75331727e-02
   1.40451774e-01  6.33369526e-03  8.91784504e-02]
 [-1.27122635e-02 -1.43384782e-03  4.10569608e-02 -2.41910927e-02
  -1.10528129e-03 -3.56111191e-02  1.24962572e-02]
 [-5.50243221e-02  2.56396253e-02  2.25046817e-02  6.23699697e-03
  -2.65646004e-03 -3.21569517e-02  6.02370128e-02]
 [ 3.67057100e-02 -1.54521968e-02  2.00435989e-05 -2.08347780e-03
   2.92753540e-02  2.58310437e-02  6.19660970e-03]
 [ 3.37874703e-02 -1.73547156e-02  3.68457520e-03  9.07730893e-04
   3.11808623e-02  2.48422343e-02 -2.04342045e-02]
 [ 5.33284992e-02  2.01375801e-02 -2.12282706e-02 -2.87422421e-03
   3.21878940e-02  2.96115335e-02  2.45156717e-02]
 [-7.65998475e-03  3.49547924e-03  1.42375370e-02  2.52930224e-02
   5.27148554e-03 -2.57288013e-03 -8.94781761e-03]
 [-1.24836122e-04 -1.74633730e-02  7.70989340e-04 -2.97404900e-02
  -1.20330928e-02  1.35961603e-02 -3.89971323e-02]
 [ 9.78378430e-02 -4.55577672e-02  8.87543615e-03 -2.77723968e-02
   6.69806004e-02 -3.64137739e-02 -6.63046166e-02]
 [ 4.28186962e-03 -5.91483759e-03 -9.06400755e-03  4.38893359e-04
   1.31336758e-02  4.91836853e-03 -2.40968056e-02]
 [ 3.12852790e-03 -1.41217222e-03  7.61702843e-03  3.54662817e-03
   5.51566202e-03 -3.12341936e-03 -1.06416773e-02]
 [ 4.56292853e-02 -3.98333147e-02  4.04198915e-02  1.04072792e-02
   3.42982896e-02  1.39664123e-02 -1.72402281e-02]
 [-6.11260207e-03  5.71801909e-04 -6.92573097e-03 -7.73179382e-02
  -5.28187072e-03 -4.09851149e-02  4.45006881e-03]
 [ 4.10940349e-02  6.82976854e-04  3.55863310e-02  1.58073884e-02
   4.13080230e-02  2.47037839e-02  3.15909274e-02]
 [ 5.75525081e-03 -7.60015007e-03 -1.03468066e-02 -2.98714805e-02
  -6.49962761e-03 -1.12146726e-02  9.85405222e-03]
 [ 5.59816211e-02  3.47230174e-02  3.83711793e-02 -7.41534457e-02
   5.70899844e-02  6.66031539e-02  6.20816201e-02]
 [-1.39716435e-02 -4.99530369e-03 -1.94754638e-02  7.87139684e-03
  -1.20288199e-02  7.44407531e-03 -3.88253331e-02]
 [ 4.50277030e-02  2.69497093e-02  3.25614251e-02 -9.38142370e-03
  -5.90717942e-02  1.26510058e-02 -3.00632301e-03]
 [ 3.55235338e-02 -1.26027931e-02  7.22282473e-03 -2.12442093e-02
  -2.44142562e-02  1.08588263e-02 -1.71690192e-02]
 [ 2.87366156e-02 -7.90366670e-04  4.42323647e-02  1.38060069e-02
   1.16661331e-02  6.55338028e-03  1.35200480e-02]
 [ 5.01906238e-02 -5.92707880e-02  3.57754081e-02 -1.61524564e-02
   8.78383294e-02 -6.10195249e-02 -1.23938760e-02]
 [ 6.64277701e-03 -1.65311731e-02  4.10396233e-02 -4.27063704e-02
   9.46305576e-04 -4.99669202e-02  4.74575628e-03]
 [ 1.24253025e-02 -5.51821059e-03 -2.84450259e-02 -7.31163174e-02
   9.76662524e-03 -1.05371336e-02  3.34038935e-03]
 [ 2.28919555e-02  1.84995737e-02 -8.48006643e-03 -5.46412636e-03
   1.86527532e-03  1.43689252e-02 -5.14739379e-03]
 [ 5.34065906e-03  9.97374393e-03  2.48606019e-02 -1.25395805e-02
   1.75375715e-02  1.00109755e-04  1.74679123e-02]
 [-8.33619479e-03 -8.27611051e-03 -8.28834716e-03 -3.62147950e-02
   2.98555680e-02 -2.83215027e-02  1.25799803e-02]
 [ 1.31730800e-02 -1.51499230e-02 -3.86753213e-03 -2.51408983e-02
  -5.76824099e-02 -1.35337031e-02 -7.84696341e-02]
 [ 3.85313928e-02 -1.86524112e-02  2.99407020e-02  2.15288680e-02
  -7.36976648e-03  9.41443164e-03  8.18382576e-03]
 [ 1.17488399e-01 -7.22511783e-02  4.67408299e-02 -8.38783309e-02
   4.14184406e-02 -1.54420314e-02  2.20382307e-02]
 [ 7.19452649e-02 -1.45741981e-02  6.79100007e-02  2.81360932e-03
   8.27708319e-02  6.11620583e-03  4.87261191e-02]
 [ 8.50044750e-03  1.88319888e-02  3.13030742e-02  7.64977233e-03
   1.18140609e-03  7.14881346e-03  5.12962043e-02]
 [ 6.84089735e-02 -2.17694137e-02  4.35315669e-02 -1.94446947e-02
  -4.64859158e-02  3.68214562e-03  1.90601368e-02]
 [ 2.48505194e-02 -2.30295584e-03  1.22066690e-02 -4.96065663e-03
   1.25836898e-02  5.68852713e-03  2.82538147e-03]
 [-7.66262761e-04 -6.98296633e-03  3.91970621e-03 -2.10116040e-02
   1.38171203e-02 -1.45602822e-02  3.61032002e-02]
 [ 3.91577138e-03 -9.49269067e-03 -1.36674950e-02  2.65464257e-03
  -7.29668536e-04  1.42656462e-02 -3.07641923e-02]
 [-7.06381490e-03 -6.05323613e-02  3.28138061e-02  2.12989766e-02
   3.30872610e-02 -3.80284898e-02  6.65052682e-02]
 [ 2.93676388e-02 -1.91271827e-02  1.79208908e-02 -7.68175232e-04
   3.88332009e-02  2.71740481e-02  2.89428770e-03]
 [ 7.13305082e-03  1.60273556e-02  2.36649495e-02  1.40805673e-02
   2.14292444e-02  4.43707546e-03  1.92118902e-02]
 [ 2.36644335e-02 -2.21356675e-02  2.20885295e-02  8.14163592e-03
   1.91163402e-02  1.37368310e-02 -1.70473903e-02]
 [ 6.77508302e-03  1.19622676e-02 -4.64988537e-02 -1.59705188e-02
   2.55078841e-02  1.78672355e-02  1.01606855e-02]
 [-4.75692749e-03 -1.15500484e-03 -5.49507095e-04 -1.97163094e-02
   8.29371251e-03 -1.66476821e-03 -7.09438417e-03]
 [ 8.16105958e-03 -2.83800386e-04 -8.32094345e-03 -2.65942253e-02
  -2.37123645e-03 -6.68668747e-03 -1.61829032e-02]
 [ 4.10212651e-02 -3.25553752e-02 -6.60961447e-03 -8.14021286e-03
   1.04365742e-03 -6.23375690e-03 -7.34689981e-02]
 [-4.65837074e-03 -2.39848364e-02 -9.25498665e-04 -1.38964318e-02
  -1.27937021e-02 -1.53951123e-02 -2.36040503e-02]
 [ 7.79370144e-02 -2.04807911e-02  4.63717356e-02 -2.80643143e-02
   4.17547710e-02  3.67832519e-02  4.30767834e-02]
 [ 4.51936154e-03 -3.73303965e-02 -9.28870961e-03 -2.90110949e-02
   3.35842483e-02 -3.36979069e-02 -3.56735140e-02]
 [ 3.30250822e-02 -2.28584632e-02  3.78128849e-02  9.39081144e-03
   3.65803316e-02  4.85668518e-03 -8.63887090e-03]
 [ 1.62937026e-02 -2.31122933e-02  8.73578526e-03 -3.28625366e-02
  -1.47241140e-02  1.99618507e-02 -2.11272351e-02]
 [ 2.85844896e-02  6.41799765e-04  3.73805664e-03  2.09678207e-02
   2.89586764e-02  3.75659466e-02 -9.00680944e-03]
 [ 1.47279045e-02 -1.07814008e-02  1.30868219e-02 -4.59057838e-03
   3.81891839e-02  1.75380595e-02  7.10591068e-03]
 [-2.40476634e-02  5.29224835e-02 -3.46620269e-02 -2.27999799e-02
  -2.69492269e-02  1.31970309e-02  1.00508863e-02]]"
0.9,"[[ 1.18531799e-02 -8.57005245e-04  2.89788581e-02  8.79094284e-03
   2.27818899e-02  9.23023839e-03  1.36225447e-02]
 [ 2.22860668e-02  4.12867703e-02  3.13435234e-02  3.04198116e-02
   4.93719131e-02  7.31652528e-02  4.68126275e-02]
 [-6.84009567e-02 -6.97725117e-02 -7.22951582e-03 -8.43292400e-02
  -2.91880630e-02 -5.87167926e-02 -6.43989444e-02]
 [-1.28969848e-01 -7.58229792e-02 -1.23924598e-01 -5.13426997e-02
  -1.41757220e-01 -1.43843874e-01 -1.61910638e-01]
 [ 4.06978168e-02  3.22645456e-02  5.74059263e-02  4.22605500e-02
   3.93215828e-02  4.28865105e-02  2.54844502e-02]
 [ 5.22949221e-03 -3.26209702e-02 -1.75657813e-02 -4.49433457e-03
  -2.17207684e-03  1.87320765e-02 -3.74412723e-02]
 [ 4.50707413e-03 -8.23547971e-03  1.16519332e-02 -1.80057194e-02
   1.94924213e-02  3.85263078e-02  3.08664944e-02]
 [-4.54903021e-02 -4.08949256e-02  5.25652952e-02 -3.28930914e-02
   1.71173867e-02 -5.91880875e-03  1.34770712e-02]
 [ 6.58313334e-02  9.04550031e-02  1.17874658e-02 -5.81326000e-02
   7.33916238e-02  6.48821369e-02  6.55960068e-02]
 [ 2.62076361e-03 -2.13414337e-02 -1.33944312e-02 -5.65353371e-02
  -2.27208529e-02 -2.54702265e-03 -1.04950797e-02]
 [-1.15053738e-02 -6.37887120e-02 -2.31813397e-02 -4.43617702e-02
  -1.21644372e-02 -2.35001892e-02 -4.39713411e-02]
 [ 6.25964850e-02 -2.43665501e-02  6.13967031e-02 -8.15696418e-02
   1.40187144e-01  1.94987450e-02  1.21596679e-01]
 [-1.98478531e-02  1.73320156e-03  3.37869264e-02 -1.76226012e-02
   9.17014491e-04 -3.76399346e-02 -8.33876256e-04]
 [-3.35199982e-02  3.63909081e-02  4.89480831e-02  1.23403808e-02
   3.33614205e-03 -1.16677461e-02  4.34862860e-02]
 [ 2.16366723e-02 -3.10265049e-02 -9.78499185e-03 -1.53313465e-02
   1.92078631e-02  2.31621247e-02  1.23122819e-02]
 [ 2.30801795e-02 -1.71986818e-02  1.31685231e-02  7.24799582e-04
   3.11027449e-02  3.26206237e-02 -1.42542375e-02]
 [ 5.81278987e-02  1.26083503e-02 -1.57503935e-03  6.76905084e-03
   3.07090953e-02  2.67891996e-02  2.43057963e-02]
 [ 9.68000293e-03 -4.06401727e-04  2.27286443e-02  3.90216671e-02
   1.46447839e-02  2.22717226e-02 -1.58677474e-02]
 [-3.51795740e-02 -4.82695960e-02 -2.84106918e-02 -5.71067259e-02
  -3.78172472e-02 -1.91098731e-02 -4.71724048e-02]
 [ 3.71161774e-02 -7.19976947e-02 -2.60790568e-02 -1.65296607e-02
   6.82862252e-02 -4.22123959e-03 -4.11942638e-02]
 [-1.27165942e-02 -2.44298149e-02 -1.61002725e-02 -8.00912548e-03
   2.72155600e-03 -5.44797338e-04 -2.43892856e-02]
 [-9.24795028e-03 -9.95080452e-03  5.43908682e-03  1.89202290e-03
   7.46249408e-03  6.52905554e-03 -1.22212842e-02]
 [ 4.00989130e-02 -2.88132709e-02  4.03158106e-02  2.67845318e-02
   4.79938723e-02  2.85868328e-02  6.67390414e-03]
 [-5.35707101e-02 -3.00524570e-02 -3.61860693e-02 -1.16495408e-01
  -3.56978737e-02 -7.28264228e-02 -1.80420950e-02]
 [ 6.84976131e-02  3.76932509e-02  7.69948065e-02  5.26706763e-02
   8.04260448e-02  6.12628609e-02  7.08283558e-02]
 [-1.93080828e-02 -2.52570026e-02 -3.00274640e-02 -5.95750734e-02
  -2.34801862e-02 -4.36077826e-02 -7.97267910e-03]
 [ 8.29543546e-02  6.61373213e-02  8.51422995e-02 -6.36317581e-02
   8.17116797e-02  9.11083296e-02  1.10112973e-01]
 [-2.17627250e-02 -2.26121452e-02 -3.51154953e-02 -8.15876666e-03
  -1.92061588e-02 -3.40492302e-03 -4.09293994e-02]
 [ 7.34141693e-02  7.27724880e-02  8.38678032e-02  4.32215184e-02
   2.08678306e-03  2.59827990e-02  1.84813775e-02]
 [-1.80206285e-03 -3.59266512e-02 -7.77233299e-03 -2.77487021e-02
  -3.35280262e-02 -7.74973026e-03 -1.74647756e-02]
 [ 5.00397459e-02  2.60744616e-02  7.57497251e-02  5.00373431e-02
   4.49768379e-02  4.24904339e-02  2.96850391e-02]
 [-1.12534827e-02 -7.37576559e-02  3.14900354e-02 -1.69355869e-02
   6.62869662e-02 -2.70925798e-02 -3.65898572e-02]
 [-2.02285945e-02 -1.56491436e-03  5.15192971e-02 -2.88133994e-02
   3.99868842e-03 -5.38179241e-02 -5.03845559e-03]
 [-3.95410880e-03 -4.11653221e-02 -5.41245826e-02 -1.23991013e-01
  -3.47316042e-02 -5.31157590e-02 -3.97870094e-02]
 [ 2.21682321e-02  1.62769388e-02  6.76334836e-03 -2.47427030e-03
   1.37010468e-02  1.78246498e-02 -6.83341315e-03]
 [ 1.22268293e-02  2.15179231e-02  4.48325463e-02 -1.89820095e-03
   3.44529189e-02  2.34205909e-02  3.26586403e-02]
 [-2.97292583e-02 -3.66476588e-02 -2.78459508e-02 -6.67134449e-02
  -5.47862332e-03 -4.34178784e-02 -1.60070416e-02]
 [-2.73874849e-02 -7.65185878e-02 -4.69734110e-02 -3.47795226e-02
  -9.82998684e-02 -7.78010115e-02 -1.45593390e-01]
 [ 4.18632627e-02 -8.38405360e-03  5.12431301e-02  4.37110364e-02
   6.94279745e-03  1.49989827e-03 -9.33079422e-03]
 [ 2.75400374e-02 -1.29838735e-01  1.58148666e-03 -1.26033336e-01
  -8.61143600e-03 -5.66341877e-02 -2.09844802e-02]
 [ 8.70015845e-02  3.50413844e-02  1.27137616e-01  3.63323726e-02
   1.41190663e-01  9.79460776e-02  1.02949351e-01]
 [ 2.01191995e-02  1.70092806e-02  4.02576961e-02  2.41400898e-02
   1.92939322e-02  1.26224635e-02  6.85067326e-02]
 [ 7.56822750e-02 -2.20037322e-03  4.86581475e-02  3.11688753e-03
  -1.48719903e-02 -1.50338933e-02  2.87420098e-02]
 [ 2.79253200e-02  8.95736832e-03  2.21849289e-02  1.01894522e-02
   2.40306370e-02  1.30672762e-02  1.50435418e-02]
 [-6.25753542e-03 -1.03869643e-02  2.37381924e-03 -3.53322811e-02
  -4.98852413e-03 -3.66908610e-02  8.13787337e-03]
 [-1.10860644e-02 -2.84780804e-02 -2.38433648e-02 -1.19080963e-02
  -1.63833853e-02  1.08292447e-02 -4.11149040e-02]
 [-8.12908486e-02 -1.01197086e-01 -5.34720998e-03 -1.67340636e-02
  -1.48579227e-02 -1.08775772e-01  2.58349963e-02]
 [ 2.24810243e-02 -1.80112962e-02  2.55738907e-02 -3.34793213e-03
   3.40248123e-02  3.14033441e-02  4.53465944e-03]
 [ 3.87346148e-02  3.73220295e-02  3.99713702e-02  4.29083668e-02
   5.02071753e-02  1.76686905e-02  3.72858047e-02]
 [ 1.94910597e-02 -2.08361577e-02  2.52001192e-02  1.79158561e-02
   1.98565200e-02  1.93678588e-02 -1.95153914e-02]
 [ 1.98337417e-02  2.99541540e-02 -2.82453727e-02 -2.25887559e-02
   2.39533298e-02  2.88932342e-02  3.88029739e-02]
 [-1.17651625e-02 -1.90818345e-03 -9.49847046e-03 -3.66902575e-02
   8.58240761e-03 -4.91399132e-03 -1.67023286e-03]
 [-1.41865462e-02 -1.26294931e-02 -1.19710742e-02 -3.74836028e-02
  -1.37467626e-02 -1.40673695e-02 -2.42498145e-02]
 [ 2.41291132e-02 -3.54895778e-02 -8.50492716e-03 -8.96041468e-03
   1.60600916e-02  3.64418849e-02 -4.84739169e-02]
 [-4.20128591e-02 -5.68969771e-02 -4.02149446e-02 -3.66826281e-02
  -4.58265431e-02 -5.79199344e-02 -5.16067818e-02]
 [ 1.13439813e-01  2.20091883e-02  7.60465413e-02 -6.13034703e-03
   7.31363297e-02  6.10225648e-02  8.71907994e-02]
 [-4.31569964e-02 -5.84756285e-02 -2.98095383e-02 -5.52362539e-02
   2.01622621e-04 -3.94839086e-02 -5.68102337e-02]
 [ 3.95133421e-02 -4.66383608e-05  6.07434027e-02  3.18953656e-02
   6.10505603e-02  5.07057533e-02  1.63225643e-02]
 [-4.98688128e-03 -2.45083459e-02  2.49417056e-03 -5.15475124e-02
  -1.46347685e-02  1.64326821e-02  8.38476524e-04]
 [ 4.11382392e-02  1.02404151e-02  2.64665410e-02  3.65832970e-02
   4.35797535e-02  6.75637722e-02  1.38683710e-02]
 [ 1.01815918e-02 -1.09311305e-02  1.58630759e-02 -3.63336410e-03
   2.81873960e-02  1.88587364e-02  1.19038187e-02]
 [-2.87117139e-02  1.60236303e-02 -3.86861339e-02 -4.28039879e-02
  -4.38714586e-02 -1.59598477e-02 -1.33904358e-02]]"
