0.006713937,-0.007154393,0.021211915,0.00051632687,0.017582271,0.0038816032,0.007998945
-0.0024363417,0.014616958,0.0023419394,0.016020084,0.022224333,0.038513094,0.013337459
-0.0071196035,-0.0316209,0.02452377,-0.058728103,0.026298976,-0.04820609,-0.028618516
-0.05267777,0.0019843664,-0.04531656,-0.0010266576,-0.07598191,-0.06328407,-0.08358476
0.013068827,0.0063675675,0.030857107,0.01782305,0.009705982,0.01814688,0.0025692938
0.033405893,-0.009630546,-0.009582877,-0.000730188,0.019511627,0.028695356,-0.022764353
0.017090686,-0.004624564,0.0029250374,0.0037187252,0.01129268,0.023322858,0.0114226015
-0.04103652,-0.03786226,0.07437743,-0.01245972,0.039704967,0.006286613,0.01016868
0.08084708,0.050510515,-0.035798743,-0.07368246,0.024833724,0.02541861,-0.000685195
0.025082123,-0.005533705,0.0015066067,-0.03667212,-0.008403542,0.0065149874,0.001096764
0.02947925,-0.031861294,8.5759326e-05,-0.026467536,0.02215246,-0.015303716,-0.025375802
0.12629266,-0.028283123,0.0311617,-0.080768034,0.14351082,0.011382175,0.09574205
-0.017524328,0.00040650822,0.040591683,-0.021471981,0.006129611,-0.043325115,0.007420903
-0.0578842,0.024857378,0.02304305,0.008340594,-0.004982251,-0.032680858,0.06375263
0.03790049,-0.01738192,0.00052753475,-0.004893131,0.023420043,0.029566558,0.0051267347
0.033469792,-0.018685844,0.0063004983,-0.004833263,0.03374074,0.02422363,-0.02466146
0.05554236,0.01375873,-0.02015483,-0.0077516735,0.024244715,0.02862757,0.028296622
-0.0062832963,-0.004454981,0.0120696295,0.026175097,0.004326881,-0.0021206553,-0.018981408
0.0033078664,-0.019460859,0.010016303,-0.031079035,-0.009693735,0.010213639,-0.042676922
0.10991748,-0.0391268,-0.01150536,-0.026526721,0.07390377,-0.030352853,-0.09077288
0.0043111644,-0.012050641,-0.007802841,-0.0024084852,0.012666295,0.0029734236,-0.02259837
0.003136783,-0.0026138092,0.0070330286,0.006732133,0.00820505,-0.0026122679,-0.018508416
0.041085195,-0.037179884,0.038349304,0.009516096,0.038020045,0.016538749,-0.020229928
-0.0006916588,0.010498226,-0.001536336,-0.06850571,0.0002806226,-0.042458978,0.002549906
0.037590165,-0.0009267288,0.033736873,0.012031845,0.0407358,0.029031174,0.03549151
0.008244332,-0.0066034356,-0.0067852223,-0.027141327,-0.0058218976,-0.011783642,0.013808617
0.053938556,0.04549884,0.056124795,-0.06786656,0.0573111,0.07360094,0.05804132
-0.010849443,-0.0114927525,-0.017503925,0.009207221,-0.011510249,0.008728136,-0.04098651
0.04857945,0.02506516,0.042144015,-0.005021217,-0.04623371,0.008296391,-0.00026570604
0.045139518,-0.005683673,0.012592105,-0.014724534,-0.023098137,0.015446051,-0.026384579
0.026313914,-0.0022571143,0.043732405,0.012754204,0.015189935,0.0062021744,0.009248579
0.046218086,-0.058024447,0.021885363,-0.035152476,0.09542958,-0.07279112,-0.017163675
0.005004892,-0.0031435722,0.042410433,-0.040836878,0.015167787,-0.056914765,0.004398521
0.014843865,-0.0007674849,-0.015918382,-0.06616197,0.009490286,-0.013206543,0.0069583626
0.026301473,0.012718291,-0.0048266044,-0.0033406937,0.0046848166,0.01362516,-0.011242983
0.0037419025,0.010631802,0.02734687,-0.0096058,0.020115113,0.0017947723,0.015885675
-0.010346024,-0.0038946269,-0.006683491,-0.03264736,0.028364826,-0.03011085,0.013980178
0.029108912,-0.024043517,0.0047186445,-0.024103556,-0.052042384,-0.026425615,-0.10208278
0.04122633,-0.023318483,0.032729853,0.016908348,-0.004529875,0.0059095467,0.0049805376
0.1261085,-0.05647899,0.053798437,-0.078691766,0.042326625,-0.014057147,0.009687517
0.060300432,-0.008556622,0.064711064,0.005913622,0.08940479,0.014916095,0.051690083
0.00960553,0.013249398,0.031307884,0.0138409035,-0.006866579,0.013025354,0.054081
0.075331464,-0.018208154,0.049278576,-0.013113333,-0.043108154,0.0070583513,0.0257933
0.026297787,0.0015737739,0.011140113,-0.0038368283,0.014561002,0.0077691083,-0.0012305549
-0.0019687894,-0.002989323,0.006184285,-0.022702627,0.012725284,-0.017761698,0.03943011
0.0061326176,-0.01072163,-0.010540874,0.0015551699,-0.0006089325,0.014008358,-0.037522748
-0.01705676,-0.054140028,0.029352399,0.025404904,0.027229615,-0.03655984,0.08116705
0.02561602,-0.018813217,0.021631163,-0.006083897,0.039170418,0.026190799,-0.0009814595
0.0027163653,0.013666272,0.020179857,0.021767579,0.022810487,0.0070816255,0.013967177
0.02567814,-0.021202937,0.022174489,0.0049097305,0.021898737,0.013686164,-0.029712826
0.008688471,0.021493774,-0.047144275,-0.019116668,0.020912938,0.025701653,0.023171626
-0.008404317,-0.002059002,0.001966755,-0.01731606,0.012349917,-0.0026326375,-0.0052101957
0.0099011995,0.000587669,-0.004381984,-0.028193507,0.0011606661,-0.010822562,-0.015437876
0.05096072,-0.029801322,-0.009122911,-0.007055694,0.008555246,0.0017583433,-0.08012402
-0.0036225964,-0.021765403,0.00039616122,-0.011688704,-0.011237875,-0.019582383,-0.028042722
0.06953605,-0.008368404,0.053726863,-0.022539739,0.0417517,0.044905778,0.05586893
0.006025664,-0.028717518,-0.012242362,-0.033680174,0.040522512,-0.03703783,-0.040974386
0.02926002,-0.022561697,0.03522551,0.0039189556,0.041285705,0.005783696,-0.010745
0.024797909,-0.016087363,0.017475478,-0.032489225,-0.011651828,0.02737541,-0.02120228
0.027281733,-0.0027448053,0.004526545,0.01688619,0.026992884,0.040666252,-0.012532126
0.009875657,-0.010246848,0.014291622,-0.011461535,0.036194995,0.014785354,0.007369365
-0.015911948,0.04127936,-0.025147147,-0.01731979,-0.032932136,0.010890815,0.0055281515
