0.012993452,-0.00033200972,0.025956793,0.0054374267,0.022736399,0.0033069951,0.01748607
0.024346035,0.033463072,0.03108919,0.0328089,0.03333552,0.06461867,0.04388151
-0.05565868,-0.07284837,-0.01098724,-0.09083266,-0.017243823,-0.07691204,-0.05964263
-0.1335289,-0.060246475,-0.124345206,-0.086118825,-0.14068578,-0.114977874,-0.18445516
0.037457056,0.028360112,0.050331295,0.038143888,0.03472665,0.041106176,0.030827332
0.015682673,-0.027502973,-0.019918565,-0.012777754,0.003910561,0.033155914,-0.04851348
0.0126153575,-0.016593333,0.012965985,0.0034501683,0.008436733,0.018167026,0.034071553
-0.030617261,-0.05611164,0.04812051,-0.033272352,0.011450157,-0.02661691,0.023715435
0.056490004,0.07834391,0.035895135,-0.04193143,0.060875934,0.067121394,0.07937198
0.005448071,-0.025327645,-0.007907088,-0.04063958,-0.021438347,-0.0057647424,-0.011809809
-0.0033231638,-0.060429435,-0.018283313,-0.040248275,-0.00033458907,-0.03090168,-0.04606558
0.084430486,-0.03641838,0.0721916,-0.083593935,0.15490565,0.009057066,0.13613328
-0.025674855,-0.0068502952,0.029043762,-0.032373272,0.0036673383,-0.046128772,0.0037864866
-0.038009387,0.038305733,0.027005835,0.011714594,-0.0035026707,-0.039243553,0.053253908
0.026095448,-0.032119237,-0.00020917093,-0.013593963,0.0143986,0.020110417,0.0008966205
0.031436387,-0.016666614,0.015045443,0.0013637634,0.033791408,0.034947928,-0.012250782
0.0542611,0.025483908,0.00072780816,0.0069003147,0.039762452,0.041062947,0.021031277
0.004619202,0.00039017695,0.015194497,0.028317213,0.009428689,0.011255088,-0.020734532
-0.028585818,-0.050922558,-0.018672904,-0.05585796,-0.04185376,-0.021082586,-0.052558467
0.031368107,-0.08117658,-0.0015649177,-0.06032489,0.07826519,-0.017156903,-0.0587813
-0.010254015,-0.018007888,-0.011314511,-0.012071841,-0.0020628434,-0.006225069,-0.029553516
-0.007947205,-0.013055259,0.004738027,-0.0034803713,0.0024002185,-0.00013315363,-0.015090501
0.046484437,-0.03197989,0.044495083,0.019079711,0.048761625,0.02241218,0.0057752132
-0.060037013,-0.036398754,-0.025386158,-0.11072842,-0.031310398,-0.08316506,-0.010253156
0.06941215,0.036495272,0.07146366,0.046207733,0.07770642,0.05444725,0.077055804
-0.018014919,-0.026777374,-0.021958418,-0.04932984,-0.023479113,-0.037493285,-0.0062575894
0.07065243,0.048092544,0.09418408,-0.04514965,0.08139061,0.08407717,0.12907274
-0.020621978,-0.021077516,-0.027394755,-0.005526621,-0.028240057,-0.0012062531,-0.04619904
0.07237561,0.06815651,0.0672212,0.048191722,0.011854561,0.049711995,0.038528226
0.0066353534,-0.037055396,-0.006840879,-0.027132856,-0.02903559,-0.0075550084,-0.020765506
0.0498761,0.021378066,0.063579164,0.040935718,0.04594699,0.0348021,0.033950035
0.0012604055,-0.07243589,0.024772247,-0.049779356,0.07998941,-0.06180685,-0.040567774
-0.016257336,-0.0023048087,0.038240302,-0.037740026,0.023129502,-0.06335544,0.019242497
-0.01771589,-0.03853013,-0.036937762,-0.09314788,-0.021504477,-0.04622816,-0.029471552
0.020177644,0.015737142,0.006788671,-0.0012311375,0.013067577,0.029150058,-0.0036618551
0.008213978,0.016151194,0.04142159,-0.004001216,0.028578179,0.0073837573,0.03872841
-0.03735662,-0.03169335,-0.021063752,-0.060337763,-0.00015983371,-0.05779499,-0.012782594
-0.027024074,-0.0650049,-0.050874684,-0.053804856,-0.07463745,-0.05200411,-0.1502982
0.053729422,-0.0011017027,0.033635784,0.040256396,0.019482778,0.016542789,-0.0009808765
0.037925385,-0.13467239,0.011963286,-0.120685846,0.013809714,-0.0694816,-0.025195342
0.08740351,0.019479541,0.12170687,0.040749855,0.12804472,0.058766037,0.11310689
0.014228253,0.018177396,0.036353927,0.014254421,0.005405488,-0.0035815677,0.060218215
0.07688126,-0.007519249,0.046240374,0.0130469445,-0.0048814006,0.0011774151,0.035310656
0.027283028,0.0077015143,0.021771092,0.005222102,0.030533466,0.01673807,0.02012991
-0.005612471,-0.0066887955,-0.0016172989,-0.028463969,0.0064031966,-0.0329508,0.01785707
-0.0058737095,-0.027603934,-0.021248132,-0.0075856894,-0.016715473,0.011753404,-0.046197843
-0.05293003,-0.076612845,-0.015401493,-0.019334916,-0.01549716,-0.12482081,0.027590422
0.0306402,-0.0192233,0.025772536,-0.0015649473,0.036314704,0.030405726,0.006155301
0.026762148,0.03649174,0.040439967,0.031520374,0.049074836,0.0247386,0.043531742
0.026274793,-0.022265976,0.021012478,0.008591972,0.027224442,0.021804873,-0.017538074
0.01736134,0.034392707,-0.018199539,-0.0027597207,0.029255321,0.031490553,0.048228152
-0.014866777,-0.010502162,0.0015387774,-0.030494185,-4.5680154e-05,-0.006016979,-0.00050387776
-0.012665135,-0.012069781,-0.009976299,-0.035090763,-0.010082292,-0.016135126,-0.02211163
0.025576586,-0.044536296,0.0015297268,-0.0048612026,0.011653182,0.017714191,-0.05226275
-0.036870316,-0.05266418,-0.03513331,-0.04137384,-0.039213434,-0.052021652,-0.056005087
0.10602157,0.014133014,0.08528567,0.019878998,0.08009954,0.058302324,0.10111001
-0.03536708,-0.056662202,-0.02552624,-0.05914652,0.012070019,-0.051414017,-0.050738543
0.04358067,-0.0071019656,0.05669889,0.02470859,0.05814986,0.031513963,0.017812433
0.0050738635,-0.036305282,0.009699757,-0.03731085,-0.021635884,0.0044933623,0.0036072107
0.044594735,0.010732708,0.025816705,0.036092192,0.039555114,0.06418066,0.010419695
0.013998859,-0.009297227,0.017414434,-0.008504259,0.031196197,0.01413696,0.010745901
-0.03916671,0.022104867,-0.03674194,-0.040665306,-0.05174317,-0.0089372,-0.018675946
