0.3955286,0.4002869,0.38007385,0.39420408,0.37018067,0.40486366,0.34775725,0.32797667,0.23251985,0.24064279,0.18878974,0.17027763
-0.44000846,-0.43828896,-0.4300794,-0.43362802,-0.42352962,-0.41783,-0.3851596,-0.3575871,-0.3177884,-0.2827298,-0.24257177,-0.19053711
0.32793552,0.3072358,0.29508373,0.2836416,0.27304667,0.25544035,0.23040055,0.20850605,0.19445476,0.1774912,0.1589777,0.13266997
0.07787787,0.06810778,0.06355278,0.056640327,0.049660735,0.04642489,0.044968635,0.045950446,0.044093322,0.043056168,0.046275426,0.051685687
0.22067451,0.22147557,0.21655992,0.21812207,0.20989811,0.20619097,0.19002624,0.18153901,0.17426512,0.15493594,0.13378823,0.11536723
0.37025398,0.34469882,0.32825023,0.3196378,0.30633765,0.28945386,0.27849287,0.2700092,0.26429677,0.2620493,0.26420638,0.2699987
0.66583157,0.62803817,0.60677326,0.5863145,0.566664,0.5307583,0.4973478,0.47297716,0.4656516,0.43779582,0.42069274,0.3981302
-0.15894097,-0.15682529,-0.1536565,-0.15446039,-0.15438314,-0.1514125,-0.14254662,-0.13762964,-0.13239221,-0.12354782,-0.10650474,-0.09197718
-0.3303689,-0.3136542,-0.300816,-0.29278833,-0.2834654,-0.2793215,-0.26054943,-0.24430968,-0.22230004,-0.20232251,-0.18769364,-0.1662378
-0.4756227,-0.4360909,-0.41590434,-0.38490695,-0.37996295,-0.354347,-0.32803568,-0.2882101,-0.24380437,-0.22656366,-0.22721317,-0.18481475
0.084028564,0.09875156,0.10457369,0.11024262,0.1152869,0.12220455,0.10477489,0.09090595,0.0876897,0.07160851,0.056853898,0.040057603
0.59835756,0.55298734,0.51436096,0.48735252,0.4516768,0.41814965,0.38111666,0.3462206,0.3298701,0.30944914,0.27058336,0.24490309
0.13973005,0.14693582,0.14855023,0.155431,0.15236042,0.15215586,0.138749,0.13025476,0.11485526,0.0996499,0.08442002,0.061430454
-0.2402723,-0.22795588,-0.21463959,-0.20714054,-0.19209123,-0.18762124,-0.17234778,-0.16052505,-0.14298093,-0.12989414,-0.11366003,-0.10108245
-0.88760096,-0.8278569,-0.77747476,-0.7474275,-0.7147192,-0.6836262,-0.639304,-0.6061131,-0.55744946,-0.5211489,-0.4951478,-0.46048552
-0.117899336,-0.11383639,-0.11050741,-0.11339735,-0.11307799,-0.11414016,-0.1109185,-0.11040747,-0.10638339,-0.10210819,-0.10237343,-0.09949973
0.099621184,0.09483823,0.090445176,0.08682832,0.08355339,0.07661644,0.070648395,0.06511022,0.06693327,0.05987238,0.051261783,0.043898687
-0.09593458,-0.06982349,-0.059925195,-0.037258092,-0.036483068,-0.020538628,-0.02012391,-0.018728945,-0.03155084,-0.035519786,-0.048578832,-0.058622073
-0.011653611,-0.020002976,-0.026175072,-0.03999427,-0.04411106,-0.052230157,-0.05587265,-0.06382367,-0.06461151,-0.06747777,-0.062356558,-0.0626421
0.27127433,0.2404863,0.22108369,0.20131062,0.19274074,0.17852727,0.16792277,0.16083062,0.15143381,0.14424539,0.14162779,0.13895708
-0.16849956,-0.13287434,-0.117801145,-0.09668431,-0.093068674,-0.08592144,-0.08453737,-0.083362736,-0.083306685,-0.08344327,-0.08893143,-0.09422566
0.19017684,0.17018043,0.1553289,0.1410556,0.13156457,0.12808627,0.11951328,0.110585004,0.0975264,0.09500797,0.099944055,0.09892161
0.10936104,0.10431956,0.0981639,0.09624855,0.091358416,0.08521551,0.07922674,0.073564865,0.06543624,0.062384762,0.05430519,0.04205793
0.52616984,0.4889878,0.46354875,0.44411018,0.42398486,0.4011256,0.3727541,0.34981906,0.322449,0.2953569,0.273753,0.2455706
0.22846521,0.21714315,0.20986964,0.20665114,0.19594553,0.18657015,0.17493269,0.1675409,0.16186908,0.14996856,0.13348004,0.122118026
-0.1334312,-0.12332195,-0.120136686,-0.11623744,-0.1063272,-0.0978656,-0.09379534,-0.08705068,-0.092649296,-0.08960386,-0.081541985,-0.08009189
0.2090174,0.18834406,0.17861167,0.16839966,0.16261102,0.15610793,0.1503274,0.14534687,0.1435044,0.13797875,0.1339583,0.13116811
-0.049290426,-0.054062553,-0.05464443,-0.057830706,-0.0601865,-0.066693574,-0.061928447,-0.058551766,-0.04748667,-0.04204543,-0.036377043,-0.027223006
0.66326666,0.633811,0.60648185,0.5899831,0.5688305,0.5432291,0.4998632,0.46876377,0.4390324,0.40453237,0.36461863,0.3254067
0.1476582,0.13757259,0.13025308,0.12582542,0.1209751,0.11288567,0.10534616,0.097340055,0.08909497,0.08129341,0.077345654,0.06899294
0.22774097,0.20670392,0.19005214,0.17389755,0.15748212,0.14915259,0.12645614,0.11918988,0.10702031,0.10335135,0.09171208,0.09532629
-0.10472723,-0.078606434,-0.07068538,-0.049709473,-0.03847995,-0.031418968,-0.03899605,-0.046642527,-0.051084876,-0.055007733,-0.07669222,-0.096751295
-0.19250998,-0.15484579,-0.1315142,-0.105055586,-0.08880167,-0.07090463,-0.06544565,-0.059565265,-0.060414996,-0.07090432,-0.07788183,-0.09497478
-0.36091793,-0.3289451,-0.30917555,-0.29078412,-0.27303496,-0.2600022,-0.24531625,-0.23166694,-0.22644731,-0.21542779,-0.20526159,-0.1975768
0.017012555,0.02732588,0.031645946,0.040576793,0.038017176,0.045051128,0.041295573,0.038805418,0.039020546,0.033935264,0.024025904,0.020160787
-0.08350643,-0.07426449,-0.066487364,-0.060780186,-0.053483915,-0.050068974,-0.04387831,-0.038091224,-0.026896136,-0.022313453,-0.016270952,-0.011454914
0.35053185,0.33084422,0.32411286,0.30510968,0.28967053,0.25945574,0.24586616,0.22091527,0.23276961,0.19918953,0.17468815,0.14180098
0.03656661,0.038645968,0.040096514,0.043545622,0.053291652,0.04501749,0.04261663,0.04824848,0.04674006,0.03995895,0.034268923,0.025631644
-0.008779615,-0.014884532,-0.014374414,-0.015102537,-0.01660169,-0.018526401,-0.009836184,-0.0045180116,0.008502582,0.014530532,0.027044747,0.0418611
-0.17992368,-0.1696309,-0.16553803,-0.16593882,-0.1643352,-0.15802711,-0.1547772,-0.15581736,-0.15410657,-0.14826037,-0.14073972,-0.13592327
-0.18413073,-0.17439474,-0.17170891,-0.1653543,-0.15845875,-0.15397294,-0.14365765,-0.13483922,-0.13588886,-0.12032902,-0.107334465,-0.093010396
-0.51783216,-0.5079577,-0.49474356,-0.49302074,-0.47632882,-0.47293788,-0.4352582,-0.40797776,-0.38006872,-0.34783682,-0.3124283,-0.27344614
0.06436735,0.061556026,0.058294564,0.056313258,0.054834668,0.05283415,0.04939697,0.046327878,0.039138366,0.03560794,0.03515785,0.03190704
0.14133476,0.12630749,0.11652849,0.10479884,0.09690707,0.09790704,0.091040306,0.08824477,0.07961194,0.07431064,0.07512442,0.07599183
-0.3365675,-0.33995676,-0.33447206,-0.34346968,-0.33502045,-0.3388567,-0.3167891,-0.3010721,-0.2707144,-0.2415162,-0.21257164,-0.1762873
0.15114233,0.13613473,0.12683684,0.1176521,0.105817065,0.100533605,0.09641964,0.08849297,0.08689434,0.085951544,0.084381066,0.085357085
0.25187987,0.26304504,0.26259044,0.27565804,0.27094993,0.2763468,0.26060045,0.24906346,0.2222631,0.19418909,0.16505548,0.12844735
-0.08134723,-0.07245864,-0.06707193,-0.06444431,-0.055894814,-0.05732413,-0.054449726,-0.04979448,-0.048140623,-0.052187726,-0.0539074,-0.06119772
-0.08620564,-0.08548659,-0.08559921,-0.086519115,-0.08771991,-0.08581829,-0.07959171,-0.07490578,-0.067510895,-0.061742283,-0.055026837,-0.04315495
-0.19969685,-0.17495786,-0.15863079,-0.13934956,-0.12767214,-0.11862597,-0.10678738,-0.095842384,-0.08741999,-0.085332096,-0.082516566,-0.08618963
0.085284665,0.081370994,0.07815506,0.07720516,0.07762995,0.07569899,0.071776904,0.069896884,0.062528744,0.060918607,0.061381202,0.058251634
0.14034271,0.121451914,0.10957627,0.09593297,0.09090036,0.08352108,0.07800713,0.07154569,0.061989315,0.064615786,0.06917428,0.06992225
-0.2352672,-0.21089986,-0.19765468,-0.18379793,-0.17310508,-0.15926819,-0.15470323,-0.15500337,-0.16280083,-0.15239455,-0.15285191,-0.15607503
0.2986793,0.2788822,0.26322234,0.25251317,0.24012485,0.23587418,0.2247004,0.22320764,0.2187662,0.20686021,0.20305544,0.20796356
0.14837961,0.14803194,0.14220423,0.1431492,0.12984157,0.12645718,0.11975328,0.12585467,0.12161213,0.107055426,0.08789392,0.084068954
0.59455657,0.5521259,0.51828855,0.501952,0.47981393,0.45809832,0.4356756,0.41616577,0.3882832,0.37342858,0.3620029,0.3440272
0.075100236,0.050269656,0.02872222,0.01769997,-0.003447663,0.0066787796,0.008416006,0.010077712,-0.016930016,0.00372653,0.025716785,0.051441696
0.11228355,0.09077226,0.077929586,0.06424873,0.058695063,0.051165517,0.046213016,0.043339476,0.038274758,0.041038953,0.042722277,0.044645756
-0.37985688,-0.3406234,-0.3227522,-0.30070537,-0.27500823,-0.2495617,-0.23365742,-0.19244939,-0.20681801,-0.213039,-0.21563771,-0.22585213
0.3994335,0.3809768,0.3631642,0.37490028,0.36781532,0.35613286,0.35148662,0.34948495,0.3374767,0.32794726,0.31490102,0.30254433
0.078611396,0.090668865,0.09053513,0.103341535,0.10651357,0.110823184,0.100391224,0.09429513,0.07055026,0.06407339,0.05040141,0.029327016
0.15465301,0.13332027,0.12358494,0.10653183,0.097395085,0.091266975,0.08940388,0.08061651,0.078801155,0.076487064,0.08416774,0.088908054
-0.35467404,-0.33987796,-0.30053735,-0.30325243,-0.27500486,-0.2615623,-0.21881148,-0.18027559,-0.14092924,-0.13152708,-0.087936126,-0.058359295
-0.06632819,-0.0561975,-0.05384519,-0.045546435,-0.042273458,-0.034930855,-0.033217393,-0.03238007,-0.037238285,-0.035327468,-0.037779555,-0.038197666
0.32045236,0.2733085,0.2479319,0.21315868,0.19641152,0.16870397,0.15719011,0.14159983,0.14546068,0.146981,0.15761805,0.16394359
0.012250034,-0.007927123,-0.01625435,-0.036861233,-0.04493857,-0.051057786,-0.051043823,-0.060518168,-0.05037974,-0.04202185,-0.029863663,-0.019271122
-0.08318147,-0.07782009,-0.07414395,-0.069804616,-0.067138135,-0.068617605,-0.067811206,-0.07043398,-0.062463153,-0.054866526,-0.05441583,-0.052972656
0.46286926,0.43947232,0.43041563,0.41499528,0.4059377,0.39125076,0.37212834,0.36166412,0.35664845,0.3278424,0.31572855,0.29122904
0.22332494,0.22076574,0.21913753,0.21797396,0.21321456,0.20881987,0.19669922,0.1818118,0.16904609,0.14878769,0.13038532,0.10072978
0.00862073,0.000114031136,-0.002901258,-0.008095248,-0.0076021794,-0.011084508,-0.004032243,0.0031360928,0.010831261,0.016586501,0.026389528,0.036465615
0.1365229,0.13705266,0.13393489,0.1390094,0.13813281,0.14088726,0.13267966,0.12594499,0.11071401,0.09961072,0.09050317,0.07914924
-0.062385626,-0.061037455,-0.058034945,-0.05704144,-0.05591737,-0.05314047,-0.047478247,-0.044909492,-0.039058965,-0.03291175,-0.024498072,-0.019073267
0.1233101,0.11531851,0.10595485,0.102166995,0.09544057,0.0914252,0.08563869,0.079447456,0.08947145,0.09140466,0.08858775,0.09602839
0.0971542,0.07170589,0.065154985,0.04176282,0.031151038,0.025648799,0.027995687,0.024186794,0.032963872,0.039103135,0.054937623,0.072181724
-0.063423954,-0.066024005,-0.063534744,-0.06369687,-0.06133046,-0.059531555,-0.053624727,-0.050582387,-0.041434184,-0.033080976,-0.02420704,-0.015949406
-0.2102988,-0.19896884,-0.1896616,-0.18242782,-0.17461216,-0.16836046,-0.15408456,-0.14403863,-0.1328339,-0.12006236,-0.10697703,-0.09072048
-0.07180598,-0.05606533,-0.04870022,-0.040129244,-0.03531059,-0.025408328,-0.028455675,-0.02803418,-0.034703054,-0.039924107,-0.045562007,-0.057963636
-0.37351117,-0.3301421,-0.29640895,-0.27335885,-0.24684617,-0.2270908,-0.20911969,-0.18388866,-0.17593211,-0.18113428,-0.18253471,-0.18539433
0.11569462,0.10011653,0.09091206,0.08195825,0.077529766,0.066935144,0.061361574,0.0501938,0.04976155,0.046066307,0.043241218,0.03524298
0.3214569,0.28462213,0.26554444,0.24457604,0.23187913,0.21435785,0.20880584,0.20344807,0.20742658,0.20838651,0.21427777,0.22065552
-0.4915173,-0.4507559,-0.42793375,-0.40714172,-0.39128307,-0.37415403,-0.35608312,-0.34558022,-0.33290094,-0.3193883,-0.31125918,-0.3005129
0.10146934,0.091709554,0.090434454,0.08490175,0.08345431,0.07553404,0.07578535,0.06888242,0.07342399,0.06554435,0.06819864,0.06311831
-0.5367483,-0.4954949,-0.4791373,-0.4562544,-0.44577923,-0.41778225,-0.39748865,-0.38171548,-0.35961822,-0.3295066,-0.3190096,-0.2910717
-0.10255211,-0.098927766,-0.093504466,-0.088998936,-0.08589631,-0.0839583,-0.0732788,-0.05976768,-0.05453589,-0.048144877,-0.04429786,-0.034226462
0.21703961,0.19824988,0.18375406,0.17538537,0.16034926,0.1463432,0.13402171,0.115385056,0.11192087,0.10469946,0.08246511,0.06562842
-0.17996901,-0.1985327,-0.20522635,-0.22241011,-0.22628596,-0.23145728,-0.21350852,-0.2020854,-0.17882106,-0.15190664,-0.11673561,-0.07278021
-0.42086777,-0.38207296,-0.35973397,-0.3383916,-0.32099578,-0.3040531,-0.29253086,-0.28433317,-0.27680886,-0.2674837,-0.26252583,-0.2619838
-0.01760705,-0.01572825,-0.012753879,-0.009960359,-0.0072440878,-0.0022881026,-0.002404996,-0.0015769729,-0.0020157935,0.0014178497,0.0019487411,0.004785874
-0.048666693,-0.030688949,-0.019791594,-0.007875076,-0.0033178274,0.0049626846,0.0074417517,0.004240418,-0.0015700897,-0.00011316873,-0.0028299093,-0.0049249358
0.20081626,0.19121103,0.18812665,0.18309486,0.18711476,0.19606593,0.19199502,0.1922443,0.17898938,0.16443393,0.1713651,0.15819557
0.087122835,0.092025325,0.0908021,0.09324391,0.09208205,0.09534368,0.084431425,0.074200526,0.04715898,0.035957955,0.023239076,0.0028333906
0.46217424,0.41328937,0.37740198,0.33966318,0.31263024,0.28754056,0.25743824,0.23385635,0.21368088,0.2043321,0.19201265,0.18942316
0.122709,0.12857994,0.12894984,0.13356563,0.13309671,0.13912448,0.13222119,0.13129804,0.12207188,0.10463116,0.09133661,0.070978254
-0.0951037,-0.10120557,-0.09899092,-0.10711174,-0.101473376,-0.106241405,-0.097792,-0.09773167,-0.091927074,-0.08183427,-0.06029585,-0.046513222
0.10166872,0.08694893,0.07814242,0.068694055,0.061926816,0.055608332,0.057088688,0.058635637,0.059506614,0.054638397,0.058475114,0.065232575
-0.047333274,-0.047035296,-0.044120505,-0.045401834,-0.044299074,-0.041445717,-0.03709683,-0.036662787,-0.030349873,-0.026980804,-0.019907676,-0.016381996
0.06855069,0.063497335,0.057254594,0.056095958,0.04797945,0.04315339,0.04216294,0.03979467,0.05257556,0.059179492,0.049547333,0.053183142
-0.05147194,-0.011204869,-0.010329835,-0.0021555573,-0.004688658,0.012723729,-0.02127821,-0.062057912,-0.093783095,-0.10337326,-0.12620655,-0.1435256
0.014648521,0.012243867,0.01356447,0.014880293,0.018167965,0.0151256,0.020056292,0.029533729,0.030586828,0.027785832,0.03113971,0.03436196
-0.4794433,-0.46030357,-0.44314414,-0.43492216,-0.41455498,-0.39836448,-0.36907327,-0.33822665,-0.30616271,-0.2792041,-0.24201632,-0.2008263
-0.6027658,-0.571006,-0.5455214,-0.53343374,-0.5129163,-0.4901224,-0.4564124,-0.43275002,-0.40922037,-0.38089186,-0.35150924,-0.32177222
-0.7757668,-0.7220123,-0.6784728,-0.6517622,-0.6195224,-0.58316094,-0.55250156,-0.5282194,-0.4886427,-0.46604705,-0.44131413,-0.41562715
0.29430634,0.26337823,0.23720828,0.21597637,0.19517058,0.18379116,0.16713321,0.15020984,0.14175564,0.14164427,0.13532394,0.13854355
0.24472228,0.23404719,0.22635756,0.22388789,0.21796551,0.21081966,0.19681358,0.19058546,0.18358043,0.16817336,0.15178059,0.1359401
0.254829,0.2255814,0.20874958,0.1939191,0.17642872,0.17320035,0.16330604,0.15661252,0.14927222,0.15153818,0.14552782,0.15072224
0.20668644,0.19338165,0.18430912,0.18121424,0.17257944,0.17039356,0.16244137,0.15113206,0.14009413,0.13408883,0.12277081,0.10913879
-0.3041413,-0.28873134,-0.2779897,-0.25964984,-0.23875284,-0.2320853,-0.21151945,-0.1951391,-0.17920655,-0.16043288,-0.14492065,-0.13019122
-0.35598207,-0.3206602,-0.30088788,-0.27629253,-0.2616667,-0.24540313,-0.2277334,-0.21255653,-0.20493118,-0.19756664,-0.19615975,-0.19304426
-0.142132,-0.12315491,-0.112813786,-0.09733674,-0.08551882,-0.0766941,-0.07229455,-0.065791436,-0.07383039,-0.071017504,-0.07360308,-0.07898994
0.026925487,0.015070343,0.010920282,0.0055447854,0.0026754178,0.0012710989,0.008515891,0.01208264,0.018126423,0.024649298,0.03520317,0.047727767
0.2367723,0.19041978,0.1637461,0.13834785,0.11764793,0.10663997,0.10503767,0.105547205,0.1053575,0.11771706,0.13110554,0.15892045
-0.038405966,-0.03333211,-0.024647187,-0.016733494,-0.013607519,-0.011422964,-0.0056489767,-0.003845424,0.0028127106,0.003516443,0.0014407265,0.0019567767
0.054613348,0.035088927,0.02732256,0.014471963,0.008629836,0.0010844357,0.0018049739,0.00040142983,0.010360539,0.018025452,0.029626288,0.04571399
-0.07059848,-0.061342087,-0.05510931,-0.049481943,-0.050637346,-0.04966477,-0.045926243,-0.04871317,-0.048947692,-0.046214886,-0.04748284,-0.053399265
0.39779165,0.42326674,0.42524117,0.44861102,0.442074,0.4563182,0.4149053,0.3779963,0.31970927,0.2782734,0.21683428,0.1451236
0.07440277,0.07964827,0.08622752,0.09905523,0.10475705,0.12490794,0.14336362,0.1581689,0.13163207,0.10957122,0.10562994,0.08059869
0.07693345,0.07645172,0.07806897,0.08342634,0.08971894,0.084260866,0.0825592,0.08089736,0.076356344,0.06724653,0.05602658,0.039714023
-0.3927431,-0.36854067,-0.3483544,-0.3328889,-0.31567115,-0.303413,-0.27917886,-0.26245442,-0.24770302,-0.23095761,-0.22027712,-0.20843849
-1.1191653,-1.0492291,-1.000227,-0.96472317,-0.9228264,-0.8879856,-0.8243089,-0.77666974,-0.72933245,-0.67624766,-0.6245178,-0.570275
0.057024423,0.03392018,0.026509393,0.00837905,0.0053340495,-0.006222289,-0.0007041469,0.0037847757,0.017529976,0.02397009,0.035803664,0.05191705
0.37897897,0.38352972,0.3720287,0.37788203,0.36986497,0.36735973,0.32428575,0.29055774,0.23682621,0.19655368,0.14822155,0.08559081
0.0090191625,-0.00069274195,-0.0028596781,-0.01177945,-0.008821746,-0.022235202,-0.024001278,-0.021307286,-0.008946199,-0.0014175139,0.005288935,0.010435974
-0.5001448,-0.43854976,-0.40138057,-0.36624953,-0.34515113,-0.32496715,-0.31627557,-0.31318754,-0.30474943,-0.3038718,-0.3157142,-0.33277223
0.3808374,0.3540095,0.3345042,0.31429127,0.29747638,0.28412962,0.25385082,0.23223618,0.20953374,0.18754019,0.16656917,0.143884
0.20255296,0.1930652,0.18403055,0.18194585,0.17267852,0.17497148,0.16844882,0.16398169,0.16226405,0.15576014,0.14640589,0.14399281
0.230249,0.22755863,0.22047195,0.22016661,0.21067381,0.20568621,0.18455055,0.16323425,0.13702826,0.11521557,0.08810877,0.056839462
0.41260058,0.38384458,0.3589086,0.34210485,0.31959447,0.31857073,0.30164528,0.28539973,0.24855621,0.2260619,0.21915276,0.2069552
-0.039958153,-0.04176623,-0.039508857,-0.043181702,-0.043149862,-0.045045342,-0.04320789,-0.041123822,-0.041155726,-0.035501093,-0.030022267,-0.024433644
0.17663531,0.1503153,0.13358285,0.11226647,0.100149006,0.08737923,0.079310626,0.0690828,0.06695214,0.06550121,0.07021007,0.07439908
0.62370366,0.5964013,0.5726602,0.5618723,0.5602623,0.5357398,0.5109495,0.4946915,0.48105386,0.46339086,0.46063104,0.44894895
0.0049528303,0.007742876,0.008947842,0.012724014,0.01517319,0.021043716,0.022212978,0.027351037,0.021589305,0.01669883,0.0147877615,0.011513921
0.0029409975,-0.024638562,-0.039270926,-0.06172338,-0.072153874,-0.07946467,-0.06819245,-0.06558844,-0.04447945,-0.029786624,-0.004987074,0.025579572
0.017254809,-0.016558755,-0.028944258,-0.04843709,-0.05790162,-0.07607253,-0.065182,-0.05213694,-0.023997318,-0.0052472837,0.010084039,0.050018214
-0.066958755,-0.04366203,-0.03537211,-0.019241136,-0.013632055,-0.005976543,-0.010776695,-0.0071067177,-0.01956556,-0.03232409,-0.04990789,-0.06792723
0.8656617,0.79849184,0.7504802,0.7205115,0.677409,0.65036535,0.6039485,0.58245534,0.546178,0.5083038,0.46768236,0.45096022
0.38311547,0.3539071,0.33113834,0.3097626,0.28849813,0.27007595,0.24062562,0.2187483,0.20598294,0.1978532,0.17889892,0.16796502
0.06283958,0.03763143,0.019307952,-0.0029053576,-0.016477443,-0.029616464,-0.03567027,-0.037155643,-0.028402293,-0.020422054,-0.01694555,0.0012672134
-0.019579763,-0.009187211,-0.0022838195,0.008782577,0.017621605,0.020196386,0.024267126,0.026382519,0.030735891,0.030790653,0.030165423,0.026289148
-0.2449956,-0.23169921,-0.22329876,-0.21379262,-0.20367786,-0.20394556,-0.18952662,-0.16907415,-0.1568294,-0.14320442,-0.135726,-0.1257259
-0.22212544,-0.20692864,-0.20174916,-0.19496787,-0.19338317,-0.18520778,-0.1793058,-0.17826004,-0.17664842,-0.16871414,-0.16590215,-0.15761076
-0.6452532,-0.6085823,-0.5845786,-0.56493634,-0.545842,-0.51900077,-0.4832422,-0.4517823,-0.41936243,-0.38189253,-0.34567264,-0.30012348
-0.20830044,-0.18746836,-0.17338197,-0.16410115,-0.15336056,-0.144803,-0.13796985,-0.13116434,-0.12804686,-0.1267783,-0.12298681,-0.12487542
0.07675804,0.07436004,0.071188524,0.06702933,0.062175408,0.060936395,0.052801467,0.047446933,0.03957654,0.030539311,0.023218032,0.015106708
0.09307541,0.082015745,0.08025773,0.07266143,0.071431264,0.06486423,0.064336695,0.061732814,0.067852646,0.069656834,0.07547086,0.07887996
0.026688775,0.030068697,0.033868708,0.035366766,0.036607407,0.04077428,0.038846824,0.03853934,0.0331372,0.02325199,0.016459942,0.0049404823
0.09059132,0.06523061,0.050501965,0.03701285,0.029332854,0.020755056,0.028206829,0.034232754,0.034568306,0.045816496,0.060722247,0.0796385
0.058874838,0.05731968,0.054345768,0.053301677,0.052386478,0.054921247,0.050123706,0.047651943,0.039487675,0.037024464,0.034335792,0.030185357
-0.21466453,-0.22256371,-0.22015086,-0.23155057,-0.22479174,-0.23072802,-0.21055585,-0.18657316,-0.15522379,-0.13783856,-0.108587705,-0.07419662
-0.059586763,-0.060913995,-0.059560604,-0.06313493,-0.06426554,-0.06780213,-0.06290271,-0.059141792,-0.050740868,-0.04401475,-0.03956481,-0.03144487
0.34574965,0.33235383,0.31086895,0.30354798,0.28954813,0.277946,0.24687755,0.23184487,0.20671594,0.1861059,0.15534376,0.12934196
0.069599286,0.06450137,0.061405458,0.057893228,0.054314118,0.05020281,0.047724053,0.042803984,0.040437795,0.037685525,0.03542419,0.02959658
0.11502131,0.11093622,0.10478842,0.10522195,0.1015079,0.09773401,0.09068546,0.08444798,0.0811826,0.07806241,0.0690323,0.064792275
0.29579487,0.260925,0.24825864,0.2315518,0.22481284,0.1971145,0.18778048,0.17868856,0.18215239,0.17059247,0.1796163,0.17707108
0.3481138,0.31619942,0.29240468,0.2702088,0.2531697,0.23167193,0.2095673,0.19071594,0.17586245,0.1608435,0.14823401,0.13547467
0.33232155,0.30981442,0.29118165,0.27852607,0.26605695,0.25945708,0.24126811,0.22780964,0.18695672,0.16627638,0.15455095,0.12437001
-0.18011762,-0.1768004,-0.17342621,-0.17562981,-0.16961081,-0.17478181,-0.16718504,-0.15842256,-0.13944238,-0.12736213,-0.11742909,-0.1006488
0.22754551,0.20897684,0.19467494,0.18059981,0.17165937,0.15891384,0.14596833,0.13295245,0.11767278,0.10371118,0.0965118,0.081437826
-0.012563559,-0.0073575135,-0.0036900286,-0.0013636053,-0.0018930454,0.003425979,0.0029362002,0.0061351527,0.0030012373,-0.0035687042,-0.005881257,-0.008626649
0.2421246,0.21481869,0.20285212,0.19141833,0.1824901,0.17210801,0.16393138,0.1581824,0.15425782,0.16007845,0.16102365,0.16638584
-0.07047421,-0.05762674,-0.049122527,-0.036297165,-0.034039453,-0.025596477,-0.017193267,-0.007832729,-0.008988971,-0.0008529164,-0.0020944937,0.0065472666
0.46173748,0.4450159,0.43499833,0.42640662,0.41921037,0.4165126,0.3969368,0.37998053,0.3655443,0.3316208,0.29569963,0.2541796
-0.87376696,-0.81467956,-0.7636664,-0.7316336,-0.694834,-0.6624951,-0.6054849,-0.56568897,-0.5279482,-0.4944134,-0.45819977,-0.42496955
-0.004912817,-0.0009917859,-0.0012818743,0.0033747293,0.0013688961,0.005999298,0.0060738986,0.006241375,0.0027483515,0.0014405875,-0.002054681,-0.004777328
-0.40123215,-0.36293122,-0.34210885,-0.32371765,-0.3103838,-0.29222295,-0.28628284,-0.28642625,-0.2867539,-0.27523622,-0.27178478,-0.27489802
-0.2866628,-0.26962078,-0.25784475,-0.25094473,-0.23955698,-0.23463215,-0.21998312,-0.20762561,-0.19298975,-0.17999467,-0.16681209,-0.15171064
-0.04627563,-0.037831146,-0.028727368,-0.021916244,-0.014586518,-0.013625074,-0.009985182,-0.002795795,0.0073883305,0.0063973553,0.0056581935,0.008361904
-0.12685674,-0.12055823,-0.11828765,-0.11156403,-0.10770631,-0.10661716,-0.09864972,-0.09477819,-0.10062738,-0.09570448,-0.0940421,-0.09585588
-0.08995121,-0.086331174,-0.08490674,-0.087676436,-0.086105846,-0.08865635,-0.09282536,-0.10315115,-0.10440437,-0.10290427,-0.10811901,-0.117702566
-0.21301883,-0.2090041,-0.20590562,-0.20395042,-0.19897528,-0.19199046,-0.17748815,-0.16524854,-0.15241495,-0.13714847,-0.12017333,-0.09909081
-0.09794919,-0.08906321,-0.08247835,-0.06936554,-0.062181555,-0.055818763,-0.04537969,-0.031510893,-0.02825054,-0.02672656,-0.0150786955,-0.0066766622
-0.454959,-0.4264088,-0.41058695,-0.39650097,-0.38645244,-0.36920762,-0.345161,-0.3308374,-0.31510156,-0.29635835,-0.27522087,-0.25304195
0.26406485,0.23762034,0.22130667,0.20562896,0.19286798,0.1760427,0.16543862,0.16523775,0.16331652,0.15257724,0.14454573,0.14236048
-0.10170766,-0.08918621,-0.079384886,-0.07163444,-0.06482934,-0.056672294,-0.05150717,-0.044327855,-0.04208784,-0.043036543,-0.043041542,-0.042273495
-0.0070580337,0.010338267,0.016215662,0.0288888,0.032636296,0.04542628,0.03848406,0.03697433,0.02365683,0.0153302075,0.0047227964,-0.010731278
0.20693684,0.18787593,0.1777115,0.16667756,0.1568667,0.14737251,0.13523339,0.13570562,0.13418485,0.12784226,0.12066469,0.12603834
-0.1283378,-0.112115696,-0.10761398,-0.10196172,-0.100825906,-0.10074324,-0.108989015,-0.12853132,-0.13630705,-0.13849849,-0.15212633,-0.16963287
0.15784973,0.14550903,0.122680835,0.11911161,0.107852526,0.107073866,0.08674974,0.08149877,0.044218376,0.057924487,0.04493441,0.050265253
-0.28153864,-0.26770484,-0.25380176,-0.2453379,-0.23997834,-0.23047982,-0.20978844,-0.20054469,-0.17976812,-0.15449564,-0.13915795,-0.120170176
-0.09343653,-0.096864626,-0.10216001,-0.10923611,-0.10474664,-0.10809442,-0.101948395,-0.101593405,-0.10266362,-0.09060386,-0.07566758,-0.06489125
0.45061395,0.42981687,0.40847963,0.40674525,0.38514644,0.38866454,0.3655045,0.34490052,0.3074174,0.29233885,0.2667542,0.25035495
-0.00915472,-0.028224517,-0.036270015,-0.048454657,-0.05124817,-0.06030778,-0.050967608,-0.04698521,-0.027518775,-0.01103529,0.010569749,0.036520712
0.5291342,0.48451972,0.45485905,0.4255698,0.4016736,0.37029123,0.33708227,0.31786913,0.30388907,0.27630287,0.260311,0.24153167
0.0931652,0.0919114,0.088169,0.0883819,0.084709026,0.08187765,0.07223438,0.06642102,0.05900484,0.050593168,0.039694153,0.027806181
-0.25583664,-0.22822581,-0.2169027,-0.1978445,-0.18933675,-0.17723149,-0.17094223,-0.1664688,-0.16193521,-0.15664566,-0.15917245,-0.15970358
0.21936947,0.21916571,0.21291664,0.21557233,0.20356447,0.21325254,0.21322432,0.20997958,0.18150854,0.15167746,0.15463653,0.14036384
0.32998505,0.28798166,0.26173502,0.23649585,0.21883354,0.19607951,0.18856812,0.18293154,0.1867365,0.1892973,0.19064264,0.20517287
-0.41137406,-0.36408177,-0.33836722,-0.31447378,-0.29561323,-0.28866336,-0.29425004,-0.30866835,-0.3141091,-0.30978566,-0.33025864,-0.35626897
0.5217662,0.48955575,0.46549618,0.44660854,0.42560416,0.40605754,0.37839982,0.35777512,0.34631753,0.3300562,0.3149403,0.3025022
0.08459962,0.08720483,0.0906311,0.096268795,0.09500997,0.091078214,0.08697971,0.08059876,0.07998219,0.07222601,0.059632096,0.045750715
-0.08885854,-0.08554931,-0.08113076,-0.0817997,-0.07722741,-0.07539742,-0.0674479,-0.06021951,-0.051779553,-0.0464329,-0.03818461,-0.028640918
0.04728927,0.023057088,0.008651309,-0.011807714,-0.017405953,-0.033143897,-0.038355365,-0.04665352,-0.04370663,-0.033532508,-0.02408455,-0.015307436
0.18703364,0.1848349,0.17807502,0.17969486,0.17531991,0.17656586,0.15978517,0.14820898,0.1325441,0.121945314,0.10332721,0.08559239
-0.025382293,-0.0048795603,-0.0003915988,0.010818314,0.013776887,0.017239667,0.0031121522,-0.010459803,-0.028492857,-0.038771044,-0.05966567,-0.085631296
-0.019647315,-0.013186398,-0.010731641,-0.006005411,-0.0023639137,-0.0048115943,-0.0062029054,-0.008473579,-0.011143166,-0.013551997,-0.020780146,-0.026321482
-0.79465085,-0.7320045,-0.69077486,-0.66079146,-0.6212346,-0.59549433,-0.55863065,-0.5169507,-0.480323,-0.45748013,-0.43291265,-0.4006268
0.2216833,0.2025436,0.19058472,0.17799713,0.16952254,0.16056961,0.14784628,0.13640817,0.13193679,0.12719646,0.12082783,0.117443025
0.07667826,0.068503104,0.067466095,0.06269747,0.062158637,0.06418871,0.06954523,0.075775996,0.073330574,0.06773252,0.075524874,0.078263104
0.016527656,0.022387829,0.026403178,0.031915314,0.032656927,0.03435056,0.033437964,0.03646765,0.02850107,0.024338625,0.019120988,0.012883667
-0.08306578,-0.08983362,-0.094914585,-0.104906246,-0.10856501,-0.10731456,-0.10110958,-0.09734649,-0.09303804,-0.083979376,-0.072397664,-0.05279264
-0.076312155,-0.059035923,-0.05211494,-0.037440233,-0.02624037,-0.023900911,-0.024062866,-0.018032745,-0.01868488,-0.018250946,-0.023539774,-0.024933966
0.21300083,0.20045936,0.19022225,0.18555574,0.17605752,0.17091587,0.16285649,0.15821451,0.15529628,0.14952728,0.14136937,0.13944301
-0.08001372,-0.070503265,-0.06994502,-0.06609444,-0.06659214,-0.05903209,-0.06150856,-0.059438933,-0.058347587,-0.04802312,-0.04354899,-0.035727877
-0.3152684,-0.29544342,-0.27818477,-0.26615605,-0.25868177,-0.25097615,-0.23030078,-0.22020699,-0.19407925,-0.17453939,-0.150933,-0.12715319
-0.11086301,-0.09000354,-0.08303266,-0.065955214,-0.058229093,-0.053999025,-0.053879533,-0.054880217,-0.054782778,-0.053957485,-0.058030058,-0.06389639
0.4511866,0.41205388,0.38610518,0.3649452,0.3498951,0.3318771,0.31591257,0.3023148,0.29448232,0.28286833,0.28030032,0.27771786
-1.3401392,-1.2394916,-1.1675465,-1.1151682,-1.0576987,-0.9915376,-0.9300285,-0.8639806,-0.8071388,-0.765341,-0.7185487,-0.66736066
-0.089112945,-0.08382557,-0.08107438,-0.07911764,-0.07697195,-0.07522308,-0.07414267,-0.075603,-0.07657049,-0.07380525,-0.07261938,-0.07495881
-0.037608143,-0.043650933,-0.045643836,-0.054469302,-0.058103327,-0.06827636,-0.06331087,-0.061914563,-0.050082013,-0.045124847,-0.038678285,-0.031955183
0.26335272,0.23755908,0.2187851,0.2027353,0.18727621,0.18131708,0.17201233,0.15747134,0.13901801,0.12916988,0.12925597,0.12281968
0.006918126,0.0050054393,0.0028133383,0.0061200745,0.008818355,0.011676789,0.014716749,0.022409562,0.023265757,0.028314441,0.035488825,0.044525214
0.1443421,0.11891966,0.106781736,0.08997659,0.084837824,0.074338466,0.07309178,0.07187475,0.07401286,0.07549148,0.08458767,0.09484891
0.36279628,0.33768424,0.3199521,0.31073368,0.30335256,0.28348088,0.26881915,0.26124513,0.2579326,0.24860844,0.2365254,0.23083545
-0.11012309,-0.098165184,-0.09358676,-0.08902928,-0.086467385,-0.082274005,-0.08212159,-0.07810908,-0.076850176,-0.07955242,-0.07729459,-0.07561355
0.31397492,0.28520253,0.27068394,0.2547257,0.24481893,0.22251795,0.20454435,0.18428631,0.1826675,0.17242119,0.16779163,0.16072261
0.18092528,0.20813096,0.21193716,0.2322739,0.22686145,0.24065986,0.21883337,0.2036068,0.16795796,0.1285359,0.09011768,0.04328807
-0.5301311,-0.46347117,-0.42479557,-0.388106,-0.36639047,-0.34055707,-0.3299262,-0.32834196,-0.3221369,-0.3234023,-0.33744735,-0.35627803
-0.02154623,-0.01429818,-0.013506636,-0.00901003,-0.010590065,-0.007088367,-0.012456546,-0.018747898,-0.021474887,-0.022327637,-0.03274464,-0.038363487
-0.31769526,-0.30008167,-0.28442326,-0.27842584,-0.26577199,-0.26056364,-0.24187501,-0.21992286,-0.19778852,-0.1869257,-0.16879368,-0.14814535
0.05695294,0.040659588,0.033164926,0.021799529,0.015827581,0.01160283,0.013365073,0.0118973125,0.014285659,0.021898419,0.032637812,0.04208522
0.067968346,0.067541994,0.07074157,0.06603159,0.062905714,0.06020483,0.056956984,0.061691344,0.0714526,0.06091565,0.052555785,0.054110963
0.18938312,0.16624655,0.15467528,0.14070182,0.13306834,0.12242857,0.11181628,0.1009949,0.1004753,0.101947375,0.09521632,0.093195245
0.7525574,0.70552415,0.6699914,0.6395293,0.61328,0.5881257,0.5531818,0.522089,0.48917997,0.44619513,0.4250413,0.3902238
0.21370474,0.19456252,0.18779784,0.17836498,0.17463027,0.17002407,0.16176423,0.15637796,0.15839754,0.15444091,0.15764084,0.16008689
0.34442636,0.31211886,0.2924311,0.27288222,0.2520253,0.23505153,0.21992537,0.20948294,0.2048911,0.19697806,0.18576103,0.18339738
-0.76217425,-0.721858,-0.69429225,-0.67500454,-0.64884686,-0.6301502,-0.5866782,-0.55422246,-0.51809853,-0.47174054,-0.42953533,-0.3821316
-0.34349188,-0.32662955,-0.309284,-0.30038396,-0.28667855,-0.2787009,-0.2543857,-0.2342018,-0.21141595,-0.18938051,-0.16698092,-0.13983855
-0.3019238,-0.27988422,-0.2627511,-0.2519179,-0.23921937,-0.22959639,-0.21404703,-0.20116031,-0.18339272,-0.17169471,-0.15783887,-0.14357555
0.25614747,0.22665444,0.20306663,0.18171111,0.16229501,0.15356077,0.13951446,0.1259524,0.10354831,0.08521243,0.08129618,0.07067868
0.19017248,0.20522998,0.20533982,0.21480623,0.21546449,0.21020155,0.18442832,0.16175766,0.13474117,0.109766304,0.07548346,0.026954833
-0.17268898,-0.153371,-0.14151582,-0.1278444,-0.12029292,-0.11067319,-0.09374101,-0.076698676,-0.06534236,-0.0661259,-0.06664855,-0.060250476
0.22715414,0.21056378,0.19551368,0.18618901,0.18039131,0.17109945,0.15597194,0.14564154,0.1339417,0.12328876,0.111982144,0.09909223
-0.29926854,-0.28680673,-0.27458146,-0.26809245,-0.25454614,-0.25208184,-0.23209593,-0.21378268,-0.19555438,-0.17867143,-0.15891625,-0.13830557
0.8076675,0.7328444,0.66436994,0.62540454,0.5796309,0.5539925,0.4733715,0.43779323,0.35558766,0.38224277,0.33039656,0.3297373
-0.36717275,-0.3418377,-0.31474242,-0.3034562,-0.27739927,-0.26209244,-0.24692713,-0.23452586,-0.2156424,-0.19491339,-0.1741203,-0.16217044
0.0007149782,-0.01287481,-0.01996866,-0.029716816,-0.03308771,-0.03926807,-0.03657888,-0.040616553,-0.03642049,-0.029501725,-0.023178974,-0.01891945
0.62597233,0.57312804,0.5408153,0.5093892,0.47682747,0.4532274,0.4202783,0.39014703,0.37779197,0.35252565,0.3215311,0.29966345
0.24429572,0.21750794,0.19983174,0.18208772,0.16896255,0.15238883,0.14121236,0.13386162,0.12529832,0.119198754,0.11174073,0.10597839
0.18820737,0.16742459,0.15426609,0.14228964,0.13096672,0.12520304,0.12004219,0.11700631,0.110907994,0.10801703,0.11074862,0.11343971
-1.1129278,-1.0523119,-1.0049363,-0.97862375,-0.9432092,-0.9193724,-0.85895675,-0.8236298,-0.77152056,-0.71669203,-0.66487,-0.6096563
0.009307463,0.002475148,-0.0052897017,-0.014628756,-0.019326137,-0.027614119,-0.03540071,-0.041966196,-0.046100125,-0.046140183,-0.050463744,-0.0530245
0.14917648,0.17219654,0.17610806,0.19949862,0.2004703,0.20390877,0.18177783,0.1651299,0.13731001,0.11883753,0.08027998,0.036324665
-0.49166602,-0.47123414,-0.44442782,-0.4338696,-0.40660524,-0.4005072,-0.3620027,-0.32225192,-0.28551292,-0.26202133,-0.23009229,-0.19221209
-0.24975398,-0.2400182,-0.2328659,-0.22723714,-0.22230138,-0.21506263,-0.2065734,-0.20053455,-0.18704692,-0.16360614,-0.15241498,-0.13333786
-0.18657513,-0.1684613,-0.15831609,-0.14552909,-0.14016335,-0.13301136,-0.12248068,-0.11473113,-0.10941246,-0.10462614,-0.1030148,-0.10065965
0.7267221,0.6699225,0.6225993,0.5950292,0.56641483,0.54334676,0.5065291,0.48740253,0.45834565,0.4438496,0.4249038,0.42158008
1.1238167,1.0490191,0.9978945,0.9764933,0.9345713,0.9029174,0.85982764,0.83666116,0.79067856,0.7427434,0.7045465,0.6845011
-0.055744447,-0.053878188,-0.05156006,-0.05185581,-0.0507077,-0.051349387,-0.04922729,-0.049183242,-0.046830777,-0.04471617,-0.04243983,-0.041547574
-0.22293861,-0.21807425,-0.21825954,-0.22073902,-0.21980152,-0.22191922,-0.21812549,-0.21059842,-0.20422983,-0.18514697,-0.17615557,-0.15655886
-0.21833937,-0.18975958,-0.17503572,-0.15357864,-0.14104334,-0.121597074,-0.107643336,-0.09497972,-0.095376365,-0.089808635,-0.083858885,-0.08334678
-0.389083,-0.37020877,-0.35538268,-0.34824726,-0.3366061,-0.33096743,-0.31423062,-0.3040536,-0.2820673,-0.262967,-0.24705918,-0.22850458
-0.017916536,-0.017455548,-0.014237082,-0.015039157,-0.013748932,-0.016093094,-0.013251153,-0.007810464,-6.0196966e-05,0.0005080472,0.0018634511,0.0072337906
-0.2693704,-0.24934813,-0.23780678,-0.22738989,-0.21749163,-0.20698054,-0.20035483,-0.19714013,-0.19230223,-0.18055609,-0.17503422,-0.17209363
-0.10617772,-0.08867133,-0.08231397,-0.07150404,-0.06761822,-0.060532752,-0.059834674,-0.05553581,-0.061296575,-0.06513155,-0.07172903,-0.07695725
-0.6493722,-0.5969373,-0.5619518,-0.53532636,-0.50808,-0.48583713,-0.4591223,-0.44165814,-0.4251008,-0.40157795,-0.38276663,-0.36397704
0.3264924,0.2870422,0.26250622,0.2339463,0.21545637,0.19816019,0.17858282,0.15667744,0.14414446,0.14365722,0.1406809,0.13524759
0.48570338,0.44249797,0.41878608,0.40209398,0.38174635,0.36694333,0.33712152,0.3235398,0.29943353,0.29889536,0.2856781,0.29387343
-0.6095098,-0.5627765,-0.53182083,-0.50872284,-0.48971343,-0.46592,-0.4370629,-0.4225711,-0.39253208,-0.36705628,-0.35298294,-0.33411893
-0.28178898,-0.2593004,-0.24489596,-0.23372115,-0.22266346,-0.21568273,-0.20635478,-0.19795051,-0.18207622,-0.17189002,-0.16571523,-0.15552473
-0.11073209,-0.10375473,-0.0995125,-0.09229932,-0.084794894,-0.07108121,-0.059013516,-0.048942257,-0.04923072,-0.04164937,-0.028814416,-0.021295423
-0.044363342,-0.036673084,-0.03538066,-0.028134428,-0.024472741,-0.015128942,-0.009795216,0.006251258,0.011494031,0.018347688,0.022339009,0.039058834
-0.06441264,-0.041681033,-0.033773478,-0.01714648,-0.011792053,-0.0045503527,-0.011170041,-0.014917839,-0.02810096,-0.034958445,-0.054145847,-0.07444911
-1.1164613,-1.0497507,-1.0012302,-0.97069615,-0.934462,-0.90473306,-0.8469046,-0.80615515,-0.75424576,-0.7006398,-0.65080434,-0.59390545
-0.14828941,-0.14680369,-0.13841975,-0.13424471,-0.12153287,-0.12093219,-0.09715761,-0.07038752,-0.045921694,-0.029086268,-0.003460021,0.028690586
0.045980893,0.035456575,0.032484904,0.026254743,0.026399251,0.021392966,0.02513746,0.03262058,0.036060452,0.036948748,0.0426206,0.05247172
-0.031941194,-0.03911405,-0.040549476,-0.044673704,-0.04298802,-0.04455143,-0.036752377,-0.029481268,-0.021238752,-0.014291727,-0.0028421567,0.010183407
-0.31498116,-0.28722796,-0.26905608,-0.25162476,-0.23412155,-0.21996213,-0.19990167,-0.18217297,-0.17359453,-0.1643074,-0.14945023,-0.14047728
0.012314275,0.00350146,0.002103923,-3.1599775e-05,-0.0034643374,0.0059744418,0.013074439,0.0138611365,0.021810714,0.023594238,0.027420979,0.036484722
-0.5725322,-0.5328735,-0.5030657,-0.48090887,-0.45804232,-0.43614215,-0.40174264,-0.37312716,-0.34445128,-0.321039,-0.29817447,-0.26907453
-0.036932126,-0.040647753,-0.03878335,-0.038657594,-0.035346106,-0.029840594,-0.018423086,-0.0114376135,-0.005088141,0.0027069878,0.014912569,0.027825769
-0.3316784,-0.30627456,-0.2904239,-0.27998623,-0.26896217,-0.2603823,-0.25067747,-0.24199367,-0.22575879,-0.21730563,-0.21499562,-0.20903741
-0.13006592,-0.1238414,-0.12194814,-0.12119726,-0.12058161,-0.111574285,-0.109563455,-0.109698184,-0.112511374,-0.10564498,-0.10160575,-0.09275628
0.043062635,0.04743335,0.047750324,0.049575903,0.05028586,0.044583887,0.039323278,0.034546673,0.03125062,0.026524058,0.021028627,0.011347195
-0.29208246,-0.2764925,-0.26682332,-0.25468218,-0.24371749,-0.23159835,-0.21170084,-0.19335544,-0.1831506,-0.16518986,-0.14846568,-0.13070832
-0.40837473,-0.36796883,-0.34763646,-0.32277453,-0.30873865,-0.28940162,-0.27472302,-0.26742646,-0.25483453,-0.23938999,-0.23505512,-0.22409123
0.00064458605,-0.00067601213,-0.0034029186,-0.0039305016,-0.0059678243,-0.008007406,-0.009521954,-0.008831508,-0.012003051,-0.011359591,-0.011043838,-0.01149586
0.7262721,0.65127075,0.6007148,0.54859424,0.51273286,0.4819829,0.4338724,0.3893766,0.3564383,0.35120374,0.33348808,0.3185598
-0.2503978,-0.22375266,-0.20846488,-0.19065002,-0.18219922,-0.16269206,-0.15246913,-0.14526339,-0.13628188,-0.12755169,-0.119746074,-0.11452483
0.1628303,0.15172246,0.14671963,0.14158413,0.14066559,0.12778889,0.11805894,0.105912864,0.10407108,0.09476166,0.08454444,0.070586674
-0.015544003,-0.007747515,-0.004944903,0.004858033,0.0063685738,0.016124468,0.019625166,0.026802294,0.022326637,0.024161428,0.023819175,0.027753111
0.52408814,0.4816488,0.46107325,0.4375204,0.41956517,0.38520595,0.36687416,0.35138202,0.35422406,0.34152442,0.3329756,0.3118424
0.33919188,0.313698,0.30179718,0.28854886,0.2760233,0.2703782,0.2602223,0.25473216,0.24720092,0.23529397,0.23777822,0.23105693
-0.32075024,-0.2944015,-0.282064,-0.27363893,-0.26355386,-0.25401047,-0.24834722,-0.24791566,-0.24591526,-0.2398664,-0.23504618,-0.23341408
0.82736707,0.76781964,0.72169363,0.68692994,0.64423966,0.6215658,0.58252263,0.539855,0.49104464,0.45564303,0.42900577,0.38686413
-0.082061194,-0.084008165,-0.08514818,-0.08335927,-0.08118429,-0.07987419,-0.06899707,-0.055541478,-0.043311696,-0.033638965,-0.021030456,-0.0028755646
-0.2314288,-0.23645301,-0.22767717,-0.24618518,-0.24477538,-0.23591322,-0.2174022,-0.21524954,-0.2015512,-0.19257155,-0.16716267,-0.14986168
-0.05906895,-0.043952063,-0.037294038,-0.025656953,-0.0181784,-0.011755895,-0.012312818,-0.010476727,-0.016808303,-0.01976024,-0.031840585,-0.04530566
0.13248533,0.13910548,0.14216897,0.14707178,0.14816272,0.1503987,0.1403963,0.1355583,0.12864718,0.113615155,0.09508208,0.0723577
0.36999273,0.3530171,0.33346495,0.32705897,0.30811927,0.30197206,0.2810622,0.27186394,0.25056183,0.23662645,0.21958889,0.21149386
0.026605085,-0.011915408,-0.016103864,-0.041586384,-0.038570926,-0.061706744,-0.043795258,-0.025184467,0.00072646886,0.014614433,0.03963692,0.07052032
-0.71173877,-0.67496556,-0.64602655,-0.62463695,-0.600004,-0.57604617,-0.52986264,-0.489898,-0.44957763,-0.4140396,-0.37662143,-0.33502376
-0.27092248,-0.24794397,-0.23644708,-0.2207265,-0.20881765,-0.19728865,-0.17756194,-0.16241686,-0.1561748,-0.14301598,-0.13446894,-0.12144594
-0.11517404,-0.10668814,-0.109690286,-0.10603152,-0.105356164,-0.097090706,-0.1021288,-0.09960136,-0.11865677,-0.10433531,-0.10492142,-0.10056262
-0.69958174,-0.64670753,-0.606857,-0.5786794,-0.5531286,-0.5335829,-0.49865678,-0.479554,-0.44966906,-0.4244066,-0.4071698,-0.38783446
-0.7291815,-0.6844703,-0.6346639,-0.6179877,-0.5838865,-0.5708483,-0.52198356,-0.47425812,-0.41979328,-0.4023392,-0.36883214,-0.32679316
0.08605875,0.093107745,0.09660014,0.10239071,0.103741035,0.106803,0.09761675,0.09238632,0.08286408,0.06985082,0.05488971,0.038457606
-0.49252057,-0.44202846,-0.4118842,-0.3840358,-0.3651681,-0.34201694,-0.32662946,-0.31577006,-0.3115148,-0.30875418,-0.31522393,-0.3216371
0.29568267,0.29477346,0.2879932,0.290345,0.2845316,0.28340358,0.26144207,0.2453204,0.22302774,0.1988096,0.17293799,0.14242442
-0.21992742,-0.19858734,-0.18228473,-0.16942692,-0.15769176,-0.14549616,-0.13671783,-0.12899122,-0.12479698,-0.120637864,-0.116453804,-0.11838427
-0.18186854,-0.18846479,-0.19078395,-0.1976129,-0.19477516,-0.19863671,-0.18754774,-0.17921947,-0.15982378,-0.13732861,-0.11891994,-0.09002814
-0.12692882,-0.12140977,-0.11715109,-0.11530414,-0.111754164,-0.10786281,-0.10164986,-0.0993415,-0.09111334,-0.083472125,-0.0743949,-0.06631494
-0.17195858,-0.14378512,-0.1261536,-0.105630115,-0.091850385,-0.074583784,-0.06664686,-0.055705417,-0.05588611,-0.061020933,-0.06623348,-0.077337556
0.014857102,0.018281829,0.0166874,0.022165384,0.020272529,0.02052294,0.01764435,0.017457755,0.012454445,0.015071182,0.007695237,0.0049705026
0.08534272,0.101527385,0.104158714,0.11436747,0.11470115,0.10941753,0.101445325,0.09735414,0.09200711,0.07343056,0.054599784,0.03321845
-0.013342963,-0.02732314,-0.035222057,-0.048138004,-0.05069769,-0.053308174,-0.050516166,-0.052036487,-0.051986247,-0.042692,-0.030156892,-0.022795942
0.16897625,0.13292816,0.11516758,0.09200897,0.08261759,0.072789155,0.07445837,0.07324967,0.077983364,0.088627085,0.104399174,0.12255942
0.2372424,0.22517255,0.20886007,0.20525192,0.19257492,0.18700969,0.1696309,0.15420236,0.1402194,0.13806555,0.117377594,0.105735645
-0.09185394,-0.0786382,-0.073390014,-0.06413373,-0.062687404,-0.050724268,-0.049164068,-0.04962171,-0.057736926,-0.058101587,-0.062325522,-0.06715517
-0.22091666,-0.20905302,-0.19967073,-0.18318957,-0.17741568,-0.15539606,-0.13266702,-0.117207795,-0.10599144,-0.085119575,-0.07065938,-0.04918757
-0.07315224,-0.08065483,-0.08316949,-0.08838186,-0.09103239,-0.08860651,-0.07583604,-0.06709723,-0.057273254,-0.043818563,-0.027762063,-0.008005784
0.55144507,0.5209511,0.4878171,0.47255686,0.44796517,0.4297205,0.38677183,0.3523201,0.30634713,0.28207952,0.24615659,0.20798934
0.22656319,0.21362633,0.19954006,0.19192857,0.18024,0.17207052,0.15479177,0.14281005,0.1281564,0.11979161,0.102018945,0.08876739
-0.44446075,-0.41206875,-0.39228103,-0.37810785,-0.36586195,-0.35065684,-0.33704078,-0.32584354,-0.3162808,-0.30075076,-0.2899941,-0.27595145
0.3225969,0.30465811,0.29127494,0.28525394,0.27563488,0.26769564,0.24873936,0.23462784,0.21650022,0.20152992,0.17975336,0.1569257
-0.06780976,-0.0673572,-0.06463599,-0.06530686,-0.062836304,-0.05958703,-0.0521062,-0.049210776,-0.04405498,-0.036242113,-0.02544258,-0.015711766
0.08801244,0.07128571,0.06717007,0.054510098,0.05009004,0.040856108,0.043205623,0.041556336,0.054286674,0.056024514,0.06655451,0.07836111
0.11032352,0.12308539,0.12127505,0.13537699,0.13853759,0.14355513,0.13272354,0.12834539,0.111785196,0.09960902,0.07958473,0.05716186
0.049802974,0.04088841,0.035360947,0.026881153,0.023023557,0.014186267,0.008049754,0.0010008039,-0.0014267201,-0.0050097844,-0.006599977,-0.011098109
0.45845744,0.41504806,0.39047626,0.37898844,0.37091637,0.37677908,0.37560022,0.37179753,0.34946758,0.344245,0.35700023,0.35831407
0.20772307,0.19469792,0.18734162,0.1839914,0.17844866,0.16837095,0.15922597,0.14433877,0.13852571,0.13259934,0.1273155,0.116201006
0.3457175,0.3367562,0.32709092,0.32717377,0.32107568,0.3200236,0.3028885,0.29040602,0.27180076,0.25204027,0.23050308,0.2041689
0.011519289,0.023496244,0.02578523,0.034190394,0.035993896,0.04029934,0.034634214,0.027628977,0.011465432,0.0010906011,-0.0064731706,-0.024900146
-0.13264006,-0.12889378,-0.12523629,-0.12499559,-0.123575866,-0.12222214,-0.11005028,-0.10362612,-0.09533666,-0.087744,-0.07870119,-0.06913361
-0.30662492,-0.2980766,-0.28591526,-0.28680104,-0.27158597,-0.27213717,-0.2527575,-0.23188967,-0.21277294,-0.20003724,-0.17852053,-0.15757862
0.384845,0.34756598,0.32791728,0.29736558,0.2830591,0.25978193,0.23044653,0.21223585,0.19837518,0.18311296,0.17189054,0.1513864
-0.09260454,-0.08539516,-0.082926825,-0.07882519,-0.07750269,-0.07563488,-0.07308569,-0.074056745,-0.07340222,-0.0684787,-0.071451396,-0.072089925
-0.44843197,-0.40732166,-0.38600338,-0.35941762,-0.34784016,-0.3316557,-0.30975786,-0.29844704,-0.2723859,-0.25103173,-0.23265114,-0.20765013
-0.120946825,-0.10765716,-0.09401117,-0.08293666,-0.06982821,-0.057916068,-0.047524564,-0.025826978,-0.008345545,-0.004042479,0.0015305281,0.015023199
0.15153986,0.15723953,0.14678986,0.14766824,0.13905396,0.12965736,0.10138969,0.07316871,0.050542366,0.044211254,0.012645279,-0.012523793
-0.010889663,-0.00578864,-0.004756879,-0.0002466403,0.00078310445,-0.0027037319,-0.0018870384,-0.00024458207,-0.0056883367,-0.01002959,-0.010205891,-0.01886527
-0.10049753,-0.07719347,-0.063719004,-0.04692098,-0.038413756,-0.028814834,-0.025050137,-0.02020634,-0.022129452,-0.026321853,-0.03442564,-0.043519527
0.10378445,0.09004954,0.082165554,0.07722601,0.074265346,0.06600137,0.06567571,0.06475411,0.07095015,0.07735642,0.08229148,0.08711217
0.12238865,0.107902,0.100980856,0.09032659,0.088205315,0.07434707,0.062988766,0.050162494,0.04403812,0.036961474,0.031227782,0.020571703
-0.43190554,-0.3836922,-0.3614626,-0.33374336,-0.31408826,-0.29025215,-0.2834559,-0.27645618,-0.26649037,-0.26013473,-0.25935835,-0.2617798
-0.62392944,-0.5838524,-0.5520628,-0.52707857,-0.49271888,-0.47956222,-0.44167688,-0.4012057,-0.37393543,-0.34563076,-0.3198466,-0.28968316
-0.013851807,-0.030176634,-0.037554957,-0.05145049,-0.054945104,-0.061855778,-0.05428727,-0.053515002,-0.042639643,-0.03368247,-0.020410828,-0.009815551
0.008130075,0.017565068,0.021669809,0.0234026,0.028242536,0.030588817,0.022006214,0.017235031,0.013627686,0.009026155,-0.0021877058,-0.0152173545
0.09834062,0.075700656,0.06411919,0.045291822,0.036007553,0.02755028,0.02589732,0.019544788,0.025262767,0.02993537,0.040228702,0.052345395
-0.0402231,-0.0282756,-0.021646805,-0.0101349205,-0.0051920395,0.0006904546,0.0026427973,0.0033164266,-0.0029430222,-0.003023371,-0.009570612,-0.019962044
0.22640707,0.22342315,0.21861725,0.2179423,0.21066804,0.2105793,0.1940075,0.18176806,0.16109662,0.14753403,0.13054529,0.110470474
0.1552541,0.13371184,0.11880818,0.109296285,0.09852232,0.097541854,0.099839926,0.10099459,0.10491925,0.1159695,0.1221844,0.14036351
-1.758302,-1.6422276,-1.5492158,-1.4950069,-1.4515033,-1.3789406,-1.2959807,-1.2559038,-1.1744353,-1.1081976,-1.0638373,-0.99304783
0.2540462,0.24478228,0.24224688,0.25176185,0.25104907,0.25095135,0.24605574,0.24465743,0.23366818,0.22084655,0.20464876,0.1882009
0.13940832,0.121870175,0.108779624,0.094719335,0.082875095,0.06536989,0.053312324,0.039895914,0.039356355,0.03552037,0.03041711,0.024795726
-0.30971026,-0.31258747,-0.3035006,-0.31204027,-0.31156558,-0.31159395,-0.28152776,-0.2605027,-0.23504332,-0.21987003,-0.18224314,-0.14860758
-0.3727624,-0.3365851,-0.31652203,-0.29815093,-0.28302005,-0.26539353,-0.25487792,-0.24459872,-0.23936582,-0.23177522,-0.22776741,-0.22349417
0.28860962,0.27333054,0.25925833,0.25439203,0.24483457,0.24245717,0.22620395,0.21714391,0.19924186,0.18711227,0.17248128,0.1594487
0.07188705,0.053691383,0.043136735,0.025306068,0.020802429,0.006663341,-0.0030779187,-0.011871971,-0.011468198,-0.0129796555,-0.014080883,-0.014577383
0.5339708,0.4967126,0.47184014,0.45848015,0.4372197,0.42567182,0.41156968,0.40446424,0.39765662,0.37806433,0.36270463,0.35322976
-0.4256185,-0.4074499,-0.39723426,-0.38880667,-0.37697613,-0.3691338,-0.34361866,-0.31615844,-0.28235677,-0.2604044,-0.2400311,-0.20417897
0.13057083,0.111755155,0.10467047,0.09652655,0.087468974,0.08473265,0.08823582,0.08866041,0.08989033,0.09001539,0.09611549,0.102010146
-0.22379713,-0.22098419,-0.2128895,-0.21122625,-0.20466754,-0.19741476,-0.1769057,-0.15929691,-0.14157422,-0.12670231,-0.10661107,-0.08139418
0.60566396,0.5712046,0.5463335,0.53110176,0.5029835,0.48738456,0.46316543,0.44198328,0.43187907,0.4030032,0.38059717,0.36362088
0.6299295,0.5937915,0.5742316,0.5570326,0.5413801,0.527213,0.49540314,0.4748055,0.4459985,0.41625372,0.3903368,0.3619023
0.19842423,0.1990661,0.19437268,0.19939688,0.19483455,0.19341326,0.17987415,0.17053989,0.15337344,0.14143048,0.12510826,0.10426422
-0.32452264,-0.29992977,-0.28965828,-0.27966765,-0.27260238,-0.26366043,-0.2552342,-0.24885163,-0.24852568,-0.24689573,-0.2414725,-0.23763444
0.3886166,0.36350793,0.34234622,0.3305788,0.3142656,0.30704656,0.28998706,0.2770832,0.25726,0.23568803,0.22389907,0.2118679
0.25013003,0.23041785,0.21665515,0.2090043,0.2021319,0.19167376,0.18379398,0.18151799,0.17612144,0.17635486,0.17892684,0.18498252
0.3251868,0.31618336,0.31085235,0.31020683,0.30393124,0.2999125,0.2845881,0.2719839,0.2594296,0.23964392,0.22297652,0.197879
0.00069068,0.007011542,0.006739795,0.009490985,0.0028983615,0.0075260215,0.0015475713,-0.004315179,-0.01569433,-0.022856537,-0.03302903,-0.042397935
-0.37688783,-0.34730145,-0.32631767,-0.31232813,-0.2963051,-0.28754437,-0.26858243,-0.24431661,-0.22413364,-0.21697274,-0.20381746,-0.18819033
0.16097476,0.13295484,0.11819899,0.10434671,0.09542466,0.08557356,0.08578108,0.086028025,0.084789716,0.08641481,0.090772495,0.09825378
0.09634336,0.083501436,0.077650025,0.06834827,0.06595661,0.054765053,0.050865974,0.0495557,0.06447166,0.07636934,0.08364353,0.09754248
-0.018630276,-0.008731992,-0.0055127842,0.0031893477,0.007434209,0.010176937,0.009531218,0.00960366,0.0049343454,0.00014788471,-0.006306353,-0.0155468555
0.07495663,0.07172726,0.069659196,0.06785455,0.06501332,0.060763597,0.055794403,0.04911857,0.04696564,0.038481783,0.03119401,0.02159042
0.0668951,0.055142947,0.053648748,0.053543877,0.051711567,0.058301147,0.06867902,0.08032999,0.07932866,0.081954,0.091008686,0.10104563
-0.090167835,-0.085804,-0.07278647,-0.0765729,-0.06635525,-0.07340756,-0.05422544,-0.02952809,-0.009431515,-0.012178926,-0.0048215482,0.0071597015
-0.056420214,-0.041353706,-0.033508256,-0.026400536,-0.021381054,-0.01876723,-0.021095276,-0.023991533,-0.028923936,-0.035879523,-0.04399636,-0.056807116
0.6410817,0.61487633,0.5911729,0.58960915,0.5797134,0.55446655,0.52298605,0.5039979,0.4677524,0.4336605,0.41176242,0.3679276
0.44787443,0.4194555,0.40103215,0.38319546,0.37071195,0.3623699,0.3371956,0.31818447,0.29631248,0.27141488,0.255405,0.23114522
0.15431002,0.12629944,0.11022951,0.09437062,0.082997754,0.07276234,0.07173334,0.06539214,0.077756315,0.086704746,0.08799183,0.10365571
0.10357125,0.1041541,0.104793735,0.118805766,0.119055845,0.11747231,0.11779529,0.11311872,0.1094365,0.10740354,0.10063468,0.090363964
0.4296909,0.3895057,0.36971438,0.34777087,0.33557752,0.3170683,0.30705443,0.29944038,0.2976691,0.28882918,0.29421207,0.29393545
0.11121763,0.13412146,0.14154455,0.16242915,0.16399902,0.17176366,0.15556906,0.1436845,0.11795992,0.097350255,0.0675843,0.026743304
-0.20294544,-0.20071824,-0.19259892,-0.19637829,-0.18984185,-0.18608898,-0.17290701,-0.16980693,-0.1548321,-0.14201367,-0.12682666,-0.1142641
-0.16614932,-0.13577983,-0.120703466,-0.10120837,-0.09203515,-0.07302746,-0.06622017,-0.05526285,-0.058117732,-0.0599751,-0.057569154,-0.05749329
-0.30451244,-0.28609335,-0.27386254,-0.2775742,-0.2685748,-0.2725691,-0.27357453,-0.2797677,-0.26419005,-0.25551242,-0.25158307,-0.2563358
0.29200238,0.2741745,0.25894094,0.249042,0.24225889,0.22493012,0.20334257,0.18827252,0.17541862,0.16385065,0.14669609,0.12438228
0.14607698,0.12285313,0.10944425,0.09336317,0.0832299,0.07376899,0.073360726,0.07309927,0.07399626,0.076003805,0.08301849,0.09426712
-0.01257637,0.010888742,0.015212017,0.03887102,0.052987374,0.061512087,0.066094995,0.08479276,0.07941986,0.06675076,0.07520596,0.08007583
-0.28574267,-0.24157698,-0.21485353,-0.17687845,-0.16122349,-0.12835139,-0.11528823,-0.09968215,-0.11840761,-0.119910195,-0.13095245,-0.14777689
-0.058792442,-0.05336134,-0.047168966,-0.041865505,-0.032509346,-0.029575322,-0.01989576,-0.0150166275,-0.01283474,-0.014826448,-0.009985227,-0.00967563
0.07267758,0.056887094,0.05451883,0.042460926,0.041018374,0.030453451,0.027373996,0.014351513,0.022276808,0.023703359,0.035383556,0.03258537
-0.15423185,-0.141643,-0.13955382,-0.13229573,-0.12585944,-0.11635778,-0.11005749,-0.09865182,-0.08427584,-0.06983873,-0.054269675,-0.030345764
-0.19701962,-0.1650863,-0.15078412,-0.12858465,-0.11654637,-0.10428931,-0.09991851,-0.08931481,-0.09554776,-0.09769488,-0.10287696,-0.11163783
0.30427843,0.26427823,0.24041152,0.21010001,0.19460005,0.1684299,0.15094717,0.13213047,0.12804008,0.12625742,0.12030123,0.11478032
-0.044456735,-0.036647882,-0.030527353,-0.025754722,-0.020754412,-0.020248903,-0.019835174,-0.011888266,-0.01166614,-0.01614037,-0.022388075,-0.022198318
0.2011084,0.20914555,0.20993939,0.22193348,0.21913256,0.22427595,0.20849738,0.19612029,0.17464328,0.15126912,0.12335104,0.09001401
0.096930325,0.069762774,0.0559229,0.035948902,0.02746113,0.017612875,0.018059555,0.015998412,0.022235163,0.0321588,0.046207484,0.06597598
0.2600756,0.25008187,0.239652,0.23433101,0.22497717,0.22537518,0.20728996,0.189437,0.15722623,0.14041919,0.12436925,0.099066444
0.21800508,0.20159775,0.19012652,0.17931761,0.16952279,0.15840662,0.1453807,0.1362069,0.12787896,0.11550785,0.10749148,0.09558796
0.14002049,0.13093688,0.1248806,0.12067682,0.11437652,0.11508291,0.10918297,0.10684864,0.09714588,0.09156057,0.084127076,0.08039819
0.2131163,0.20386554,0.19602007,0.19425221,0.19006288,0.18291937,0.17067596,0.16044042,0.14732622,0.13867521,0.12411375,0.10625935
0.16463217,0.15236576,0.14039959,0.13316326,0.123045206,0.12043374,0.10876547,0.09359312,0.08251377,0.08082308,0.07446982,0.06757159
0.25204512,0.23925334,0.23116308,0.2266931,0.22202015,0.22834586,0.21396562,0.20140311,0.18660077,0.17472878,0.16297065,0.15029843
0.06656086,0.053801395,0.050706435,0.041841097,0.03819918,0.037966948,0.043027617,0.046774417,0.05371735,0.052399103,0.058346972,0.06368955
0.38323194,0.3601904,0.34092394,0.32276157,0.30412254,0.28365588,0.25303832,0.22870484,0.2147558,0.19447513,0.16728644,0.14455944
0.6978883,0.65664667,0.61834395,0.59460807,0.5631814,0.5216117,0.473229,0.43709934,0.41269162,0.3886436,0.36025092,0.31786615
0.06212906,0.06023222,0.06020623,0.064615235,0.06294979,0.061631013,0.06590752,0.069944195,0.06943227,0.06687714,0.06873642,0.067855865
-0.039901115,-0.050193418,-0.04714655,-0.057970896,-0.05932992,-0.054810338,-0.047123346,-0.04019942,-0.04169974,-0.040775362,-0.03545158,-0.02913614
-0.8413581,-0.78637344,-0.74987805,-0.7266917,-0.6988447,-0.67541474,-0.63691324,-0.61325526,-0.57888055,-0.5448509,-0.510028,-0.47704607
-0.26866737,-0.24974442,-0.2351279,-0.22580373,-0.21869227,-0.21024771,-0.20263547,-0.2071437,-0.20234358,-0.19053173,-0.18818365,-0.18950206
0.17616855,0.15583573,0.14605679,0.13242136,0.12286343,0.11631219,0.112268254,0.10804561,0.10851648,0.10376375,0.10488153,0.108056955
-0.04015105,-0.051690996,-0.058855668,-0.070500985,-0.07263273,-0.08009897,-0.07790999,-0.07721211,-0.06963077,-0.062995024,-0.053195644,-0.040768493
-0.31265396,-0.28980413,-0.26892948,-0.25938675,-0.2387203,-0.21704902,-0.20040324,-0.18290432,-0.15408365,-0.1436499,-0.13083321,-0.11386759
-0.014247805,-0.027450968,-0.031925786,-0.043069776,-0.042827114,-0.053657856,-0.053768635,-0.057227276,-0.048050243,-0.04136694,-0.03383566,-0.028221266
-0.05730498,-0.057438154,-0.051058058,-0.046598837,-0.04185633,-0.044706453,-0.035900347,-0.029886952,-0.027562805,-0.024367558,-0.022481792,-0.028043453
-0.6301823,-0.5828523,-0.55379736,-0.5265885,-0.50452304,-0.4839331,-0.44937629,-0.419117,-0.39047974,-0.36513788,-0.34284306,-0.31494498
0.0259984,0.030861827,0.032916427,0.035050496,0.041330196,0.034174208,0.026922014,0.024121465,0.01914819,0.009220073,-0.0017660103,-0.018383544
-0.037874877,-0.03956815,-0.040495526,-0.045812,-0.04527482,-0.049751077,-0.048792303,-0.04834473,-0.04762735,-0.04688926,-0.042333916,-0.038950592
-0.116092205,-0.10599915,-0.09770173,-0.09461866,-0.088389546,-0.08451439,-0.07885614,-0.07737547,-0.075981446,-0.07089823,-0.06574302,-0.07003793
0.031101184,0.02525623,0.02277475,0.018652244,0.019379433,0.014310717,0.009788146,0.0046737567,0.0034406357,0.001753184,0.00067339465,-0.0052006235
0.14360166,0.12813124,0.119428836,0.113149375,0.10950457,0.10753922,0.105406985,0.10851472,0.10869805,0.10706861,0.11061023,0.11549969
-0.042992488,-0.06571137,-0.06649279,-0.09245915,-0.09902021,-0.09496735,-0.079680994,-0.075802565,-0.048584424,-0.03978189,-0.010233227,0.01624032
0.36573923,0.32331124,0.2878645,0.2587756,0.25913346,0.22309378,0.20369674,0.20070651,0.1857089,0.16382667,0.15829468,0.13481152
0.13997346,0.13088755,0.12794982,0.123737544,0.12029784,0.11761179,0.11208701,0.108930744,0.103570856,0.09814895,0.09461577,0.09321462
0.63650036,0.59378004,0.5691976,0.54911494,0.5287844,0.51413965,0.49896532,0.49389717,0.47484183,0.44585466,0.45733654,0.44700822
0.19910835,0.1829038,0.17263843,0.16214737,0.15114535,0.14200494,0.1363008,0.12893592,0.13090152,0.123914085,0.11597626,0.115286276
0.27494246,0.23846789,0.21703893,0.19699371,0.18012679,0.16993724,0.16123974,0.15745509,0.15320116,0.15512379,0.15698905,0.16741838
-3.548573,-3.2746062,-3.102364,-2.9544263,-2.841609,-2.7177362,-2.5562737,-2.4777339,-2.3864298,-2.2515252,-2.1590612,-2.0754154
0.22686255,0.21358101,0.2088726,0.214196,0.20859055,0.2029045,0.19711307,0.19795187,0.19720843,0.18751484,0.19008131,0.19064216
-0.09781787,-0.09489614,-0.09380844,-0.088691,-0.08215751,-0.080629155,-0.072968744,-0.063921414,-0.05407325,-0.04198101,-0.03280611,-0.022816818
-0.23317656,-0.21310562,-0.20192052,-0.18733652,-0.17944151,-0.1649944,-0.15363087,-0.1463164,-0.14956588,-0.13722606,-0.13122462,-0.12849566
-0.06510529,-0.06408758,-0.063713156,-0.064188614,-0.060452588,-0.064881,-0.059257187,-0.05330826,-0.042319197,-0.0384043,-0.030739697,-0.025320176
-0.08468064,-0.07762356,-0.0729418,-0.070571035,-0.070391186,-0.060266912,-0.05574891,-0.052390214,-0.053100444,-0.051291276,-0.049859025,-0.04968016
-0.1028772,-0.10347501,-0.10145565,-0.10186728,-0.10271681,-0.09894244,-0.08502559,-0.07517119,-0.061039016,-0.051971212,-0.040918414,-0.027138148
-0.17549561,-0.15298852,-0.13787483,-0.124528676,-0.11720634,-0.112610206,-0.10644306,-0.10374941,-0.10540001,-0.1071697,-0.11340234,-0.12123985
0.031881426,0.03741836,0.042604234,0.04756553,0.054699827,0.053287327,0.04572311,0.04126301,0.046230823,0.040156666,0.03679848,0.022998482
0.13899128,0.13683574,0.13432002,0.13208151,0.13113895,0.13001457,0.11935954,0.11027042,0.09894864,0.08717105,0.07547162,0.057235956
-0.58670557,-0.53500205,-0.49326524,-0.46649516,-0.4393742,-0.41469932,-0.38458365,-0.35251817,-0.3209114,-0.31231433,-0.29197302,-0.27449194
0.0042081317,0.027665023,0.0431133,0.06595283,0.083642535,0.101537526,0.10646435,0.11274026,0.08293261,0.06617925,0.05090725,0.023882153
-0.21716264,-0.19981477,-0.19341844,-0.1818947,-0.17386892,-0.16621658,-0.15397228,-0.13842423,-0.13394454,-0.12523353,-0.11870578,-0.108834594
0.011742964,0.033569872,0.038994614,0.054539222,0.040585633,0.061934266,0.061362658,0.05993519,0.050143976,0.044297762,0.03082128,0.040699363
-0.4873161,-0.44663736,-0.41908705,-0.3958704,-0.37362516,-0.3585951,-0.33487704,-0.32157218,-0.30756557,-0.2921628,-0.27856737,-0.27067053
-0.49392965,-0.46800303,-0.44769633,-0.4328236,-0.41582954,-0.39890975,-0.3712372,-0.3492732,-0.32721645,-0.30164167,-0.2779245,-0.25146303
-0.06109252,-0.064968824,-0.06721521,-0.06705196,-0.07109423,-0.06478471,-0.05371377,-0.043090895,-0.030255688,-0.015727978,-0.0050179274,0.01606192
0.06615624,0.082687244,0.089292675,0.09955423,0.10210064,0.10466806,0.09203661,0.08564336,0.07148424,0.051282667,0.028282491,0.0009620916
0.21531402,0.20175797,0.19200191,0.18612172,0.17604478,0.1726099,0.1631667,0.1599054,0.14984116,0.14030196,0.1288701,0.12165813
-0.03501432,-0.025450174,-0.014546212,-0.007642375,-0.0020244946,0.002576591,0.0065466617,0.009543398,0.016779829,0.014000885,0.011390714,0.010133748
-0.0436431,-0.04638403,-0.04716687,-0.053384017,-0.053946283,-0.055759884,-0.058866017,-0.06143804,-0.06283545,-0.05978547,-0.061793588,-0.05963879
-0.1122763,-0.118159465,-0.12000102,-0.1248619,-0.121147096,-0.12243454,-0.1125236,-0.103402704,-0.09147513,-0.07733321,-0.06177064,-0.043586634
-0.19402705,-0.1570069,-0.13905604,-0.112240985,-0.10064305,-0.08341478,-0.08188607,-0.08131017,-0.09040184,-0.09642199,-0.1119478,-0.13277994
0.02311654,0.03354605,0.038390875,0.050040275,0.05695524,0.062450387,0.06505098,0.071731836,0.06111945,0.05296293,0.057726216,0.047178328
-0.18286431,-0.16875194,-0.15918417,-0.14535692,-0.13725711,-0.12928209,-0.11760968,-0.11157179,-0.11237298,-0.10272618,-0.097891614,-0.09770562
0.15590127,0.15397516,0.15878844,0.16102336,0.16172092,0.17434245,0.17215648,0.1730015,0.17779948,0.16145071,0.15343699,0.14371864
0.54876804,0.49165606,0.4661316,0.43232417,0.40782475,0.39575812,0.38540205,0.37485564,0.37133336,0.3596852,0.36729982,0.37546182
0.08650726,0.08224379,0.07495337,0.07335545,0.06711242,0.06272823,0.05423285,0.04618876,0.040055934,0.03525783,0.02383627,0.01638078
-0.29442498,-0.26863435,-0.24883643,-0.23480842,-0.22294489,-0.20406723,-0.1907858,-0.186026,-0.17626739,-0.16829725,-0.16179267,-0.1594351
0.07359716,0.06975075,0.0650497,0.060081363,0.055992138,0.05379036,0.04573201,0.039064758,0.036502104,0.032004647,0.025175301,0.02007186
-0.39252204,-0.367625,-0.34552646,-0.33400053,-0.31901333,-0.310035,-0.28435978,-0.2618532,-0.23413813,-0.2166411,-0.19601876,-0.16873972
-0.053194385,-0.04051945,-0.028401459,-0.015800502,-0.009871343,-0.0012545912,0.0036805626,0.013050494,0.021754978,0.01886799,0.016266618,0.0144275855
0.085463576,0.08879863,0.09326484,0.10170156,0.10005483,0.10647733,0.10849166,0.113984585,0.10675501,0.09439548,0.08508833,0.074713886
0.33914134,0.29397097,0.27609715,0.24914971,0.23852678,0.21574527,0.20830883,0.19355607,0.20345959,0.19576058,0.20453122,0.20885038
0.03184408,0.04503298,0.04948177,0.059506785,0.061059356,0.06690571,0.058572922,0.056786228,0.045070887,0.029147241,0.0128041655,-0.005466097
0.34325597,0.31384146,0.2961148,0.28888866,0.279741,0.26745388,0.2612587,0.2628037,0.25278112,0.24617705,0.23187682,0.2341767
0.20233722,0.19247574,0.18714935,0.18183812,0.18012957,0.16822879,0.16862646,0.16963683,0.17264298,0.1643363,0.1703613,0.17692609
-0.5969393,-0.579664,-0.5612161,-0.55818045,-0.5416213,-0.53224033,-0.49382532,-0.46492168,-0.4293698,-0.39026895,-0.34884524,-0.29885682
0.24161796,0.2402522,0.24104126,0.2476628,0.24794056,0.26505503,0.26807222,0.27675617,0.25916007,0.23082069,0.22028555,0.21226068
0.35265073,0.32437825,0.30521163,0.2898581,0.27353576,0.2593488,0.23434167,0.2112249,0.19606301,0.18686229,0.16823728,0.153127
-0.077235594,-0.063920945,-0.05676396,-0.045820847,-0.042587962,-0.031379692,-0.028887093,-0.024431128,-0.0258024,-0.026508885,-0.02692277,-0.025097845
0.115911834,0.11185356,0.10990795,0.10793421,0.10356511,0.101109505,0.09552954,0.087605245,0.08785302,0.0782629,0.07155382,0.060722522
-0.17852274,-0.16133457,-0.14976588,-0.13786405,-0.13177168,-0.12184925,-0.11335174,-0.1106786,-0.10361132,-0.09504792,-0.09125387,-0.08876656
0.12679183,0.11892134,0.11254055,0.10603227,0.101997145,0.09096053,0.079301804,0.07379671,0.066519275,0.055864763,0.040677205,0.028908996
0.0070790946,-0.0029832413,-0.0029999055,-0.004374805,-0.0001407601,-0.007589995,-0.002468477,-0.0035448298,-0.006118063,0.0015900647,0.006016086,0.011842197
-0.092273936,-0.093916595,-0.09230673,-0.09504964,-0.09384829,-0.0933597,-0.08411206,-0.07893046,-0.070752494,-0.06363828,-0.053735945,-0.04357199
1.069139,0.98413295,0.9286435,0.88949823,0.8507375,0.8087629,0.7615725,0.7050771,0.68505573,0.6619485,0.6257636,0.5976755
-0.1469004,-0.12448058,-0.1120911,-0.09444347,-0.08276878,-0.074247584,-0.07251398,-0.07098943,-0.07772507,-0.075040415,-0.08302438,-0.09350782
0.27068615,0.253729,0.24010341,0.23367974,0.22059016,0.22405457,0.21186207,0.20238645,0.18477534,0.17199516,0.1606405,0.15087576
0.1754034,0.17410837,0.16989295,0.16981804,0.16535968,0.16465004,0.15271755,0.14683373,0.13577911,0.123650804,0.108413145,0.094627194
-0.10321479,-0.093164444,-0.08654095,-0.08392193,-0.07872764,-0.076225296,-0.07513851,-0.07835482,-0.080737635,-0.08156745,-0.08265782,-0.08983364
-0.3754815,-0.34222174,-0.32274637,-0.30001915,-0.28888878,-0.26944226,-0.24696377,-0.23235767,-0.22335026,-0.20897155,-0.20097534,-0.18681203
-0.12972128,-0.11936255,-0.111166425,-0.09691386,-0.08511247,-0.08239911,-0.05996607,-0.03766685,-0.036389887,-0.03138525,-0.02288764,-0.019510472
-0.024827745,-0.02132015,-0.02451497,-0.025210636,-0.028697826,-0.024451831,-0.030192386,-0.03738065,-0.04506651,-0.04954689,-0.05356328,-0.057348646
0.026288522,0.0017531924,-0.015092,-0.041523054,-0.04792972,-0.06651223,-0.07798915,-0.08570462,-0.0895856,-0.08169604,-0.076269194,-0.06941772
0.26374114,0.24251969,0.22373855,0.2152063,0.2043883,0.19228216,0.17855802,0.17396854,0.1605031,0.15922697,0.15261222,0.15168199
0.30503717,0.2854072,0.26580292,0.24986695,0.2355659,0.21993777,0.1904716,0.16144194,0.13844942,0.12519036,0.10932752,0.085247494
0.34557518,0.3036773,0.27748153,0.25493646,0.2376084,0.22115692,0.21553016,0.20660213,0.1981072,0.19870834,0.19947547,0.2040138
-0.24204199,-0.22885561,-0.21886577,-0.21327929,-0.20575221,-0.19885303,-0.18667917,-0.17731589,-0.16588081,-0.15523973,-0.14095367,-0.12606867
0.1813622,0.16867983,0.15893571,0.15486902,0.14718942,0.14247285,0.13557822,0.13051617,0.12481451,0.1170585,0.1123688,0.105762064
0.17765985,0.17553723,0.16391349,0.16489455,0.15845877,0.15967521,0.14536935,0.13940352,0.11932661,0.10848588,0.09528207,0.08353035
-0.11769939,-0.10473015,-0.10312398,-0.094804734,-0.090710446,-0.08556589,-0.08819224,-0.08427727,-0.09013723,-0.08653419,-0.09057804,-0.09071292
-0.84416425,-0.7736329,-0.71732783,-0.6771027,-0.64035887,-0.6073104,-0.5583138,-0.5208949,-0.48316923,-0.45508307,-0.4295044,-0.40219924
0.0050177258,0.0048474236,0.0027724425,0.0041102096,0.0066810437,0.00028679566,0.0030395216,0.01389139,0.011228011,0.006265123,0.011527056,0.011793521
-0.022932215,0.016281895,0.041499067,0.0736818,0.08978661,0.12267051,0.12065851,0.12100655,0.10503216,0.08911881,0.06827251,0.035617564
-0.051023252,-0.03374703,-0.027096476,-0.019092653,-0.013530955,-0.01470856,-0.022379734,-0.028853316,-0.03853841,-0.049271286,-0.06158755,-0.081216834
1.0167488,0.9491409,0.9082287,0.8662839,0.8395017,0.7884412,0.7376428,0.70100063,0.6513881,0.60261506,0.59467673,0.5421934
0.030172227,0.026358958,0.023796458,0.024063716,0.022540124,0.019770717,0.020494971,0.019533968,0.01748231,0.01931819,0.020300198,0.021650607
0.5238409,0.47779328,0.43893516,0.40527958,0.3772733,0.35644448,0.3080697,0.26847187,0.22642532,0.20446877,0.16828914,0.12621847
-0.33021998,-0.29512584,-0.2728554,-0.25770906,-0.24515165,-0.23668028,-0.22896141,-0.22995143,-0.21810323,-0.21937148,-0.22716525,-0.23684843
-0.05700635,-0.06909109,-0.075301245,-0.086248964,-0.08954824,-0.09721318,-0.09263913,-0.08920467,-0.07451489,-0.06479066,-0.05029572,-0.030774869
0.12701006,0.103196844,0.08715394,0.069837,0.061547764,0.05038371,0.039237335,0.025469216,0.022634804,0.023907268,0.026540369,0.024443014
0.14254126,0.12687224,0.11942669,0.11283129,0.10764239,0.10539986,0.104614526,0.10184418,0.10218129,0.100318395,0.09792343,0.100054055
-0.35853556,-0.33979923,-0.32589266,-0.31886837,-0.30944398,-0.3003311,-0.28121328,-0.26708382,-0.2476957,-0.22823745,-0.21031055,-0.18662041
0.2639406,0.23962277,0.23672488,0.22095948,0.22065306,0.20898584,0.20797262,0.20153031,0.20587094,0.1993882,0.21166636,0.20433779
-0.7764672,-0.6962954,-0.64888066,-0.60394764,-0.5658326,-0.52841717,-0.5041579,-0.47902855,-0.47459248,-0.4601755,-0.45324945,-0.45269564
-0.04030498,-0.02569494,-0.017367195,-0.00731867,-0.00046335347,0.0027561951,0.0040461943,0.009795858,0.0044580903,-0.0011913897,-0.00587515,-0.01082664
0.15635234,0.15540373,0.1509316,0.14969902,0.14522497,0.14040396,0.12808977,0.119605966,0.110741585,0.09437446,0.078325756,0.060336646
0.061065044,0.04085499,0.030485071,0.01503228,0.009980094,0.010067675,0.014859162,0.017850943,0.021288412,0.028793704,0.04593624,0.061469138
0.19480665,0.17789666,0.1641279,0.15686613,0.14429194,0.13851203,0.12685019,0.11891886,0.11321336,0.11204868,0.10156333,0.09810346
-0.079674736,-0.0814251,-0.07890248,-0.07932275,-0.07743098,-0.072649606,-0.06425212,-0.062155724,-0.0518073,-0.03827665,-0.026190987,-0.011844558
0.011198238,0.020788452,0.026561076,0.031928316,0.029746162,0.036498345,0.03166157,0.023160815,0.0098594725,-0.0013853014,-0.014812584,-0.0321978
