-0.7184055,-0.68165076,-0.63581073,-0.6160439,-0.5845393,-0.560586,-0.51135033,-0.501214,-0.5039195,-0.47342962,-0.49577582,-0.5058578
0.6841565,0.6590561,0.64216065,0.60972977,0.60214895,0.5884426,0.55888534,0.5386417,0.5046241,0.4369106,0.39453763,0.31918114
0.24902987,0.18659908,0.14413221,0.123078,0.087979525,0.08131121,0.07824026,0.07808341,0.0765709,0.1045545,0.12621564,0.16240512
0.17255217,0.091140375,0.035995692,0.0014496148,-0.04004115,-0.052771598,-0.056334823,-0.04389164,-0.027525052,0.012368917,0.055794366,0.116639085
0.2757357,0.26125106,0.23662902,0.22446504,0.21713206,0.20162737,0.20113257,0.19666734,0.194817,0.19523646,0.20156433,0.19476911
0.010023259,0.02483157,0.032991327,0.034951705,0.039951853,0.010597639,0.020976327,0.028713372,0.02730041,0.028441077,0.047870696,0.040944815
0.31497243,0.3685471,0.40807226,0.43749207,0.4493801,0.45075837,0.4375717,0.39575738,0.34517914,0.27064547,0.19088084,0.10993123
-0.12146242,-0.09454242,-0.07388096,-0.060592346,-0.050041318,-0.043302,-0.034413196,-0.049561076,-0.067185,-0.09312864,-0.11774241,-0.15384147
-0.43813148,-0.4226436,-0.40437874,-0.38567615,-0.36608922,-0.35791597,-0.34693506,-0.33687994,-0.31011683,-0.28696933,-0.24935734,-0.22883593
0.1272277,0.09284743,0.07524729,0.0656198,0.04467602,0.041119263,0.048472434,0.05050923,0.06312595,0.082132205,0.115729935,0.13772851
-0.077364184,-0.07291126,-0.049174786,-0.025035098,-0.017519936,-0.01995802,-0.012983337,-0.027742818,-0.07240762,-0.092010885,-0.15344279,-0.18320107
0.31925556,0.20885603,0.13502523,0.09512794,0.04618877,0.03897515,0.04269284,0.049738348,0.101433754,0.16331214,0.2822185,0.34678173
-0.6612401,-0.60119045,-0.5552572,-0.5229085,-0.46944648,-0.44691175,-0.44272584,-0.41260263,-0.38278455,-0.37605956,-0.38750276,-0.3780259
0.03571542,0.023750365,0.00892956,0.0071409913,-0.004800833,-0.01529509,-0.012337944,-0.013063544,-0.036012415,-0.028877964,-0.0494745,-0.035513602
-0.194341,-0.20186554,-0.20364183,-0.19960272,-0.20336035,-0.19875005,-0.1934996,-0.18836093,-0.1791637,-0.16111332,-0.14849117,-0.120858416
0.122273535,0.036963657,-0.004596278,-0.024563894,-0.060778096,-0.07108815,-0.061134696,-0.047459513,-0.01717779,0.044019952,0.12419039,0.18672445
0.03516186,0.052339785,0.0609077,0.06530357,0.0709984,0.07438291,0.07231116,0.065319136,0.049817458,0.023831245,-0.010064584,-0.035632223
-0.32814035,-0.30144677,-0.27542818,-0.26171905,-0.24628879,-0.2418083,-0.21771455,-0.19032282,-0.15947777,-0.10546775,-0.061063692,-0.03385393
-0.40581664,-0.39056617,-0.3719672,-0.36406782,-0.35927963,-0.32008514,-0.30995682,-0.3170632,-0.3169614,-0.2926015,-0.28037444,-0.2729991
0.4859635,0.59406185,0.6864785,0.73160565,0.7334724,0.77375877,0.7352554,0.60981554,0.49204415,0.32032442,0.11823864,-0.049046367
0.18060088,0.11923398,0.08511131,0.06142457,0.031212762,0.035077743,0.024202168,0.030351669,0.036453687,0.046429228,0.05739662,0.09137207
0.37634686,0.49458188,0.5552967,0.5707011,0.6178073,0.63216513,0.60258734,0.5663803,0.53459585,0.42135066,0.34977317,0.18923295
-0.26881307,-0.23169708,-0.21389502,-0.20648354,-0.18549801,-0.17788786,-0.17344661,-0.17215624,-0.1335289,-0.12850833,-0.080329224,-0.08654374
0.1894599,0.17472926,0.18441041,0.19615781,0.19196892,0.18688747,0.17835613,0.16698512,0.15631184,0.13731842,0.11766116,0.10715935
-0.11966741,-0.17465499,-0.21966788,-0.23436916,-0.24747545,-0.2690691,-0.25408313,-0.22625573,-0.18514332,-0.13796808,-0.066453725,-0.010809028
0.19989483,0.14698416,0.10345966,0.08215713,0.048396222,0.033972003,0.04945191,0.053704828,0.052054763,0.10901523,0.15782586,0.1949428
0.46056265,0.49855947,0.5282556,0.5278138,0.534205,0.5396389,0.5256528,0.5084282,0.45327023,0.40831396,0.32005504,0.24859172
-0.04311435,-0.019231685,-0.0044035427,0.007535778,0.015814632,0.014419202,0.016615853,0.00822993,-0.0047125407,-0.019746326,-0.043740764,-0.06112249
-0.19004603,-0.22267202,-0.22004671,-0.2147944,-0.21813597,-0.2130284,-0.21977454,-0.20732795,-0.19851539,-0.18606244,-0.19100726,-0.15467104
0.34699807,0.3399461,0.34009045,0.33303386,0.31874704,0.30544612,0.29925084,0.28296068,0.25916594,0.24522212,0.23362085,0.21631357
0.16780166,0.14736553,0.12815978,0.107107535,0.08434752,0.075786844,0.08753924,0.09216383,0.09424697,0.11727731,0.13840629,0.15858367
0.1599219,0.14525321,0.11143714,0.104292646,0.0835157,0.08076074,0.08354745,0.07824654,0.06902939,0.08511717,0.099535584,0.116153546
0.19842276,0.21437702,0.19968614,0.20233074,0.20400122,0.18103383,0.16394357,0.14392948,0.104872696,0.060534768,0.009828813,-0.0238921
0.042180896,0.069187425,0.074937604,0.06706786,0.07850793,0.07360369,0.080579266,0.07914235,0.0888197,0.09895682,0.11968756,0.10309998
0.41475767,0.30701664,0.22319967,0.1608285,0.11057562,0.08158243,0.0771817,0.0976056,0.11375898,0.17083155,0.27321926,0.32279655
-0.42867103,-0.3937552,-0.357497,-0.33790398,-0.33207655,-0.31233686,-0.31930646,-0.31770498,-0.3126824,-0.3238214,-0.30721918,-0.27940938
0.043485954,0.030791432,0.034162164,0.039268106,0.028053239,0.04104093,0.0384626,0.024580203,0.024390634,0.02409865,0.03033609,0.037028067
-0.06742083,-0.08275661,-0.09590005,-0.10099599,-0.11379329,-0.11477712,-0.08818047,-0.08643739,-0.12766811,-0.09903399,-0.13904592,-0.1419936
0.068734765,0.077917285,0.07606165,0.0646413,0.07170816,0.08053103,0.07596574,0.087366946,0.07563022,0.07771294,0.052449442,0.040673666
-0.022463063,-0.07413469,-0.09519438,-0.09394398,-0.12389749,-0.09419656,-0.12482887,-0.13440777,-0.13898438,-0.101497,-0.054519534,0.0071206726
-0.13723911,-0.15632468,-0.16145624,-0.15973088,-0.16983703,-0.15924168,-0.15418513,-0.1532605,-0.1481879,-0.12863435,-0.114091486,-0.08515406
-0.20793052,-0.17361972,-0.15893176,-0.1509345,-0.13077126,-0.12708214,-0.12084502,-0.11943417,-0.119662695,-0.12896158,-0.14648192,-0.1615978
0.057479426,-0.011362836,-0.061064005,-0.09343858,-0.12555444,-0.12775,-0.12424444,-0.10236633,-0.06913569,-0.010309175,0.059353128,0.12798308
-0.40076792,-0.38074884,-0.37038907,-0.36561608,-0.34731543,-0.3401576,-0.32803863,-0.31160715,-0.2922599,-0.2704588,-0.25496632,-0.23933505
0.15856057,0.16491379,0.15838657,0.15320626,0.15040222,0.14520502,0.14251935,0.1442745,0.13281463,0.1361452,0.12438903,0.11307508
0.09645105,0.036416173,0.012889609,-0.012200221,-0.0519637,-0.058869973,-0.03002277,-0.014110252,0.009959519,0.0705309,0.14852363,0.22043584
-0.65756917,-0.65259314,-0.6301269,-0.5982625,-0.61063814,-0.57718533,-0.5342683,-0.5395068,-0.5341774,-0.4873461,-0.4704929,-0.40974742
0.5080129,0.45397156,0.435784,0.4011592,0.35736448,0.36007267,0.34262985,0.3213457,0.29301515,0.29984432,0.2735919,0.27080393
0.05133277,-0.0040144697,-0.032641873,-0.0654144,-0.09544316,-0.07997437,-0.079189375,-0.06468059,-0.0467061,-0.009930156,0.024722392,0.075063854
-0.285815,-0.23637536,-0.2083261,-0.19607498,-0.16128185,-0.15642709,-0.16202256,-0.15580052,-0.15361938,-0.17905894,-0.20362897,-0.22923511
0.10431547,0.103465006,0.09964662,0.10403777,0.0968682,0.10049707,0.10305412,0.10023636,0.106021985,0.098808326,0.101146095,0.10348034
-0.0009867754,-0.03150833,-0.052458964,-0.06672549,-0.08237191,-0.08573376,-0.077020325,-0.067668475,-0.06599829,-0.04070975,-0.018316178,0.007265259
-0.033535626,-0.042796373,-0.036651425,-0.04180137,-0.044076405,-0.022881914,-0.020126423,-0.016227707,-0.025677348,-0.01361829,-0.015071267,-0.017922727
-0.427135,-0.39646816,-0.3760346,-0.36067754,-0.33748162,-0.3148944,-0.3051277,-0.30066586,-0.28819478,-0.27258375,-0.26750454,-0.26491237
0.2753821,0.26260114,0.27160135,0.27812105,0.26681894,0.27927476,0.26935577,0.2451188,0.22593959,0.22265936,0.1946126,0.18426436
-0.15956327,-0.11629849,-0.09272963,-0.082420185,-0.058520004,-0.056627356,-0.04888764,-0.05275929,-0.05840426,-0.07153144,-0.09436041,-0.12479252
0.2417424,0.30469322,0.29685977,0.28710973,0.28167877,0.30424818,0.29502985,0.23846327,0.20380473,0.16187125,0.15833008,0.05494913
0.0055512898,-0.004360607,-0.005269738,-0.0103259515,-0.010346754,0.0029477626,-0.013418565,-0.0076342747,-0.0006558392,-0.009264067,-0.013816395,-0.0078186765
-0.43458965,-0.38673943,-0.36667708,-0.34954292,-0.31021416,-0.3195021,-0.31309456,-0.28581887,-0.2588301,-0.25367144,-0.24807978,-0.2440435
0.10512389,0.11137129,0.113736466,0.104415596,0.10252631,0.10584334,0.1053683,0.10063164,0.09694356,0.09007045,0.0851056,0.06913817
-0.1967117,-0.21048173,-0.20445427,-0.19762042,-0.2054729,-0.20506132,-0.18055457,-0.17699713,-0.16200542,-0.1158887,-0.06210592,-0.033296496
0.3884494,0.36786348,0.33585405,0.32311037,0.30067673,0.2749937,0.29721755,0.2858355,0.3099568,0.32819283,0.39759266,0.37558258
-0.028501606,-0.057157718,-0.09032129,-0.116071835,-0.122595124,-0.13793823,-0.13848677,-0.115206815,-0.09913027,-0.06887258,-0.020663686,0.010090943
0.35654622,0.32301807,0.30489543,0.29523188,0.25850582,0.26487803,0.25837088,0.23719023,0.22085965,0.22119203,0.23294875,0.24057668
-0.03340128,-0.1078068,-0.13693297,-0.1536034,-0.22277163,-0.18937036,-0.14461203,-0.17080781,-0.19228843,-0.08241017,-0.062328413,0.025337609
0.039449744,0.06103946,0.087309,0.11018854,0.11525283,0.09482073,0.11282453,0.09117912,0.08691659,0.049870208,0.037962694,0.0038377233
0.18492925,0.15470771,0.1428733,0.13336615,0.12209976,0.11624168,0.112955704,0.120266,0.12126102,0.13590024,0.1466211,0.16563496
-0.2872437,-0.23934846,-0.2064548,-0.18121919,-0.14847137,-0.14501286,-0.15555775,-0.15297875,-0.15812685,-0.1894101,-0.22566625,-0.25104532
-0.7178077,-0.63478667,-0.5642206,-0.5331883,-0.46275613,-0.45387566,-0.48152283,-0.45756984,-0.43680286,-0.48819476,-0.5353277,-0.55790824
-0.37474048,-0.3792103,-0.37638795,-0.37202406,-0.36527553,-0.34996015,-0.35010386,-0.3323891,-0.29577225,-0.26265866,-0.22107607,-0.17847472
-0.33152235,-0.32773918,-0.32594034,-0.32357317,-0.30941927,-0.3093595,-0.30163485,-0.27787122,-0.24674048,-0.22156733,-0.18750551,-0.1592748
-0.10033565,-0.07280445,-0.04102905,-0.023600914,-0.004921064,0.017121255,0.011520423,0.013128474,0.016619742,-0.005394593,-0.041915346,-0.055705868
0.039979503,-0.005989846,-0.017734177,-0.036877494,-0.04635314,-0.046994906,-0.054980814,-0.039378785,-0.013199095,-0.0052882526,0.022592312,0.049345
-0.2348193,-0.13241997,-0.052555293,0.016265064,0.07287753,0.072149396,0.0556245,0.027888447,0.003127411,-0.097856455,-0.20273097,-0.29578745
0.19454198,0.25032723,0.31912482,0.3603841,0.3790379,0.37839508,0.3661391,0.3382036,0.29362172,0.21367845,0.12507227,0.061465222
0.025798323,0.04105132,0.05237656,0.063837975,0.068644494,0.062023263,0.06100157,0.050553005,0.03196668,0.010337213,-0.0129952375,-0.033705577
0.07113361,0.027958155,-0.008607388,-0.032678045,-0.044489823,-0.058255382,-0.047973275,-0.032840066,0.0059315115,0.034504544,0.10747109,0.13185571
0.1051541,0.10040892,0.08826725,0.07403407,0.06377027,0.07035309,0.06237334,0.052004308,0.06030176,0.06286517,0.078960955,0.07834169
0.084150866,0.0764726,0.06300625,0.051623784,0.044086263,0.0466299,0.052415572,0.053157963,0.06679482,0.081670865,0.11041655,0.11306993
-0.31018507,-0.27394983,-0.25098872,-0.23460877,-0.21480855,-0.21108165,-0.18586987,-0.19328672,-0.18103781,-0.17572191,-0.16721256,-0.18069902
0.18707374,0.17800319,0.16292804,0.15233067,0.13885933,0.13308537,0.12721896,0.11919946,0.115142584,0.11258042,0.12043948,0.11598521
-0.04947586,-0.07807767,-0.09223117,-0.10199155,-0.11536015,-0.11291181,-0.11122486,-0.1035146,-0.093913615,-0.07794084,-0.056761943,-0.029199354
0.47897,0.42124298,0.36723655,0.32823303,0.29548815,0.2873175,0.2760944,0.2855651,0.2903729,0.30715182,0.33705044,0.35979298
-0.2619685,-0.30393106,-0.3337886,-0.3530267,-0.3652894,-0.35754728,-0.3466581,-0.32569882,-0.26763207,-0.2154586,-0.1277321,-0.071322866
0.10311549,0.100522414,0.09584327,0.09336939,0.09143975,0.08834491,0.079210736,0.072008155,0.063596115,0.044835582,0.033684228,0.018472545
-0.342525,-0.3332482,-0.31540906,-0.321427,-0.32057434,-0.31592357,-0.29637128,-0.26592928,-0.22642913,-0.16201,-0.089034006,-0.020960726
0.15543571,0.19925185,0.21212152,0.21078111,0.23481283,0.21850628,0.22028115,0.22118413,0.20641108,0.15342167,0.12557422,0.049454056
0.48229253,0.42503712,0.37350267,0.34663042,0.31346658,0.29781574,0.2818653,0.27410695,0.26340622,0.2589479,0.27013475,0.27619302
0.48718348,0.45118374,0.4286552,0.41356236,0.38991913,0.3668766,0.38219842,0.37457913,0.36540496,0.36837667,0.38222238,0.38067582
0.07622038,0.05328023,0.039589204,0.027742513,0.010937452,0.017381117,0.016020268,0.013018854,0.014093261,0.024346754,0.037447117,0.04940127
0.044960786,0.025949273,0.0038110232,-0.007936083,-0.020436626,-0.026676815,-0.026245028,-0.026384592,-0.030358195,-0.02297934,-0.012473501,-0.002341181
0.00310475,0.029559422,0.038313992,0.05167466,0.06683074,0.05783522,0.056898255,0.04564271,0.020203311,-0.011374807,-0.068699986,-0.110437684
-0.5245466,-0.532391,-0.51861733,-0.50190794,-0.5002179,-0.48468497,-0.45159358,-0.4369076,-0.43209738,-0.3786406,-0.37522578,-0.33225584
0.34781224,0.26758164,0.23050338,0.19999763,0.139344,0.15928113,0.15174517,0.13917801,0.16397938,0.22335447,0.31012776,0.3902114
0.11170831,0.061214365,0.019145176,-0.006926015,-0.033854425,-0.04383309,-0.0445462,-0.03941574,-0.024734855,-0.00071217865,0.03965891,0.07150018
-0.11270133,-0.101781934,-0.091832325,-0.08322337,-0.08500848,-0.0791958,-0.06827986,-0.07708076,-0.08984953,-0.08953487,-0.10657561,-0.10948783
0.09031821,0.09977436,0.10751821,0.13903499,0.16992223,0.14108035,0.13701816,0.13487837,0.15134057,0.13001508,0.17301649,0.13000935
0.37494946,0.36519402,0.3563219,0.34263012,0.3315808,0.33951777,0.32261825,0.3071557,0.29708648,0.27509254,0.26529947,0.23560733
0.16381732,0.18242775,0.1957804,0.1986762,0.2047547,0.19591556,0.20105104,0.19383433,0.16189975,0.13955945,0.10107453,0.06227265
-0.24030252,-0.25936168,-0.26169944,-0.26916093,-0.27276623,-0.26347226,-0.25374085,-0.24094476,-0.21415105,-0.18477303,-0.1449881,-0.10500204
-0.046009667,-0.09235234,-0.12080314,-0.1416675,-0.16469888,-0.15328667,-0.1475542,-0.13397321,-0.108244255,-0.06453916,-0.021676708,0.03272554
-0.07770747,-0.1077541,-0.126793,-0.13580096,-0.15691331,-0.15531729,-0.14169544,-0.1392833,-0.1341741,-0.10151209,-0.074314885,-0.037100825
-0.118672125,-0.15936823,-0.17224959,-0.1900828,-0.2192106,-0.21405065,-0.17223504,-0.15973186,-0.14941555,-0.07059495,-0.041140806,0.021357004
0.23495013,0.20195913,0.18476585,0.17227022,0.14913933,0.14990339,0.137658,0.13163146,0.121882536,0.11752449,0.1127823,0.12392225
0.10509329,0.069665045,0.05049739,0.03597601,0.019061342,0.002301231,0.012225591,0.013388917,0.013122804,0.021271605,0.039808802,0.04534246
0.14451945,0.17221382,0.19655597,0.22003195,0.23238584,0.23590124,0.23049587,0.2195432,0.20622724,0.17152542,0.12909742,0.10094321
-0.33698985,-0.29461917,-0.26462668,-0.25356856,-0.24480662,-0.23565961,-0.22096942,-0.21532452,-0.21128313,-0.20122132,-0.19333765,-0.1738437
0.020957455,-0.0015319586,-0.016740195,-0.03126482,-0.041704208,-0.041227706,-0.027284905,-0.01743576,0.0056066215,0.037145164,0.07409555,0.09661321
-0.0015941709,-0.10903749,-0.15901455,-0.1749565,-0.2535818,-0.22179174,-0.20248008,-0.21659374,-0.17323929,-0.056487024,0.09080072,0.22375885
0.5280533,0.43850031,0.37547708,0.33251366,0.28097734,0.25421417,0.25209382,0.269879,0.28316772,0.32435417,0.35353303,0.40918803
0.03951689,0.026350215,0.015449051,0.010765627,-0.0018009171,-0.0046139434,-0.00060162693,-0.000619594,-0.001238063,0.01917348,0.0400537,0.061892845
0.1201764,0.13086076,0.13678356,0.14019397,0.14583345,0.13813712,0.13404126,0.12864646,0.12684987,0.10920793,0.1062072,0.08454877
0.022290524,0.016063951,0.010973856,0.013475671,0.008898243,0.004048392,0.012132183,0.010387763,0.037372023,0.037684888,0.074681684,0.08144818
0.1222785,0.13367218,0.14613509,0.1594494,0.16687669,0.16170032,0.15254177,0.14637926,0.1310232,0.10421441,0.08074282,0.061382122
-0.22928816,-0.18965237,-0.13675204,-0.090893894,-0.10616568,-0.0982517,-0.040214345,-0.08567646,-0.09331559,-0.08427345,-0.05850686,-0.064121574
-0.5974056,-0.6104976,-0.60968876,-0.6071334,-0.6043542,-0.57299614,-0.5512737,-0.5341643,-0.4953012,-0.44236478,-0.3914419,-0.3363427
-0.30463144,-0.3028322,-0.30092043,-0.29442006,-0.27795365,-0.27187595,-0.2748904,-0.25080067,-0.22726749,-0.21394718,-0.20000865,-0.17797938
-0.62035036,-0.57158786,-0.5319283,-0.50923264,-0.5189652,-0.44902465,-0.41747206,-0.47218066,-0.47539198,-0.4952286,-0.48789802,-0.5146289
0.109249055,0.12444234,0.13441423,0.14479816,0.15497771,0.158371,0.13756579,0.11757002,0.10185377,0.058227107,0.016875489,-0.022170294
0.39905417,0.3131157,0.24822223,0.2114159,0.16457933,0.12486106,0.13690226,0.14371443,0.1451903,0.18911955,0.24871545,0.29092526
0.07419956,0.09003124,0.09935443,0.101409554,0.12095888,0.110141695,0.09190873,0.095930815,0.08959405,0.06073676,0.032625936,0.0068588816
-0.5204018,-0.4751742,-0.46997577,-0.4873744,-0.46466273,-0.45021057,-0.43155074,-0.40953785,-0.34828296,-0.3108135,-0.22236635,-0.2061928
0.11053486,0.1030789,0.0993514,0.10112428,0.092996016,0.0948537,0.092820965,0.08512903,0.094606936,0.10097422,0.12787168,0.13211131
0.06866598,0.08941189,0.09833292,0.101215735,0.11070089,0.10563406,0.10648203,0.10328821,0.10432212,0.096341595,0.09987021,0.07692701
0.08150948,0.07889137,0.08867736,0.09312953,0.08212362,0.08218482,0.09731188,0.089934744,0.060227733,0.06800358,0.035455883,0.031074578
0.2842876,0.27877703,0.27409732,0.2780867,0.26762858,0.24982615,0.24865595,0.23307134,0.20294367,0.18765958,0.1634376,0.14207539
-0.081635386,-0.081316814,-0.067499585,-0.061935496,-0.075738154,-0.061724454,-0.04627251,-0.051599212,-0.06111321,-0.03865278,-0.033784248,-0.009154046
0.07027457,0.018329203,-0.01295843,-0.03342977,-0.05534631,-0.058275882,-0.058656495,-0.047124233,-0.030635223,-0.00414937,0.02857936,0.069228455
0.002247665,-0.018549629,-0.030674718,-0.03419956,-0.04040373,-0.043172494,-0.044019803,-0.04211626,-0.030166693,-0.020321973,-0.0011168215,0.013075744
-0.629783,-0.61068875,-0.60937095,-0.6053768,-0.56682104,-0.5685226,-0.5728926,-0.53467315,-0.47074518,-0.45359787,-0.40678376,-0.37081248
0.121322155,0.078252405,0.054330677,0.04247427,0.008003458,0.017163157,0.018200248,0.007637471,0.0099564195,0.045918725,0.081606984,0.1244445
-0.03091599,-0.07829368,-0.10407828,-0.12987855,-0.18582204,-0.14715528,-0.13086233,-0.14218104,-0.10437299,-0.033960447,0.085700944,0.16337264
-0.021951914,-7.288903e-05,0.039426193,0.043756776,0.034334987,0.0812805,0.09718785,0.08174892,0.028101444,0.058718238,0.013281421,-0.010144971
0.3037512,0.25240093,0.22336596,0.20891245,0.17784598,0.1712959,0.16040821,0.15575579,0.14692274,0.14255404,0.13647765,0.15159032
-1.3864832,-1.252445,-1.1619866,-1.1105034,-1.0307702,-0.97335416,-0.94881284,-0.920691,-0.8895242,-0.8893385,-0.90599746,-0.9005853
0.22793812,0.18642658,0.14881745,0.119692996,0.10118903,0.08435643,0.07618727,0.08773571,0.09075117,0.10256631,0.1268983,0.1409181
-0.230894,-0.2006574,-0.19290145,-0.19301152,-0.15574636,-0.1436064,-0.15839593,-0.14156167,-0.10797757,-0.13222402,-0.12663579,-0.15492558
-0.072098516,-0.06902135,-0.06580722,-0.06255289,-0.049710013,-0.04940371,-0.05831995,-0.03247729,-0.041486096,-0.027800884,-0.06830446,-0.050625525
0.5441541,0.5691586,0.5970557,0.60229635,0.59109473,0.61340106,0.6062031,0.555606,0.50438905,0.42459282,0.3493082,0.25673106
0.267674,0.25205028,0.23814327,0.22476771,0.20415013,0.19741398,0.20218821,0.19054474,0.17502362,0.1871454,0.1896605,0.18729863
-0.03750505,-0.015687566,0.010369271,0.01103726,0.0006883964,0.015083998,0.014731795,-0.00015960261,-0.016506985,-0.03395763,-0.053120494,-0.05599875
-0.18222547,-0.17468509,-0.1845836,-0.18121499,-0.18424785,-0.17573667,-0.15491335,-0.15741158,-0.14504331,-0.122613974,-0.104464695,-0.09271115
-0.21836603,-0.22522981,-0.22189963,-0.22063011,-0.21224546,-0.19688721,-0.1987437,-0.18293501,-0.16144396,-0.14456111,-0.122976676,-0.10394326
0.5301891,0.46951485,0.3966472,0.35335934,0.31239957,0.2705345,0.27632642,0.2756136,0.2890206,0.33431506,0.40092674,0.44806278
-0.06672257,-0.0738858,-0.076643124,-0.07870962,-0.0754899,-0.07321417,-0.07262394,-0.06432967,-0.046054896,-0.036907278,-0.021507518,-0.011922994
-0.1073257,-0.18606216,-0.24193485,-0.2712167,-0.31592658,-0.3028261,-0.2895135,-0.26946214,-0.2272502,-0.15043005,-0.059061028,0.040046092
-0.23368575,-0.2361818,-0.23265594,-0.22815064,-0.21850327,-0.22353914,-0.21892354,-0.205894,-0.20407224,-0.1991557,-0.20011584,-0.19120811
0.23276924,0.19133073,0.17263989,0.1565077,0.138876,0.12578483,0.113560066,0.115284316,0.117513254,0.119136676,0.12889639,0.14422128
0.06958915,0.37247813,0.596518,0.7438283,0.88173616,0.9147242,0.839084,0.7246866,0.5742436,0.27178067,-0.046944804,-0.3638438
0.7318392,0.668781,0.5891001,0.5105913,0.46427274,0.46305344,0.4280737,0.41142464,0.44176918,0.4696519,0.5655935,0.547474
-0.7290727,-0.70157003,-0.68008876,-0.6326507,-0.5795402,-0.6097313,-0.5715542,-0.5342197,-0.44733173,-0.41444877,-0.3408281,-0.31365028
-0.43838167,-0.4578269,-0.4704116,-0.4812008,-0.49171087,-0.47295856,-0.45063108,-0.43331158,-0.40389723,-0.34107423,-0.28439417,-0.22793989
0.4438697,0.43317443,0.425541,0.4050343,0.3932079,0.39332125,0.38242143,0.38209647,0.3614123,0.35514742,0.32865822,0.30993637
-0.20017874,-0.20496579,-0.20580147,-0.21683002,-0.2194554,-0.20902678,-0.18721855,-0.18168488,-0.16456133,-0.12976348,-0.093959965,-0.08861204
-0.32158682,-0.23625961,-0.19697815,-0.16543496,-0.110084265,-0.10422981,-0.1124492,-0.103137255,-0.1337907,-0.17911114,-0.25656855,-0.31989074
0.36466932,0.3252465,0.30831465,0.29229754,0.25583035,0.2475618,0.24449092,0.23168209,0.21559952,0.20929836,0.20534833,0.21907091
-0.415739,-0.44389403,-0.4659443,-0.47402245,-0.4747558,-0.47094703,-0.44285208,-0.41106805,-0.35315827,-0.2731883,-0.19158551,-0.12915045
-0.075538665,-0.06492475,-0.076757014,-0.107340515,-0.11077182,-0.1088298,-0.097756185,-0.10040338,-0.06884068,-0.031206615,0.06334284,0.058068134
-0.10693548,-0.10712589,-0.08635762,-0.08883728,-0.08669957,-0.07968441,-0.07393178,-0.07174295,-0.060308263,-0.038790334,-0.0041167308,0.015276423
-0.12494014,-0.15654188,-0.1625241,-0.16557506,-0.19251466,-0.22452584,-0.19421491,-0.18473795,-0.15243974,-0.10618046,-0.020752195,0.035862926
-0.16400185,-0.18803167,-0.20010182,-0.20909157,-0.22760391,-0.2115491,-0.19637752,-0.203659,-0.20625323,-0.18232837,-0.16396923,-0.1456369
-0.22013341,-0.21787567,-0.21979286,-0.21744952,-0.21277766,-0.20857143,-0.20780253,-0.19961563,-0.1862448,-0.17749915,-0.1641073,-0.14465176
-0.8222881,-0.7522561,-0.712485,-0.68093306,-0.62788796,-0.6103686,-0.59552383,-0.5695057,-0.532145,-0.5281073,-0.52647865,-0.5229953
0.2334057,0.2183037,0.21587165,0.21277311,0.1955061,0.19828682,0.20852034,0.19904077,0.20254776,0.22634257,0.24470577,0.25884482
0.080173075,0.033317562,-0.008535489,-0.03079047,-0.04760494,-0.06202177,-0.054680478,-0.035922203,-0.018530687,0.018151077,0.06312645,0.09856512
0.030452183,0.07911815,0.12178358,0.1268147,0.12390372,0.108954415,0.14457674,0.14365475,0.110751316,0.113624305,0.0983923,0.089872025
0.17977008,0.15028785,0.12556165,0.11263429,0.10503609,0.08938155,0.087002195,0.09919487,0.1046686,0.12250495,0.15944977,0.17133585
0.002696367,0.02089864,0.052423544,0.057642654,0.060196914,0.074492894,0.08600633,0.08457768,0.06322019,0.0725534,0.046828672,0.028559292
0.5246289,0.45441014,0.39293072,0.32557246,0.29085416,0.24816677,0.255426,0.306908,0.32882392,0.4215808,0.49184042,0.53916895
0.071260154,-0.0042539686,-0.06202109,-0.09653114,-0.12916887,-0.13631788,-0.13648821,-0.111929595,-0.074595496,-0.021471433,0.05277937,0.12160136
0.06621635,0.055873558,0.048592135,0.04792218,0.03512714,0.029753633,0.03192741,0.018618867,0.005891297,-0.009000227,-0.026736744,-0.023214294
0.28896323,0.3108743,0.31133434,0.30144495,0.3051138,0.30981383,0.2897789,0.27470583,0.2591016,0.22728767,0.20375581,0.15958533
0.020489622,-0.010148373,-0.052165247,-0.0929179,-0.10966709,-0.12216879,-0.10463539,-0.087192185,-0.076142654,-0.013122635,0.050666362,0.084312625
0.47312194,0.4775856,0.47752434,0.43819565,0.45341784,0.408427,0.38692328,0.40518492,0.38457465,0.35850954,0.38399035,0.32305273
0.037664775,0.00048819184,-0.027469225,-0.04322899,-0.058912113,-0.07134658,-0.05970688,-0.04980178,-0.020650849,0.012920346,0.06704399,0.10059665
-0.16668451,-0.17131868,-0.16093314,-0.13759315,-0.13286808,-0.13847703,-0.13209161,-0.12817726,-0.10641583,-0.093176246,-0.06890504,-0.045084354
-0.015918469,-0.05924595,-0.0933731,-0.11385232,-0.13281223,-0.14802943,-0.14191782,-0.12414928,-0.112841055,-0.068647295,-0.031248713,0.01650444
-0.16690083,-0.21911778,-0.27279577,-0.30674124,-0.31528103,-0.33129644,-0.3190065,-0.2771331,-0.23069693,-0.16968471,-0.0931233,-0.03510735
0.3174487,0.32040355,0.33004886,0.32605794,0.33462355,0.3216589,0.298671,0.2915592,0.2749931,0.22717822,0.18485494,0.14280078
-0.12585707,-0.11892481,-0.12991552,-0.1433163,-0.13628617,-0.14632154,-0.1278575,-0.100961894,-0.07971603,-0.04260152,-0.01666211,0.015100036
-0.064390674,-0.0991368,-0.11462522,-0.12815528,-0.15823591,-0.14893723,-0.12715283,-0.12954985,-0.112560354,-0.07997908,-0.027718123,0.011494217
-0.017243998,-0.00794491,-0.022540165,-0.02738326,-0.019397814,-0.02514796,-0.016377617,-0.0048282854,0.022448435,0.01989119,0.041461725,0.037479613
-0.06522307,-0.066540815,-0.0710775,-0.08319872,-0.07465602,-0.075026445,-0.08043642,-0.065752424,-0.05135922,-0.056205083,-0.04901335,-0.053288125
-0.21988663,-0.28140655,-0.3153338,-0.33434778,-0.36051658,-0.35995987,-0.35157496,-0.33114448,-0.2872064,-0.22231975,-0.1451,-0.063951634
-0.16153625,-0.19561146,-0.22071129,-0.23759142,-0.257762,-0.2378808,-0.22500402,-0.22215389,-0.19861193,-0.15441862,-0.09232955,-0.045275364
0.10943427,0.09647126,0.083318576,0.07357552,0.0691071,0.062472776,0.061056376,0.06417204,0.06978082,0.076922335,0.08708413,0.09461404
0.18508518,0.12784651,0.08039771,0.04743029,0.0072398484,0.0058611035,0.017123908,0.014671341,0.041348174,0.08800126,0.16855057,0.21105874
-0.3987785,-0.4046052,-0.3963666,-0.38315627,-0.38258985,-0.37213588,-0.3562381,-0.34930775,-0.33910298,-0.31375954,-0.29532367,-0.260871
-0.014557617,-0.050033815,-0.084464595,-0.107593074,-0.11976328,-0.12640724,-0.12563983,-0.11203827,-0.0889168,-0.06920766,-0.021612205,0.0021557722
-0.20975408,-0.17854327,-0.16778517,-0.15976048,-0.13082403,-0.1293452,-0.13898359,-0.12007392,-0.11005526,-0.122947186,-0.1359064,-0.14585185
0.48868522,0.45769688,0.42314157,0.3895067,0.36818784,0.360455,0.34337735,0.3431556,0.31882071,0.3220642,0.31574363,0.30793753
-0.62635475,-0.60346043,-0.5980185,-0.5981254,-0.5744158,-0.55121446,-0.5360858,-0.50500304,-0.45526946,-0.41507825,-0.36969078,-0.32936215
0.09336224,0.22204807,0.3053117,0.36595458,0.42986238,0.42210606,0.3977425,0.34920248,0.25266606,0.09741376,-0.093158476,-0.25970435
-0.082394056,-0.045384757,-0.018491082,0.00097328424,0.023591615,0.017873019,0.011415489,0.001211077,-0.017820068,-0.06897027,-0.126017,-0.16755521
0.45760658,0.37438342,0.31807083,0.29054147,0.2484571,0.23374644,0.22251439,0.21588153,0.2339685,0.2503403,0.29211536,0.3277895
0.18466286,0.18206942,0.18199933,0.1836485,0.17863949,0.17394464,0.1749649,0.16872393,0.15874766,0.1561628,0.14567733,0.13299781
-0.0134993885,-0.028299078,-0.028204206,-0.03271473,-0.03615888,-0.035841636,-0.0350266,-0.029586462,-0.02593542,-0.02269148,-0.020854933,-0.012088677
0.17208607,0.11080937,0.08665805,0.05767119,0.032184303,0.05799307,0.030638149,0.038569055,0.048867747,0.06500388,0.098938376,0.14516412
-0.6658431,-0.7769307,-0.7757997,-0.73672426,-0.80509603,-0.69545245,-0.68763626,-0.7055224,-0.7308749,-0.61026615,-0.57334244,-0.415519
0.0030483212,0.008267619,0.0100882575,0.017919078,0.022862166,0.013459168,-0.0006468445,0.00314378,-0.015636556,-0.030422498,-0.054737985,-0.054816987
0.043049436,0.03386362,0.034054168,0.029070064,0.022051316,0.030773483,0.029672164,0.023120902,0.024145946,0.022566058,0.032044087,0.0331091
-0.12302351,-0.11367142,-0.10350864,-0.09917278,-0.09344256,-0.08565127,-0.0842302,-0.08288243,-0.082593,-0.07796132,-0.083435,-0.07702364
-0.023087231,-0.02538231,-0.02890405,-0.03139139,-0.04853525,-0.039438426,-0.031476714,-0.03536816,-0.036828898,-0.0076326877,0.016624663,0.04110805
0.18828371,0.21442907,0.22540274,0.22860393,0.24028695,0.22357151,0.22748041,0.21924257,0.20938945,0.18498604,0.16422969,0.12344857
-0.016810175,-0.027705237,-0.029605176,-0.028894834,-0.037693515,-0.032562792,-0.029082093,-0.0327073,-0.03165253,-0.017958831,-0.004053763,0.0076169735
-0.39703137,-0.43025064,-0.4187975,-0.40166596,-0.41503686,-0.4210792,-0.39936703,-0.4038086,-0.40410653,-0.38484308,-0.38604677,-0.35332945
-0.15764555,-0.1614329,-0.16250038,-0.16271618,-0.1645993,-0.1579187,-0.15304217,-0.15830757,-0.14755158,-0.14375551,-0.11666729,-0.108693525
-0.22232784,-0.25281566,-0.26813853,-0.2756377,-0.28613502,-0.2853149,-0.27833188,-0.25949106,-0.23327464,-0.19069672,-0.1457981,-0.09541902
-0.2283245,-0.26716894,-0.28866726,-0.2890876,-0.3162577,-0.29512239,-0.27751487,-0.27415168,-0.27218267,-0.22392166,-0.20511895,-0.14651282
-0.70723176,-0.72449315,-0.7268652,-0.7202272,-0.7052713,-0.68513554,-0.66921645,-0.63928264,-0.5929924,-0.54234254,-0.47982576,-0.4209403
-0.30527744,-0.3357548,-0.34970522,-0.3577447,-0.37144256,-0.3620295,-0.34955287,-0.33270258,-0.30090737,-0.24261722,-0.17459592,-0.10684881
-0.2481107,-0.24635535,-0.2485429,-0.24973775,-0.23827103,-0.23563385,-0.23612773,-0.21699357,-0.19488202,-0.1874646,-0.17581366,-0.15596154
-0.446805,-0.43550652,-0.42186505,-0.41800416,-0.4154138,-0.3999446,-0.37241226,-0.35982215,-0.3369059,-0.29660887,-0.26422888,-0.22211401
0.27345747,0.22505876,0.16856527,0.11781713,0.07255691,0.060895532,0.084353775,0.09040612,0.12020026,0.19764155,0.3194841,0.35880572
0.06861049,0.048649147,0.027868062,0.01978077,0.009696744,0.002127543,0.009998724,0.011343695,0.02991604,0.03957621,0.06943906,0.07468514
-0.20030777,-0.15769678,-0.13951914,-0.1290934,-0.10064392,-0.09793937,-0.097063884,-0.09966424,-0.10281803,-0.12672727,-0.14758499,-0.18253824
-0.06262827,-0.07485898,-0.109018505,-0.12530465,-0.12542994,-0.13582382,-0.13814555,-0.1177787,-0.101631515,-0.07724965,-0.048115022,-0.02245977
0.04754931,0.06372167,0.07561877,0.07095434,0.08214551,0.08213831,0.08410157,0.08915749,0.08475778,0.06979407,0.05332634,0.025639929
-0.16006401,-0.21499893,-0.24689117,-0.26201996,-0.28458667,-0.26964593,-0.2650363,-0.24671431,-0.21764584,-0.16446981,-0.106704205,-0.042259444
-0.09307076,-0.092858374,-0.104440086,-0.12538543,-0.12003569,-0.1034601,-0.11948283,-0.11147225,-0.07004681,-0.0745572,-0.025368292,-0.017149158
0.17159799,0.13164589,0.1208671,0.0987955,0.0039147437,0.09850001,0.15582508,0.06872678,0.038345784,0.08926445,0.1376388,0.14311655
-0.25112036,-0.27645382,-0.28561634,-0.29053086,-0.30212206,-0.29831904,-0.28006303,-0.2698686,-0.24582511,-0.207883,-0.16476847,-0.12455061
-0.16118704,-0.16800272,-0.17429473,-0.17538604,-0.17254676,-0.16483027,-0.16388479,-0.15270671,-0.13684626,-0.11150367,-0.094976805,-0.067441024
-0.11284504,-0.1761829,-0.22089079,-0.24839878,-0.27066898,-0.28112763,-0.28094655,-0.25417548,-0.22174548,-0.18254521,-0.13150096,-0.06466148
-0.05076414,-0.122840695,-0.17440772,-0.20040202,-0.23372301,-0.22218871,-0.21643896,-0.20593941,-0.1687764,-0.09912239,-0.023241788,0.054543804
-0.2971187,-0.26869667,-0.23681222,-0.21414557,-0.19555634,-0.18175037,-0.18536277,-0.18188016,-0.17891377,-0.18740287,-0.21187828,-0.20551866
0.09639877,0.07308185,0.19334058,0.22569749,0.07178089,0.001868844,0.20833486,0.18526581,-0.022622079,0.20128797,0.110351115,0.34015143
-0.18299316,-0.23779176,-0.28453493,-0.30081147,-0.32024953,-0.337193,-0.3331507,-0.30547482,-0.28789145,-0.24872711,-0.21774232,-0.1546303
-0.97089326,-0.8665693,-0.80983746,-0.77238125,-0.69509,-0.66575235,-0.6647364,-0.6360046,-0.6016883,-0.63059235,-0.6575113,-0.6785956
-0.40022165,-0.3267804,-0.26382804,-0.22072732,-0.17511514,-0.16201313,-0.16373326,-0.16204429,-0.14619748,-0.17518607,-0.19556531,-0.21351367
0.037061207,0.08232927,0.10523223,0.12831923,0.15370584,0.13769077,0.13231827,0.12686537,0.104414225,0.06376683,0.008110525,-0.03892377
-0.3355214,-0.30440226,-0.27353594,-0.2401743,-0.22291063,-0.21207353,-0.20558652,-0.21519235,-0.2174105,-0.23322438,-0.24679857,-0.2539726
0.017027015,0.01367704,0.009291602,0.008833934,0.0054387115,-0.00022139773,-0.005711276,-0.013069656,-0.033680998,-0.060229294,-0.0892341,-0.107934125
-0.11423787,-0.068229996,-0.051373936,-0.032457925,-0.0052548274,-0.025896557,-0.018071957,-0.020864077,-0.009954099,-0.037504658,-0.03176587,-0.066875495
0.008021638,0.0327386,0.049900323,0.060423102,0.06992618,0.07221065,0.08255485,0.078148454,0.058543853,0.042694233,0.0029448178,-0.025462165
0.2675775,0.26904836,0.27882513,0.2819237,0.27747315,0.26877394,0.24745172,0.23122025,0.18677837,0.13883024,0.060293622,0.025198104
0.28128743,0.29985797,0.30761373,0.30675352,0.300805,0.29043195,0.28470185,0.2658586,0.23305827,0.19929335,0.1651954,0.12416781
-0.25208604,-0.22275263,-0.19738528,-0.18245006,-0.16138808,-0.15211268,-0.15121987,-0.14811616,-0.14539823,-0.16436009,-0.1776496,-0.19042175
-0.05572534,-0.016623758,-0.0050026253,0.012156807,0.036975987,0.023909464,0.02249707,0.025988694,0.027565818,0.01445771,0.005679833,-0.022471502
0.04573168,0.0534918,0.06316198,0.07814475,0.08552654,0.08003904,0.08576827,0.08666295,0.093335085,0.08771588,0.09274348,0.090430856
-0.27924845,-0.2710671,-0.27103892,-0.2789717,-0.2672942,-0.26378754,-0.24669918,-0.2297797,-0.19852097,-0.17521173,-0.1347956,-0.12270462
0.0616794,0.15654822,0.23185982,0.27878335,0.31528404,0.32401997,0.3140818,0.27171507,0.20362864,0.12263255,0.00206808,-0.097686596
0.09084581,0.037605345,-0.019512057,-0.045443736,-0.07000739,-0.099591516,-0.0919147,-0.07756083,-0.07042531,-0.044209015,-0.012297462,0.024138292
0.13691443,0.09494302,0.053637862,0.027081214,0.006022863,0.0056852326,0.004966423,0.0109314695,0.027875885,0.049752586,0.08446164,0.1117634
0.026284765,-0.0044461004,-0.02378314,-0.030636195,-0.042295728,-0.04960729,-0.0521885,-0.044491913,-0.039749674,-0.025050592,-0.007807648,0.014633975
-1.2803274,-1.2057723,-1.1465995,-1.1103106,-1.0449637,-1.0104564,-0.9924982,-0.9496917,-0.9017992,-0.9030874,-0.9062277,-0.88292116
-0.20891275,-0.20537192,-0.20284757,-0.20914489,-0.20123607,-0.1936698,-0.18264285,-0.17358483,-0.16315779,-0.1470124,-0.14044517,-0.13474703
-0.3623323,-0.38584587,-0.39737394,-0.4078213,-0.40441108,-0.3888335,-0.38829002,-0.36624944,-0.32457998,-0.2912408,-0.2532637,-0.20392661
0.30406874,0.23871285,0.18753555,0.15835947,0.12377176,0.09785676,0.09808096,0.109928474,0.12496522,0.16093782,0.20802414,0.25035375
0.03057234,0.02767197,0.010744488,-0.0064569823,-0.008701634,0.004792588,0.013208875,0.024289593,0.04324535,0.06899593,0.09466052,0.105983704
0.07020132,0.024968646,-0.0092344135,-0.030709073,-0.056835562,-0.051752433,-0.051341176,-0.050083235,-0.021958292,0.00716234,0.06610475,0.105159044
0.05031152,0.09766197,0.12891908,0.1466557,0.16495605,0.16867812,0.1656225,0.15035562,0.13050273,0.08446961,0.037130766,-0.013182864
0.10966333,0.07180145,0.044622023,0.016519468,0.0069007026,-0.0049163867,-0.010429124,0.0014645699,0.008182485,0.017610015,0.037686173,0.04505329
-0.094195224,-0.08229761,-0.076136574,-0.07423364,-0.066450536,-0.05962003,-0.053660825,-0.042043455,-0.033570684,-0.02393594,-0.02551889,-0.018511191
-0.04049877,-0.054926306,-0.07035697,-0.088006906,-0.097645834,-0.08623689,-0.07988226,-0.07319975,-0.056807883,-0.031013548,0.0063005015,0.020531781
0.25900757,0.23287848,0.19853258,0.17826386,0.17370132,0.14576454,0.13959134,0.16020823,0.14848307,0.15706316,0.15521652,0.15735653
0.077514954,0.08367012,0.086337894,0.089962505,0.09820297,0.100279905,0.09747656,0.10071714,0.11260863,0.100904636,0.10167412,0.09624595
-0.20873038,-0.13596943,-0.09860626,-0.060783595,-0.011588968,-0.030979827,-0.046538465,-0.060547195,-0.06921249,-0.12261583,-0.18693276,-0.24828981
-0.101941854,-0.12198651,-0.13042933,-0.13252234,-0.13436651,-0.14104825,-0.13300638,-0.12557551,-0.11652412,-0.0977677,-0.078344434,-0.059707012
-0.20413527,-0.18290058,-0.18046631,-0.18098184,-0.1536726,-0.15645778,-0.16309303,-0.13755028,-0.11681628,-0.11245635,-0.09559511,-0.09772193
0.05250671,0.06733158,0.06890924,0.063350834,0.0728291,0.078133315,0.06377655,0.066572145,0.05909207,0.02761103,0.0017682733,-0.02371382
0.1640386,0.1525504,0.14346161,0.12714365,0.12746246,0.11601485,0.10733811,0.11226082,0.110059515,0.09151209,0.07918923,0.059206113
-0.11474687,-0.1445911,-0.16464275,-0.17544416,-0.18980815,-0.18851174,-0.17883596,-0.17228338,-0.15942584,-0.13668849,-0.11173658,-0.08171402
-0.22975971,-0.20972908,-0.1942693,-0.18956983,-0.18591285,-0.16775611,-0.15501998,-0.14030953,-0.13433713,-0.10209962,-0.09231211,-0.07253342
0.5130839,0.44895804,0.36735505,0.3197547,0.2801747,0.24471277,0.26835418,0.2813509,0.28714958,0.33737993,0.40962175,0.43700537
0.017393298,0.090028204,0.125775,0.15179385,0.19488889,0.18061054,0.1606355,0.14996785,0.12038845,0.05276843,-0.018858109,-0.09412288
-0.04451737,-9.005889e-05,0.022780553,0.034998745,0.056692813,0.06538133,0.055787113,0.041585766,0.03503065,-0.002512645,-0.033799313,-0.07562612
0.05691541,0.089603215,0.101801604,0.10990501,0.12806533,0.122487076,0.11558147,0.11295174,0.10294546,0.071175456,0.04196283,0.009102814
-0.07877374,-0.11242168,-0.1320498,-0.13766788,-0.14867693,-0.15313062,-0.15642509,-0.1397534,-0.113718465,-0.069101565,-0.0060220687,0.051223505
-0.04501752,-0.084676534,-0.095921144,-0.0957035,-0.12062823,-0.12112838,-0.11060709,-0.11140928,-0.12316412,-0.07813045,-0.047927283,-0.005768502
0.1833294,0.15006498,0.14222476,0.14611447,0.12266203,0.11129154,0.11212225,0.10703996,0.08366688,0.10798383,0.11219666,0.13868196
0.15094198,0.10635829,0.07847612,0.058563173,0.033250615,0.03306198,0.03418067,0.042756885,0.058321632,0.099374965,0.13778132,0.1805514
-0.044177976,-0.03665749,-0.038838517,-0.036029525,-0.021766465,-0.013705954,-0.034060918,-0.017231263,0.0012243837,0.00038281456,0.0034483522,0.017761175
-0.09776913,-0.13709515,-0.15791845,-0.16826268,-0.18198866,-0.18603906,-0.17003371,-0.14899114,-0.11331377,-0.05200861,0.019396638,0.07887104
0.17812699,0.1471065,0.14176026,0.14476863,0.14499941,0.12859914,0.11419091,0.10543837,0.11636227,0.08638103,0.082269296,0.07434227
0.34299034,0.33448413,0.32151312,0.31184953,0.31243163,0.3036755,0.3157721,0.31546107,0.33337292,0.30763534,0.310485,0.280944
-0.12878183,-0.16149165,-0.17222722,-0.16523945,-0.18048415,-0.16672313,-0.15048105,-0.1454114,-0.12205125,-0.08072192,-0.047295123,-0.001656035
-0.3666437,-0.30186346,-0.28436905,-0.27877948,-0.23926668,-0.21826348,-0.21124125,-0.21250702,-0.17017324,-0.17902374,-0.14902732,-0.19023383
0.27642184,0.24287453,0.2232447,0.19530001,0.17570136,0.17834185,0.17218813,0.17928742,0.1900113,0.1954839,0.21374646,0.22847787
0.021265268,0.0067811273,-0.013884641,-0.039363388,-0.049387965,-0.036866635,-0.04661739,-0.046058908,-0.027833428,-0.01880812,0.020887196,0.022476204
0.22388677,0.23275918,0.24089083,0.24139844,0.24278894,0.23625794,0.22477973,0.21614106,0.19262874,0.16466326,0.12303071,0.09724804
0.32286036,0.30328777,0.3107459,0.30910254,0.30153942,0.32466355,0.3093612,0.30029413,0.28763056,0.29549146,0.27313733,0.27570483
0.38696414,0.37299913,0.37526712,0.37171203,0.3533925,0.34707642,0.3378297,0.31508037,0.29142562,0.25950655,0.23959619,0.21633932
0.47422144,0.51083475,0.54362476,0.54955333,0.56002057,0.562509,0.5272288,0.49805376,0.43445706,0.34550768,0.23861694,0.15252376
0.57203436,0.72348225,0.85119784,0.9288223,0.99944234,0.96190065,0.9193102,0.8386029,0.68254435,0.42927593,0.13937397,-0.12007834
-0.30928406,-0.33114815,-0.3178293,-0.2961965,-0.31053406,-0.2751693,-0.26729614,-0.27031833,-0.28214636,-0.2249409,-0.21454595,-0.15911411
-0.02701559,-0.043092888,-0.061866313,-0.07080822,-0.08076469,-0.08401833,-0.068788886,-0.06171971,-0.036468122,-0.0032469742,0.047980096,0.07633467
0.2773484,0.28311527,0.27289262,0.26099336,0.28099376,0.2685403,0.22486146,0.23255467,0.22213691,0.16560358,0.13122474,0.07054939
-0.15218925,-0.1801523,-0.20346384,-0.21749206,-0.23058072,-0.22216058,-0.21261671,-0.19835724,-0.1718485,-0.13859877,-0.100949466,-0.058877766
-0.11065583,-0.11535689,-0.10917902,-0.10417484,-0.10342704,-0.098456025,-0.09568373,-0.08959332,-0.07775778,-0.071303785,-0.07289831,-0.05327193
0.17233676,0.18475127,0.1862553,0.19302277,0.19908518,0.19025859,0.18123062,0.17041548,0.1500924,0.12599999,0.083448485,0.056861773
-0.10866949,-0.061810553,-0.028856203,-0.016693458,0.0044203997,0.021040708,0.016671106,0.012098663,-0.0009058416,-0.025458328,-0.06357742,-0.09893149
0.23006931,0.15286827,0.1266904,0.1090869,0.07547496,0.06653667,0.05023212,0.055654295,0.044472873,0.035275545,0.015286859,0.04576912
0.7471959,0.67420727,0.6344315,0.5982026,0.571141,0.5409631,0.5531153,0.54809725,0.60111696,0.59047055,0.65576005,0.63062185
0.1999695,0.17650896,0.17381984,0.16579983,0.13259079,0.13744946,0.14809892,0.13647321,0.11936166,0.14054775,0.14947988,0.17850329
0.13577682,0.14981711,0.15641478,0.15420938,0.17075197,0.1610861,0.16196455,0.15409896,0.16841751,0.1298515,0.12855256,0.086215675
-0.51909447,-0.48527846,-0.46190965,-0.4494999,-0.4234646,-0.4101941,-0.3879414,-0.3717895,-0.3408897,-0.31642327,-0.28298473,-0.27216783
0.21279675,0.23846847,0.2571181,0.2617117,0.2675255,0.26770216,0.25618112,0.23565905,0.19706412,0.1606367,0.10015731,0.048851695
0.17089675,0.1276558,0.10203217,0.08541073,0.07677519,0.04011379,0.04056032,0.05229011,0.0804686,0.08999008,0.13725577,0.15109727
0.26307702,0.25717813,0.25609756,0.25762174,0.25176188,0.2482813,0.23802917,0.22308569,0.19950208,0.18004534,0.15238686,0.13027626
0.68211323,0.67242676,0.6475302,0.64867485,0.62822247,0.58817965,0.5633563,0.52559566,0.44113138,0.35460535,0.2477683,0.18081647
0.1279395,0.08601646,0.070479,0.056083955,0.03704886,0.004851818,0.0055892467,0.014856383,0.02692189,0.04157431,0.08324842,0.11755492
0.103961684,0.09550301,0.07507241,0.05992423,0.048396274,0.057243273,0.063541204,0.05989537,0.053604543,0.067161374,0.071801014,0.07475102
-0.05572525,-0.04285081,-0.029827837,-0.01443977,-0.013927623,-0.016315106,0.0027018096,-0.00081341714,-0.01876203,-0.014180508,-0.038340833,-0.044920344
-0.111968204,-0.06899212,-0.053337708,-0.041609332,-0.016723298,-0.027908891,-0.030285373,-0.024991669,-0.025979206,-0.036514737,-0.05432677,-0.06875243
-0.44943133,-0.4201221,-0.41369048,-0.4072569,-0.38018203,-0.3837002,-0.36866572,-0.34846976,-0.32981154,-0.3193259,-0.3161739,-0.30968255
0.18894255,0.18436703,0.16665354,0.16404964,0.1563618,0.14661928,0.14968356,0.1415835,0.13372497,0.13239332,0.13440482,0.12599334
0.14375892,0.29853085,0.4073949,0.48448402,0.55054003,0.53934634,0.52542865,0.4760197,0.37188435,0.2231901,0.012091398,-0.1458939
0.11617086,0.061600313,0.017660215,-0.011631623,-0.045732275,-0.04843484,-0.04288912,-0.031579763,-0.01368092,0.026709072,0.0804208,0.12911496
-0.87400645,-0.7353318,-0.65683293,-0.60252154,-0.5055233,-0.5029098,-0.50371546,-0.47612035,-0.45514727,-0.5089146,-0.5827481,-0.6288981
0.08452062,0.033047408,-0.0142655,-0.02823241,-0.040680774,-0.06613294,-0.073031895,-0.059383832,-0.033771485,-0.02288403,0.014184882,0.04671581
0.2094213,0.20550889,0.20563275,0.20554423,0.20705962,0.20338869,0.1917522,0.1988741,0.18513009,0.1799714,0.14674908,0.14145254
0.449245,0.43907613,0.42659515,0.40980548,0.40004393,0.38120514,0.37202793,0.38840392,0.37369397,0.37809008,0.35627115,0.3464239
0.24014819,0.26413184,0.27144456,0.28813654,0.29686272,0.27521598,0.26974627,0.25660157,0.22374484,0.18240434,0.13235545,0.08890363
-0.12067136,0.007097006,0.10284901,0.1503878,0.21952564,0.26659366,0.2124232,0.19917351,0.15589306,0.05277565,-0.11415106,-0.19255951
-0.17225353,-0.17027463,-0.17498198,-0.17763785,-0.17618567,-0.18205647,-0.16415001,-0.15993086,-0.15911528,-0.1442103,-0.13988066,-0.13263689
0.30378214,0.2844016,0.2680946,0.24787422,0.23960552,0.22760692,0.21724685,0.23032933,0.24648318,0.24168307,0.25949526,0.25447917
-0.3120055,-0.23355637,-0.19186603,-0.15981571,-0.11108893,-0.106034756,-0.11609647,-0.11924593,-0.14029033,-0.20585686,-0.2884431,-0.34961817
0.116672434,0.06135279,0.01939699,-0.007068962,-0.04124032,-0.05058095,-0.053149313,-0.04176861,-0.034325168,0.010537416,0.05445066,0.1142859
-0.30032772,-0.28879854,-0.27944157,-0.278172,-0.27544895,-0.2574039,-0.22956544,-0.21905696,-0.198978,-0.15926147,-0.13086665,-0.11070606
0.40121168,0.2907991,0.21609756,0.16483271,0.106603116,0.09619737,0.095718,0.10282391,0.14335456,0.18908396,0.29491758,0.35943604
-0.6672896,-0.673488,-0.6601344,-0.63397264,-0.62170714,-0.5696288,-0.59136486,-0.5677406,-0.52829987,-0.4836792,-0.43185973,-0.34295973
0.56204987,0.6041519,0.65011346,0.693937,0.6975409,0.6394377,0.6423397,0.612988,0.5181242,0.45834473,0.34828153,0.28414497
0.9442684,0.87635285,0.8877269,0.8593689,0.8479977,0.7799976,0.7498752,0.7637493,0.7017974,0.6418972,0.5956631,0.54341006
-0.42443398,-0.4239319,-0.43405598,-0.4356368,-0.41523352,-0.40440565,-0.41164204,-0.37892362,-0.33040133,-0.3093676,-0.27039504,-0.23462982
0.045356244,0.020249039,-0.00225313,-0.019174673,-0.026132852,-0.024438463,-0.033162892,-0.019687787,0.006296344,0.026724365,0.058818877,0.08220637
0.06751359,0.02933462,-0.0026358739,-0.024378724,-0.046024904,-0.06421277,-0.053988416,-0.044354122,-0.036997616,0.0011247732,0.0479934,0.078205764
0.12558828,0.18204804,0.2288875,0.25709963,0.28633118,0.27818877,0.25283372,0.2316645,0.17662778,0.096884936,-0.010699578,-0.082828194
-0.500608,-0.4705701,-0.43812805,-0.40299505,-0.3825667,-0.3571435,-0.3446458,-0.35152167,-0.34999377,-0.35862833,-0.37550896,-0.3823991
0.19456011,0.17413099,0.1613221,0.15440461,0.14437093,0.1371095,0.12993488,0.12812647,0.12363928,0.12651935,0.13175751,0.13405143
-0.052771237,-0.005318068,0.0047386065,0.0116756335,0.02701497,0.037811264,0.03946127,0.027734615,0.016653016,-0.008671425,-0.019634306,-0.065759115
-0.56311214,-0.57287306,-0.56218624,-0.525087,-0.524915,-0.51362306,-0.46344647,-0.46426398,-0.4299016,-0.37079358,-0.3089457,-0.27959228
-0.0040969383,-0.008253465,-0.010223651,-0.01230535,-0.009263838,-0.015300434,-0.010591956,-0.008318451,0.007973928,0.014513441,0.030648373,0.035999388
-0.56162393,-0.5403922,-0.5410413,-0.539196,-0.508376,-0.52109486,-0.51161695,-0.47444725,-0.42546073,-0.40103954,-0.35484233,-0.32741064
0.32601184,0.3291201,0.33346605,0.33635062,0.32855093,0.31727755,0.31243795,0.28965002,0.25188512,0.20711276,0.15978968,0.11848174
-0.13729152,-0.14197089,-0.14129138,-0.14527771,-0.14458647,-0.13955648,-0.13466805,-0.12610273,-0.11884245,-0.09962244,-0.08620962,-0.0709222
0.1894528,0.18841697,0.18809567,0.18820903,0.18383513,0.18047406,0.16947809,0.16185273,0.15045059,0.12532724,0.09596601,0.08478272
-0.4616366,-0.40891767,-0.37759045,-0.35957307,-0.3276808,-0.30601257,-0.29689127,-0.28025347,-0.26095626,-0.25232708,-0.25472277,-0.25308162
0.4240465,0.4006707,0.37906986,0.3658502,0.34846795,0.32136333,0.31166142,0.30811596,0.26904446,0.2629137,0.22996244,0.21138662
-0.04989632,-0.05497556,-0.0643803,-0.0699455,-0.06771532,-0.069818825,-0.076094404,-0.067274034,-0.058560617,-0.070810504,-0.07408335,-0.07002703
0.31603912,0.22625232,0.19321215,0.17623019,0.10463706,0.12435013,0.13142782,0.10062119,0.11547926,0.1771801,0.25903866,0.33255547
-0.2552004,-0.285303,-0.2991621,-0.3056102,-0.32559916,-0.30279687,-0.28744847,-0.28318655,-0.26373136,-0.22610682,-0.17988387,-0.13820264
-0.1575855,-0.14157595,-0.113710634,-0.10368386,-0.110055804,-0.10790239,-0.09086886,-0.09945721,-0.10809811,-0.098026246,-0.094062924,-0.073698185
-0.21294855,-0.23589122,-0.24973267,-0.25013345,-0.25225687,-0.2527116,-0.25589883,-0.24377719,-0.21802036,-0.19123973,-0.15332204,-0.114582434
-0.014210972,-0.026767708,-0.022241578,-0.013742503,-0.027134795,-0.023952547,-0.012259615,-0.021021556,-0.040132154,-0.022524696,-0.03551918,-0.019353628
0.21998149,0.3104838,0.3790974,0.41913584,0.4491263,0.4679836,0.44708863,0.3987446,0.3241585,0.21880215,0.07879648,-0.029890638
-0.11642471,-0.16521764,-0.17259367,-0.17901102,-0.16662766,-0.16590741,-0.19448897,-0.1445696,-0.095405325,-0.092212066,-0.07393357,-0.03844466
0.3605041,0.31982982,0.340417,0.33608413,0.28264105,0.17083067,0.25689954,0.2801715,0.26868662,0.39543647,0.49268854,0.59538907
0.90458405,0.88495386,0.8443161,0.8197587,0.8159735,0.78441906,0.73933196,0.71948606,0.6498475,0.5540917,0.49395627,0.38103372
-0.3525059,-0.3249547,-0.2992309,-0.28284052,-0.257618,-0.25428426,-0.25056535,-0.23867878,-0.22892416,-0.22778666,-0.23317523,-0.23308043
-0.052133344,-0.05813594,-0.056680914,-0.055881552,-0.061835226,-0.056278523,-0.05392934,-0.055780813,-0.0468187,-0.039819963,-0.022746678,-0.00822892
0.10729055,0.117113665,0.13349265,0.14036049,0.13845038,0.1354959,0.13985953,0.1294465,0.11136253,0.09656535,0.09206047,0.07546392
0.043176025,-0.0102091655,-0.049492747,-0.07108167,-0.10707901,-0.10965193,-0.109499454,-0.10692625,-0.11754076,-0.09490104,-0.08565771,-0.046697192
-0.027150445,-0.016696136,-0.026660502,-0.03647911,-0.02171044,-0.034029283,-0.042068023,-0.03691577,-0.023136351,-0.03193939,-0.013421675,-0.034055237
0.42606455,0.4302785,0.43045786,0.43681878,0.4257673,0.42497218,0.41927534,0.39331046,0.36207584,0.33288875,0.29506382,0.26548684
0.2017141,0.18819553,0.16927688,0.1472516,0.13452351,0.1347532,0.13896331,0.14764255,0.14336042,0.17849943,0.1873445,0.19712964
-1.0020235,-0.91199034,-0.8670123,-0.84353817,-0.7647257,-0.75480616,-0.74449295,-0.6864874,-0.6336595,-0.62941176,-0.6220605,-0.61695397
0.16934551,0.19339254,0.2069319,0.21472478,0.21775201,0.23583205,0.21535632,0.20330179,0.17857483,0.13997057,0.10346823,0.067357555
0.28155404,0.2683575,0.2514521,0.23785147,0.23437694,0.2339443,0.2164927,0.21826506,0.20991515,0.19210464,0.18509549,0.1656873
-0.31787127,-0.3419382,-0.34569365,-0.35073832,-0.35931438,-0.33206895,-0.32542533,-0.31212366,-0.30350485,-0.2550108,-0.226845,-0.1794956
-0.010294832,-0.04971677,-0.05566384,-0.04906024,-0.06446904,-0.088005304,-0.078057945,-0.064599544,-0.009567559,0.046963766,0.14611039,0.22313121
0.33600107,0.37546363,0.4052572,0.41967893,0.43007737,0.4151133,0.4095435,0.38494408,0.32880282,0.27322602,0.19548343,0.12340903
0.14641649,0.07534731,0.029506296,-0.00012482703,-0.026190996,-0.03511136,-0.04178241,-0.022758596,0.0073099136,0.029849008,0.0834177,0.12896076
0.30772442,0.2675077,0.24296214,0.22349252,0.20754233,0.18585867,0.19445035,0.21299785,0.22945866,0.24965633,0.28066146,0.29828718
-0.2137605,-0.14813176,-0.103122965,-0.07136883,-0.045019135,-0.032823384,-0.03002289,-0.04446876,-0.07601412,-0.1228437,-0.19631492,-0.24065278
0.15522876,0.1760715,0.20637915,0.22611788,0.23356457,0.23746029,0.21587825,0.19637987,0.16076349,0.09805173,0.02845488,-0.0115539245
-0.6059614,-0.5697893,-0.5258548,-0.4937357,-0.4604274,-0.5197128,-0.4736334,-0.44038343,-0.4027726,-0.36421737,-0.31108785,-0.27127457
0.61477727,0.50425476,0.44874826,0.38968036,0.3287322,0.27662057,0.27250415,0.28138754,0.24535926,0.28165692,0.28433183,0.32404354
-0.17891635,-0.13993041,-0.09889909,-0.07696898,-0.057897106,-0.044729605,-0.04831578,-0.06297298,-0.08832326,-0.13169283,-0.19317997,-0.23107606
0.7862724,0.69620556,0.6140555,0.5709662,0.5271657,0.49115336,0.4612761,0.4730522,0.4524291,0.47383794,0.47333658,0.50387686
0.1417041,0.12528932,0.1197035,0.11901705,0.11329988,0.10619879,0.09800933,0.09422792,0.08625776,0.07302843,0.056905527,0.047490127
0.07625733,0.019736305,-0.0070082545,-0.025537692,-0.04806692,-0.067999244,-0.07135016,-0.057699878,-0.058491997,-0.031609442,-0.010364324,0.026208267
-0.27988476,-0.27814636,-0.27349603,-0.26945192,-0.25815353,-0.24060734,-0.236763,-0.21568933,-0.18040273,-0.15605858,-0.11844346,-0.08202577
0.13027236,0.10590747,0.092506334,0.082880825,0.066015065,0.06443234,0.06497069,0.066025965,0.079114705,0.09322768,0.12557048,0.1462684
0.18301976,0.15031676,0.1291754,0.11205057,0.08937527,0.08358873,0.087207414,0.08884256,0.0907481,0.10676189,0.11956854,0.14254627
0.20805381,0.19593352,0.18136562,0.1612686,0.14769247,0.16444975,0.15973838,0.14891882,0.14491345,0.13070244,0.11391808,0.1030211
-0.39396644,-0.34879714,-0.32831612,-0.3117972,-0.27667475,-0.2721213,-0.27362454,-0.25977623,-0.2454656,-0.26453575,-0.27877715,-0.2899555
-0.100008085,-0.094361655,-0.07406067,-0.052517258,-0.046564925,-0.04754473,-0.036471616,-0.037664622,-0.045821395,-0.040265888,-0.056385875,-0.054235756
-1.5470648,-1.4066056,-1.3461227,-1.3166947,-1.1662637,-1.1661316,-1.1760042,-1.0397773,-0.94832456,-0.9511951,-0.9726203,-0.98049927
0.35390896,0.59828776,0.7785523,0.88462096,1.0003401,1.0087502,0.95030093,0.85861546,0.7006818,0.4222372,0.10127247,-0.19803996
0.29400465,0.3136896,0.3089391,0.30694363,0.29961184,0.29277885,0.2910853,0.26398546,0.25372118,0.23977503,0.23767081,0.20972966
0.023431849,0.0065337494,-0.0099705905,-0.01879453,-0.03489472,-0.042993955,-0.030887723,-0.02834598,-0.022221118,0.0033968277,0.035763975,0.055256374
0.19880737,0.19207601,0.15631393,0.13795514,0.13356559,0.10596801,0.11126648,0.119423665,0.12008321,0.12884685,0.1490362,0.14182535
0.010586739,-0.03776896,-0.069277585,-0.08537066,-0.10988884,-0.10324288,-0.09660276,-0.08809681,-0.06586012,-0.023718767,0.022316953,0.071557075
-0.59364605,-0.52840436,-0.4927552,-0.4775494,-0.44216222,-0.40114135,-0.39840418,-0.39367718,-0.3793124,-0.39722353,-0.4181204,-0.4316395
0.040948056,0.022138134,0.014799304,0.009706102,-0.0027855337,-0.009900391,0.0028916001,0.0057463422,0.010382533,0.035227288,0.052184172,0.07204163
0.4404769,0.4604801,0.43537006,0.44224697,0.43641722,0.417939,0.40118885,0.38305837,0.31526476,0.26872253,0.17491685,0.12906103
-0.22236544,-0.19293255,-0.1735971,-0.15660116,-0.12796465,-0.1367944,-0.1259866,-0.11481412,-0.11033009,-0.1258721,-0.1467802,-0.15411091
0.14124572,0.24410218,0.31522214,0.33175373,0.39108604,0.37991345,0.35839027,0.35288695,0.26088256,0.16470866,0.015817188,-0.1269147
-0.08897231,-0.027719423,-0.012768909,0.0012497306,0.03198567,0.036786973,0.03277585,0.026310042,0.014735311,-0.028209202,-0.06896959,-0.11205446
0.08922614,0.054450035,0.020405445,0.008596249,-0.0067228973,-0.019819148,-0.024083562,-0.018781457,-0.021751888,-0.016341371,-0.0125912875,0.004170099
-0.033943936,-0.06310903,-0.10645434,-0.13027403,-0.15969992,-0.17965378,-0.15496229,-0.16154127,-0.15116921,-0.08078171,0.00983873,0.032768674
-0.44979692,-0.40825745,-0.3763705,-0.36141175,-0.3364812,-0.31748983,-0.31670174,-0.30435583,-0.28065306,-0.26656193,-0.24157104,-0.22818911
-0.15295455,-0.23768201,-0.27612466,-0.30405894,-0.3417497,-0.34783104,-0.32666537,-0.30569717,-0.26591378,-0.19556338,-0.107959524,-0.019148163
0.0732333,0.062134698,0.06004893,0.058650382,0.059395295,0.054295935,0.043597534,0.044417012,0.044884067,0.038256846,0.029537851,0.029873352
0.26983434,0.21979538,0.18661308,0.16037047,0.13455737,0.12965637,0.117534205,0.13228408,0.14088063,0.17895901,0.19695555,0.24224049
0.1085974,0.08457856,0.06482841,0.057731733,0.045128405,0.03931436,0.045563772,0.047659934,0.05366479,0.07352423,0.09161564,0.101230346
0.5368641,0.57222515,0.5855326,0.5971002,0.5931,0.5814377,0.58693194,0.5595656,0.5038435,0.46437585,0.39041406,0.3204736
0.36947227,0.26579714,0.19402812,0.13138995,0.07787359,0.06435946,0.06684217,0.09780207,0.14268154,0.25482988,0.3658618,0.45160827
0.0022605509,-0.012553651,-0.030134145,-0.05064641,-0.056820266,-0.054786183,-0.04994215,-0.04239402,-0.023525935,0.0012452584,0.038048394,0.05034242
-0.151463,-0.15132773,-0.1603572,-0.15450169,-0.14987639,-0.15840112,-0.15652095,-0.1547872,-0.15374961,-0.16250807,-0.16656984,-0.16556197
0.5793444,0.4649089,0.40515897,0.3750692,0.32534057,0.2874416,0.26065075,0.2653646,0.25656873,0.26072937,0.26317802,0.29559815
0.012098282,0.0135665815,0.022660583,0.035556823,0.03527584,0.03301696,0.028554808,0.02076609,0.0052893767,-0.0044323695,-0.029371126,-0.03097456
-0.08401909,-0.05675803,-0.034297407,-0.019678488,-0.00076684356,-0.004698336,-0.013156965,-0.012612522,-0.03273903,-0.07135266,-0.12250405,-0.1494187
0.22556393,0.37318915,0.47187704,0.5402597,0.6072286,0.60036343,0.5718626,0.51784855,0.41016576,0.24330626,0.019647084,-0.15163183
0.060319573,-0.0030160844,-0.028713226,-0.027736723,-0.0678519,-0.05275576,-0.03748618,-0.052746683,-0.071229756,-0.017006747,0.0003514774,0.04912809
-0.32401973,-0.3448639,-0.35778946,-0.3713637,-0.37723115,-0.36510274,-0.3576506,-0.33590192,-0.29576534,-0.25131392,-0.19968516,-0.14461048
0.41597313,0.36315978,0.32841477,0.3021447,0.256483,0.25847688,0.2709722,0.26283914,0.26062545,0.28957984,0.3320555,0.35943326
0.1980427,0.15947656,0.13496342,0.11199731,0.094683155,0.091855146,0.080045454,0.08616054,0.08989646,0.10263158,0.12077836,0.13980593
0.51156676,0.50867903,0.4608143,0.45878637,0.44729817,0.40135026,0.4025021,0.3909363,0.34480244,0.35453194,0.33267123,0.3246784
0.0065493956,0.11945368,0.19014597,0.23772681,0.2805155,0.29541904,0.27334338,0.24061802,0.19469437,0.0933092,-0.0020587593,-0.09496759
-0.21704438,-0.19492973,-0.18376577,-0.18075372,-0.1663171,-0.15245926,-0.14798853,-0.12736155,-0.1228598,-0.11697909,-0.13495821,-0.13844642
0.06771428,0.091719255,0.11179805,0.123716764,0.13458417,0.13417283,0.12329094,0.11219418,0.08988813,0.057935826,0.016524041,-0.013953329
0.44853613,0.39015013,0.34484273,0.30970457,0.2681445,0.25769472,0.26130298,0.2772656,0.28317732,0.35172266,0.39573038,0.44232157
-0.073540434,-0.0937401,-0.10187321,-0.109077245,-0.110287786,-0.11386218,-0.12127022,-0.106329285,-0.10077456,-0.09398855,-0.0912088,-0.070901394
0.28307578,0.29971868,0.31300157,0.3159063,0.32567695,0.31038848,0.29802358,0.2889555,0.25899014,0.20656437,0.1597815,0.10307841
0.23453437,0.20747861,0.19287437,0.18789977,0.18294051,0.18120447,0.19985107,0.18005547,0.20202288,0.19557032,0.25167778,0.21256557
-0.013620257,-0.0048945025,0.0048902184,0.011501741,0.01872468,0.016190387,0.017467737,0.01470444,0.0062251575,0.0007197261,-0.012401283,-0.024256153
0.018603235,-0.022501357,-0.05449269,-0.07754753,-0.10030081,-0.088095814,-0.08304194,-0.0703091,-0.049195446,-0.001323998,0.04135949,0.089610726
0.050662033,0.024666354,0.0060143024,-0.0066560507,-0.01898703,-0.018842518,-0.035006553,-0.025779143,-0.00042037666,-0.015356511,0.003403725,0.019301716
-0.044560418,0.0006098151,0.025285602,0.032519266,0.059664175,0.0503702,0.04331088,0.040028363,0.015341267,-0.038999088,-0.09002245,-0.14746158
-0.07159502,-0.047380447,-0.037357777,-0.029005244,-0.011427686,-0.016009994,-0.017513186,-0.0149313435,-0.020637847,-0.049888402,-0.08005345,-0.10487975
0.098396994,0.046034716,0.018000074,0.004468471,-0.020193048,-0.027607307,-0.013283625,0.0032434016,0.020140857,0.07552269,0.12266844,0.17481335
-0.34631586,-0.27059764,-0.20585783,-0.16172723,-0.13982818,-0.1030218,-0.07806592,-0.11451505,-0.15878063,-0.19225307,-0.27072492,-0.33117104
0.07360193,0.071061045,0.07228297,0.06670376,0.06687206,0.07560391,0.069773965,0.06717448,0.06242198,0.046771478,0.03596338,0.024814295
-0.45348054,-0.41462964,-0.39104038,-0.37665188,-0.35407054,-0.3390843,-0.32374814,-0.31089926,-0.27630383,-0.26327327,-0.23497108,-0.2154706
0.44568077,0.44525668,0.43560937,0.40766597,0.40920615,0.4095227,0.39843932,0.38166982,0.39468378,0.3611452,0.38748014,0.33087164
0.060754463,0.0105685,-0.020307586,-0.048953913,-0.0774262,-0.07333485,-0.061328225,-0.05733134,-0.044747137,0.01349061,0.06370732,0.10503143
0.3542896,0.33655933,0.319247,0.30637857,0.29362556,0.27442792,0.27127677,0.27417424,0.2651345,0.27363223,0.27819946,0.2784881
-0.24334916,-0.31903702,-0.3657061,-0.38198113,-0.4091013,-0.42358118,-0.40178862,-0.37851155,-0.33432072,-0.25566527,-0.1650385,-0.07793782
-1.0216669,-0.9565501,-0.9215344,-0.8894251,-0.8377996,-0.8129401,-0.8062115,-0.7695542,-0.69289875,-0.6909502,-0.62898487,-0.5909613
0.039647255,0.0659014,0.08302778,0.09726028,0.11135353,0.108679146,0.09788239,0.0864164,0.07090732,0.02956303,-0.005243349,-0.044854954
0.34992,0.30506822,0.28690258,0.27359003,0.24776106,0.25106,0.23974028,0.22192371,0.1969342,0.18595389,0.17311268,0.16776623
0.17346202,0.10584639,0.061158627,0.026115447,-0.012110218,-0.02000679,-0.01994139,-0.00052914023,0.012522355,0.06471764,0.103560686,0.1669288
0.3525196,0.3838054,0.3882875,0.4049645,0.4059229,0.39596754,0.40748113,0.36919227,0.34874803,0.31032428,0.27147004,0.2160714
-0.51892567,-0.54925716,-0.54741544,-0.53383857,-0.52896965,-0.5367657,-0.5343441,-0.50451684,-0.47501206,-0.44819105,-0.43766293,-0.37640727
-0.40238917,-0.40804425,-0.39674455,-0.3907364,-0.39378422,-0.37949497,-0.34276557,-0.33715877,-0.3235531,-0.2629691,-0.2265837,-0.20236546
-0.26721036,-0.2750715,-0.27015537,-0.28189212,-0.32027325,-0.2646923,-0.22138314,-0.23913355,-0.22720775,-0.18308184,-0.13658087,-0.0999136
-0.22347292,-0.25484368,-0.26637107,-0.2700898,-0.2776136,-0.26871437,-0.26573348,-0.25078258,-0.21657978,-0.17818907,-0.13407975,-0.08354114
0.05066882,-0.01176627,-0.08092977,-0.106865615,-0.14129533,-0.18275523,-0.15087968,-0.11858401,-0.099363305,-0.022234611,0.056578577,0.13470367
0.99962115,1.0260704,1.057238,1.0213976,1.0498997,1.0296676,0.97528136,0.9416649,0.8377971,0.70267594,0.5898829,0.40676987
-0.06999717,-0.058157038,-0.049320616,-0.032705396,-0.024846857,-0.030052125,-0.031205267,-0.03066726,-0.023820315,-0.03416688,-0.03698694,-0.036354735
0.26509228,0.27646074,0.27842057,0.2723397,0.27435413,0.26282793,0.24383146,0.23753503,0.21819441,0.18713498,0.15907943,0.12727518
-0.09637426,-0.076946706,-0.06556609,-0.054065198,-0.039931513,-0.041831262,-0.054473877,-0.052380804,-0.05632989,-0.08666198,-0.111803494,-0.12442534
0.3581409,0.24832946,0.21595344,0.24297214,0.19664398,0.1945259,0.19424435,0.17083591,0.20704302,0.2432913,0.32975483,0.36928767
0.22596434,0.20591626,0.18549895,0.15999237,0.13814357,0.13149315,0.13501959,0.122081555,0.12987846,0.14160132,0.17938022,0.17933369
-0.36256278,-0.38720345,-0.40915817,-0.4185529,-0.40704995,-0.42490575,-0.4132219,-0.36911535,-0.31714252,-0.2714956,-0.2071122,-0.148425
-1.1633961,-1.0461811,-0.9626372,-0.90162265,-0.8126304,-0.79018795,-0.78499216,-0.7556472,-0.7312435,-0.7381083,-0.7742885,-0.78267974
0.3644819,0.3408027,0.3210156,0.29918373,0.2782887,0.27442884,0.26490024,0.25401205,0.2489191,0.23917426,0.24007301,0.23491454
-0.16511679,-0.13865171,-0.11831568,-0.10282817,-0.08470319,-0.084914215,-0.08652684,-0.08587664,-0.06682889,-0.08172385,-0.06592031,-0.07544301
-0.006829098,-0.0483281,-0.066526696,-0.07733891,-0.1029276,-0.117481545,-0.10170177,-0.09489232,-0.0913156,-0.047351222,-0.024444835,0.03030342
0.6492538,0.8610572,0.97829115,1.0523101,1.1422828,1.1105316,1.0793035,1.0259142,0.8706372,0.6526463,0.38251817,0.13479097
-0.2908323,-0.3064974,-0.32378742,-0.34036684,-0.346007,-0.33214673,-0.31875777,-0.30489308,-0.28108114,-0.23239438,-0.19419442,-0.15431435
0.38202697,0.33985478,0.2470909,0.23949175,0.21767627,0.14971477,0.15132517,0.17739893,0.13051838,0.14016822,0.08762601,0.1119678
-0.99620175,-0.8033774,-0.6907035,-0.6327867,-0.4917516,-0.4558378,-0.46535546,-0.43681443,-0.40634722,-0.48297885,-0.58084893,-0.6868016
-0.038673878,-0.03169229,-0.018387955,-0.0077366214,6.4998865e-05,0.005555384,-0.002210103,-0.011771783,0.00040610507,-0.018246837,-0.017736811,-0.03143222
0.25090998,0.23053683,0.21120094,0.20667264,0.19572982,0.17030603,0.16925444,0.16733097,0.1525239,0.1494713,0.14851856,0.14773136
0.06436691,0.06653926,0.066667795,0.07215883,0.06280483,0.06577664,0.06513735,0.050593678,0.043146387,0.032848958,0.036746353,0.031216789
0.54146457,0.4942571,0.44512105,0.40785053,0.36200386,0.36075997,0.34639812,0.3319304,0.32009083,0.342771,0.37728882,0.39279613
0.36152816,0.40210587,0.41097504,0.40677524,0.42347735,0.40235773,0.4000944,0.3926085,0.35966378,0.3416263,0.3183886,0.25323272
0.10963373,0.061663575,0.020352997,-0.011244014,-0.035551406,-0.04095082,-0.041391402,-0.019497357,-0.0032010004,0.041282,0.08359881,0.12986585
-0.30604312,-0.2917362,-0.2675216,-0.24334377,-0.23605022,-0.24120097,-0.22255333,-0.22237554,-0.19903898,-0.17499453,-0.111367635,-0.0927934
-0.1252678,-0.10289017,-0.08636336,-0.0744444,-0.07071556,-0.06196683,-0.04645087,-0.06274548,-0.07984306,-0.0944823,-0.12572631,-0.14883825
0.6621893,0.5794537,0.5082173,0.4376573,0.39012256,0.35033512,0.35260707,0.35941422,0.40106195,0.4701116,0.5665473,0.6154227
0.13509744,0.12645005,0.11021796,0.09844613,0.08577241,0.09826685,0.087659456,0.08359544,0.08448678,0.0922172,0.11556812,0.11692079
-0.099540055,-0.03898281,-0.014602169,0.0067498237,0.04617192,0.04105255,0.029922545,0.03481178,0.020965263,-0.018988378,-0.073313594,-0.12094875
-0.015974978,-0.033224504,-0.035800803,-0.04169574,-0.042155564,-0.043140374,-0.04701606,-0.036064968,-0.022206858,-0.015032807,-0.0030620957,0.01503837
0.00490591,0.0066356566,0.0039597694,0.0040836297,0.0038947314,0.004815854,0.00860424,0.007182587,-0.0047801286,-0.009045681,-0.027782058,-0.03617654
-0.22869216,-0.25446513,-0.26772958,-0.27439216,-0.27994484,-0.27812997,-0.26596215,-0.24995247,-0.21680266,-0.17151728,-0.11370146,-0.06740116
0.252972,0.21733108,0.18790601,0.15932731,0.13668509,0.14059208,0.13188802,0.13217792,0.14196047,0.16539481,0.18919393,0.21411987
0.07637081,0.0391386,0.013679355,-0.008046746,-0.028131723,-0.028469943,-0.018884689,-0.0106306225,0.0010801479,0.055590916,0.102370635,0.13623112
0.11123081,0.104367,0.0958485,0.10539734,0.10239492,0.09947079,0.0994494,0.090518676,0.09344065,0.091803715,0.10301118,0.09441028
-0.19481383,-0.20220213,-0.20414916,-0.20088252,-0.20489025,-0.19913828,-0.19259083,-0.19210985,-0.18146238,-0.16656883,-0.13856632,-0.11943698
0.061244637,-0.020031482,-0.08371061,-0.121584475,-0.16276729,-0.16039023,-0.16630287,-0.14981991,-0.12792218,-0.07221192,-0.019844986,0.05310887
0.57454234,0.5875367,0.568667,0.5382035,0.5185443,0.53059137,0.51567435,0.47903293,0.47204548,0.4543763,0.48649222,0.43612838
0.104755275,-0.008048236,-0.08613263,-0.12868208,-0.18855436,-0.20486721,-0.19110593,-0.170126,-0.14915392,-0.057838306,0.02145584,0.12380974
0.16342856,0.1623665,0.15410556,0.14064847,0.13526836,0.16306445,0.14007391,0.13149518,0.14901529,0.13684876,0.1553224,0.15385583
-0.6655783,-0.56317616,-0.48641288,-0.43479103,-0.36343125,-0.35921198,-0.36176488,-0.34458837,-0.33686987,-0.37168843,-0.42528275,-0.45387837
-0.86850476,-0.8375278,-0.819075,-0.7918832,-0.7274085,-0.719035,-0.71290004,-0.66678375,-0.56178284,-0.48902142,-0.39645225,-0.3631695
0.118652195,0.08511783,0.045928482,0.02441974,-0.00069806725,-0.009303287,-0.0035708956,-0.003298238,-0.00858536,0.016561132,0.03615291,0.061732877
-0.281036,-0.20292993,-0.15311232,-0.11745484,-0.079429954,-0.07445891,-0.069313064,-0.083369195,-0.09683832,-0.13563815,-0.17557111,-0.22648862
0.2452228,0.21969727,0.19944867,0.18975008,0.17053661,0.16898927,0.15819412,0.14499903,0.14316803,0.13360247,0.13763651,0.1371367
0.32743925,0.22122046,0.14611545,0.11067933,0.053313583,0.04322064,0.049191177,0.06394085,0.10045597,0.18053567,0.26896146,0.36693245
0.104327075,0.101803936,0.09155299,0.083839744,0.08225674,0.07750075,0.069834486,0.07417368,0.07438361,0.076116085,0.07959227,0.0768236
0.27968505,0.279545,0.28137293,0.27831092,0.27241313,0.26465154,0.25403106,0.2395548,0.20522106,0.17703068,0.13918264,0.11004383
0.07464961,0.077359065,0.07443543,0.072101474,0.07344365,0.07643516,0.07255939,0.06737515,0.0562397,0.057298664,0.050910424,0.042345203
-0.67192256,-0.7341939,-0.7772252,-0.8186547,-0.84968567,-0.831396,-0.7514102,-0.692918,-0.62530404,-0.4816633,-0.3435434,-0.22577064
0.04936079,0.08159686,0.113595046,0.14217398,0.14930815,0.16222778,0.15407643,0.12401949,0.099358685,0.058435947,0.018863153,-0.01906399
-0.030125482,-0.030916968,-0.028615136,-0.027421966,-0.024060668,-0.03067881,-0.029117387,-0.02594525,-0.027833877,-0.029144565,-0.037953265,-0.036853224
0.09325047,0.036377206,-0.004471533,-0.034678474,-0.06207238,-0.0734667,-0.07423435,-0.057166874,-0.041045964,0.0038551018,0.053779043,0.10547495
0.032545008,-0.016193993,-0.049720928,-0.070089996,-0.09312491,-0.10041732,-0.098168224,-0.094425134,-0.08090142,-0.07410842,-0.058984414,-0.02874713
0.17293245,0.22003807,0.26068637,0.28217885,0.31082517,0.3016629,0.2831245,0.2713424,0.23123997,0.1564138,0.066027716,-0.010408469
-0.6032127,-0.5741172,-0.56923604,-0.5716611,-0.5324894,-0.54121155,-0.52605134,-0.4749925,-0.42307338,-0.3979465,-0.374658,-0.33980414
-0.16233614,-0.15025468,-0.12772948,-0.11900132,-0.111810535,-0.09949051,-0.098964036,-0.094045,-0.0862858,-0.08119133,-0.09072934,-0.07661869
-0.04373895,-0.057157174,-0.06623117,-0.07372977,-0.074909545,-0.07790163,-0.07822481,-0.06653522,-0.05663883,-0.044067718,-0.031643935,-0.019670404
-0.6523585,-0.63905644,-0.6183234,-0.5979558,-0.5769723,-0.5710819,-0.5681597,-0.5388114,-0.516497,-0.5004772,-0.48213705,-0.43172044
0.29986477,0.3595965,0.38193744,0.4018817,0.42809534,0.42002696,0.4004084,0.37680268,0.3317212,0.26300707,0.1775063,0.10006596
0.013296848,0.028099045,0.018357374,0.014150556,0.026632383,0.018244546,0.0077220574,-0.00029108673,-0.004446324,-0.02301995,-0.033080425,-0.06462136
0.13403259,0.16524103,0.20560682,0.23239937,0.24072836,0.26187316,0.24499176,0.21583608,0.18711564,0.14026661,0.090488575,0.047526903
-0.13280454,-0.118743554,-0.11428204,-0.11122992,-0.101982795,-0.09553153,-0.09287817,-0.09164354,-0.08257262,-0.07983686,-0.07406773,-0.07844907
