0.071900144,0.084394194,0.09576011,0.07944336,0.07837027,0.06109184,0.05365476,0.040376723,0.036356293,0.031641856,0.030320693,0.029800445
-0.21861419,-0.17500217,-0.15573591,-0.13672344,-0.11042184,-0.07713928,-0.051064804,-0.049817987,-0.04361576,-0.036663204,-0.03577401,-0.03746503
0.15988575,0.14076234,0.12295908,0.097624935,0.08220719,0.07007578,0.063816465,0.058856554,0.058703423,0.06263222,0.06650356,0.06848688
-0.0064513274,0.00226478,0.0056511983,-0.0049420916,-0.007863492,-0.011454469,-0.009625078,-0.0113857165,-0.0070902584,-0.003134808,0.0004385817,-0.00033461791
-0.46402654,-0.43430734,-0.3562827,-0.31440553,-0.2675845,-0.23039737,-0.17740083,-0.16425648,-0.1514868,-0.15848479,-0.15927063,-0.15684515
-0.29081944,-0.3102189,-0.30827522,-0.2812078,-0.24710563,-0.2118259,-0.1903704,-0.16106114,-0.13986476,-0.12448603,-0.117678925,-0.11301212
0.17900091,0.15608427,0.13687688,0.12862116,0.10819307,0.09501208,0.082389966,0.07622004,0.0626906,0.054884456,0.048025332,0.04308615
0.07725493,0.08242169,0.074094966,0.073095866,0.06304485,0.056011613,0.047292,0.041222714,0.038430203,0.035986304,0.035736207,0.03550281
0.0829254,0.07184385,0.057753175,0.050250094,0.040280417,0.03576772,0.032261766,0.03175406,0.030109398,0.034095936,0.035966523,0.03715215
0.008968801,-0.0009257123,-0.0020219795,0.02346101,0.028824193,0.033734355,0.020139793,0.017933937,-0.004980324,-0.026055226,-0.043961104,-0.053966455
0.012250002,0.011104126,0.0029938612,-0.008002071,-0.011264663,-0.008891905,-0.0060693277,-0.003748146,0.0021980035,0.007706099,0.014141722,0.019619482
0.0064925663,-0.008874159,0.0040090587,0.020282997,0.03143794,0.030910956,0.025891002,0.021484697,0.003228832,-0.013537858,-0.02854344,-0.039369274
-0.11090651,-0.08383936,0.1102522,0.05398345,0.11231017,0.05022672,0.14904894,0.06945099,0.07574868,0.02705194,0.027401298,0.040357336
-0.36228657,-0.3860287,-0.36936748,-0.34738824,-0.32093412,-0.29121223,-0.25251505,-0.21839121,-0.18716155,-0.16526172,-0.14926594,-0.1400001
-0.08922705,-0.0699787,-0.031102508,-0.017671436,0.0011892915,0.009868152,0.017570488,0.0017994642,-0.019982368,-0.05189207,-0.072965585,-0.08153921
0.093486734,0.11851768,0.09928929,0.077102795,0.06652661,0.06373877,0.058116734,0.05062286,0.05842632,0.06775545,0.0757715,0.07981462
0.1680265,0.10733916,0.032238007,-0.015411794,-0.045549124,-0.063056126,-0.079936385,-0.0640292,-0.034630418,0.0029391274,0.028558314,0.04501178
0.057925705,0.05064888,0.042417195,0.030408204,0.02362764,0.015796933,0.011589441,0.008070823,0.0069584735,0.0042420123,0.0055769775,0.007184906
0.6399951,0.5468997,0.48264092,0.4348548,0.36367795,0.31703463,0.27237934,0.2563277,0.22665435,0.21256594,0.19835377,0.18928559
-0.047353722,-0.038867854,-0.038334217,-0.0303258,-0.02738164,-0.020639865,-0.01840873,-0.016554296,-0.015839556,-0.01903699,-0.019587416,-0.01963603
-0.079000674,-0.116050445,-0.10598244,-0.08073203,-0.065841615,-0.05631661,-0.04775312,-0.0383346,-0.04498832,-0.053003192,-0.061243027,-0.067380175
0.027232947,0.012916308,0.01022438,0.0070056953,0.011813087,0.015723303,0.022553623,0.024672987,0.028004186,0.031132694,0.0323921,0.03192627
0.1903731,0.19844514,0.19586638,0.19429559,0.16038498,0.12525699,0.09510878,0.07715683,0.04981146,0.031491984,0.019657958,0.012226764
-0.22394106,-0.1518933,-0.08862594,-0.06465368,-0.031831533,-0.021506712,0.0052608103,-0.010025814,-0.0065303594,-0.022359364,-0.02774699,-0.030914754
-0.22407529,-0.20487581,-0.19363317,-0.16040209,-0.14177787,-0.11524534,-0.10352177,-0.08818777,-0.080471925,-0.07708386,-0.07583487,-0.0755458
0.051754333,0.06426564,0.054788914,0.04343733,0.03955797,0.031759106,0.025269028,0.022045827,0.02984588,0.03834272,0.045368284,0.04979859
-0.041657053,-0.061215855,-0.07229477,-0.057585955,-0.058724135,-0.051708773,-0.047186416,-0.035787098,-0.031499926,-0.026752807,-0.024641417,-0.024605464
-0.014886811,-0.03548902,-0.05356573,-0.05203532,-0.058638737,-0.056603666,-0.056015007,-0.047352195,-0.04361347,-0.03913366,-0.033980165,-0.029954871
1.2849873,1.3618032,1.1420317,1.0926168,1.3345628,1.2374922,0.9295404,0.7859015,0.7046776,0.69434285,0.65907466,0.6378889
0.64874864,0.692932,0.6467389,0.5503001,0.5062294,0.44767982,0.40410894,0.3492539,0.33205774,0.33201474,0.33150938,0.3294573
0.027993962,0.0068267994,0.010248445,0.018405132,0.025472939,0.025968194,0.017601894,0.019096714,-0.0043419283,-0.022186616,-0.036222264,-0.04736434
0.10805602,0.1102453,0.10870512,0.10713318,0.10285653,0.08894805,0.07852337,0.06749417,0.05700478,0.05090047,0.045587458,0.041510995
0.10787664,0.12890875,0.12912299,0.12402439,0.10688791,0.09141804,0.07895107,0.06739065,0.06165442,0.05810396,0.056425154,0.053412315
0.041857272,0.06253843,0.05055351,0.06010434,0.04044754,0.03631998,0.023331035,0.022239447,0.021441873,0.022392083,0.025068,0.026656011
-0.062515765,-0.0884278,-0.10598865,-0.110406466,-0.10677497,-0.097699866,-0.09011607,-0.07293461,-0.056304548,-0.035939798,-0.023910943,-0.01732184
-0.01692211,-0.017668024,-0.012790951,-0.010334328,-0.009514768,-0.011083623,-0.009011585,-0.0057241498,-0.0029221012,0.001581819,0.0028092815,0.0019415241
-0.18049604,-0.17453554,-0.15044206,-0.12125554,-0.09056604,-0.07678371,-0.06824707,-0.060967885,-0.06059572,-0.0629339,-0.0666783,-0.06911769
0.30378228,0.29024342,0.25995275,0.23080365,0.20072563,0.17151861,0.15298992,0.13887906,0.1269389,0.12752244,0.12524684,0.11773676
-0.21644531,-0.25188708,-0.25385606,-0.23296869,-0.22115377,-0.2081232,-0.18651809,-0.15748686,-0.13029326,-0.10868995,-0.09455442,-0.08678326
-0.39751682,-0.4301125,-0.428522,-0.38873026,-0.34637767,-0.30258113,-0.27188742,-0.22770903,-0.19277275,-0.16444427,-0.14927672,-0.14148825
0.10730453,0.124239646,0.084767014,0.08327255,0.06806643,0.058405213,0.031793132,0.026229458,0.027991442,0.030856844,0.034403145,0.036874015
0.4398207,0.43075895,0.38206413,0.3202014,0.24842542,0.19936278,0.16091523,0.13552494,0.11913395,0.11096211,0.10830974,0.107709765
-0.19110423,-0.20042637,-0.21883431,-0.18961492,-0.18385382,-0.15973133,-0.14587803,-0.12114203,-0.09722134,-0.08033697,-0.068444856,-0.061718233
0.2869948,0.24187382,0.24176073,0.2132262,0.20195183,0.18999898,0.18713444,0.174754,0.15804154,0.14477974,0.1306563,0.11893223
0.03328718,0.004583031,-0.00069213286,-0.0165678,-0.011004519,-0.01769293,-0.018155254,-0.012153162,-0.0032956079,0.010122619,0.018773124,0.025396714
-0.2435871,-0.3861681,-0.41636044,-0.3636472,-0.35999507,-0.3243317,-0.2764519,-0.22064112,-0.18810168,-0.15910725,-0.14239569,-0.13906792
0.19915725,0.19949558,0.18822767,0.15784392,0.13582784,0.11332734,0.09183305,0.06893687,0.043332845,0.020693809,0.010186672,0.007269468
0.064827755,0.04661476,0.014324099,0.011546589,-0.006102897,-0.007184416,-0.010443717,-0.001993619,0.009976171,0.024670064,0.03239643,0.033738248
-0.15875065,-0.15079299,-0.12068182,-0.09400019,-0.066427246,-0.05128275,-0.04163611,-0.040105365,-0.048849367,-0.060788978,-0.06900571,-0.0723464
-0.021703951,-0.031845685,-0.03297872,-0.03034724,-0.028959455,-0.026407331,-0.026023362,-0.020506846,-0.020732187,-0.018330257,-0.018403407,-0.018815078
0.50401217,0.6526038,0.63423795,0.6149934,0.58838403,0.5276125,0.4457263,0.36733383,0.3387047,0.3147841,0.30398953,0.2990418
-0.36512402,-0.4377192,-0.3830278,-0.29777342,-0.22944987,-0.22400874,-0.18543842,-0.15143435,-0.117398374,-0.095074505,-0.084897324,-0.08400561
0.27252746,0.29685497,0.27417675,0.23820038,0.16872361,0.13180001,0.10374628,0.09809908,0.09623501,0.102236174,0.10632057,0.101440385
0.22037558,0.1592476,0.13347787,0.12533008,0.111799195,0.10576807,0.09219588,0.090533495,0.072411254,0.058634713,0.046218008,0.041098043
-0.08781253,-0.11920795,-0.13399512,-0.10072011,-0.10416504,-0.09105672,-0.080540754,-0.06364549,-0.05945526,-0.05678821,-0.055344,-0.056152742
0.078366145,0.10028512,0.07347009,0.090810835,0.07902737,0.078260995,0.059476197,0.049324647,0.03871675,0.029552612,0.02700246,0.025769373
-0.34924555,-0.38068324,-0.35680455,-0.29783693,-0.2547177,-0.21408606,-0.18588968,-0.15868926,-0.15331522,-0.15540929,-0.1632534,-0.16827409
0.18474284,0.17748693,0.15037715,0.13583031,0.100246206,0.08385582,0.0670677,0.057585932,0.048840046,0.04397247,0.042263996,0.044377632
0.29386702,0.26772285,0.23778954,0.19581492,0.16347542,0.14022902,0.12370312,0.111607395,0.10457755,0.105006866,0.107587956,0.10912771
-0.068097696,-0.04764519,-0.021323234,-0.008769289,0.0032209605,0.013250038,0.02015657,0.015557684,0.0059272274,-0.005497571,-0.014504296,-0.019489331
0.37863818,0.38745564,0.39604744,0.3413593,0.3195063,0.26925486,0.24434906,0.20646635,0.18836202,0.18065165,0.17630833,0.17237002
-0.04752828,-0.0697682,-0.07592788,-0.07860272,-0.07874134,-0.06916035,-0.056932494,-0.050127316,-0.04498821,-0.041680116,-0.036665145,-0.030161463
-0.0749625,-0.029953673,0.011862785,0.0015412271,0.015891656,0.022027291,0.04160948,0.026776724,0.029659458,0.024887342,0.026454236,0.029341053
0.031965178,0.030458827,0.022712536,0.015581422,0.0074121244,0.006535493,0.0022851638,0.0058251265,0.008266554,0.01453359,0.017272335,0.018252123
-0.19607466,-0.22711137,-0.20803061,-0.18087658,-0.15100117,-0.120416746,-0.09279533,-0.067838445,-0.06301345,-0.057812613,-0.061474293,-0.06705121
0.14394975,0.1521461,0.15058395,0.12959933,0.11170465,0.093862005,0.08568037,0.072948344,0.06921872,0.06791102,0.06899892,0.06858032
-0.10839795,-0.087698765,-0.07541079,-0.06683125,-0.054074444,-0.040559214,-0.02926217,-0.027412646,-0.021126192,-0.019120565,-0.017825356,-0.01742442
0.08107689,0.06754616,0.057484567,0.042507052,0.030611292,0.02122999,0.021181129,0.020708032,0.024081454,0.02996809,0.03471448,0.03695343
-0.50477195,-0.4213016,-0.34695983,-0.15653509,-0.14260525,-0.12631238,-0.12622127,-0.10512775,-0.10588172,-0.12333453,-0.13994655,-0.15708457
0.16094342,0.17234907,0.17005517,0.15172184,0.1373956,0.11278308,0.098520294,0.08276379,0.08016465,0.07954508,0.08082373,0.08047319
0.24383745,0.28041655,0.26862437,0.22501937,0.19386724,0.16285491,0.14011918,0.11504807,0.10536551,0.09702068,0.09813112,0.10003589
-0.09931363,-0.08581072,-0.07523665,-0.055102136,-0.04427547,-0.037014008,-0.031103283,-0.026559152,-0.023779206,-0.021165349,-0.021685163,-0.022363946
0.13478857,0.09938134,0.040074408,0.03764662,0.017475799,0.0150451735,-0.010656223,-0.0041903034,-0.008561544,-0.006879188,-0.008525897,-0.010768257
0.1102743,0.06272866,0.031828225,0.016578004,-0.0029084235,-0.018037103,-0.030236728,-0.025287032,-0.02486962,-0.021336682,-0.0182762,-0.015334591
-0.0843251,-0.07826067,-0.06636067,-0.04975993,-0.034744486,-0.02606994,-0.025630742,-0.02457226,-0.029937062,-0.0356226,-0.040708587,-0.043054853
-0.06005303,-0.071858734,-0.07895289,-0.09509863,-0.09416369,-0.08667665,-0.07339334,-0.0627113,-0.04520157,-0.028507743,-0.015497254,-0.0052323565
-0.35578853,-0.34413412,-0.3110324,-0.27158988,-0.23229237,-0.19633767,-0.16760376,-0.14548552,-0.13079706,-0.124731064,-0.123491205,-0.12363763
-0.25947818,-0.23036693,-0.22448787,-0.17327382,-0.14548387,-0.11563282,-0.10678795,-0.09167705,-0.07838212,-0.07461634,-0.07246196,-0.0725716
0.22388574,0.23436463,0.23629434,0.21631867,0.19608788,0.17590849,0.15346365,0.12790984,0.09649873,0.07149853,0.054938253,0.04570152
0.19116186,0.18713287,0.16580273,0.14353454,0.114217445,0.098163724,0.08625011,0.07899247,0.072099656,0.071073286,0.07019578,0.06922095
-0.027386941,-0.022440411,-0.022095077,-0.021855626,-0.0237855,-0.01764931,-0.015643371,-0.010745967,-0.00624315,-0.00088645145,0.001881632,0.003665436
1.2349498,1.2624117,1.102971,0.8903074,0.75582635,0.68594426,0.5777075,0.5061164,0.4717375,0.44621518,0.44043568,0.4387197
0.10960694,0.11029642,0.09917638,0.09628762,0.07935221,0.079560995,0.07263565,0.06944153,0.059625614,0.052311968,0.045453817,0.040359885
-0.1440393,-0.10145288,-0.078428224,-0.03601554,-0.010956049,0.012239963,0.009561986,0.008070804,-0.009931132,-0.030659933,-0.047544293,-0.058869645
-0.09782474,-0.12025025,-0.13044316,-0.12887043,-0.12495051,-0.112177715,-0.09890221,-0.08172969,-0.0669554,-0.05226007,-0.043306038,-0.03881161
0.0013703001,0.00084074587,0.018064221,0.020459877,0.023860298,0.02127084,0.028227158,0.02409605,0.021241756,0.017669024,0.01456004,0.011707053
0.3386097,0.30564368,0.23595032,0.19476256,0.1552163,0.13468266,0.11801523,0.11123946,0.11990391,0.13837662,0.15041906,0.15286782
-0.057515673,-0.040539164,-0.009848751,-0.0048947297,0.0037017688,-0.001132302,0.008269124,0.003205631,0.002447784,0.0014211908,0.001004871,3.0323863e-05
0.30589044,0.19778076,0.10838616,0.23755533,0.13104352,0.06303072,0.033689022,0.043849573,0.05625531,0.05531241,0.05677612,0.046354502
-0.48023808,-0.42626017,-0.34765092,-0.29358575,-0.23046419,-0.1964089,-0.16572371,-0.15848975,-0.16156816,-0.17934433,-0.19198632,-0.19856219
0.056762822,0.04989347,0.056440815,0.06004536,0.06440066,0.055767402,0.049393054,0.042386774,0.03173655,0.023498528,0.017477224,0.014280263
0.4307467,0.38892585,0.28229243,0.17802128,0.06896183,-0.007066533,-0.07217687,-0.0969163,-0.12884375,-0.17245716,-0.17407267,-0.17198089
0.009375259,-0.013768274,-0.026105545,-0.032541595,-0.036822334,-0.03423173,-0.022864245,-0.013575502,-0.005219884,0.0010360815,0.003589671,0.002565425
-0.14381059,-0.117049515,-0.092746496,-0.07873962,-0.060815394,-0.057524055,-0.05099214,-0.047424614,-0.036377154,-0.029716238,-0.024055958,-0.021131054
0.06431982,0.031501845,0.007496223,-0.017421558,-0.03543277,-0.037138,-0.035279334,-0.018233702,-0.019740224,-0.010699317,-0.0072695166,-0.011447683
-0.05392748,0.061653227,0.07251595,0.07648572,0.079194725,0.085576326,0.06459504,0.051276937,0.05073931,0.053819798,0.056880914,0.057791382
-0.060712356,-0.08185886,-0.098136574,-0.06526914,-0.0671667,-0.057726502,-0.065329686,-0.05111492,-0.053502645,-0.055273306,-0.0600102,-0.06255199
0.061745033,0.08803871,0.10783797,0.09673628,0.09374451,0.07680242,0.07123217,0.054248527,0.04757206,0.0408229,0.037514113,0.036196712
0.10170199,0.06846763,0.045901716,0.0493344,0.036815085,0.03062015,0.006277293,0.008234303,-0.007371761,-0.015767217,-0.02452594,-0.026756614
0.062354926,0.07318761,0.065879196,0.041775245,0.03009597,0.026471471,0.027636051,0.0212888,0.023501646,0.026519708,0.032906245,0.038534224
0.34135365,0.2777506,0.21524355,0.19580719,0.13590172,0.105464235,0.07827884,0.07748814,0.06438765,0.06466557,0.06631099,0.068733886
-0.24274044,-0.21249989,-0.1704491,-0.15688492,-0.13289389,-0.11667155,-0.09223148,-0.087106355,-0.07868324,-0.080281794,-0.080499664,-0.0800773
-0.18766044,-0.18866494,-0.18558767,-0.16141377,-0.1506611,-0.12606424,-0.10893922,-0.09215092,-0.07800505,-0.07055816,-0.065982,-0.06474091
0.17177784,0.17716846,0.17856714,0.12984328,0.099763155,0.07087608,0.06825961,0.058538005,0.06211838,0.074697524,0.086019635,0.09195925
-0.09406098,-0.15357283,-0.18154673,-0.16947745,-0.16537705,-0.14426811,-0.13048112,-0.10479806,-0.09251255,-0.08825528,-0.08484215,-0.08412456
0.0126676615,0.04998067,0.043320425,0.027739398,0.03422337,0.03482482,0.02877386,0.024194233,0.03301618,0.045612548,0.053408485,0.058261935
0.019453607,0.07529347,0.09754129,0.07065112,0.077714205,0.07241747,0.06997323,0.051594757,0.048613712,0.04426372,0.044537634,0.044844568
0.017002955,-0.0030004308,-0.012911078,-0.02270791,-0.028155033,-0.029364988,-0.026354752,-0.015026197,-0.0010384545,0.01402932,0.022957377,0.026078604
0.09689543,0.09627639,0.10434668,0.08805292,0.07142116,0.052962992,0.052733455,0.04139042,0.03503426,0.02844844,0.026441813,0.025027668
0.014283828,-0.0071902033,-0.013489392,-0.010882389,-0.008718412,-0.010479234,-0.014502905,-0.012802409,-0.01827403,-0.021199087,-0.02464927,-0.025939384
-0.092200845,-0.11007777,-0.118724376,-0.12591714,-0.12468508,-0.11478506,-0.09762482,-0.08093915,-0.06088161,-0.038223058,-0.022617787,-0.01375098
0.35723183,0.33384785,0.3043939,0.21201232,0.15047807,0.10107502,0.09072986,0.08882047,0.11484644,0.15479898,0.18395773,0.19955614
0.10246553,0.2285925,0.27768666,0.26588076,0.25635344,0.24533677,0.224905,0.18179172,0.15616548,0.13047166,0.11010586,0.100445315
-0.04079455,-0.057695568,-0.060495965,-0.062214926,-0.061264314,-0.049494028,-0.0381062,-0.02889594,-0.023091856,-0.018884614,-0.017493326,-0.01695707
0.05276982,0.0765167,0.061912876,0.06427463,0.05739505,0.06360608,0.049781628,0.043529563,0.029638143,0.01711522,0.011997831,0.011044559
-0.39512143,-0.39862445,-0.3558895,-0.30940884,-0.26005977,-0.22281691,-0.18980484,-0.16878645,-0.15768129,-0.157908,-0.15926713,-0.15748794
0.15059799,0.14816795,0.13217361,0.122780114,0.09783041,0.08129603,0.06759251,0.060038906,0.052839585,0.048532408,0.04671087,0.043982394
0.653669,0.5417177,0.4318835,0.3578112,0.2958542,0.26295504,0.22373736,0.20944661,0.19205338,0.19677094,0.19855317,0.2046078
0.0051048575,0.023232747,0.02873726,0.033445086,0.03155118,0.030399252,0.024956275,0.018061075,0.008876713,-0.00015801005,-0.0059992974,-0.008531493
0.064963296,0.061968863,0.04991953,0.037426054,0.026946574,0.022048347,0.017689385,0.01845276,0.023249656,0.02942125,0.033679195,0.034669038
-0.13683985,-0.15203251,-0.16124307,-0.12834907,-0.15579146,-0.15826371,-0.15131988,-0.11788292,-0.08553141,-0.054236747,-0.034730367,-0.027432928
0.14034103,0.19392058,0.20351917,0.18631852,0.17781065,0.16005464,0.1412081,0.11402953,0.10127021,0.08904053,0.081469715,0.076856375
0.48495185,0.47961012,0.47460312,0.41444895,0.35539895,0.3222923,0.28583884,0.26069424,0.23390952,0.21444058,0.19926204,0.19011746
0.1295455,0.12830395,0.118833914,0.105122626,0.093991354,0.08854735,0.07739918,0.06794788,0.058272377,0.05233287,0.046739988,0.04471737
0.09222299,0.079220384,0.06335733,0.04948274,0.035823286,0.027717717,0.020884037,0.018131826,0.016040318,0.018278591,0.020812795,0.02159049
0.13320088,0.13206339,0.112824135,0.08909012,0.08174756,0.072042346,0.05898551,0.048108123,0.04076614,0.035647374,0.034943163,0.036176793
-0.87231845,-0.7343234,-0.5327445,-0.51599747,-0.39487177,-0.33837348,-0.22913206,-0.22960544,-0.19531938,-0.1927926,-0.18505251,-0.17626843
0.03847699,0.017885894,-0.0029191822,-0.015207298,-0.027160369,-0.030086346,-0.034581706,-0.027375165,-0.020899354,-0.011659488,-0.0056166537,-0.0021112375
0.052058913,0.08426692,0.12509587,0.13974346,0.15161468,0.1395717,0.12362106,0.09535532,0.05244641,0.013730118,-0.011689345,-0.023324527
-0.05030058,-0.068242826,-0.073067024,-0.06414342,-0.056830145,-0.05151558,-0.052105583,-0.045619715,-0.043917734,-0.044978432,-0.04629912,-0.047717266
0.19895035,0.20771831,0.1997146,0.16374233,0.13510028,0.11485898,0.10472617,0.087809175,0.07811387,0.06903635,0.0672418,0.06544343
0.29437733,0.27710998,0.22595064,0.18908268,0.14897282,0.13140708,0.112399,0.1056879,0.10672514,0.11619937,0.12434617,0.12838244
0.29286262,0.29076147,0.27427623,0.2660203,0.260706,0.22300927,0.1837973,0.15250914,0.124758095,0.09259573,0.075428724,0.06390924
-0.30935585,-0.32741582,-0.30672044,-0.26376098,-0.23597705,-0.20923927,-0.18046081,-0.15384327,-0.13470465,-0.1240015,-0.117545545,-0.114129975
-0.16092278,-0.19214086,-0.1907091,-0.17619766,-0.1604676,-0.1447502,-0.12735619,-0.10402673,-0.088492185,-0.07553634,-0.06929511,-0.067296885
0.30374312,0.29532486,0.24857269,0.21879384,0.18490204,0.16564965,0.14596687,0.13298036,0.12744729,0.12796158,0.13011608,0.13080192
0.28464764,0.26939765,0.24286221,0.19230747,0.15126988,0.11539118,0.09887099,0.08628595,0.085351326,0.089064114,0.09491787,0.09683119
0.011424808,0.021104919,0.017268429,0.010226939,0.0087545095,0.009138342,0.011684721,0.0058117756,0.006899951,0.0038042755,0.0052166358,0.0069124647
0.0026599616,0.0014184779,-0.005342841,0.002770519,-0.00028851256,0.0014105057,-0.0007213317,0.0008892128,0.0034507797,0.0043834685,0.0035301028,0.002868629
0.012626547,0.017212711,0.006896915,0.014930857,0.0100753885,0.012195665,0.0034906818,0.0085975975,0.01102728,0.020442033,0.023458181,0.023317777
-0.12914322,-0.12701283,-0.11853121,-0.10857401,-0.095182166,-0.08405654,-0.07266778,-0.06353402,-0.054244168,-0.047955092,-0.04429923,-0.04232677
0.040511563,0.07081935,0.07436144,0.058359575,0.054951124,0.049586855,0.046901554,0.033210862,0.026251152,0.01853065,0.013734713,0.014157484
-0.14626153,-0.13777697,-0.11972941,-0.096356414,-0.06372519,-0.045325205,-0.032273866,-0.032365017,-0.032493662,-0.041539825,-0.05037345,-0.056957487
-0.25824818,-0.27265465,-0.25972158,-0.23562267,-0.2177969,-0.18838444,-0.16360633,-0.13437751,-0.11795339,-0.104693316,-0.09879676,-0.09761441
0.18909901,0.23024093,0.18326947,0.16233316,0.13726917,0.1251742,0.09103131,0.08316284,0.088973045,0.10278793,0.115151405,0.12128257
-0.016918167,-0.0004482735,0.005192399,0.024360068,0.03427853,0.031744145,0.024951141,0.021685932,0.019320749,0.0155171305,0.011564657,0.0076845977
-0.2253269,-0.24120927,-0.20903116,-0.18277767,-0.15403953,-0.14200309,-0.117461324,-0.10437434,-0.094595514,-0.09096997,-0.08875054,-0.08671151
-0.051185112,-0.03676565,-0.017807305,-0.019138198,-0.0042513236,-0.0031789355,0.0028501935,0.00062870234,0.0017319303,0.0034305565,0.004167786,0.004374385
0.40055692,0.4220996,0.4157927,0.396262,0.3666379,0.32659674,0.28532386,0.24441767,0.20016527,0.16685805,0.1382258,0.11905939
-0.6808758,-0.67655635,-0.6005534,-0.5365299,-0.45665723,-0.40749797,-0.33512735,-0.30134353,-0.26345885,-0.25378358,-0.24374692,-0.23710111
0.081712514,0.11081334,0.10793987,0.106096774,0.09746575,0.09186373,0.074970774,0.061814353,0.049772926,0.038014088,0.030345937,0.02646958
0.4015326,0.36846447,0.30805394,0.22094655,0.17041314,0.13003567,0.12749314,0.11623517,0.14646183,0.18140703,0.21457325,0.23079425
0.2174575,0.19442457,0.19386372,0.16978814,0.15010749,0.12398315,0.11848275,0.10176925,0.092737086,0.08255603,0.076634794,0.07145718
0.18207803,0.19343828,0.1849527,0.15984124,0.13826999,0.116427965,0.10356416,0.091009766,0.0903552,0.09353404,0.096257865,0.09531425
0.043523807,0.073964454,0.10803829,0.09153052,0.09064418,0.079963535,0.07745211,0.04716879,0.014513804,-0.024138568,-0.04265052,-0.049113516
-0.028292656,-0.09222549,-0.15278146,-0.1444389,-0.14942892,-0.13126904,-0.12678266,-0.09977673,-0.08302899,-0.064360626,-0.051393613,-0.043989547
-0.3219764,-0.2975024,-0.32654744,-0.3030381,-0.28807166,-0.22806214,-0.20748647,-0.16305582,-0.132289,-0.09926839,-0.07974258,-0.06873145
-0.064833045,-0.063648134,-0.06765081,-0.03922998,-0.029952053,-0.022058873,-0.03112815,-0.024293091,-0.029684171,-0.034008224,-0.040757827,-0.046388708
0.09234084,0.12800302,0.15241596,0.13717708,0.11746899,0.09077887,0.09549311,0.07608749,0.072776265,0.072998576,0.07631246,0.07571754
0.41003987,0.39947158,0.33998716,0.29018405,0.23922391,0.20596242,0.16937406,0.14700443,0.13086466,0.12359652,0.12284335,0.1229592
-0.039903447,-0.01654721,0.0029901788,0.014313474,0.022346176,0.021815587,0.016196832,0.009659424,-0.00038705766,-0.010362595,-0.0173769,-0.020930452
-0.43353844,-0.41647604,-0.28857085,-0.2727956,-0.20592019,-0.20314577,-0.14329982,-0.14491361,-0.1334713,-0.13822083,-0.13630761,-0.13116562
-0.019881379,-0.014476476,-0.018996213,-0.021034146,-0.0146181295,-0.009026547,-0.00842052,-0.005990242,-0.0015777971,0.0034044199,0.0058075553,0.0067731803
0.14257014,0.14526793,0.14774492,0.14801589,0.12894583,0.12687865,0.11902523,0.11016001,0.086921826,0.06820077,0.05318638,0.042852744
0.09620224,0.082096845,0.06881474,0.05267661,0.038028173,0.026936732,0.017197609,0.016397271,0.016159836,0.020346727,0.02221563,0.02384276
0.060170524,0.049952783,0.043926135,0.048490908,0.04005808,0.038949747,0.030363627,0.033083174,0.030754669,0.033013225,0.033044633,0.03361405
0.09674133,0.09588236,0.0802849,0.05135926,0.030469328,0.020659976,0.016853608,0.01841122,0.02743078,0.038750183,0.046989873,0.05010521
-0.22384462,-0.22428131,-0.20455927,-0.1618449,-0.13138431,-0.10489025,-0.096748345,-0.0864335,-0.095339514,-0.11189229,-0.12536807,-0.1329555
-0.21763402,-0.16234875,-0.1358566,-0.124537095,-0.10440752,-0.08435181,-0.06427202,-0.05932252,-0.041743398,-0.032810077,-0.024385482,-0.019626029
0.33203286,0.2934693,0.26968655,0.20116277,0.15286902,0.10892668,0.09374209,0.08351658,0.08579095,0.09868906,0.11008094,0.11675699
-0.044588007,-0.054591343,-0.069671825,-0.06686081,-0.062411927,-0.054206602,-0.054700915,-0.04309482,-0.0340567,-0.025679283,-0.020755067,-0.018689774
0.2992246,0.2275037,0.17719483,0.16048317,0.12855732,0.104760975,0.08570796,0.07867734,0.0690067,0.06560952,0.06664815,0.066833526
-0.22218299,-0.22847728,-0.19416845,-0.17878984,-0.15112756,-0.14213759,-0.114049464,-0.10530956,-0.092820115,-0.086735114,-0.08005655,-0.07582685
0.018581094,0.017423432,0.022115773,0.015013614,0.012597496,0.008105487,0.008709411,0.005443276,0.0030510174,-0.0005368516,-0.0016529271,-0.001973304
-0.12124428,-0.14367795,-0.13841231,-0.11528361,-0.09808427,-0.094313204,-0.09045844,-0.07719486,-0.07076539,-0.0652231,-0.06202954,-0.061813697
0.29665554,0.28455716,0.26216316,0.21861598,0.18708609,0.15568563,0.13567598,0.117462896,0.104833946,0.09998407,0.09811046,0.097397834
-0.43038246,-0.4311458,-0.40351838,-0.36408213,-0.31452492,-0.26581544,-0.21750161,-0.18810287,-0.16085237,-0.14617397,-0.13609216,-0.12994114
0.26426023,0.2768181,0.26368195,0.22343373,0.18703033,0.16179107,0.14706995,0.13254964,0.12269269,0.120159045,0.116966546,0.110203594
-0.32514054,-0.23495108,-0.23525655,-0.12569743,-0.08796865,-0.035729975,-0.046824276,-0.038880214,-0.046063706,-0.06171313,-0.072849825,-0.0800859
0.13182157,0.15886723,0.15026565,0.1353413,0.120345615,0.10716183,0.09484042,0.07987797,0.07652157,0.07598187,0.078740984,0.08146379
0.29996252,0.25691897,0.20603147,0.19001985,0.16065815,0.14409475,0.10568036,0.10222556,0.08016721,0.07275191,0.06262939,0.056675322
0.21472912,0.18038362,0.11395258,0.09662892,0.07206248,0.063118085,0.047344744,0.04157217,0.03458401,0.025768965,0.024342299,0.0259201
0.29798758,0.3123234,0.24405922,0.19151972,0.14424065,0.11722031,0.08428645,0.0759054,0.084978566,0.105648965,0.12195033,0.13099773
-0.18770349,-0.100869045,-0.13947105,-0.046581715,-0.03729351,0.0022589862,-0.042464316,-0.023328394,-0.01450929,-0.0038174689,-0.004822314,-0.010154732
-0.28556877,-0.22982162,-0.10917279,-0.07737064,-0.023974717,-0.030070335,0.008267164,-0.012411207,-0.017843962,-0.03669004,-0.046150804,-0.049257398
-0.1447788,-0.13634841,-0.12052868,-0.116424024,-0.10043416,-0.08375039,-0.0668324,-0.05797702,-0.04879206,-0.042091258,-0.03831699,-0.035798393
0.043838337,-0.0069297925,-0.03819008,-0.04934457,-0.060932606,-0.060998112,-0.057489745,-0.040443677,-0.027810834,-0.011999365,-0.0024092086,0.0022159368
0.09902826,0.08054663,0.07148968,0.07946692,0.07404366,0.06768521,0.053561144,0.045709997,0.028384935,0.012414087,-0.00089162216,-0.009400159
0.5328372,0.69071114,0.5943226,0.34676486,0.22465336,0.1945408,0.16171443,0.12216294,0.12854412,0.14188504,0.16550054,0.17902866
-0.13358745,-0.09791922,-0.07613717,-0.06916926,-0.054259308,-0.04150997,-0.030497141,-0.032909013,-0.029578127,-0.030717466,-0.03038951,-0.02978722
-0.22312362,-0.2441558,-0.23842576,-0.21139613,-0.19652912,-0.17912284,-0.16187814,-0.13734645,-0.12212026,-0.11304189,-0.10740073,-0.10483533
0.02669343,0.021739397,0.003981091,0.007871032,-0.0019518733,0.004626639,-0.00090754405,0.0071355477,0.0070229582,0.010257984,0.010631958,0.009539157
-0.8248055,-0.91004324,-0.8847583,-0.784287,-0.71089554,-0.6138928,-0.5423299,-0.4527981,-0.41000396,-0.38059574,-0.36908492,-0.3597687
0.0770655,0.12339471,0.13115561,0.12428928,0.11960488,0.11330678,0.09655097,0.080052614,0.067559294,0.05857089,0.05021292,0.045366567
0.08838543,0.22619662,0.3053773,0.25842533,0.32268795,0.29146305,0.27311602,0.19245683,0.15473777,0.10928707,0.09000934,0.08883342
-0.15723865,-0.13919821,-0.10958747,-0.07487187,-0.039390087,-0.013770133,-0.0040879995,-0.0028548911,-0.0149672255,-0.031821415,-0.046849184,-0.055891436
0.07292219,0.02457574,0.036134966,0.08929956,0.102976836,0.094872236,0.09923254,0.087258235,0.07108177,0.048387498,0.03474381,0.030216135
0.18222208,0.16623682,0.12637621,0.11005974,0.08399822,0.07169108,0.05256027,0.048886508,0.045252874,0.046125725,0.047635473,0.04849433
-0.0855823,-0.08551259,-0.06917216,-0.047779296,-0.038340624,-0.035714507,-0.027926635,-0.023646917,-0.020926492,-0.021442033,-0.022229917,-0.024258584
0.09003546,0.0837682,0.057892397,0.048767902,0.032456525,0.024335638,0.013923176,0.014769755,0.018006902,0.025395172,0.031041525,0.034551524
-0.0005286224,-0.038788937,-0.051661566,-0.040974714,-0.044129435,-0.040572323,-0.03458066,-0.020299517,-0.010509338,-0.0011215527,0.0037956443,0.0040769093
-0.32812166,-0.2923568,-0.27949107,-0.237869,-0.2028047,-0.15891019,-0.14016113,-0.12721992,-0.12345873,-0.13158983,-0.13433969,-0.13383879
0.050143763,0.03734107,0.02679059,0.04194041,0.038885813,0.033281967,0.02197089,0.022859372,0.0173422,0.014985863,0.011306534,0.007599663
0.04573092,0.008688875,-0.009936668,-0.021960698,-0.032090157,-0.040149115,-0.035915256,-0.0305707,-0.019936457,-0.010918321,-0.0025854893,0.003757691
-0.14634202,-0.18584204,-0.20880413,-0.17694741,-0.15807334,-0.13671291,-0.13231066,-0.10485789,-0.090153866,-0.07387236,-0.06699643,-0.06421928
0.14995676,0.18315402,0.14737226,0.13972816,0.120582595,0.11727637,0.08505712,0.07824523,0.07138765,0.07134879,0.06881556,0.06647154
-0.25568885,-0.24964993,-0.23333734,-0.21824774,-0.1856827,-0.15289837,-0.12474206,-0.10881353,-0.095385626,-0.08850074,-0.083054155,-0.07842545
-0.10425088,-0.029499397,0.019372493,0.025947064,0.048400074,0.05142179,0.03952211,0.025470108,0.01291392,0.0028011054,-0.005540386,-0.009920612
0.10842164,0.10408688,0.09888452,0.08893867,0.0781435,0.065774366,0.059018757,0.05321068,0.050809003,0.05146876,0.0522093,0.051304758
-0.57902926,-0.5906947,-0.545643,-0.47537786,-0.41406775,-0.36219954,-0.31223118,-0.26799497,-0.24048382,-0.22553027,-0.217066,-0.21368103
0.3170892,0.33093962,0.3129523,0.2791962,0.24009073,0.20589665,0.17859522,0.15360409,0.13679281,0.12845044,0.12483893,0.122401476
0.026023563,0.018838607,-0.004411638,-0.010926876,-0.025767714,-0.026970655,-0.030397935,-0.02496808,-0.01605015,-0.007565908,-0.0022669043,0.0021840902
0.15499297,0.15550327,0.14416206,0.12200375,0.103128985,0.0865016,0.07829294,0.067945465,0.0630565,0.06344993,0.06506233,0.06477882
0.2340164,0.23620197,0.22084893,0.19684134,0.16905922,0.13897812,0.120409355,0.10334729,0.09432897,0.08980417,0.089817256,0.089236304
-0.09691094,-0.106592245,-0.09585416,-0.088843696,-0.07859374,-0.065860555,-0.0513886,-0.0404993,-0.03486924,-0.034499258,-0.03440561,-0.035250533
0.020813497,0.008040445,-0.001906205,-0.006259825,-0.013159327,-0.010997657,-0.009777561,-0.006552689,-0.0046116225,-0.002048703,0.0010044817,0.0019786134
0.08541599,0.10881495,0.11102506,0.105621114,0.10634567,0.10209423,0.09002172,0.07399377,0.05686393,0.043391824,0.033752088,0.029217426
-0.10117736,-0.06001655,-0.021373585,-0.03389229,-0.0032616705,-0.011569634,0.002802968,-0.014387362,-0.0002886206,0.0018926337,0.006264128,0.011212982
0.2106866,0.21333769,0.22275612,0.24124286,0.23698074,0.2107016,0.1731841,0.14587598,0.100658655,0.0637217,0.030023463,0.008448213
-0.021724803,-0.015239193,-0.01720301,-0.00849825,-0.006206871,-0.004246704,-0.00537212,-0.0026777529,-0.0018506795,0.00052816095,0.000998355,-0.00047977944
0.12598667,0.12782863,0.14459771,0.100529686,0.09967817,0.07663346,0.09346404,0.081815496,0.08757975,0.0996858,0.108968064,0.11067289
0.23576653,0.19104482,0.14474392,0.12130265,0.10373743,0.094687656,0.07952097,0.078216806,0.072569236,0.07185196,0.069235735,0.06597839
-0.06229582,-0.09868546,-0.10614951,-0.09722074,-0.09559794,-0.08543354,-0.073762655,-0.061247893,-0.054520022,-0.050201513,-0.047731515,-0.045537934
0.041089095,0.054842196,0.036310166,0.02014663,0.01857958,0.026011232,0.026283944,0.02040129,0.022731852,0.023326553,0.027127713,0.029392228
0.05621159,0.08144178,0.08599289,0.081550606,0.07410082,0.06506628,0.061697453,0.05070986,0.04593254,0.044566303,0.045983884,0.046674076
0.06263851,0.088532254,0.08541689,0.066007785,0.042127844,0.02782663,0.020611823,0.021717949,0.031398438,0.047243044,0.056928195,0.06114006
-0.10386892,-0.12618358,-0.12895389,-0.12900312,-0.12374728,-0.112732396,-0.092584945,-0.07762493,-0.058452554,-0.04479753,-0.032701522,-0.025976654
0.35218054,0.34818476,0.31480175,0.2732733,0.23684017,0.20057313,0.16774948,0.13898414,0.11758712,0.102652244,0.094734944,0.09092952
-0.577833,-0.554832,-0.5064359,-0.46436113,-0.4010604,-0.34657472,-0.29193062,-0.25562507,-0.21346639,-0.19032936,-0.17473225,-0.16392386
-0.18129958,-0.200315,-0.19775036,-0.18311676,-0.15972665,-0.14402631,-0.12007947,-0.10310261,-0.078480944,-0.061670497,-0.048722632,-0.040997952
-0.22383624,-0.23973826,-0.24122326,-0.18433832,-0.1590245,-0.13576408,-0.13122167,-0.10858199,-0.10356056,-0.10056327,-0.102194026,-0.104999274
-1.0000272,-1.0648968,-0.9620408,-0.8630991,-0.7555616,-0.672766,-0.5713917,-0.4959408,-0.4510218,-0.43263417,-0.42506778,-0.42166522
0.038698185,0.041451715,0.03540182,0.034401596,0.027272731,0.020199925,0.01644216,0.012446627,0.011087904,0.01021507,0.011483863,0.012549908
-0.022528104,-0.018598825,-0.017973728,-0.012064455,-0.008676089,-0.0030459296,-0.0039915983,-0.0013060551,-0.0012202561,-0.0014790671,-0.0022219988,-0.0028844331
0.100370616,0.093425415,0.08249012,0.06888667,0.053536035,0.044161595,0.0354776,0.030867409,0.028523974,0.028054092,0.028211094,0.028115304
-0.119771734,-0.103757605,-0.08695994,-0.07353425,-0.0644059,-0.05696638,-0.045628004,-0.041551273,-0.035683095,-0.033999085,-0.032696422,-0.032742597
0.079463676,0.09157149,0.090737976,0.07212189,0.062522724,0.049300537,0.048319016,0.03756257,0.037291043,0.033873796,0.036240228,0.037937876
0.09315127,0.09479459,0.098049685,0.089957476,0.07949607,0.068112805,0.062006645,0.051819865,0.040866747,0.033237755,0.02937571,0.028271183
0.11103274,0.12322508,0.10988197,0.09811962,0.080320746,0.06961499,0.05548839,0.048259117,0.044474788,0.04420695,0.04439485,0.043977775
0.08757785,0.092087194,0.079357624,0.060427405,0.048737243,0.03497585,0.023626309,0.019636923,0.025316799,0.033601798,0.040500656,0.045012522
0.09431349,0.05646903,0.05443637,0.019988224,0.013430916,-0.011533972,-0.011888795,-0.017059393,-0.015578482,-0.013301548,-0.007009878,-0.0037477557
-0.2538168,-0.23662868,-0.1982807,-0.19423741,-0.16281836,-0.1410993,-0.11017227,-0.10060033,-0.08665471,-0.08007874,-0.07280573,-0.06721447
0.002855245,0.034142938,0.039066054,0.038142372,0.039393492,0.03633732,0.035642028,0.027711447,0.032738067,0.03570466,0.039044842,0.041340362
0.12698565,0.108332776,0.08369312,0.05180268,0.028920054,0.021586642,0.020966694,0.023995295,0.034582563,0.048360404,0.057713397,0.063033335
0.146889,0.11189489,0.090996966,0.08593245,0.07086086,0.059875652,0.05258873,0.052764893,0.046769433,0.0464661,0.043963812,0.03906487
0.096747994,0.08128117,0.08977048,0.07916452,0.07883105,0.05922778,0.05508433,0.04635046,0.04478023,0.04530866,0.045428228,0.0449841
-0.026760692,-0.021546224,-0.019216344,-0.01541576,-0.015265221,-0.011777462,-0.010895093,-0.00911075,-0.01092965,-0.013326315,-0.015126901,-0.016092282
0.17451113,0.17959566,0.15808421,0.14094101,0.11459363,0.0950221,0.08369781,0.07694611,0.07996702,0.08849944,0.09644516,0.09932035
-0.11509702,-0.107134365,-0.08883099,-0.07972744,-0.06770132,-0.06040484,-0.050410263,-0.04637859,-0.041183025,-0.039431915,-0.037964046,-0.03763154
-0.5610055,-0.27405226,-0.07432926,-0.08817357,-0.0011361241,0.045907438,0.11657381,0.053538322,0.041625082,-0.0009582937,-0.018328696,-0.022591531
-0.10969807,-0.10738766,-0.07962305,-0.08265592,-0.06394227,-0.063125476,-0.044014208,-0.04460955,-0.035786852,-0.034318924,-0.03132253,-0.028978828
-0.019528463,-0.014905026,0.011178639,0.0035079457,-0.0037618466,-0.018414734,-0.005930919,-0.008405979,-0.0014429325,0.00295807,0.0076534254,0.008068167
0.15090638,0.11755991,0.07326856,0.027863845,-0.0088092685,-0.025341064,-0.028285295,-0.019934654,0.0026104003,0.030046403,0.052172508,0.06333114
0.29166988,0.24869224,0.23535705,0.21255568,0.2029419,0.17830862,0.16355845,0.13880098,0.11118889,0.08772753,0.0749434,0.06774745
0.14810564,0.17413802,0.16660789,0.16102296,0.15345638,0.13914376,0.111829676,0.09234087,0.06901741,0.049897037,0.039031744,0.032087468
0.14880177,0.15757853,0.15535001,0.13775589,0.13269217,0.11821197,0.10457808,0.09080327,0.08355848,0.08019219,0.076349065,0.07468932
0.04815597,0.047998004,0.056885228,0.05539902,0.05298958,0.038846,0.03472318,0.029401388,0.030118989,0.031426333,0.031132389,0.03014567
-0.26868752,-0.25532943,-0.22603418,-0.20834032,-0.1728883,-0.15500179,-0.1352129,-0.12338257,-0.10666143,-0.09781368,-0.09187924,-0.08646446
-0.3491844,-0.32432505,-0.2852901,-0.27120328,-0.23649329,-0.21262538,-0.17167756,-0.15830234,-0.12754145,-0.11415133,-0.09927512,-0.08808622
0.36318377,0.38992277,0.3735861,0.34495312,0.31939715,0.29732093,0.2895304,0.25393194,0.23485869,0.22394162,0.2206461,0.21952625
-0.021083057,0.09339254,0.096601814,0.102062374,0.1048723,0.11156015,0.07648939,0.059494935,0.042325333,0.030694239,0.022081286,0.020575128
0.26881748,0.23456451,0.19795355,0.16658755,0.12699997,0.09155989,0.06638913,0.060985684,0.06280237,0.070828155,0.07840127,0.081132546
0.097317204,0.14614849,0.15888615,0.15239012,0.13112575,0.11546461,0.10066386,0.087044746,0.07819822,0.07760307,0.07673806,0.07582402
0.017771214,0.049016085,0.045808036,0.038685948,0.028823331,0.022627031,0.016496925,0.008966576,0.010354773,0.011373503,0.014303181,0.017481167
-0.23880419,-0.22470604,-0.17163455,-0.115769535,-0.09472491,-0.06803575,-0.046988934,-0.036866054,-0.040294588,-0.05262518,-0.065573506,-0.072129264
-0.08793904,-0.1019218,-0.08104474,-0.06068031,-0.04623589,-0.040249955,-0.034715943,-0.03303617,-0.0438599,-0.05647432,-0.065966755,-0.06940716
0.049416184,-0.0014369041,-0.04943104,-0.080180585,-0.11014108,-0.11612496,-0.11831399,-0.10017576,-0.081971645,-0.06284415,-0.046944723,-0.036338907
0.31227633,0.27053362,0.35306853,0.34099436,0.32579276,0.22894177,0.2016006,0.17258185,0.14089414,0.1267035,0.10987672,0.09117444
-0.36851698,-0.52542436,-0.5038486,-0.49397457,-0.43987244,-0.40123236,-0.34810227,-0.27057257,-0.22819886,-0.17466587,-0.15776518,-0.16223344
-0.025256775,-0.013537593,0.021321885,0.025066793,0.037975498,0.027288232,0.030822556,0.01917652,0.011402,0.00073229894,-0.004303701,-0.0057670586
-0.042817187,-0.05094477,-0.049495146,-0.050943438,-0.046739757,-0.045145843,-0.03635972,-0.033501484,-0.026318911,-0.022644794,-0.018574137,-0.015397953
0.053584225,0.029150926,0.013626568,-0.002396129,-0.018184587,-0.022436865,-0.026051156,-0.0179632,-0.012878742,-0.0048654843,-0.00057226606,0.0027382988
-0.042547382,-0.09884647,-0.114339605,-0.09910377,-0.099719115,-0.09322265,-0.08873494,-0.072341256,-0.073850006,-0.072032824,-0.07081313,-0.07016644
0.20529148,0.19826967,0.16179636,0.12971297,0.091189355,0.07006769,0.05049722,0.047301807,0.05008138,0.059759688,0.068630725,0.07461178
-0.20337425,-0.14335063,-0.12843065,-0.108037785,-0.082157105,-0.04986894,-0.042444885,-0.043899022,-0.045895897,-0.054993823,-0.060472526,-0.061101206
-0.46251416,-0.47766268,-0.44315964,-0.41507205,-0.38622332,-0.3345117,-0.2854273,-0.2382513,-0.21124807,-0.18914369,-0.17624232,-0.17061673
-0.182589,-0.13787499,-0.10786286,-0.1043278,-0.09167963,-0.07922,-0.06357867,-0.05783534,-0.043135718,-0.033889413,-0.027154572,-0.023688614
1.5482345,2.0365698,1.670526,1.5998602,1.5431417,1.5372629,1.1436028,1.0100471,0.8694155,0.8311318,0.7805362,0.743179
0.2234731,0.22973958,0.195059,0.16069439,0.12641627,0.10740754,0.088635296,0.07897385,0.0783253,0.083639085,0.0893565,0.09126561
-0.30403376,-0.32504344,-0.29653922,-0.28324938,-0.26280507,-0.24608693,-0.21162458,-0.1881193,-0.16850261,-0.15940012,-0.15002966,-0.14366835
0.21243249,0.217282,0.20012659,0.1936687,0.1834421,0.17054114,0.1471209,0.12817691,0.10420933,0.089524195,0.075813234,0.065370664
-0.12646167,-0.11942129,-0.122545786,-0.11677644,-0.10264268,-0.0952993,-0.08990429,-0.07380273,-0.046469215,-0.020091347,-0.0023611337,0.0072865114
-0.019457374,-0.00059264526,0.03860905,0.04109763,0.047882542,0.039877795,0.039621577,0.035942666,0.022041839,0.0117176315,0.0012344932,-0.008366216
-0.36565658,-0.29306737,-0.23805392,-0.22083572,-0.18218052,-0.14914131,-0.11346018,-0.112241656,-0.09548992,-0.09584692,-0.092154294,-0.0864072
-0.22885576,-0.18269332,-0.1123285,-0.086704165,-0.052586794,-0.03616683,-0.016417041,-0.027358368,-0.045154408,-0.072992645,-0.091752484,-0.0994747
-0.08952026,-0.09132635,-0.08699344,-0.06949195,-0.066465825,-0.057106115,-0.051285923,-0.037460167,-0.030359685,-0.02271637,-0.017249718,-0.014399863
0.02737679,0.0035628043,0.0008342713,0.0011710152,-0.0040468723,-0.0071049333,-0.0017653927,0.0016966145,0.00095086545,0.001032196,0.00032057613,0.000269657
-0.30384856,-0.32029942,-0.30374354,-0.2753036,-0.24555022,-0.21468991,-0.18419695,-0.15892583,-0.14085555,-0.12943797,-0.12174044,-0.11604955
0.049578607,0.037290912,0.017437838,0.0043354705,-0.009776533,-0.013833914,-0.013226397,-0.00890097,0.00068481266,0.012850035,0.02247174,0.028264437
0.033996042,0.062668495,0.039624266,0.023985054,0.010402277,0.012709465,0.009247864,0.008587521,0.02466593,0.036688425,0.04810374,0.053345915
-0.027778937,-0.03626672,-0.023615303,-0.005717585,0.0009606052,0.0065200888,0.0057162587,0.006333636,-0.004784816,-0.01647045,-0.027115459,-0.03394637
0.038995933,0.03378889,0.012703032,0.041726634,0.053292796,0.05510344,0.036773317,0.03430856,0.025216248,0.0196194,0.011438753,0.004697809
-0.19183227,-0.16332236,-0.11774635,-0.09764479,-0.064742,-0.053200245,-0.041982755,-0.039171487,-0.037155136,-0.039263524,-0.042273007,-0.04442858
-0.059357792,-0.039226245,-0.030363686,-0.043456063,-0.03993543,-0.034846894,-0.028077744,-0.024977157,-0.017028369,-0.008409807,-0.00290367,3.091991e-07
0.06710693,0.026235498,-0.0148922205,-0.025394559,-0.044395007,-0.041008472,-0.0399661,-0.023258284,-0.0089930855,0.0056583583,0.016016293,0.0213689
0.19485795,0.19733636,0.18914615,0.16513808,0.1459691,0.12566999,0.10674338,0.089959845,0.07526958,0.06681567,0.06206115,0.060175583
0.021990545,-0.0019354708,-0.022735037,-0.020983394,-0.019271329,-0.0062092375,-0.012308534,-0.0019077957,-0.006801758,-0.009043496,-0.013342515,-0.017308008
0.17271972,0.1426648,0.111109376,0.06835137,0.038514137,0.021642178,0.015486643,0.018735453,0.027371317,0.042243224,0.05438514,0.061126895
0.2147761,0.19004805,0.16673318,0.17478877,0.16543692,0.14245825,0.11541794,0.0995639,0.080893844,0.06242776,0.05341942,0.049638264
-0.003980048,0.04858175,0.031673655,0.006094292,0.0050155967,0.012567148,0.0008987412,-0.0048228055,0.0008227378,0.0073607303,0.012732532,0.018535681
-0.110501155,-0.057515047,-0.023453146,-0.01389201,0.0018149614,0.011931956,0.012698695,-0.0016544089,-0.01777333,-0.03922655,-0.054152302,-0.060662247
0.075391725,0.093506835,0.08293562,0.08414696,0.074108295,0.07133955,0.06367214,0.056113012,0.050087456,0.045892008,0.041058585,0.03706971
-0.2758409,-0.3129696,-0.30110103,-0.28240147,-0.2549596,-0.23098472,-0.19873849,-0.17294092,-0.15116522,-0.13921884,-0.131149,-0.12476455
-0.1075317,-0.14039081,-0.14712344,-0.13801369,-0.13087587,-0.11490392,-0.09763241,-0.07702395,-0.060741697,-0.044323545,-0.033733703,-0.027950585
0.08739984,0.082442924,0.07013194,0.056215152,0.045657,0.03981026,0.031282846,0.029428218,0.027695524,0.030276444,0.03080336,0.031893227
-0.4067459,-0.4256441,-0.37670583,-0.30748028,-0.2611476,-0.23160242,-0.20241289,-0.17364411,-0.16508499,-0.1630671,-0.16478202,-0.16784829
0.088912494,0.066459484,0.060255103,0.051839165,0.033880092,0.0270066,0.020048529,0.016316656,0.005071502,-0.0060108677,-0.012769472,-0.013888732
0.0758544,0.07350202,0.047921374,0.029688679,0.01290372,0.013218779,0.0018086508,0.003959734,0.0007104203,0.0025924444,0.005050294,0.008002104
0.5149048,0.55813694,0.51663494,0.4033775,0.33865672,0.3063218,0.26331666,0.23521808,0.22379959,0.2285264,0.23297627,0.23225813
-0.03264671,-0.064210914,-0.067329764,-0.06590836,-0.06250699,-0.062887125,-0.050421163,-0.04038258,-0.027032759,-0.013664351,-0.0038795206,0.0015014457
-0.082399994,-0.076781824,-0.06852737,-0.055299867,-0.049361058,-0.042143397,-0.038124908,-0.033886015,-0.035021402,-0.038040683,-0.04015395,-0.041627575
-0.14226732,-0.13221985,-0.1354717,-0.1380633,-0.12597215,-0.10472549,-0.09454493,-0.08492208,-0.07500401,-0.06642123,-0.05871695,-0.0513076
0.35477975,0.33264607,0.28426597,0.24624594,0.20565513,0.17647342,0.15418917,0.14379287,0.1451588,0.15382871,0.15975548,0.16045065
-0.034403756,-0.059414662,-0.08767606,-0.08609405,-0.09056057,-0.08205837,-0.0831027,-0.06525524,-0.05065584,-0.033390943,-0.023139216,-0.018259872
0.1299336,0.13387245,0.12351127,0.09322467,0.07687628,0.063646466,0.054551426,0.04390423,0.039087065,0.037442036,0.03886681,0.041507285
0.07914839,0.08794969,0.07396969,0.068854265,0.056136265,0.0543809,0.04578266,0.042602737,0.04458807,0.048142895,0.05045835,0.05137869
-0.015037373,-0.016229704,-0.014854491,-0.01638517,-0.012564656,-0.008821232,-0.007949154,-0.009635678,-0.013271929,-0.019261574,-0.022605993,-0.02425893
0.10423786,0.06714211,0.04036036,0.018351227,-0.000513345,-0.007037349,-0.0057869703,-2.3536384e-05,0.0067089647,0.017830294,0.025024682,0.028156057
0.1738036,0.15686888,0.15945825,0.10650322,0.09284616,0.07882028,0.07883231,0.06910254,0.0637301,0.06708075,0.06960661,0.07100483
-0.06111207,-0.07482589,-0.055755142,-0.06009803,-0.056661323,-0.059268985,-0.047638822,-0.042933673,-0.03823114,-0.03684754,-0.036261413,-0.03538085
0.07798638,0.09651757,0.08938636,0.07389933,0.0713003,0.063322514,0.049856048,0.040766805,0.03901425,0.04018514,0.042257927,0.04471098
0.908909,0.87652516,0.74642164,0.65226376,0.5338767,0.46383554,0.358999,0.31070334,0.24365872,0.19081819,0.16502285,0.153237
-0.06312259,-0.056107342,-0.037145197,-0.019272361,-0.029441502,-0.038322296,-0.04043619,-0.03096425,-0.024660833,-0.018184964,-0.015587628,-0.015072806
0.30696553,0.25341517,0.20138356,0.17776918,0.15086788,0.12708971,0.10799229,0.102376625,0.09569231,0.09842174,0.100538805,0.10025884
-0.30244467,-0.304595,-0.31035078,-0.28864306,-0.268646,-0.23694885,-0.20850414,-0.17640743,-0.1425534,-0.11782894,-0.09839009,-0.08699901
-0.090695634,-0.091703646,-0.08363447,-0.085737795,-0.07358786,-0.062399674,-0.052611608,-0.048145793,-0.043277916,-0.04115562,-0.03977494,-0.0365296
0.697503,0.64434,0.6059183,0.5336712,0.49839163,0.39780533,0.31951535,0.25903028,0.20827729,0.17121287,0.1525481,0.14406818
0.24493556,0.23627542,0.2072612,0.14334658,0.10414502,0.06701432,0.04598163,0.03352742,0.03397052,0.04174824,0.052221507,0.059617646
-0.12084736,-0.080258995,-0.06404397,-0.050736204,-0.039446875,-0.031070441,-0.027342543,-0.023489788,-0.012330994,-0.0043019503,0.0006369576,0.0030693933
-0.2950771,-0.3445657,-0.3020593,-0.2633753,-0.21613291,-0.19385359,-0.15719157,-0.13055557,-0.11914247,-0.10901447,-0.10293691,-0.10133505
0.1462686,0.16762154,0.16533911,0.12823898,0.11760642,0.10389899,0.1075996,0.08626447,0.074201934,0.060659576,0.0526799,0.04585079
-0.0039086044,-0.04424576,-0.057573922,-0.06777195,-0.07503965,-0.07350798,-0.06401348,-0.048817493,-0.03749257,-0.022675045,-0.012923216,-0.00776946
0.22745831,0.22844055,0.2258034,0.21225671,0.1900031,0.17016712,0.1507326,0.13192536,0.1078621,0.08961339,0.07598765,0.066591255
0.033980954,0.053683445,0.06643498,0.057583854,0.0634171,0.07249351,0.070120335,0.065696456,0.058139432,0.054937318,0.04914515,0.044473186
0.066554174,0.049650155,0.06999785,0.06608455,0.072676815,0.06312971,0.0634606,0.054081537,0.03989908,0.026841445,0.01470962,0.008499332
-0.526914,-0.47702336,-0.42368948,-0.35017195,-0.30576003,-0.25705087,-0.23001733,-0.19875717,-0.18653509,-0.18167712,-0.18090531,-0.1809724
0.027025377,0.009073028,0.009709019,0.0033389032,0.0036740638,-0.00045376644,0.0009125918,0.0024334528,0.0035224408,0.0057569873,0.007009783,0.0072533404
-0.15751667,-0.18764958,-0.17886029,-0.18042347,-0.16784479,-0.1603156,-0.14316416,-0.120599136,-0.09980958,-0.07891035,-0.064659655,-0.057843465
-0.61274564,-0.6986296,-0.6987868,-0.6231688,-0.56051743,-0.49883878,-0.45028943,-0.3764529,-0.3269261,-0.28632116,-0.26620305,-0.2532694
-0.38113156,-0.4396824,-0.37604427,-0.3406515,-0.27303767,-0.25985026,-0.21372291,-0.19076419,-0.16913468,-0.1631434,-0.16271359,-0.1619375
-0.26880103,-0.23965278,-0.2201496,-0.18281169,-0.15266998,-0.122333065,-0.109155014,-0.09502208,-0.08827464,-0.08631995,-0.08783999,-0.089039154
0.19646111,0.20382436,0.18774253,0.17338601,0.14997043,0.13496846,0.11934223,0.10401438,0.09124631,0.08267656,0.077298,0.07324113
0.0049168505,-0.00729895,-0.0077873054,-0.01602651,-0.017217338,-0.023289967,-0.021509154,-0.017888715,-0.011966292,-0.004828411,0.00039100833,0.003419937
-0.1263485,-0.20721748,-0.2131494,-0.18358895,-0.15654683,-0.13396002,-0.10875688,-0.088468164,-0.08094515,-0.08462416,-0.08998871,-0.09594817
-0.027265564,-0.04696192,-0.04598712,-0.034249865,-0.025159193,-0.026566094,-0.026276834,-0.0217679,-0.020104613,-0.018539257,-0.018911326,-0.019547578
-0.37418962,-0.37705255,-0.31765294,-0.28445926,-0.23969069,-0.21237569,-0.17151721,-0.14751077,-0.13474673,-0.12765923,-0.12517893,-0.1254025
-0.2713692,-0.2255128,-0.1861782,-0.18693656,-0.15284383,-0.1280666,-0.09506506,-0.089109406,-0.06834906,-0.058220066,-0.049250185,-0.04228902
0.07938162,0.08034967,0.08281667,0.07712756,0.074683,0.068695106,0.060142785,0.04997357,0.035769105,0.023174267,0.012575902,0.006020922
-0.29623052,-0.28521588,-0.26281166,-0.21825917,-0.1890091,-0.15949014,-0.14482135,-0.12573889,-0.1209107,-0.12323022,-0.12603566,-0.12747246
-0.046004415,-0.05216928,-0.04600816,-0.035733152,-0.023995683,-0.014144168,-0.00829154,0.0003783889,0.0051744366,0.011839066,0.0132928975,0.012218306
-0.10826808,-0.108170375,-0.0986937,-0.07846962,-0.07016714,-0.058961287,-0.05593602,-0.047181986,-0.046671037,-0.04668259,-0.048011333,-0.04874885
-0.6456335,-0.6609421,-0.59459466,-0.49658048,-0.3954639,-0.33871463,-0.27506933,-0.23713805,-0.20048168,-0.18240473,-0.17401582,-0.16998467
-0.0016681813,0.0006019566,-0.013314337,0.006376531,0.015065733,0.015851581,0.0021820683,0.0063684024,0.00429322,0.009738084,0.009487877,0.0063788863
0.06621893,0.053814225,0.058272585,0.048238054,0.026312254,0.0053591467,0.004127521,0.007132966,0.008678373,0.013174899,0.01693355,0.018310208
-0.04303772,-0.02171661,-0.009751156,-0.0044521764,0.007860459,0.011831354,0.009777315,0.0050748736,0.0024924092,0.00020572543,-0.0013922565,-0.0017532036
-0.06983681,-0.063743375,-0.05695425,-0.05343223,-0.033219118,-0.021455899,-0.01554513,-0.013018008,-0.009067763,-0.0069497004,-0.0063877255,-0.0061202496
-0.026597468,-0.014774347,-0.012323987,0.0023710355,0.008208398,0.012834281,0.011933822,0.0100645255,0.008308912,0.006034485,0.0043656267,0.0023533115
0.2331771,0.20717907,0.17992845,0.17040032,0.15653442,0.13782275,0.115717694,0.10575865,0.093302816,0.08896231,0.083924256,0.08065122
0.01584231,0.059058018,0.080319,0.07482762,0.06736002,0.06287455,0.060313426,0.043425623,0.033541955,0.019998569,0.0125148315,0.010717977
0.41562027,0.49593765,0.52928984,0.46552342,0.4282495,0.3689866,0.32641932,0.2613486,0.21010402,0.16178052,0.1337257,0.11817653
0.11382884,0.09336755,0.08539847,0.07161886,0.05871004,0.04600767,0.044610746,0.03858187,0.033559777,0.02825864,0.028758228,0.02967206
0.055708833,0.038250867,0.0034442022,0.0037527382,-0.007408917,-0.003179863,-0.007621251,-0.00026466697,0.0035043806,0.01283155,0.018753618,0.020743083
-0.029481255,-0.017160006,-0.0029393919,0.009047952,0.018208392,0.02342552,0.025898632,0.017857186,0.0056502614,-0.009528954,-0.02051007,-0.026973082
-0.075743884,-0.0546074,-0.052626424,-0.043751836,-0.032231726,-0.023434758,-0.026482753,-0.034037776,-0.04610222,-0.060914237,-0.06783827,-0.06821835
0.1991547,0.22510374,0.226266,0.19386354,0.17808715,0.15327112,0.13209382,0.10939667,0.09351913,0.08331511,0.07871908,0.07671124
-0.07813096,-0.041198425,0.015356913,0.036668167,0.059033975,0.04733056,0.054846615,0.042609416,0.041097358,0.037208237,0.033011988,0.028395921
0.06269537,0.09109841,0.12503123,0.10235199,0.09789693,0.08638637,0.09299042,0.06615563,0.048930544,0.028736304,0.020520741,0.018260103
-0.40324113,-0.4213431,-0.3902899,-0.31211436,-0.27153173,-0.23589306,-0.20830563,-0.17707911,-0.16666834,-0.16703655,-0.17051858,-0.17405987
-0.0013040956,-0.026429038,-0.0266957,-0.030098788,-0.03258671,-0.03710619,-0.030788917,-0.022494929,-0.015326256,-0.004977418,0.0003797328,0.0019734874
-0.00022698252,-0.010519573,-0.016281374,-0.024794448,-0.032803636,-0.040414937,-0.038059294,-0.03117456,-0.018356794,-0.0041892272,0.006022224,0.01151953
0.26430458,0.24288855,0.21148255,0.19521928,0.15303168,0.13471192,0.115654945,0.102288686,0.085404515,0.07303409,0.06444067,0.05991043
-0.061267402,-0.06424736,-0.06200564,-0.06833894,-0.068953335,-0.064627446,-0.051384095,-0.04401113,-0.030920858,-0.018799584,-0.008760039,-0.0011830293
0.14031364,0.13537891,0.11386679,0.09078917,0.07491252,0.06558988,0.05703716,0.053793184,0.055848863,0.06307988,0.067474015,0.06965327
-0.16073948,-0.19404896,-0.19055547,-0.16486746,-0.14143556,-0.12726112,-0.11341723,-0.093960166,-0.08152258,-0.06995979,-0.06456736,-0.06223716
-0.04531685,-0.018401355,0.023279704,0.0121968165,0.018391795,0.009389304,0.021055058,0.0012911558,-0.0033817887,-0.019098178,-0.024837554,-0.024477784
0.062492605,0.020567648,0.0014091134,-0.006564416,-0.017199017,-0.025280982,-0.033874456,-0.027294725,-0.029595867,-0.02781035,-0.027630411,-0.026173
0.07877238,0.14064276,0.1620289,0.19852497,0.2202861,0.213649,0.17895497,0.14347239,0.10232207,0.057527814,0.02642132,0.008733027
0.08388828,0.0691457,0.048001587,0.0348228,0.019435339,0.012857031,0.0037631243,0.0062057935,0.0073170215,0.0125066135,0.014922053,0.01670003
0.2219641,0.20348786,0.18983321,0.169446,0.15659544,0.14605567,0.13129881,0.117533326,0.103933424,0.094820134,0.0852769,0.08084971
0.30241585,0.35910636,0.3217637,0.29714555,0.2615884,0.23666672,0.20118156,0.1707356,0.16181105,0.15302293,0.14941046,0.14746946
0.36359522,0.2654547,0.15830237,0.1076408,0.036096275,0.015681863,-0.007894814,0.020654738,0.057071567,0.10300133,0.13363996,0.15028921
0.17970622,0.16210881,0.1619913,0.14535308,0.1286563,0.10515642,0.10067611,0.08933919,0.08485952,0.0843402,0.08346873,0.0818456
0.08394167,0.07546736,0.06706646,0.06907096,0.057955936,0.053084366,0.041846048,0.03769066,0.02443857,0.01417264,0.007168025,0.002401635
-0.30174166,-0.2746899,-0.23900998,-0.21202317,-0.17550772,-0.14400145,-0.119285256,-0.10902205,-0.10123187,-0.102275625,-0.10310531,-0.10130026
-0.22896993,-0.2103698,-0.19992456,-0.17298186,-0.14620811,-0.10957157,-0.09430157,-0.079741634,-0.07170985,-0.07073329,-0.07087121,-0.0699072
0.027326725,0.028147014,0.020653501,0.015169932,0.009557724,0.019491859,0.011905344,0.011237729,-0.0010873228,-0.007092152,-0.014812486,-0.014177529
-0.022782333,0.024202406,-0.035452314,0.031835623,0.0063485503,0.024806298,-0.0011037141,0.016582731,0.035649456,0.053408016,0.06496911,0.0668493
-0.0353968,-0.027973352,-0.015864283,-0.015033904,-0.0066083483,-0.005797744,-0.0022688024,-0.004534548,-0.003087446,-0.0056162365,-0.006862512,-0.007336052
-0.102039084,-0.084454514,-0.0628857,-0.061980404,-0.047905773,-0.046890303,-0.035929114,-0.03907276,-0.035654187,-0.03750159,-0.036380902,-0.035650477
-0.21405886,-0.25719115,-0.23561479,-0.22577257,-0.20359838,-0.19289866,-0.16663688,-0.14363371,-0.12827955,-0.1189199,-0.11177306,-0.10704482
0.13355133,0.14359717,0.13085298,0.1160022,0.10401874,0.09407263,0.07959958,0.06691976,0.056267202,0.048805103,0.04394205,0.04229176
0.71859324,0.6788839,0.6170729,0.5278495,0.4442264,0.39617583,0.35690343,0.31604508,0.29710278,0.28440124,0.28091463,0.2815705
0.058989614,0.03762846,0.029407158,0.015870698,0.020796996,0.022361428,0.024581928,0.019376466,0.013679873,0.008199488,0.0041845795,0.004780352
-0.026711078,-0.025614034,-0.02004556,-0.020797621,-0.014653098,-0.01887358,-0.015090184,-0.01549427,-0.009181097,-0.0059697665,-0.0026917495,-0.0010230765
1.2260528,1.2768219,1.3084574,1.0312128,0.8601992,0.71027166,0.6484735,0.52475077,0.4848497,0.47718233,0.47598192,0.47156492
-0.15670927,-0.19607103,-0.19501533,-0.1907559,-0.16854894,-0.1520311,-0.1273962,-0.10722226,-0.08980301,-0.07310941,-0.061611384,-0.05406236
0.29338187,0.29116377,0.30319324,0.27636892,0.2563629,0.22896564,0.20928872,0.16616824,0.123137,0.08023196,0.056938045,0.04516975
0.1640267,0.1833918,0.17485105,0.17116824,0.15546794,0.14114791,0.11459866,0.09713912,0.07528534,0.058747996,0.046430618,0.040279757
-0.063815184,-0.064944774,-0.06444781,-0.07133953,-0.06670868,-0.05304951,-0.040140346,-0.036855403,-0.036856122,-0.039256126,-0.037132062,-0.034583047
0.34442416,0.27518392,0.19005927,0.19909841,0.14531696,0.08733849,0.02777192,0.01640883,-0.00090660155,-0.015245162,-0.01947695,-0.02414751
0.3686393,0.3060355,0.2753852,0.2392841,0.20107034,0.1652732,0.13935432,0.12845957,0.11017758,0.10775098,0.103579685,0.102268435
0.2101563,0.20230526,0.1717004,0.14567208,0.122322515,0.11497337,0.09618282,0.08511689,0.07439081,0.06642736,0.060590036,0.05580344
-0.12817249,-0.10459685,-0.05625078,-0.04570636,-0.025983706,-0.02776444,-0.015854582,-0.022241987,-0.025672331,-0.03369849,-0.039284877,-0.04185486
-0.07966249,-0.08179076,-0.08235104,-0.07599479,-0.06927515,-0.058853358,-0.051284667,-0.043341096,-0.038168177,-0.035503045,-0.034519807,-0.03504728
-0.33801034,-0.3217685,-0.2906369,-0.2510444,-0.20264557,-0.16299325,-0.13099197,-0.111689046,-0.09151843,-0.078293726,-0.073780105,-0.072430626
-0.17229998,-0.18964621,-0.19961742,-0.16012716,-0.14367649,-0.11553475,-0.11475365,-0.09126012,-0.08786428,-0.080204986,-0.07885557,-0.076918505
0.0065073734,0.015106765,0.0060834847,0.016727706,0.016365392,0.023108047,0.015703756,0.01549514,0.0055838707,-0.0015308028,-0.006620832,-0.009303022
0.6094475,0.6336086,0.5731144,0.51549745,0.45513025,0.4057375,0.33879146,0.30138177,0.27531278,0.2709297,0.258928,0.24619418
0.019947127,0.047981508,0.055697992,0.0409586,0.03878772,0.03556026,0.026521541,0.021507278,0.018228592,0.016760137,0.014862042,0.0129153505
-0.2652625,-0.26519242,-0.26607984,-0.20071544,-0.16966127,-0.14681758,-0.151072,-0.12937035,-0.12324545,-0.12295246,-0.12597589,-0.12937997
-0.07488933,-0.08370883,-0.09657405,-0.09127976,-0.10499017,-0.097191334,-0.09663555,-0.08313531,-0.0808734,-0.07874761,-0.07513733,-0.07114463
0.1567598,0.14011656,0.12028359,0.102284275,0.08414233,0.070623994,0.059604943,0.053176954,0.045942903,0.041438606,0.038885437,0.036460526
0.059616566,0.054984763,0.05823057,0.052994564,0.050876975,0.05105411,0.053530604,0.047872227,0.043684907,0.0405409,0.036990844,0.035634782
-1.3460004,-1.3155599,-1.304864,-1.1347153,-1.0024972,-0.8364824,-0.7596165,-0.64489377,-0.5752865,-0.5230283,-0.49824676,-0.4824633
-0.029909601,-2.9336661e-05,0.024570078,0.025764842,0.028414167,0.027930673,0.031900723,0.024360303,0.01691674,0.008990562,0.0043320116,0.0010245731
0.09017637,0.08436469,0.052576855,0.038331226,0.020305276,0.013302878,0.008300751,0.009253271,0.02035588,0.03492521,0.044899017,0.049951043
-0.109844,-0.10180634,-0.108943984,-0.1022175,-0.0940123,-0.077835575,-0.07232324,-0.057910457,-0.043854073,-0.030058146,-0.0224178,-0.020941403
0.19089875,0.211342,0.20837341,0.1790797,0.15401176,0.13360389,0.13143998,0.115519434,0.11366595,0.116948895,0.12022417,0.11868651
0.12821494,0.11431765,0.112329796,0.09016903,0.078528635,0.065079354,0.06323775,0.052837517,0.04691138,0.04262473,0.04033062,0.038817935
-0.08474419,-0.1090541,-0.12776108,-0.12562847,-0.123830475,-0.11663267,-0.10942996,-0.09048265,-0.07200535,-0.053451687,-0.042568322,-0.03780146
0.1199273,-0.026858732,-0.13877295,-0.13609783,-0.16219997,-0.16564071,-0.17794596,-0.1259884,-0.08373659,-0.028926983,0.0062213466,0.02142641
-0.06635382,-0.079832055,-0.06140175,-0.062389225,-0.05018551,-0.04742769,-0.03205407,-0.027046721,-0.0227573,-0.019580027,-0.016536688,-0.015501212
0.104696006,0.13695274,0.14968924,0.1195205,0.1041048,0.08661328,0.075873174,0.060763247,0.052886546,0.04582773,0.04287248,0.040421445
0.05395502,0.039762683,0.0054690093,-0.004925184,-0.013403997,-0.015361182,-0.024164148,-0.01669686,-0.009734871,-0.00065458566,0.0051918533,0.008327736
0.11598635,0.13043162,0.12908769,0.121345446,0.109029,0.097656965,0.08351144,0.07500408,0.06734298,0.06542565,0.061747566,0.05815421
-0.012348642,-0.015159594,-0.014679031,-0.004490793,-0.005525196,-0.00393534,-0.0059732534,-0.0042067207,-0.004966015,-0.007499683,-0.009680481,-0.012560099
-0.21658424,-0.24932665,-0.24851465,-0.2270066,-0.20055033,-0.18238094,-0.1642585,-0.14313222,-0.12764275,-0.11862167,-0.11052644,-0.10497818
0.123196825,0.11406343,0.110330224,0.10731593,0.10830614,0.10378535,0.0932339,0.083101854,0.06649114,0.05734443,0.048036594,0.040668286
0.30457342,0.27509326,0.23933142,0.20036864,0.16732153,0.13768815,0.11380994,0.099877745,0.0828893,0.073042095,0.06577866,0.0612974
0.14593887,0.14227381,0.17145646,0.16189781,0.1642029,0.1455641,0.1470422,0.11859497,0.08810195,0.0583465,0.03846813,0.026995845
-0.17545852,-0.14892656,-0.1132181,-0.075424716,-0.0521802,-0.038961932,-0.03221394,-0.03129331,-0.040764295,-0.055170834,-0.06754072,-0.07460411
0.09790018,0.030726187,-0.031003565,-0.012837738,-0.026422277,-0.01890874,-0.027292237,-0.0051676184,-0.0021853745,0.018347003,0.026528582,0.030341849
0.002799794,-0.04409977,-0.06577564,-0.05367226,-0.05582047,-0.046380214,-0.045694016,-0.028148308,-0.028261853,-0.028006379,-0.028418202,-0.029298257
0.19801581,0.22887373,0.2037696,0.17945687,0.14140512,0.12600811,0.103882894,0.091241695,0.085141204,0.08153294,0.08011014,0.07716197
0.11029548,0.11873416,0.11273345,0.08897464,0.07688606,0.06639863,0.06532562,0.056546614,0.058463175,0.06314668,0.06884168,0.07262863
0.029513802,0.016722783,0.0043062195,-0.008166194,-0.011915468,-0.012109026,-0.008545537,-0.0017234199,0.00944376,0.02383124,0.031434957,0.03334791
-0.12330781,-0.1388738,-0.13675234,-0.12904581,-0.11963992,-0.10634036,-0.0899926,-0.07399832,-0.058941327,-0.045849368,-0.036950916,-0.031925622
0.1240156,0.15467094,0.12989077,0.094115615,0.07347637,0.06370764,0.048551682,0.044343397,0.054743882,0.07109408,0.08333209,0.09016152
0.13993047,0.11071914,0.07431568,0.043352127,0.018204778,0.0018330216,-0.008167297,-0.0049999803,0.0051982775,0.02028659,0.032210737,0.03935369
-0.12171962,-0.12467508,-0.09013981,-0.091457814,-0.07300138,-0.06613055,-0.04491098,-0.042472754,-0.03880932,-0.038896106,-0.039512932,-0.03946159
-0.21821113,-0.24032144,-0.24852073,-0.2114879,-0.19630942,-0.16882741,-0.15404637,-0.12680025,-0.10897592,-0.0967976,-0.09159752,-0.09087705
0.5362704,0.543726,0.5047107,0.46673,0.41077232,0.36100945,0.30964255,0.26860106,0.23659082,0.21366185,0.19886914,0.18933061
0.12461878,0.11812231,0.084281445,0.07229812,0.057087764,0.060418263,0.04715249,0.049218915,0.049604222,0.053849585,0.054522336,0.05369788
0.19547538,0.15961364,0.1018216,0.08678605,0.06846393,0.056270592,0.025918663,0.024462812,0.022128493,0.02554696,0.030920252,0.035650883
-0.47298232,-0.45888942,-0.4151669,-0.3642221,-0.32016924,-0.27761817,-0.23599176,-0.20949313,-0.18917416,-0.18385556,-0.1793055,-0.17532122
-0.18674591,-0.1146937,-0.07388188,-0.05571194,-0.030925289,-0.01532805,-0.0035665035,-0.0132140815,-0.014047578,-0.023576267,-0.02955363,-0.031549335
0.4617958,0.46339026,0.43324465,0.3439996,0.29142344,0.2550111,0.23622641,0.20710728,0.20515421,0.2082274,0.21402961,0.21919918
-0.34400913,-0.34075472,-0.29456067,-0.29725012,-0.24432506,-0.22481883,-0.17159061,-0.15686032,-0.117398806,-0.0925989,-0.06922524,-0.053721115
0.20999026,0.16470133,0.109570205,0.075410396,0.031132549,0.0013760924,-0.0141860545,-0.008803546,0.006814353,0.030410461,0.04873219,0.060411412
-0.22121015,-0.2861588,-0.29269797,-0.28287572,-0.26571292,-0.24491498,-0.22127421,-0.19130875,-0.17739482,-0.1663873,-0.15873893,-0.15125161
0.07405056,0.027211234,-0.000101447105,-0.0038544387,-0.010906003,-0.016733728,-0.022857957,-0.019727342,-0.021284282,-0.020406276,-0.018439464,-0.01733778
0.5780448,0.54592353,0.51155776,0.4402002,0.39550108,0.3656387,0.3329031,0.28775316,0.25178117,0.23927268,0.22578189,0.22069779
0.031391907,0.035850976,0.040754598,0.06315924,0.061874483,0.058510944,0.0408545,0.03620793,0.0177149,0.0007519908,-0.01555522,-0.02574498
0.16132495,0.15947917,0.16050166,0.14741218,0.13045326,0.118203215,0.10749506,0.08979003,0.06408765,0.045451287,0.0330721,0.029199544
-0.059353065,-0.07568666,-0.104612604,-0.09329674,-0.08888748,-0.07876651,-0.08215599,-0.06655139,-0.05097234,-0.036646776,-0.028424386,-0.024108728
-0.021316683,-0.043077253,-0.03499022,-0.03355764,-0.03882441,-0.035220105,-0.027215537,-0.021447819,-0.023086326,-0.021441333,-0.020335793,-0.018211275
0.0062229335,0.1940214,0.29341978,0.2228275,0.2620039,0.24556136,0.23309484,0.16294216,0.1349716,0.11285521,0.09817768,0.09996902
0.95313334,0.9299302,0.86764544,0.7551622,0.65495217,0.55950046,0.48013377,0.41404647,0.37216303,0.34182984,0.31562302,0.30408984
0.30930364,0.23666216,0.20165354,0.16236973,0.12416431,0.090305984,0.09138811,0.0888969,0.092865705,0.10710937,0.11788942,0.119711876
-0.04729627,-0.031877805,-0.018799454,0.0048793443,0.013090838,0.017485488,0.011880651,0.011781406,0.0033450276,-0.0024328474,-0.009331647,-0.014338015
0.033458468,0.04929498,0.03881895,0.040731918,0.034966443,0.028442463,0.014260741,0.01358071,0.015575275,0.019509371,0.021175526,0.02100593
0.04989342,0.049768485,0.034078017,0.00801032,-0.005706683,-0.01328662,-0.016670428,-0.017734941,-0.014450626,-0.0104265055,-0.0039540213,0.00044566672
0.33622143,0.27145493,0.2478194,0.21862237,0.14477128,0.1109989,0.08808777,0.08054942,0.06034802,0.04460028,0.039314955,0.03475344
0.07080154,0.052622527,0.03923268,0.028133042,0.013447151,0.00028302893,-0.0032574683,-0.0010643974,0.0017437935,0.009134372,0.016751334,0.022337515
0.12924069,0.07175898,0.039218724,0.014635444,-0.004626259,-0.021356799,-0.032237947,-0.02726937,-0.029597335,-0.028011255,-0.025011241,-0.022191152
0.045835152,0.053968217,0.051914115,0.04433813,0.037474897,0.032399446,0.023909759,0.019262457,0.014614448,0.013103237,0.0109332455,0.009762421
-0.23383148,-0.24681264,-0.25311154,-0.21381558,-0.18836045,-0.16009302,-0.15259483,-0.12541293,-0.111376114,-0.10103567,-0.09577738,-0.093147755
-0.124820806,-0.12682316,-0.098356195,-0.07160079,-0.048562735,-0.04367464,-0.033955455,-0.03280539,-0.037582863,-0.044770706,-0.05197605,-0.057372153
-0.012692871,0.018159784,0.04022211,0.039118454,0.04728253,0.04633588,0.042391412,0.027577143,0.0120624155,-0.0051840227,-0.016177481,-0.020054778
-0.3102262,-0.31245357,-0.24052599,-0.20876394,-0.17644964,-0.16847524,-0.13543306,-0.12495574,-0.12054421,-0.13001251,-0.13513425,-0.13703588
-0.33042878,-0.36355215,-0.35420316,-0.31972283,-0.28858206,-0.25401822,-0.22118706,-0.18647684,-0.1632775,-0.14821438,-0.13966875,-0.13496509
0.24423191,0.24760874,0.21520138,0.1767466,0.14686668,0.1260131,0.10961394,0.09046436,0.085217685,0.08113948,0.08359136,0.088291965
-0.18912044,-0.06184551,-0.1110594,-0.114021376,-0.1056298,-0.06287843,-0.102636784,-0.10430139,-0.10976507,-0.109610766,-0.10897529,-0.101764426
0.4660734,0.47994035,0.43275666,0.41774365,0.34675625,0.30139852,0.24806488,0.22158122,0.19020334,0.16844295,0.15208675,0.13712656
-0.064275876,-0.049570523,-0.045347024,-0.050576337,-0.04398318,-0.031513326,-0.022082407,-0.019708566,-0.014708558,-0.011605153,-0.009158708,-0.0077962745
0.1385396,0.13090776,0.1090153,0.09291031,0.069726795,0.05747688,0.039906465,0.029175844,0.015734956,0.0017529465,-0.008581918,-0.012026433
0.15957917,0.11442434,0.092013076,0.07440152,0.049338177,0.026351802,0.011449367,0.011937171,0.011785377,0.016281387,0.01973555,0.02268234
0.07751844,0.039924152,0.03802783,0.02846212,0.0120033845,-0.013386063,-0.023626588,-0.020068832,-0.021379817,-0.017118786,-0.016368328,-0.01626997
-0.018358795,-0.020870455,-0.0061830385,-0.0089031495,-0.008354021,-0.008353282,-0.0042461082,-0.008146336,-0.017057538,-0.028998498,-0.03527186,-0.037349135
-0.30375823,-0.29296377,-0.23228729,-0.20579225,-0.17885026,-0.1698521,-0.1292487,-0.11444434,-0.08881588,-0.07011615,-0.056188256,-0.05035525
-0.133312,-0.15291837,-0.15650848,-0.13591552,-0.1195783,-0.10070554,-0.09028278,-0.07760268,-0.0729883,-0.0741944,-0.07619071,-0.07476713
-0.28702095,-0.2954823,-0.26929325,-0.25235844,-0.2337496,-0.21727493,-0.18105517,-0.15948027,-0.13301106,-0.11610169,-0.10087697,-0.08938133
-0.7683457,-0.7622415,-0.6789959,-0.5979793,-0.5274596,-0.46296874,-0.39320242,-0.34815383,-0.32491413,-0.3202647,-0.31906772,-0.31550127
-0.24965806,-0.27902874,-0.29267845,-0.26052952,-0.2364623,-0.20422456,-0.18325473,-0.15407881,-0.13443716,-0.12113435,-0.1127772,-0.10857074
0.23004007,0.18794936,0.14904249,0.12052494,0.096993506,0.08274929,0.069551215,0.069109894,0.06797489,0.07358497,0.07697528,0.07758623
-0.31366116,-0.37190533,-0.4009347,-0.37065277,-0.35457796,-0.31086454,-0.28816307,-0.24049868,-0.21802974,-0.2025982,-0.19533823,-0.19000705
-0.064777315,-0.068545505,-0.06979634,-0.06735243,-0.065102905,-0.06180632,-0.05482645,-0.04530205,-0.03356017,-0.022282692,-0.013556303,-0.009713048
0.04150417,0.04384733,0.033564545,0.022819687,0.005472541,-0.0038920715,-0.0059586726,-0.0033665337,0.0061803423,0.014177812,0.020552594,0.02304004
0.19739592,0.22198145,0.21600533,0.18754755,0.16336796,0.13886963,0.11688903,0.10310215,0.09540877,0.09435791,0.0944877,0.091100246
0.101048686,0.111798935,0.11196455,0.0915288,0.07999197,0.063376404,0.051886015,0.040080287,0.034771442,0.03193017,0.030453589,0.030752882
-0.033978056,-0.01205495,0.0024205,0.0017848015,0.010678403,0.012331817,0.009964772,0.003109362,-0.0037632845,-0.0105865635,-0.014981145,-0.015865827
0.04046745,0.032872308,0.008434616,0.01761743,0.0051279664,0.0048915427,-0.006083939,-0.0066477377,-0.015375454,-0.02304894,-0.028290275,-0.029593784
0.33505446,0.32614535,0.2937274,0.24772196,0.20568874,0.17012952,0.14526053,0.12697332,0.11710628,0.11934286,0.12176706,0.12127781
0.05851779,0.10572408,0.13310194,0.1308478,0.13323611,0.11794292,0.103675544,0.08191782,0.06287818,0.045233995,0.034005035,0.027166218
-0.15705633,-0.12839544,-0.10979414,-0.09627451,-0.07472678,-0.055321142,-0.04425817,-0.043559335,-0.043215223,-0.047521092,-0.04938491,-0.048318796
0.13218565,0.14955969,0.13972738,0.11807606,0.09776582,0.08543288,0.06873925,0.056740355,0.04426477,0.036864657,0.031663496,0.029235091
0.09154209,0.07205568,0.03715557,0.019384034,-0.0033420622,0.0014226958,-0.007541202,0.0006833896,0.0055620745,0.0150919035,0.019039966,0.02111948
-0.06543288,-0.0807404,-0.0845992,-0.0782361,-0.07305593,-0.06628062,-0.056806426,-0.050050426,-0.04570238,-0.04318361,-0.04107148,-0.039416887
-0.22715698,-0.3069765,-0.29911482,-0.27734357,-0.25247666,-0.22314858,-0.18651617,-0.15560193,-0.14452627,-0.13603926,-0.13012834,-0.12347645
-0.09992307,-0.08423191,-0.08107707,-0.07091616,-0.063872285,-0.05350344,-0.045421146,-0.04039886,-0.032644916,-0.031079419,-0.027764376,-0.02611928
