0.20272568,0.17085123,0.14661822,0.14185652,0.124220096,0.11400792,0.10518742,0.10397738,0.10113812,0.09885688,0.09666523,0.09915735
0.30707398,0.28918558,0.26438546,0.2620496,0.22987956,0.20457669,0.17541835,0.1634594,0.13899918,0.12724864,0.12010452,0.11472067
-0.21647085,-0.15966216,-0.10841484,-0.12214169,-0.10423468,-0.09550643,-0.079816744,-0.091292985,-0.090219036,-0.090210944,-0.08524346,-0.081057236
0.07561718,0.057722986,0.07062185,0.06888704,0.07813684,0.08122312,0.08302501,0.07747565,0.058205277,0.04402201,0.018304102,0.0128014535
0.2924118,0.26791924,0.23839955,0.18115948,0.12857872,0.09176941,0.08393426,0.08465351,0.1068205,0.13419166,0.16052097,0.17982383
0.072765164,0.06801536,0.03770274,0.024071217,0.003897652,-0.0072213635,-0.015151806,-0.0008080676,0.016977355,0.03663384,0.053967968,0.06419799
-0.016051013,-0.034136813,-0.09248346,-0.10740807,-0.12689131,-0.1257754,-0.12887831,-0.08821843,-0.040743027,0.0034459666,0.04022353,0.063659586
-0.0017203037,0.02685975,0.025745165,0.0348837,0.03842491,0.04621867,0.0341421,0.027808685,0.017294863,0.0047504352,0.0010631774,-0.009299138
0.011988847,0.0027525835,-0.0037810393,-0.039461553,-0.06785986,-0.09062901,-0.074726224,-0.058969427,-0.016287401,0.023671523,0.057916306,0.09121316
0.10572495,0.12048417,0.11032972,0.09117144,0.07731263,0.073553994,0.06718267,0.06359291,0.060043413,0.057874136,0.05470853,0.05267121
0.5236953,0.65460116,0.7559006,0.7920254,0.76410294,0.71377003,0.6471423,0.51152,0.36245543,0.23658131,0.14478418,0.07232925
-0.37341672,-0.37339061,-0.36754784,-0.35650885,-0.31966305,-0.2888642,-0.25757337,-0.2221193,-0.1859273,-0.16193566,-0.14319704,-0.12904656
-0.44529217,-0.17008388,0.110862374,0.36342633,0.5032377,0.574651,0.5506158,0.34984273,0.055162072,-0.23484465,-0.47198492,-0.6538068
-0.0012630075,-0.03071824,-0.055214867,-0.086057276,-0.08788261,-0.08955118,-0.08174619,-0.059399825,-0.032951504,-0.003001485,0.014757861,0.030174274
-0.03785514,-0.04011686,-0.014200635,0.014630362,0.033960104,0.034182236,0.033221498,0.0175599,8.723885e-05,-0.019569695,-0.034160484,-0.040520657
0.18139058,0.14619115,0.117720276,0.10428345,0.09193479,0.0888248,0.081293434,0.08424036,0.08413914,0.08501229,0.08242022,0.08625123
-0.09525336,-0.113296136,-0.11798993,-0.09775036,-0.1001201,-0.10321715,-0.09761502,-0.08059247,-0.06524074,-0.049907275,-0.03793127,-0.031720474
0.27691674,0.21648888,0.16139355,0.08386251,0.041246682,0.017466933,0.017839372,0.052361786,0.086096875,0.12766823,0.15651685,0.17444754
0.30981725,0.29403812,0.26334292,0.24737315,0.23081917,0.22085792,0.19815917,0.18332034,0.16667604,0.15310279,0.14212671,0.13944334
0.0035265218,-0.054697625,-0.06343328,-0.042460524,-0.013666727,0.0053281784,0.019049302,0.023223817,0.02432409,0.017857047,0.0013700537,0.010694832
0.045229495,0.0032453984,-0.007683359,0.009790599,0.008038908,0.015313778,0.023868077,0.024750158,0.015623584,0.0019821562,-0.009714587,-0.01766723
0.120186,0.08468193,0.034029365,-0.01161772,-0.034269467,-0.037029125,-0.03079328,-0.022080861,0.005306583,0.03431925,0.0540919,0.06995858
0.06647082,0.118500434,0.16294943,0.17788431,0.2033846,0.19342166,0.177629,0.13223326,0.08777859,0.057386234,0.028298136,0.019401763
-0.69536823,-0.71857953,-0.68982345,-0.5566644,-0.49382967,-0.45915014,-0.42268586,-0.37465364,-0.3493281,-0.33392265,-0.32223177,-0.32062763
-0.24210104,-0.21391892,-0.17738146,-0.14440414,-0.1100077,-0.0891926,-0.08115251,-0.08526959,-0.10233615,-0.122769065,-0.13767199,-0.15413183
0.023463126,-0.06448148,-0.118424356,-0.14404479,-0.1589135,-0.17144398,-0.15137218,-0.10244882,-0.0445968,0.012541076,0.050043173,0.08330929
0.2519843,0.22688796,0.22362375,0.22203404,0.20770079,0.19626613,0.18312068,0.16196582,0.13847399,0.11077251,0.08920872,0.07598974
0.3284131,0.3009035,0.31042737,0.3413424,0.33091563,0.3195339,0.29451475,0.25840172,0.20308691,0.14225101,0.09607211,0.06068737
0.11210869,0.07209372,0.0531099,0.05470771,0.06445238,0.052464224,0.043592654,0.04759894,0.045519434,0.057610013,0.057995513,0.06999784
0.16669922,0.11398265,0.016127884,-0.020587623,-0.08207074,-0.0964542,-0.09477532,-0.048652947,0.01392594,0.0760634,0.12804809,0.16392207
0.3904447,0.319831,0.25443086,0.18207198,0.12733781,0.10242158,0.09512225,0.111649975,0.14106682,0.16932753,0.19391763,0.21035013
0.08478292,0.16821577,0.16546823,0.077037856,0.045331303,0.027904056,0.016982477,-0.0015499778,0.013170723,0.035669938,0.06566547,0.0769674
-0.87955123,-0.97039974,-0.9285122,-0.7648436,-0.64285934,-0.5519499,-0.48328176,-0.4156691,-0.39895123,-0.4117164,-0.43700734,-0.4500504
0.48932415,0.42471862,0.32189754,0.207854,0.15149292,0.12594807,0.10643461,0.1236711,0.1753255,0.22700906,0.27365285,0.31696624
-0.6493391,-0.49426556,-0.3814838,-0.3106716,-0.23236436,-0.18748778,-0.17713097,-0.21514449,-0.25755048,-0.30388054,-0.32818452,-0.36502767
-0.04813397,0.04494098,0.1583114,0.14453754,0.16045374,0.14689624,0.16290858,0.10124479,0.05844292,0.025166174,-0.014497312,-0.018160664
0.17936754,0.16226016,0.11386952,0.08698918,0.05568096,0.04075946,0.025491118,0.03968645,0.057290003,0.07924279,0.09791675,0.105160385
0.019749947,-0.043974653,-0.09310172,-0.14163959,-0.1585075,-0.16554293,-0.14249867,-0.10448687,-0.05481098,-0.0023652818,0.033434223,0.061954737
-0.3815268,-0.3368446,-0.3120864,-0.3283874,-0.30719355,-0.28940055,-0.25890875,-0.24013971,-0.20264405,-0.17138374,-0.14248759,-0.12367644
-1.1977105,-1.0235577,-0.83361816,-0.70402265,-0.57752967,-0.5079662,-0.44832915,-0.4744258,-0.50204766,-0.5431484,-0.5733072,-0.600888
-0.3646623,-0.3627806,-0.37532276,-0.39290527,-0.38404524,-0.375929,-0.35127893,-0.29572117,-0.22580424,-0.15761465,-0.10399993,-0.06769399
0.18512742,0.17246997,0.15066123,0.12950179,0.10595226,0.09149636,0.08229151,0.07936724,0.07659132,0.079899326,0.07824479,0.07706399
-0.71723163,-0.69072366,-0.6097293,-0.529132,-0.47680083,-0.4539953,-0.40578,-0.37133273,-0.33691865,-0.31421435,-0.2947752,-0.27604234
0.11742149,0.0792789,0.055969812,0.016362548,-0.0075147003,-0.0223936,-0.01788278,-0.0007492453,0.027589481,0.055671573,0.07959994,0.09813714
-0.17597237,-0.14052221,-0.10464944,-0.06807092,-0.036079302,-0.022193909,-0.02089125,-0.037149556,-0.058514956,-0.08089173,-0.09868287,-0.11413543
0.09689513,0.09717996,0.08766623,0.07916409,0.06093399,0.047351997,0.037111,0.035062075,0.03589938,0.03604485,0.042397868,0.04395496
0.39670095,0.37856704,0.33456713,0.28043374,0.26188463,0.24872926,0.21839409,0.20647678,0.19421144,0.19804472,0.20161986,0.20816287
0.12519066,-0.05904843,-0.15896869,-0.2315852,-0.2676377,-0.28012982,-0.24948537,-0.15512781,-0.059768885,0.028685682,0.092398636,0.13667268
0.20340376,0.20221524,0.1749467,0.11408429,0.085056365,0.06974955,0.06310882,0.06110867,0.07653635,0.09782132,0.114019364,0.13226773
0.12117701,0.11139992,0.078009695,0.06992729,0.053357042,0.04828061,0.036664307,0.03952288,0.044423025,0.050028183,0.057609767,0.058819365
0.17217278,0.15769486,0.14063804,0.11554217,0.09235655,0.08292909,0.07714082,0.072322935,0.07169204,0.07014237,0.07295424,0.07120363
-0.05925815,-0.022080664,-0.03223914,-0.023960408,-0.028231326,-0.026400907,-0.03883237,-0.03784247,-0.04236264,-0.041829683,-0.032166503,-0.039372224
-0.15460916,-0.12750494,-0.12098624,-0.13284177,-0.13324611,-0.13727352,-0.12688346,-0.11620505,-0.09009117,-0.061685544,-0.03893013,-0.021305852
0.27754718,0.20026271,0.11966187,0.108851865,0.0776934,0.07011044,0.054499656,0.07746683,0.09027977,0.10765799,0.11701175,0.12487086
0.07751062,0.055296928,0.0064256936,-0.029819205,-0.05587201,-0.059644252,-0.059931606,-0.03264451,-0.00018691272,0.030671578,0.058152437,0.07221867
0.007959705,0.032883834,0.025746085,-0.022397991,-0.03573065,-0.04209263,-0.04415778,-0.039532967,-0.018336067,0.005045913,0.028848505,0.04054729
-0.091470115,-0.06783523,-0.0587456,-0.043355122,-0.036464144,-0.030828908,-0.032699715,-0.03378232,-0.037321027,-0.04077249,-0.043204032,-0.0488511
0.29074827,0.33882403,0.2999695,0.22847684,0.17756955,0.13587429,0.09166406,0.08594489,0.09684928,0.11967988,0.15645006,0.16180193
0.16958117,0.13529038,0.16635881,0.176004,0.20274806,0.21028912,0.2146957,0.19781382,0.14786983,0.09971482,0.037730664,0.0116716325
0.1102584,0.0999246,0.08656731,0.041656222,0.035473622,0.030202381,0.032633297,0.0366081,0.047216117,0.06738747,0.07444583,0.089151196
-0.6062727,-0.5842637,-0.55028665,-0.45407823,-0.3887357,-0.34251153,-0.32034767,-0.28250626,-0.27799156,-0.28120372,-0.2874558,-0.30378044
-0.40504318,-0.38641262,-0.40249032,-0.34958172,-0.30044228,-0.25408283,-0.2466937,-0.21998158,-0.20597324,-0.19851771,-0.19133075,-0.19675986
-0.1839042,-0.15585253,-0.15554586,-0.17293428,-0.15663725,-0.14400247,-0.13446386,-0.118989184,-0.09974945,-0.07700829,-0.06195001,-0.053290498
-0.07202285,-0.051601943,-0.057580322,-0.10451503,-0.11789191,-0.116159454,-0.10492954,-0.094318554,-0.061048932,-0.03504035,-0.005524356,0.006541472
0.19564044,0.1762998,0.15576345,0.12707922,0.10420421,0.08965352,0.08361475,0.07913041,0.079022646,0.08108175,0.08352239,0.085556075
-0.20768328,-0.16309084,-0.12994653,-0.13076466,-0.13736759,-0.13151065,-0.11935511,-0.11335786,-0.100335106,-0.09066542,-0.07793177,-0.07011657
0.30742726,0.3207801,0.29550117,0.23051398,0.1740785,0.14304557,0.12157731,0.11654625,0.13377821,0.15250091,0.17649849,0.18918583
0.14021482,0.10934187,0.06385279,0.033835337,0.0065565556,-0.002439633,-0.0040298104,0.0118346885,0.030950546,0.054219242,0.070738904,0.08141502
-0.69518846,-0.72423196,-0.6505687,-0.5075457,-0.39516208,-0.335493,-0.29640085,-0.27222204,-0.28791204,-0.31653854,-0.35225815,-0.370977
-0.010686867,0.019418336,0.077218145,0.14559495,0.15751085,0.1621794,0.15492739,0.106355876,0.04767977,-0.020514207,-0.06834926,-0.106858775
0.26440263,0.17169227,0.10483122,-0.0003964603,-0.05902192,-0.09664354,-0.08717883,-0.042157948,0.04183945,0.12920684,0.2035622,0.26429394
0.2048755,0.25076798,0.2664824,0.17658319,0.14212313,0.10960463,0.09882506,0.07550204,0.088557035,0.10815154,0.13010743,0.14629997
-0.02830019,-0.02869293,-0.043551974,-0.054487653,-0.059462063,-0.057686422,-0.05609438,-0.043420166,-0.027772129,-0.012780159,-0.00013376959,0.0073879436
0.105775096,0.10733126,0.08984973,0.08518067,0.081574775,0.074768215,0.059090607,0.05317924,0.051042464,0.054685965,0.058395498,0.06307431
0.29019183,0.26436263,0.22428456,0.14585313,0.100433975,0.0682338,0.06300664,0.07488678,0.10252681,0.14628832,0.17076232,0.20025212
0.5363187,0.59759355,0.562502,0.51342523,0.44299853,0.41416484,0.37365866,0.32246232,0.27672905,0.24727605,0.2149351,0.18899035
0.16064276,0.12780154,0.06767622,-0.07342017,-0.1451731,-0.18590404,-0.17097148,-0.12138787,-0.026737064,0.07338877,0.16094851,0.22311303
0.36077815,0.39357102,0.41304007,0.40030903,0.4223185,0.446407,0.43499765,0.38621438,0.3190332,0.24285787,0.17924072,0.16375613
0.32206464,0.25994635,0.19143972,0.1445779,0.1069193,0.0821718,0.06945486,0.09188233,0.116768345,0.15152842,0.17344671,0.19552456
0.42641893,0.3554194,0.28559858,0.221207,0.1555968,0.13085675,0.124776006,0.13820757,0.16608003,0.193,0.21436006,0.23320678
-0.04556813,-0.025640868,0.0136901885,0.027559284,0.03258204,0.036601856,0.04624647,0.021358293,-0.00390999,-0.030428777,-0.05363775,-0.067343384
0.18587412,0.14249718,0.14441201,0.13778251,0.13943762,0.13074437,0.13163498,0.122433096,0.09972804,0.08403172,0.06098098,0.051004082
-0.25845617,-0.211477,-0.15683568,-0.13507658,-0.09371987,-0.07281375,-0.0600577,-0.07211362,-0.08929199,-0.10553892,-0.12360647,-0.13177568
0.06496156,0.04493758,0.033090927,0.03272114,0.023645937,0.01803973,0.017671194,0.02127181,0.024901642,0.028358787,0.033442244,0.03892861
-0.29692805,-0.3031953,-0.28347158,-0.25250584,-0.22125587,-0.20108607,-0.17697155,-0.16032545,-0.14994071,-0.14289466,-0.13927788,-0.13659714
-0.0481918,0.025173098,0.039915428,0.0755793,0.09984544,0.11557613,0.089524746,0.073084,0.038606614,0.005441021,-0.020437233,-0.043337345
0.2789359,0.22398823,0.16963303,0.11977972,0.077106506,0.051925242,0.041697517,0.06934306,0.097145,0.12708575,0.15469109,0.17581567
-0.089793704,-0.11067721,-0.12632473,-0.13918586,-0.13476895,-0.13117282,-0.12134732,-0.09356701,-0.062841415,-0.035969086,-0.012789903,0.0024723336
-0.1332356,-0.1301912,-0.09736805,-0.065109745,-0.030903533,-0.014575198,-0.0010534972,-0.0048938543,-0.023484346,-0.043330826,-0.06613112,-0.07337263
0.15088095,0.16814028,0.15872069,0.15774964,0.14053926,0.12784567,0.10851662,0.09235865,0.07204529,0.057743095,0.05106251,0.0409315
-0.07007003,-0.06646787,-0.04516512,-0.095108315,-0.10326716,-0.10795421,-0.07659948,-0.0805004,-0.07158005,-0.048295897,-0.040201858,-0.03291171
0.03451706,0.0341002,0.013389226,-0.0002930686,-0.020338856,-0.027802639,-0.0341852,-0.024491787,-0.004706936,0.01238931,0.034931377,0.044596583
-0.3754344,-0.2808178,-0.18921834,-0.1741012,-0.1357086,-0.12698081,-0.112333685,-0.13954556,-0.15719083,-0.17277172,-0.18011948,-0.19131981
-0.035635993,-0.09822948,-0.14253452,-0.19125673,-0.19844203,-0.1944777,-0.17382671,-0.13065612,-0.08629988,-0.0432005,-0.012092028,0.009375479
-0.11064687,-0.11699854,-0.14281355,-0.11718471,-0.09665232,-0.08124619,-0.088869005,-0.061407812,-0.05491317,-0.04479151,-0.041002605,-0.04526077
0.013463534,0.0172765,0.008918644,-0.0009814911,-0.0071561355,-0.010569135,-0.014805226,-0.008775184,-0.0023111347,0.005605641,0.011455473,0.012697136
-0.09724054,-0.14565046,-0.17055231,-0.20542416,-0.21037132,-0.20335475,-0.18410432,-0.13939291,-0.09069345,-0.04672929,-0.014968021,0.008336104
0.11046299,0.09107087,0.07336401,0.08143124,0.0764631,0.07403317,0.063958526,0.06011345,0.0497375,0.03869471,0.033025406,0.026800353
0.21766719,0.23659825,0.18957788,0.13822725,0.09557963,0.06526898,0.039246745,0.047046773,0.07379695,0.10938255,0.14389595,0.16303924
-1.0590451,-0.99604183,-0.83114886,-0.70362455,-0.55105233,-0.46585917,-0.39248943,-0.3975451,-0.42489776,-0.4733512,-0.52276224,-0.5472177
-0.057055876,-0.095299065,-0.1252137,-0.12860587,-0.1343611,-0.1262916,-0.11614392,-0.092231736,-0.0674163,-0.048909888,-0.03282926,-0.028013006
0.17069453,0.21188584,0.18663383,0.09553776,0.06454712,0.040990476,0.023520276,0.01566055,0.041939855,0.07606804,0.11663324,0.13460538
-0.72384083,-0.60717255,-0.5377166,-0.4506926,-0.37075126,-0.32661653,-0.31714457,-0.3191964,-0.3263034,-0.33912206,-0.343948,-0.36573085
-0.096891716,-0.12622729,-0.12744242,-0.12528579,-0.111382395,-0.10323801,-0.08821997,-0.0728769,-0.06222949,-0.051027786,-0.045480303,-0.04066167
-0.20923473,-0.19656402,-0.1776497,-0.17484064,-0.16550547,-0.16290748,-0.1499086,-0.1338771,-0.11051023,-0.09088187,-0.07317434,-0.062125582
-0.25517944,-0.23137848,-0.19440795,-0.16896091,-0.13762975,-0.12109868,-0.106821075,-0.10518476,-0.10763357,-0.112701006,-0.11911819,-0.12235887
0.35010287,0.40556577,0.4770897,0.5144451,0.5225487,0.5111462,0.47277018,0.37194264,0.245897,0.12779255,0.038616255,-0.033867255
-0.12982729,-0.15474087,-0.17730571,-0.1902694,-0.18725015,-0.18474999,-0.1702251,-0.13176507,-0.090820745,-0.047788236,-0.017552871,0.0062473863
0.10614856,0.12540054,0.12087916,0.09201719,0.0737216,0.061219156,0.052139252,0.04620515,0.050025687,0.057850435,0.06592381,0.074800715
0.1359602,0.11143335,0.04719907,0.014439821,-0.016695201,-0.028564736,-0.043250874,-0.02251032,0.0052699074,0.036550663,0.0651107,0.07282096
-0.20735392,-0.20359024,-0.186995,-0.18351549,-0.16263255,-0.14677368,-0.12707454,-0.11403254,-0.09931469,-0.09175545,-0.0855191,-0.081246994
-0.3022493,-0.35492632,-0.3523759,-0.324341,-0.29418552,-0.27762502,-0.24085721,-0.20458621,-0.17775117,-0.15052602,-0.14145191,-0.12887968
0.08671351,0.05077479,0.04216224,0.060219914,0.051451527,0.046556413,0.045203887,0.048986964,0.044683587,0.034324795,0.027953804,0.025098458
0.5937295,0.62027776,0.6414542,0.60286766,0.5999146,0.5782013,0.5482816,0.45423162,0.37429124,0.30362275,0.24260095,0.22603515
0.02275645,-0.013354093,-0.033951968,-0.028836831,-0.041054413,-0.047520295,-0.04431148,-0.03026715,-0.018680545,-0.007612694,0.00031761825,0.006959323
-0.7510875,-0.7595235,-0.66262054,-0.60878307,-0.5206251,-0.4742568,-0.3940777,-0.36871284,-0.34804243,-0.33931482,-0.34581834,-0.3366425
-0.43819374,-0.2377378,-0.08920002,-0.076185286,-0.015738666,7.4893236e-05,0.0005386174,-0.074347705,-0.13970235,-0.18915698,-0.22769848,-0.26182455
-0.25684443,-0.22350214,-0.19030547,-0.19843894,-0.16925412,-0.15029061,-0.12889911,-0.12865373,-0.11792167,-0.11024048,-0.10449244,-0.09781466
0.18834886,0.16054288,0.13444522,0.09910163,0.07484406,0.065489404,0.064885244,0.061330922,0.064622626,0.07042739,0.07147412,0.07259652
0.33186963,0.27158114,0.21003073,0.15769482,0.1077441,0.078196645,0.0671559,0.08986981,0.11370174,0.14290872,0.16857375,0.18410343
-0.04227306,-0.06138993,-0.065992124,-0.07752067,-0.08569801,-0.098489,-0.08722646,-0.072869286,-0.05347925,-0.028305601,-0.010940965,0.0024158657
0.18320262,0.19367445,0.1963602,0.21085767,0.18808027,0.1878298,0.1791183,0.1634795,0.13877743,0.09782404,0.07244648,0.047879245
0.23285663,0.20995635,0.17145117,0.14991511,0.09833714,0.07584503,0.060801446,0.073514685,0.09963156,0.12345441,0.151508,0.17194082
-0.10339083,-0.1451515,-0.17364496,-0.2033197,-0.20433354,-0.19667608,-0.17232294,-0.1299845,-0.08102919,-0.036260292,-0.0073403716,0.021733899
-0.31959623,-0.30176222,-0.307559,-0.25169778,-0.22141184,-0.18953116,-0.18953916,-0.15261194,-0.1305208,-0.11536867,-0.109466344,-0.10142653
0.059383977,0.06129786,0.046974726,0.005174935,-0.024745971,-0.060129613,-0.067698546,-0.044266574,-0.014284924,0.031840287,0.070890464,0.09172359
0.20920028,0.1591334,0.109152585,0.069829494,0.031518817,0.013695225,0.011563718,0.029764518,0.061213188,0.08859717,0.114914834,0.13304996
0.29451153,0.28833914,0.22220388,0.17342314,0.13386661,0.12521577,0.10130873,0.10693341,0.11813582,0.13086374,0.1415998,0.13999104
0.32545272,0.2662716,0.1702807,0.0910494,0.04597619,0.029993474,0.019176334,0.04856628,0.091624804,0.14659037,0.18365954,0.2117084
-0.14023463,-0.20167908,-0.24188912,-0.2534898,-0.24681734,-0.23671332,-0.21367297,-0.16418503,-0.116037115,-0.074674815,-0.047607005,-0.03473755
-0.0030309279,-0.03998842,-0.07642928,-0.09473637,-0.11248843,-0.11761877,-0.11008571,-0.075635225,-0.03084651,0.008381972,0.04003446,0.06428887
0.14812401,0.07915883,0.0119719505,-0.041842654,-0.0692697,-0.07349977,-0.06831211,-0.03254047,0.011452377,0.054360807,0.08384656,0.104627624
0.21506757,0.18298258,0.16273509,0.14044875,0.13050252,0.120430484,0.1114716,0.113761246,0.10502351,0.106698796,0.098478444,0.09929521
0.0605537,0.019479021,0.00082568824,-0.048517667,-0.064743005,-0.07691234,-0.07038244,-0.043838974,-0.01229623,0.021761985,0.049923047,0.06884337
-0.029975124,-0.034435097,-0.016492661,0.021897722,0.024192724,0.026069257,0.025984611,0.0066235084,-0.020810323,-0.04879906,-0.070018426,-0.09526861
-0.078485824,-0.113590315,-0.102905326,-0.06855433,-0.03804232,-0.019543424,-0.007610187,-0.004952371,-0.018331006,-0.036489252,-0.056710575,-0.06284694
0.24323174,0.18303967,0.15711023,0.1581493,0.13511622,0.11776611,0.10780999,0.108775,0.105668396,0.09981308,0.10067313,0.098767206
-0.060865883,-0.05021484,-0.058333144,-0.08673735,-0.0937472,-0.098113455,-0.092635356,-0.077033475,-0.048250034,-0.018027715,0.009449067,0.029002719
0.14148343,0.1324657,0.15638857,0.22631562,0.26002565,0.27067137,0.25690854,0.21384946,0.14719698,0.0789746,0.012470871,-0.020353243
-0.15542188,-0.22386618,-0.26995665,-0.29461637,-0.30799663,-0.304896,-0.27761889,-0.21180934,-0.14552683,-0.0828453,-0.040248655,-0.0065418184
0.05240044,0.017570354,-0.005807765,-0.035194546,-0.049619377,-0.05994968,-0.0505722,-0.026702795,0.0016469285,0.032640137,0.054779463,0.07468167
0.18616518,0.19469568,0.22774589,0.25098512,0.25899738,0.26157385,0.2539442,0.2123304,0.16013739,0.09512901,0.05273615,0.019222438
0.08806871,0.1146379,0.12718982,0.19162807,0.19625053,0.1840141,0.14508817,0.12232244,0.08258855,0.040667742,0.014842441,-0.014875118
-0.078491464,-0.047149263,0.02633179,0.057825238,0.10171679,0.11281952,0.112960726,0.0695169,0.011300318,-0.0467029,-0.095047995,-0.1242823
0.40777323,0.34943944,0.3154831,0.26800227,0.22239232,0.20356525,0.19424163,0.17451677,0.168798,0.15848047,0.1555166,0.15239713
0.15965842,0.13914701,0.112768546,0.087920055,0.06573528,0.051524945,0.04308483,0.04883706,0.054910764,0.06420937,0.073665574,0.07885995
0.0155079495,0.021015335,0.0059585907,-0.02380814,-0.037625346,-0.044697728,-0.04672756,-0.041425876,-0.02552241,-0.005204832,0.014902648,0.023001019
-0.000654662,0.004035443,-0.005592324,-0.0011222549,-0.012557179,-0.016236499,-0.022776382,-0.0171092,-0.009168699,-0.0028367867,0.007518952,0.009862473
0.08490999,0.17213982,0.26402986,0.32468864,0.35982564,0.3660248,0.34601378,0.24486922,0.12210623,0.008277965,-0.081607565,-0.15246475
-0.008359322,-0.0002983436,0.0007908344,0.048855744,0.06881705,0.08403088,0.066487454,0.055579744,0.028302185,-0.0035275542,-0.025167812,-0.045770045
0.15365879,0.15803383,0.17487985,0.17551868,0.1715608,0.16325164,0.15607281,0.13492456,0.10216984,0.078068614,0.05060652,0.03671
-0.056788933,0.011931539,0.027026027,0.03801419,0.06840521,0.08326316,0.06967813,0.047489807,0.020027265,0.004129801,-0.020753345,-0.03149292
0.16448343,0.16127379,0.17725775,0.18558168,0.1888864,0.18234989,0.17376082,0.1430758,0.104950696,0.074646465,0.04194401,0.027577922
-0.1543406,-0.067204416,0.019245774,0.012075901,0.045445412,0.04000467,0.045913577,0.0018965751,-0.029234156,-0.049513638,-0.07076484,-0.07837762
0.00666585,-0.012742704,-0.025343912,-0.013706472,-0.009065436,-0.0027376805,-0.0018636435,0.0033584153,0.0027548214,-0.0003159996,-0.005147243,-0.0062462846
-0.01165834,-0.03855688,-0.028307544,-0.02758247,-0.029966746,-0.043396838,-0.035767045,-0.027758472,-0.017256878,-0.0072213523,0.00080965087,0.00998424
0.13773826,0.09137493,0.10562274,0.17985974,0.21005382,0.2295401,0.21891358,0.18218306,0.113813974,0.03625796,-0.0268929,-0.07224694
0.1355322,0.19123827,0.24816102,0.38203526,0.41018248,0.4146889,0.36833638,0.29429466,0.18010071,0.06725556,-0.019485842,-0.083070844
0.10623458,0.12815097,0.13803029,0.13641483,0.13590673,0.13217115,0.12192102,0.103628956,0.080552496,0.06155445,0.0457413,0.038529478
0.14425483,0.1104189,0.05416593,-0.01499179,-0.058458954,-0.08066815,-0.08189972,-0.0498356,0.004484482,0.061464496,0.10864143,0.14127097
-0.04453025,-0.027997889,-0.022087805,0.0062804595,0.020195164,0.03263861,0.025308713,0.014039595,-0.0020051077,-0.019321289,-0.031031791,-0.040662676
0.20455928,0.053773165,-0.047098666,-0.056926787,-0.12448603,-0.17576307,-0.17549875,-0.08695498,0.015716776,0.113972664,0.20534547,0.28381565
0.13238963,0.13577312,0.14504436,0.1384137,0.13385782,0.12730776,0.12185065,0.10102703,0.08120932,0.06411561,0.045019172,0.038411133
-1.0802871,-1.0014546,-0.8529773,-0.8149109,-0.6962186,-0.63947093,-0.5599279,-0.5371815,-0.5089575,-0.48529208,-0.4737825,-0.4638636
-0.6844504,-0.562286,-0.4695397,-0.48015735,-0.41675586,-0.38948265,-0.35843885,-0.3545317,-0.33278593,-0.30941674,-0.2870286,-0.28530735
0.2066921,0.17047979,0.12562206,0.06823744,0.036678582,0.023469046,0.022354618,0.040003985,0.06895465,0.0981934,0.12277749,0.14325242
0.1026111,0.10606774,0.10666712,0.10997088,0.10740205,0.10415578,0.09400794,0.08143698,0.06257888,0.04662568,0.03219872,0.02259313
0.29800403,0.26992366,0.24616271,0.2391519,0.22921066,0.22421218,0.21136731,0.19727278,0.17430809,0.15259205,0.12481114,0.11280301
-0.3006771,-0.28536797,-0.27244848,-0.2608079,-0.23476903,-0.2134795,-0.19539694,-0.17551163,-0.15395302,-0.13648419,-0.12379657,-0.1179928
0.16592403,0.12033971,0.078899354,0.00877583,-0.034688696,-0.053071424,-0.04637873,-0.024031341,0.015970841,0.0566208,0.08970335,0.11174038
0.8057184,0.7187458,0.5964009,0.4688598,0.3660574,0.31584868,0.29058567,0.28560236,0.30380583,0.33657554,0.36561728,0.38578045
-0.5109444,-0.46967286,-0.41617963,-0.3605475,-0.30456382,-0.27387977,-0.25172144,-0.2416443,-0.23261817,-0.23217764,-0.22836152,-0.22821397
-0.16475064,-0.08204554,-0.048331738,-0.0766408,-0.073049754,-0.08295471,-0.08461948,-0.09697312,-0.083129406,-0.062757276,-0.039812095,-0.026693158
-0.18185692,-0.12832701,-0.12522419,-0.1436169,-0.1435656,-0.14599979,-0.1431514,-0.14038356,-0.120947346,-0.095133334,-0.06862971,-0.061847337
-0.03525216,-0.0502501,-0.05107928,-0.05542797,-0.04739943,-0.043724865,-0.03642933,-0.026396487,-0.017614786,-0.0116138,-0.0046338635,0.0010823023
0.29773462,0.28573197,0.26502094,0.23385689,0.20446317,0.18625683,0.17095727,0.15352172,0.13780972,0.1274785,0.116111405,0.11034706
-0.09493502,-0.13907215,-0.17594336,-0.17073938,-0.1623897,-0.14461048,-0.13465351,-0.09676655,-0.069818184,-0.044845626,-0.030214477,-0.019755013
-0.062115215,-0.10970929,-0.14117347,-0.16816188,-0.17496073,-0.17445596,-0.15676653,-0.11350976,-0.071089216,-0.025362778,-0.00056233257,0.024653682
0.062258422,0.06576674,0.051136985,0.015416391,0.0050934795,-0.0014583208,0.001282474,0.0042288955,0.018582845,0.036880672,0.05070271,0.06428039
-0.4895275,-0.457879,-0.4134729,-0.38322166,-0.3295073,-0.2966464,-0.2668653,-0.24925484,-0.23314686,-0.22194564,-0.21698539,-0.21262005
-0.02513238,-0.03456913,-0.07012636,-0.10591172,-0.12829871,-0.13291295,-0.12966424,-0.1018817,-0.05535709,-0.010051482,0.030812463,0.058056474
-0.1129025,-0.09314535,-0.07567743,-0.06097664,-0.038320437,-0.024362147,-0.021793105,-0.027465865,-0.037720036,-0.048472732,-0.057135686,-0.06142184
-0.73813754,-0.4476783,-0.35683775,-0.29834533,-0.25638098,-0.2041474,-0.21063805,-0.26642773,-0.3059321,-0.347718,-0.36058733,-0.4012488
-0.05649714,-0.049964108,-0.048743546,-0.06611793,-0.06715437,-0.066815086,-0.062546544,-0.05726693,-0.042656504,-0.031592023,-0.018219236,-0.009999063
-0.24705006,-0.2218443,-0.13532019,-0.019870222,0.031299323,0.053677663,0.06434418,0.021926686,-0.04830703,-0.12438126,-0.19105549,-0.23503421
0.1767036,0.13546965,0.11375174,0.068106025,0.039929315,0.0184578,0.020223841,0.029505923,0.047023773,0.06671655,0.08376107,0.09222591
-0.548064,-0.45822647,-0.40753597,-0.29739696,-0.24390322,-0.2090764,-0.20629281,-0.21223575,-0.22731571,-0.24941808,-0.26506162,-0.28416973
-0.3004027,-0.37363502,-0.3625846,-0.3385908,-0.2872228,-0.2536968,-0.2122994,-0.15552868,-0.12609345,-0.09643744,-0.10611073,-0.082595065
-0.23388271,-0.20528683,-0.18697658,-0.1654464,-0.13826965,-0.12536477,-0.12137208,-0.11175589,-0.10654977,-0.102499604,-0.10101738,-0.10496596
0.042671576,-0.01665385,-0.067417085,-0.09410541,-0.11597063,-0.12210876,-0.1129542,-0.07898329,-0.040038157,-0.0034992024,0.027448045,0.04215634
0.042608343,0.025841903,0.030615315,0.08571695,0.09854135,0.10535247,0.094907925,0.08136259,0.049508557,0.011697059,-0.012815431,-0.035531245
0.006661825,0.0143284565,-0.0013927789,0.00012830272,-0.010114182,-0.012217093,-0.018133037,-0.014831049,-0.008740258,-0.0001421757,0.0066405577,0.010293393
-0.003361307,0.05229625,0.03385327,-0.008374572,-0.037681937,-0.04968562,-0.055577192,-0.05798869,-0.03871372,-0.010791186,0.01642793,0.023644552
-0.22779328,-0.25461304,-0.27793682,-0.23850799,-0.23400488,-0.23565169,-0.22816175,-0.18107028,-0.13566856,-0.09263917,-0.055908687,-0.030051172
-0.019999597,0.011178046,0.06081154,0.09752314,0.12559855,0.13177738,0.12500894,0.08389628,0.03095784,-0.020043138,-0.056693736,-0.086597875
0.01080782,0.06218849,0.05896637,0.1398305,0.1452534,0.16290115,0.12255126,0.0870677,0.039607886,-0.0197286,-0.046739776,-0.09079872
-0.063006446,-0.105692685,-0.18941072,-0.13831598,-0.18501458,-0.17000385,-0.17548695,-0.1103881,-0.06038595,-0.03291039,0.0052470583,0.015661318
0.08132398,0.05955349,0.0019107163,-0.030145034,-0.062314928,-0.073720515,-0.07662751,-0.04583943,-0.0020146966,0.043232102,0.07664104,0.09797699
-0.20477831,-0.19517735,-0.16256744,-0.12385117,-0.11737302,-0.10701644,-0.08888266,-0.08151996,-0.076050565,-0.07964453,-0.07992662,-0.074331425
0.1147207,0.08717848,0.059954993,0.027584225,0.01356253,0.0016426519,7.620454e-05,0.013768941,0.02673056,0.045786854,0.06343888,0.07003572
-0.14130755,-0.1452953,-0.15091416,-0.15096661,-0.14800492,-0.14713189,-0.1360029,-0.105646424,-0.08120681,-0.050533116,-0.03302512,-0.01768681
-0.29811868,-0.31185544,-0.34540832,-0.34773445,-0.33512408,-0.32754537,-0.3044011,-0.25119665,-0.1916155,-0.124280505,-0.07631359,-0.043949366
0.036869265,0.10573523,0.085194215,0.06904817,0.046218872,0.030736975,0.004576415,0.001135163,0.011162387,0.02848294,0.04966977,0.056471564
0.21202874,0.15022062,0.09126255,0.013899714,-0.021417618,-0.042010307,-0.03663607,-0.0012138188,0.049473457,0.10298182,0.14146888,0.17079103
0.6033816,0.6289301,0.52568567,0.57194924,0.442612,0.37987602,0.31136775,0.2828397,0.2859419,0.28552866,0.3143627,0.33888924
-0.52231824,-0.49289286,-0.47680822,-0.41953316,-0.3801249,-0.35381982,-0.33806702,-0.29753542,-0.258568,-0.22831789,-0.20504819,-0.19244573
0.122808285,0.14534874,0.1456199,0.146254,0.13939229,0.13648163,0.12139467,0.09745806,0.07256292,0.046639897,0.031980958,0.015080217
0.25988388,0.25270942,0.22239442,0.19886722,0.16189751,0.14046991,0.120557696,0.11964902,0.11800054,0.11537011,0.11857563,0.11264238
0.21583983,0.18933395,0.15085103,0.12932998,0.09537722,0.080675796,0.069498435,0.08105728,0.0936471,0.106269546,0.120689526,0.13221225
-0.036857016,-0.08448724,-0.11395065,-0.16829398,-0.16879809,-0.16974376,-0.14833881,-0.107298985,-0.06347354,-0.014296276,0.012686868,0.037776664
0.836707,0.8759049,0.8653477,0.68634444,0.59928924,0.52781993,0.46679574,0.40379858,0.37584367,0.380231,0.3873444,0.3967223
-0.10562958,-0.16586491,-0.16488811,-0.11183338,-0.10416739,-0.09238692,-0.07868211,-0.04746003,-0.038966,-0.041657995,-0.048636217,-0.044854097
-0.1805958,-0.15821193,-0.16168396,-0.19530812,-0.19711533,-0.18679298,-0.17170134,-0.15565622,-0.12109229,-0.091009945,-0.061938815,-0.04714679
0.19237368,0.20923123,0.20093893,0.15427737,0.13747114,0.11399013,0.09992751,0.08666068,0.080932364,0.09225527,0.10183239,0.107548185
0.182154,0.18046716,0.15447658,0.1325281,0.102218896,0.088355005,0.07676174,0.074687466,0.07930674,0.08630229,0.09220368,0.09767611
0.0060961,0.0066542304,0.02352801,0.023528991,0.032483764,0.027545871,0.026470916,0.016406614,0.0011874699,-0.010421332,-0.019640693,-0.031108731
0.16313836,0.14817855,0.11419435,0.10614112,0.08968983,0.084837854,0.07260105,0.07396123,0.07135339,0.07120623,0.071202144,0.068173334
0.2085479,0.19684654,0.19424233,0.1835283,0.17129321,0.16393642,0.15383719,0.1340802,0.11360564,0.09471415,0.080858216,0.075263865
0.2013814,0.16090867,0.11883727,0.090871796,0.044397935,0.016461149,0.0077245086,0.022850335,0.05485698,0.087324835,0.11518822,0.13790564
-0.087087154,-0.086236246,-0.059386462,-0.034674436,-0.016707554,-0.0102297515,-0.0056734458,-0.010863062,-0.024316335,-0.039387673,-0.054593705,-0.063382104
-0.07568991,-0.039495982,-0.0049853325,0.024088591,0.028386652,0.028103143,0.018857129,-0.00021392852,-0.022724118,-0.047039684,-0.059486784,-0.077429965
0.1578011,0.17561683,0.20239297,0.21256371,0.21547893,0.20944206,0.19716446,0.16932449,0.124168724,0.08465643,0.042221744,0.020824105
-0.012141916,-0.034558184,-0.056888144,-0.09850372,-0.10552688,-0.10873233,-0.0989035,-0.07864032,-0.04062205,-0.004910213,0.024508405,0.045633838
0.051760763,0.07142471,0.068028964,0.032081358,0.011396177,-0.0030739605,-0.005980894,-0.008637108,0.005773848,0.022459077,0.041394778,0.050903194
-0.17826954,-0.19469327,-0.1942891,-0.18501818,-0.17364997,-0.16232061,-0.146007,-0.120442495,-0.09652479,-0.08040811,-0.06711351,-0.05919176
0.3152707,0.39068085,0.46680102,0.49491116,0.50636196,0.50984883,0.47545385,0.36720198,0.2498803,0.12816757,0.04032314,-0.027327001
0.087943666,0.08071061,0.0588473,0.0337269,0.01868897,0.012227252,0.008664612,0.014384136,0.026646132,0.039845467,0.052163262,0.060516402
0.10386593,0.056057528,0.012902364,-0.024614036,-0.046029508,-0.055861652,-0.051094517,-0.020344704,0.013001621,0.047224596,0.072605096,0.09141011
-0.22038932,-0.19783162,-0.17274232,-0.10961954,-0.0749623,-0.051287115,-0.049473763,-0.051663637,-0.07185192,-0.09662953,-0.11762819,-0.1331909
-0.30637157,-0.39448524,-0.5077987,-0.40670937,-0.43596065,-0.44027132,-0.4368903,-0.31611678,-0.2087762,-0.111371204,-0.026389062,0.03463982
0.12460583,0.10680257,0.080203086,0.053530738,0.018823862,0.00014215708,-0.0031428486,0.012964413,0.037134334,0.061878957,0.08099376,0.095585294
-0.22808264,-0.16961099,-0.12672868,-0.07709044,-0.049735487,-0.03496626,-0.042658657,-0.057572685,-0.077599555,-0.10178666,-0.110496774,-0.12559631
-0.44905263,-0.3833853,-0.3524586,-0.32148492,-0.27914262,-0.25959024,-0.25457817,-0.23325633,-0.21529451,-0.19566217,-0.17496458,-0.17193659
-0.0802882,-0.056515932,-0.011071127,0.019509792,0.044319116,0.05747228,0.06635247,0.030181058,-0.022981275,-0.07030944,-0.113831736,-0.14505395
0.52040684,0.44944504,0.38828528,0.40328357,0.35270956,0.32278168,0.29118365,0.2760182,0.25048703,0.2209634,0.20092705,0.18927227
0.25473517,0.22303231,0.22886539,0.2458035,0.2536407,0.2514297,0.2384983,0.20309708,0.14558269,0.0939977,0.046970636,0.019048542
-0.13170326,-0.10197182,-0.07839613,-0.06942658,-0.058831394,-0.051616475,-0.048923448,-0.054293588,-0.05975964,-0.065311864,-0.06423822,-0.06961617
-0.17188188,-0.17158648,-0.14777012,-0.11495497,-0.0925478,-0.07602345,-0.067043185,-0.064756915,-0.0727503,-0.082107104,-0.090830326,-0.09808789
-0.419419,-0.32907125,-0.27880436,-0.28075567,-0.26563936,-0.26097164,-0.2450832,-0.23919335,-0.20555088,-0.17632706,-0.13991426,-0.121587075
0.35376072,0.39075294,0.3537279,0.3337339,0.28635216,0.24733685,0.20773244,0.18386918,0.17227386,0.17335613,0.18051884,0.18443057
0.10891547,0.084052786,0.0430576,0.031041063,0.010859214,0.009079173,0.0021692142,0.016357332,0.032684464,0.047067538,0.060733486,0.06886037
0.58168155,0.5514678,0.5299783,0.50074446,0.3980984,0.34008378,0.3142703,0.30644915,0.30443704,0.28664058,0.27587414,0.2765541
0.24173659,0.23087879,0.16219443,0.0021728277,-0.087427765,-0.120771736,-0.11768508,-0.048787728,0.03696087,0.13268733,0.21105894,0.26301688
-0.05270633,-0.09918365,-0.11937523,-0.13677919,-0.1407784,-0.14624806,-0.13168314,-0.09621389,-0.057496544,-0.017855018,0.010105737,0.035677895
0.19259083,0.1640329,0.15231785,0.15618044,0.14613464,0.14325318,0.1323757,0.1258029,0.10565493,0.08498258,0.064361535,0.052833635
-0.04328874,0.0076376796,0.015955776,-0.028560068,-0.034124643,-0.03960205,-0.039837986,-0.04501333,-0.032570463,-0.01592933,0.0026198104,0.0090647675
0.12622339,0.08339973,0.043242857,0.024802431,0.007638216,-0.0017795563,-0.0036108345,0.016188271,0.036619768,0.059457913,0.075896755,0.090050355
0.31568885,0.32733485,0.3387763,0.31325334,0.28789562,0.27647084,0.25906667,0.21014515,0.16642502,0.12114003,0.09672412,0.07105369
0.24162571,0.26472414,0.2746598,0.28380254,0.25224906,0.22181591,0.19633777,0.1593934,0.12259957,0.09193089,0.075758316,0.060077097
0.037054837,0.024957456,0.02351863,0.039881084,0.044384502,0.04752134,0.045582138,0.044487715,0.031212792,0.020344034,0.005152438,-0.0017137118
0.011741154,-0.016205292,-0.04578404,-0.06315213,-0.07494563,-0.07580225,-0.06889939,-0.045221295,-0.015144713,0.009295135,0.028842404,0.044593878
0.13131243,0.06356771,0.029810786,-0.0112312585,-0.02661699,-0.036363184,-0.022930413,-0.0029791892,0.027770437,0.057263285,0.074437626,0.09783103
-0.035697088,-0.035029784,-0.042656448,-0.05748581,-0.058995947,-0.054754525,-0.051067814,-0.04168149,-0.028886054,-0.016902605,-0.0072757737,-0.0027125133
0.31168085,0.13757053,0.01459223,-0.0019668639,-0.008738726,0.011233121,0.031376883,0.10655477,0.16938515,0.22454534,0.25141162,0.3174346
-0.36770508,-0.36827695,-0.32771242,-0.34306988,-0.3080717,-0.28970408,-0.24696945,-0.21714331,-0.19321261,-0.1699982,-0.1629321,-0.15763879
0.08834133,0.0017983019,-0.08212212,-0.16486308,-0.19822803,-0.21319762,-0.19277313,-0.12247841,-0.033349343,0.061391335,0.12722543,0.19003123
-0.08660758,-0.11151931,-0.124910995,-0.1534819,-0.1571767,-0.1592649,-0.14418243,-0.116172895,-0.077628195,-0.037453208,-0.007856457,0.013907392
0.2800119,0.277641,0.26745427,0.1978007,0.17780949,0.14604759,0.13511685,0.13280255,0.13357005,0.1643786,0.16852736,0.19078153
-0.3106601,-0.2722965,-0.26424176,-0.240996,-0.2109899,-0.18113333,-0.17343627,-0.15704922,-0.14887056,-0.14743878,-0.14397694,-0.1519324
-0.050479833,-0.01930137,0.0033903867,0.0029878244,0.0033117682,-0.0023006126,-0.004449565,-0.014260642,-0.017764054,-0.01763121,-0.018922685,-0.017744858
0.04854451,0.03132237,0.0055214837,-0.02754213,-0.04608929,-0.056888387,-0.056948826,-0.038290188,-0.015344746,0.0129327485,0.03531842,0.04700271
0.5356555,0.33935875,0.11465657,0.024053872,-0.102834165,-0.12652344,-0.12134701,-0.02936703,0.10530478,0.209091,0.3151186,0.3718809
0.10435905,0.115047805,0.12564963,0.12612927,0.1175779,0.111267895,0.10009363,0.082449734,0.059975624,0.04201967,0.029957067,0.016634416
0.6883787,0.42471337,0.14406765,0.066599965,-0.08877337,-0.13902932,-0.14956099,0.013965249,0.20222658,0.357077,0.5091592,0.61570513
-0.09173457,-0.06715624,-0.055418983,-0.06979202,-0.06863795,-0.065667,-0.05905409,-0.055300236,-0.045527987,-0.03859292,-0.027157588,-0.02232815
0.21602124,0.20852074,0.18872614,0.1305596,0.112517424,0.09193809,0.08534906,0.08661463,0.089933135,0.11583467,0.121164575,0.13755225
-0.38270703,-0.4352567,-0.43586206,-0.36574364,-0.3207816,-0.28784123,-0.25903425,-0.20848691,-0.18088174,-0.16861348,-0.1627402,-0.16081011
-0.14129975,-0.17797586,-0.20440646,-0.2116378,-0.20391986,-0.1993351,-0.18421258,-0.14464703,-0.106156975,-0.06647147,-0.03915841,-0.021347966
1.2518203,1.1236012,0.9940827,0.85333943,0.75304794,0.6661943,0.6244505,0.62468386,0.5939001,0.6229824,0.58016264,0.5825141
-0.22470114,-0.20507213,-0.20165989,-0.21997193,-0.21453065,-0.2099216,-0.19715509,-0.17334586,-0.13824375,-0.10457414,-0.075247794,-0.060639426
-0.15245974,-0.13031778,-0.1188052,-0.111996144,-0.109326124,-0.10790548,-0.103853524,-0.096925505,-0.08280241,-0.06941748,-0.05533298,-0.04880149
0.2643711,0.17042348,0.05426967,-0.07117313,-0.17496651,-0.22362703,-0.21459505,-0.13620815,-0.027335837,0.08593092,0.1834704,0.24483831
0.25039384,0.2263385,0.18072532,0.1343492,0.11703606,0.10493917,0.092598006,0.100402534,0.111524805,0.13088568,0.14092378,0.1559951
-0.3524477,-0.25607795,-0.21414083,-0.19520256,-0.17325082,-0.16488037,-0.16261882,-0.17820862,-0.1775762,-0.17027612,-0.15768817,-0.15797627
-0.004695026,0.010161798,-0.0065938495,-0.034489337,-0.049258146,-0.05917046,-0.06253201,-0.05042134,-0.027630575,-0.0015693419,0.024545686,0.03770749
-0.20609209,-0.20677924,-0.16965333,-0.15164652,-0.12163745,-0.10102773,-0.08005233,-0.07425056,-0.07566038,-0.08603784,-0.09775035,-0.102892846
-0.09975612,-0.08699164,-0.0552855,-0.036823787,-0.01590547,-0.0073279366,0.0011113063,-0.010034628,-0.025884029,-0.043208648,-0.058197107,-0.06837009
0.017333267,0.0313307,0.03130635,0.009975692,0.0056406613,0.007543402,0.007084017,0.005151137,0.0037660457,0.0013878016,0.0035128947,-0.0003064312
-0.061737053,-0.049624853,-0.04764,-0.021624029,0.0016917586,0.013630196,0.0085914135,0.008183155,-0.0057534054,-0.019100137,-0.033730194,-0.045353785
0.20293455,0.16160557,0.03747037,-0.006225884,-0.10776976,-0.13781184,-0.14494503,-0.086163014,0.0018464923,0.08777944,0.1695647,0.22091147
-0.06370918,-0.08051032,-0.10257594,-0.12758273,-0.120758615,-0.11064187,-0.098621465,-0.076906204,-0.046933115,-0.020039922,0.0006263433,0.020871757
-0.47316512,-0.36377633,-0.18977123,-0.060545266,0.02886939,0.06551772,0.08178067,-0.0016826987,-0.11055769,-0.2277016,-0.31747708,-0.38330007
0.31515867,0.32296944,0.32841027,0.3359498,0.3124198,0.30051312,0.27077806,0.22765289,0.1766177,0.1288569,0.09420647,0.06652917
-0.013868358,0.0324299,0.08398785,0.10763197,0.11273031,0.11476189,0.10937955,0.07356152,0.011331428,-0.046102166,-0.091993704,-0.13313924
-0.093317844,-0.12405698,-0.1463121,-0.16265148,-0.1610877,-0.15867142,-0.14895023,-0.11583666,-0.07657846,-0.040475674,-0.010246079,0.011244796
0.11037983,0.13599159,0.16393211,0.15936187,0.16997048,0.17123303,0.16429588,0.12915275,0.09107009,0.056051716,0.023569617,0.005671613
-0.023558889,-0.028980387,-0.029554658,-0.01830604,-0.017098773,-0.01520999,-0.013198526,-0.004296425,0.0008449543,0.0034869127,0.0026918733,0.006302173
0.10895988,0.06704743,0.070730805,0.13651933,0.14130142,0.14363858,0.13336173,0.12632796,0.093964525,0.050734993,0.015550628,-0.008595761
0.0030085018,0.0013845973,0.009118507,0.0033485442,-0.00038746372,-0.0041405093,-0.001841303,-0.0048687607,-0.005063738,-0.0057326173,-0.0042844,-0.0038206019
-0.172358,-0.25879055,-0.31232104,-0.3263331,-0.33163387,-0.32626578,-0.2973526,-0.22057429,-0.13971752,-0.061185647,-0.0058315024,0.042472225
0.04859848,0.027787872,0.0027423948,-0.012427419,-0.061056107,-0.08917281,-0.083443016,-0.06444445,-0.025768176,0.013875313,0.0505341,0.07299271
0.0018859562,-0.00057658553,-0.05057954,-0.09437154,-0.12532619,-0.12945193,-0.12545857,-0.09298648,-0.049265314,-0.0039706603,0.03531482,0.0508376
-0.13391158,-0.10903272,-0.053619802,0.039816648,0.08898403,0.10768989,0.10564573,0.07140665,0.013613716,-0.047213543,-0.09862937,-0.127327
-0.017561812,-0.010903362,0.009393334,0.01724017,0.018458642,0.014248256,0.015623771,0.0074604135,0.004723627,0.0011055097,-0.0012463927,0.0023221793
0.029378116,0.00791005,-0.0028204247,-0.022702374,-0.02589089,-0.024579726,-0.018486843,-0.006642839,0.0077230427,0.019516032,0.025326788,0.03309252
0.16421707,0.25036302,0.2982676,0.31034443,0.2705019,0.25049776,0.22689703,0.17914182,0.13616836,0.09481394,0.07054013,0.04459824
-0.022655725,-0.038094416,-0.045309827,-0.050370816,-0.058905557,-0.06535131,-0.060617447,-0.045768708,-0.030621596,-0.0132963685,-6.1653554e-06,0.008712526
0.17402449,0.13084906,0.08641149,0.036679894,-0.005739376,-0.016573757,-0.007131472,0.010882191,0.049411565,0.08510189,0.11291318,0.14361286
-0.063348114,-0.08887258,-0.10840725,-0.12231975,-0.1252549,-0.11902037,-0.10836287,-0.08350618,-0.0568681,-0.03336293,-0.015634824,-0.0034644902
0.13982058,0.11587773,0.07629663,0.048261613,0.03187973,0.02143599,0.015837371,0.024587773,0.041997876,0.05901526,0.07466607,0.08966311
-0.08022517,-0.042711243,-0.0788074,-0.087293625,-0.11603232,-0.115348525,-0.12409006,-0.09943393,-0.05880746,-0.023721024,0.01871625,0.03821829
0.07461113,0.12464727,0.14977768,0.12260775,0.12081479,0.111015,0.10424678,0.07501726,0.059980854,0.050028097,0.042466104,0.038268846
-0.15364136,-0.10076094,-0.056335434,0.0033412874,0.030828014,0.032860145,0.022607088,0.0024402887,-0.031811014,-0.06194509,-0.08657508,-0.102898836
0.05415476,0.013042375,-0.008323953,-0.027050525,-0.036216527,-0.039797187,-0.033844255,-0.01831498,0.0022522584,0.021147218,0.032472122,0.044115104
0.17474736,0.1621924,0.17615055,0.19717798,0.20288794,0.19899459,0.18758067,0.16277364,0.12127442,0.08329329,0.04798153,0.03052552
0.25542894,0.22370164,0.16774759,0.1310647,0.09265393,0.073354065,0.060244292,0.07438821,0.0961159,0.1233418,0.14532205,0.16150148
-0.18289945,-0.08566795,-0.08980751,-0.08828646,-0.110684365,-0.114141405,-0.12770575,-0.1282747,-0.10031789,-0.07493919,-0.038649373,-0.02538301
0.019369505,0.080751084,0.14802699,0.18445003,0.2215443,0.228695,0.21094102,0.14486167,0.08318745,0.021465607,-0.02745264,-0.052318927
-0.11974612,-0.15927854,-0.18841295,-0.2339101,-0.30747074,-0.36183393,-0.32906064,-0.26025295,-0.13809234,-0.020464981,0.09002508,0.17960742
0.07434049,0.12922533,0.1708183,0.19027008,0.20084164,0.19900489,0.17845114,0.13092324,0.07620095,0.025737781,-0.010135989,-0.04014481
-0.096767694,-0.09811816,-0.11319521,-0.14224629,-0.16081494,-0.16419232,-0.1514934,-0.13186872,-0.09414982,-0.060262863,-0.024303697,-0.009889096
0.37327152,0.58283144,0.48097152,0.34390777,0.2621153,0.23036167,0.13489036,0.117124826,0.14680135,0.2015877,0.27242252,0.2882831
0.033197008,-0.009080119,-0.057333767,-0.07740063,-0.0947468,-0.10113923,-0.10093419,-0.06289804,-0.027379021,0.009300383,0.039853647,0.05744531
-0.03244715,0.046150982,0.08893439,0.062276103,0.04202126,0.021926492,0.021786444,-0.011657,-0.012732139,-0.012768539,0.00052074715,0.007985879
-0.3367529,-0.24742165,-0.1499185,-0.029987454,0.047914863,0.085742116,0.077850044,0.020005345,-0.06827256,-0.1561501,-0.23214185,-0.28605574
-0.31468347,-0.27427906,-0.21533415,-0.15941003,-0.10792041,-0.07478464,-0.063720584,-0.07560879,-0.111306146,-0.14743294,-0.182093,-0.20942512
-0.001417499,0.0027268454,0.0049637407,-0.019531399,-0.023791313,-0.028739858,-0.030583354,-0.029253531,-0.018006872,-0.0050168643,0.008933911,0.0171796
0.41613996,0.3877018,0.36229068,0.35959956,0.3236938,0.30167213,0.2749113,0.2506997,0.21473518,0.18254963,0.15479979,0.13398838
0.080788784,0.08360364,0.07211789,0.072290316,0.056800954,0.051029094,0.046783343,0.04631561,0.045182887,0.046847723,0.044906456,0.045436848
0.48099667,0.4441964,0.4031091,0.30318516,0.25074387,0.22579801,0.22201166,0.20037726,0.204009,0.21397418,0.21452922,0.22426781
-0.041015554,-0.066235036,-0.057907324,-0.05183176,-0.03543283,-0.021042652,-0.006899629,-0.0073445663,-0.013658479,-0.02554197,-0.04005167,-0.04379641
-0.50594974,-0.3642574,-0.28256208,-0.240762,-0.15306973,-0.09765911,-0.099419355,-0.14439654,-0.19630858,-0.24753866,-0.28538966,-0.33226642
0.020308306,0.033324566,0.047969185,0.04907162,0.05733951,0.058572885,0.053487927,0.047986615,0.035419356,0.029435655,0.015074031,0.012797281
-0.4309221,-0.39589712,-0.31755358,-0.22872955,-0.16324115,-0.12223947,-0.09745997,-0.11179668,-0.14623998,-0.19087651,-0.22899891,-0.25382128
0.1692651,0.14545664,0.10906401,0.09284894,0.07346254,0.06336408,0.052876227,0.056935422,0.06779644,0.07648677,0.08638572,0.09566404
-0.26050308,-0.23943532,-0.22398499,-0.23332788,-0.22268993,-0.21048768,-0.18760026,-0.16982761,-0.14207886,-0.11951627,-0.098395355,-0.08367972
-0.4199608,-0.32572177,-0.2817837,-0.23839566,-0.19257632,-0.15887663,-0.15577501,-0.16466433,-0.17464662,-0.1879869,-0.18896328,-0.19878063
0.0042139404,0.07117465,0.11641008,0.1531847,0.18283245,0.19922088,0.18182966,0.13023506,0.06401111,1.73226e-06,-0.051980883,-0.094643556
0.041825406,-0.0044186115,-0.04347244,-0.08305557,-0.09752832,-0.10289901,-0.09007258,-0.05719376,-0.017068904,0.022275057,0.05007678,0.0747931
0.14374208,0.14187855,0.1307939,0.112025835,0.100673944,0.08782775,0.076560944,0.06941741,0.06559166,0.06703649,0.06794014,0.06985209
0.34785858,0.33376482,0.31585556,0.28477842,0.25155446,0.22661614,0.19701853,0.18704969,0.16504437,0.15999836,0.15035513,0.14740829
-0.16081823,-0.17059708,-0.17554362,-0.18659857,-0.18281451,-0.17530829,-0.15798137,-0.13221695,-0.10153061,-0.07284956,-0.052087203,-0.0375738
0.38164246,0.38844407,0.44372717,0.4981822,0.51682097,0.51109564,0.47880673,0.40034026,0.27337688,0.15616342,0.061411105,-0.0104094595
-0.5816881,-0.39677787,-0.1770556,-0.13667417,-0.0060191154,0.057140768,0.09908217,-0.014453232,-0.12257019,-0.24027385,-0.32570726,-0.36826453
0.44920015,0.3009678,0.1435188,0.015988111,-0.093088806,-0.13792634,-0.12809992,-0.039156646,0.0759244,0.19701613,0.28891885,0.36116093
0.059839882,0.05015104,0.011533871,-0.015371241,-0.03538704,-0.04602985,-0.051882833,-0.027220845,0.007813498,0.044507205,0.07465016,0.09906539
0.13992846,0.16232619,0.13704295,0.13455111,0.10926162,0.098341994,0.07542089,0.06692426,0.055919178,0.05309928,0.054443456,0.045757458
0.28151375,0.24470495,0.19861335,0.15590402,0.12398858,0.10706599,0.097821325,0.10458596,0.11835637,0.1365735,0.14627749,0.15883881
-0.17536551,-0.036088273,-0.025752783,0.038872227,0.03429416,0.05299321,0.025115103,-0.0032883435,-0.023491573,-0.05423397,-0.056800894,-0.073163144
-0.031077757,-0.061906956,-0.06999214,-0.05850277,-0.058924194,-0.056223795,-0.048880666,-0.031757854,-0.027436715,-0.0241349,-0.027157784,-0.028075874
0.17711315,0.10866748,0.038348436,-0.007178992,-0.05115983,-0.07010642,-0.0660409,-0.026101366,0.023244143,0.07565132,0.11660636,0.14677286
0.22351108,0.23861799,0.21904755,0.18900289,0.16646102,0.14919373,0.12955925,0.113541335,0.10528491,0.10347219,0.104372725,0.104163654
-0.037630577,-0.038704943,-0.046683576,-0.040121935,-0.044390246,-0.04410646,-0.048628874,-0.036386356,-0.02636182,-0.021196678,-0.009467704,-0.006460786
-0.33841246,-0.3248997,-0.2949715,-0.2749124,-0.23293537,-0.22618566,-0.21260688,-0.19909284,-0.19381449,-0.17825982,-0.16942143,-0.1782395
-0.45732176,-0.4752295,-0.44273812,-0.3921982,-0.3191827,-0.2750275,-0.23818739,-0.21019576,-0.20043463,-0.19742388,-0.20727873,-0.20443784
0.6712717,0.5887945,0.51531744,0.47924647,0.41252288,0.3663346,0.33318976,0.3268106,0.31373212,0.31730664,0.30777752,0.3170122
0.037519813,0.059263047,0.08820749,0.15352762,0.18172291,0.2022756,0.18188196,0.15161194,0.084468946,0.020438917,-0.03618514,-0.07814778
-0.11383051,-0.08524266,-0.12503909,-0.12196007,-0.14386886,-0.14522812,-0.15535153,-0.123610735,-0.08408248,-0.04679907,-0.010990374,0.0036850497
-0.3932038,-0.41082343,-0.33713293,-0.24883318,-0.19732815,-0.18577231,-0.1658261,-0.1526656,-0.15713252,-0.17337698,-0.18404618,-0.18943305
0.4180754,0.3219425,0.24118888,0.23512954,0.2223571,0.2192173,0.2001737,0.21110833,0.21737239,0.21849076,0.21524441,0.22484031
-0.024615113,0.009513475,0.026520401,0.052862734,0.07229403,0.08307071,0.07163824,0.048983857,0.018597864,-0.012410685,-0.033522658,-0.05055313
-0.015655868,0.07021654,0.15203208,0.24707605,0.2799433,0.26787797,0.23455147,0.16678357,0.08017661,0.004764121,-0.052270368,-0.091186896
0.13902542,0.12908106,0.10745843,0.14001232,0.15346566,0.1652873,0.14659369,0.1398181,0.11454485,0.089650705,0.062819004,0.04951021
-0.1798223,-0.17889433,-0.14736572,-0.081763,-0.04453875,-0.026802465,-0.021443114,-0.02625867,-0.05350909,-0.08049277,-0.1090862,-0.12714373
-0.5431334,-0.53271145,-0.4922288,-0.43941903,-0.37990445,-0.342856,-0.31476402,-0.2969795,-0.28674197,-0.28276506,-0.27528167,-0.28551763
0.08787125,0.07922733,0.058480486,0.035251014,0.022259653,0.017098434,0.01470346,0.02088612,0.03279946,0.0424288,0.052643653,0.0578845
0.17474341,0.1294033,0.0909764,0.060231403,0.02724202,0.008678883,0.006434858,0.028591007,0.05432128,0.080827214,0.10012148,0.11473815
0.059319604,0.07379553,0.033883844,0.040490195,0.008307427,-0.0014146864,-0.021632597,-0.020350382,-0.007627636,0.0058401553,0.027798524,0.03028413
0.48564237,0.4850682,0.4445936,0.39032054,0.35313958,0.32828048,0.29565492,0.2647456,0.24111457,0.23124388,0.22113098,0.21904968
0.061504982,0.022640534,0.013003111,0.020967878,0.026038762,0.026094038,0.030173156,0.03885877,0.035621986,0.033108875,0.01977358,0.018113587
-0.75051147,-0.74580413,-0.65297997,-0.6175493,-0.54179484,-0.49821365,-0.42543072,-0.3943681,-0.3547057,-0.3305759,-0.31973672,-0.29718032
0.43252337,0.39338237,0.36390743,0.35869214,0.28433985,0.2473127,0.22815138,0.20609891,0.19105199,0.17762989,0.18167351,0.17468888
0.014485346,0.015494365,0.0059726164,0.02069771,0.031181734,0.049381636,0.042348363,0.04006143,0.031851493,0.011696741,-0.0004751049,-0.013137665
-0.58943397,-0.29898572,-0.21597171,-0.28738222,-0.2698043,-0.24947843,-0.25706482,-0.290918,-0.27301973,-0.24728346,-0.20506534,-0.20314682
0.21222839,0.17422426,0.13778254,0.12855296,0.10962637,0.10299165,0.091403075,0.095381714,0.096849866,0.09768985,0.09836142,0.101860546
-0.005068939,-0.026604459,-0.06307568,-0.08250676,-0.104934484,-0.102142215,-0.097270764,-0.07654703,-0.06543032,-0.050567336,-0.033254825,-0.03809951
-0.023216004,-0.037237044,-0.044685856,-0.044638414,-0.045655742,-0.042152096,-0.03714318,-0.02582786,-0.01522283,-0.008409691,-0.0025236737,0.0043849205
0.5554644,0.5198846,0.49656808,0.46849042,0.42894357,0.39940763,0.36737275,0.3265442,0.28010064,0.23369364,0.20456374,0.17900267
0.17464551,0.21082594,0.18763441,0.1418395,0.11248828,0.10014787,0.07912681,0.06793606,0.073330924,0.08145688,0.0972886,0.10179196
-0.01858164,-0.044245802,-0.0646874,-0.068151765,-0.06654265,-0.060950454,-0.05524434,-0.0407344,-0.022119168,-0.01009875,0.0015024305,0.010162862
0.112312146,0.09534914,0.12078406,0.1329872,0.1487695,0.14013535,0.13402955,0.11082031,0.08789322,0.059729233,0.040496696,0.033821005
-1.7008796,-1.7345505,-1.5691152,-1.1168039,-0.84877545,-0.6690043,-0.60079306,-0.5678915,-0.66076565,-0.8044139,-0.93732256,-1.0335548
-0.0063267965,-0.008096032,-0.049052853,-0.06998931,-0.097456515,-0.114245236,-0.11586343,-0.08966512,-0.0430048,0.007633305,0.04922895,0.07999298
0.657204,0.53377444,0.40618622,0.23305672,0.14155889,0.097265124,0.09747976,0.12696275,0.205822,0.28238145,0.35015485,0.40009138
-0.20373873,-0.1552006,-0.12607683,-0.10133085,-0.08217789,-0.0746214,-0.07565209,-0.085218966,-0.086776726,-0.092554644,-0.08804917,-0.09384434
0.48507592,0.42844728,0.34679174,0.24056184,0.15628996,0.11516076,0.10124695,0.11702679,0.16194922,0.21203269,0.25487804,0.28829995
0.27041712,0.3908107,0.51296866,0.63748294,0.6507304,0.6440643,0.58915704,0.44512123,0.266894,0.08495406,-0.040240973,-0.14478692
-0.108956724,-0.064315036,-0.06488167,-0.07992709,-0.07775604,-0.07471903,-0.07567281,-0.07510079,-0.06840589,-0.05327084,-0.040181793,-0.040118385
0.1383092,0.11336114,0.07668309,0.008445367,-0.027161911,-0.04698737,-0.04306221,-0.02219478,0.022407643,0.06523783,0.103753455,0.13007072
-0.039013,-0.040163513,-0.06222105,-0.07408549,-0.0932537,-0.100865796,-0.09856562,-0.07424,-0.04430677,-0.013650797,0.013250183,0.028951678
0.09671561,0.16665688,0.24916552,0.30954722,0.349531,0.36590403,0.33920047,0.25945982,0.15154438,0.043549836,-0.04624629,-0.106882125
-0.45900238,-0.42913112,-0.40844262,-0.37763417,-0.33111235,-0.29731488,-0.27369082,-0.24302906,-0.21067059,-0.18998277,-0.16891384,-0.1574059
-0.19826385,-0.21400079,-0.18164827,-0.1363022,-0.102270514,-0.08695544,-0.070530996,-0.06938115,-0.0807377,-0.09550954,-0.112429716,-0.12166227
-0.33451465,-0.16428521,-0.1306757,-0.08363256,-0.071643576,-0.055231065,-0.08711757,-0.11627823,-0.1339015,-0.156481,-0.15318,-0.17939444
-0.13925996,-0.07072218,0.025307953,0.12040532,0.18481773,0.20978022,0.19924429,0.12871772,0.027047515,-0.07334398,-0.15445843,-0.21255
-1.1516203,-1.1335882,-1.0050457,-0.81778294,-0.6549787,-0.55738723,-0.47603217,-0.44796798,-0.46471173,-0.503042,-0.5547756,-0.5776466
-0.0053585144,0.00077899545,0.009672465,-0.02475841,-0.029086817,-0.040967546,-0.03254187,-0.032957032,-0.021289155,-0.0049778754,0.006904967,0.014837027
-0.13072601,-0.11727005,-0.07957439,-0.0794937,-0.07468351,-0.07465431,-0.05796244,-0.056443993,-0.054982454,-0.052649707,-0.057004564,-0.05597396
0.08271428,0.06795591,0.045924723,0.048051946,0.05533838,0.054123443,0.047022548,0.052753646,0.041191686,0.043568783,0.025216922,0.016908117
0.1412203,0.117241114,0.08291347,0.04528998,0.01726526,0.007200137,0.007144481,0.018328011,0.042579796,0.06560105,0.08672545,0.103037484
0.12182141,0.11187735,0.08182291,0.0524617,0.023530796,0.009155959,-0.00041218847,0.008223966,0.027957983,0.04941017,0.07155968,0.08188072
-0.09541169,-0.101493485,-0.11209914,-0.10574285,-0.106804304,-0.105822176,-0.098968774,-0.07782823,-0.057794817,-0.037186526,-0.025009176,-0.014803596
0.296438,0.24836418,0.17672414,0.06699048,0.025536746,-0.000102326274,-0.0020743906,0.03182438,0.075243235,0.13819548,0.1814387,0.21740085
-0.1121818,-0.09973222,-0.03417626,0.004650563,0.09036046,0.13236642,0.15270337,0.1025022,0.0488874,-0.017095864,-0.078257635,-0.09303272
-0.0765523,-0.12117221,-0.08468858,-0.06643991,-0.037305035,-0.025496326,-0.00043787062,-0.0068956614,-0.02735145,-0.05175585,-0.07659157,-0.08614467
0.30836016,0.17476371,0.041288435,-0.10469875,-0.17180973,-0.19064096,-0.16898915,-0.08427745,0.033848852,0.14961319,0.23458484,0.3110179
0.3552317,0.34406805,0.2742993,0.23463678,0.18162398,0.16106498,0.13316905,0.14463407,0.16017683,0.18139638,0.19782084,0.2109828
0.16000298,0.16848923,0.14793295,0.12503073,0.09427003,0.07940823,0.063626036,0.05932296,0.066145346,0.07334818,0.086316325,0.09392036
0.16848181,0.12421034,0.1027599,0.08658258,0.06760976,0.05514221,0.056314357,0.06659418,0.07259554,0.081649244,0.08140737,0.089423366
0.37456375,0.3247626,0.29274788,0.23152614,0.18796444,0.16349088,0.15743326,0.14288756,0.14186208,0.14323038,0.14562729,0.1488609
0.11891443,0.11743727,0.10826701,0.078057915,0.066370845,0.057245836,0.051447794,0.048779204,0.052094687,0.057887904,0.06321371,0.067166835
0.23604214,0.23095521,0.2036878,0.1780297,0.15427876,0.13602042,0.11941577,0.11644277,0.11283946,0.119154,0.11686118,0.11951281
-0.03280376,-0.04365466,-0.065206274,-0.08216432,-0.08713472,-0.08979542,-0.085692525,-0.065767385,-0.040333148,-0.012675159,0.008930333,0.02458979
-0.076266386,-0.103290305,-0.11137065,-0.12334888,-0.12088337,-0.1121191,-0.09996617,-0.07932225,-0.05748418,-0.043477386,-0.029397957,-0.021564724
-0.18700965,-0.17381656,-0.17439425,-0.16938937,-0.14488633,-0.12926872,-0.124394596,-0.1042162,-0.08450562,-0.06552286,-0.052566275,-0.04162727
-0.042522598,-0.029111207,-0.019362334,-0.021805134,-0.013515111,-0.009367432,-0.006915096,-0.010220572,-0.01531069,-0.019010782,-0.02307908,-0.026310135
0.25613508,0.22710957,0.21111079,0.20442317,0.19325209,0.1844462,0.16915748,0.1579932,0.13365261,0.1146386,0.0984826,0.08855891
-0.27984086,-0.26159105,-0.24266979,-0.21456358,-0.19271329,-0.17524812,-0.15938169,-0.14346221,-0.12908208,-0.12027521,-0.11523863,-0.10972013
0.6086396,0.5389263,0.49708378,0.5040555,0.4581132,0.43510854,0.3990365,0.36307538,0.3081123,0.25761044,0.2049895,0.17326337
-0.049261842,-0.061430067,-0.09245813,-0.087299116,-0.09529413,-0.08884312,-0.08832626,-0.06367962,-0.038904384,-0.018938238,-0.004080124,0.0045946315
-0.061283506,-0.07522526,-0.05096864,-0.039621674,-0.016128935,-0.01989159,-0.012080349,-0.009483524,-0.016932674,-0.011925986,-0.019429967,-0.013511993
0.026402872,-0.023304522,-0.08568275,-0.14770594,-0.17404029,-0.17276703,-0.15526062,-0.10772878,-0.044522725,0.014419943,0.06184836,0.09320978
0.003343502,0.043145224,0.036392942,0.024818946,0.024073709,0.018977696,0.008892266,0.0013039447,-0.0040970193,0.0040487014,0.0058298223,0.0042923084
-0.075064264,-0.046763957,-0.26317167,-0.2918258,-0.3439221,-0.32332355,-0.31111795,-0.26826498,-0.20657307,-0.10841039,-0.06329239,-0.059485532
-0.19166581,-0.19562112,-0.17744568,-0.11476381,-0.082428366,-0.058813676,-0.052717656,-0.050876252,-0.065647274,-0.08877237,-0.11049752,-0.12465612
0.21576811,0.27431995,0.34706926,0.40390348,0.42716408,0.43508765,0.41044715,0.3249254,0.21335451,0.099594586,0.011454925,-0.047642365
-0.2733376,-0.26308617,-0.27032986,-0.22038108,-0.20539099,-0.17282417,-0.15890408,-0.15036534,-0.15151426,-0.15970597,-0.1678404,-0.18804538
0.16745529,0.08852738,0.0181984,0.0052076876,-0.031172544,-0.04135084,-0.03784266,0.007171318,0.047309287,0.083951674,0.11086111,0.13336554
0.36932957,0.32041147,0.23861009,0.11934242,0.065442756,0.03641796,0.032130003,0.062459633,0.11788814,0.18192008,0.23220067,0.27357545
-0.45665056,-0.4214239,-0.18681282,0.070608735,0.21751964,0.26667583,0.29174107,0.15854356,-0.03418657,-0.24823062,-0.41171485,-0.5094713
0.33629733,0.3251228,0.3473313,0.37336063,0.39915457,0.40104273,0.3818543,0.32608256,0.25338393,0.1808614,0.10904154,0.08292015
0.18227431,0.18752772,0.11875349,0.05497673,-0.0148843825,-0.035057783,-0.04723063,-0.034219712,0.0020117015,0.044365324,0.09389102,0.10462416
0.31990358,0.35684484,0.37991124,0.3952536,0.32617489,0.30144727,0.28551483,0.23356432,0.18809128,0.14158705,0.105912276,0.08844892
-0.14598721,-0.14823605,-0.16189803,-0.16124576,-0.15278628,-0.14644101,-0.13832289,-0.117026865,-0.09527679,-0.071352825,-0.05447764,-0.04643043
-0.3096329,-0.32102486,-0.33153397,-0.35624278,-0.3426741,-0.32032597,-0.28783342,-0.24482977,-0.18489741,-0.12972377,-0.0905059,-0.055239975
-0.08469957,0.09685704,0.22553435,0.23704177,0.27299285,0.25161394,0.22879732,0.10822943,0.02455698,-0.045900896,-0.09703396,-0.13932618
-0.05325102,0.07106818,0.06580081,0.17900673,0.14617902,0.1616244,0.11265041,0.068831086,0.019372426,-0.04296558,-0.06686084,-0.10678582
0.0007431619,0.016963504,0.041170944,0.060650814,0.0717046,0.078253835,0.07467954,0.05581923,0.029856652,0.0049143666,-0.013354211,-0.025111219
0.073498376,0.07570322,0.063077316,0.015057737,0.003684746,-0.010054575,-0.010712083,-0.0064026527,0.019520445,0.048023067,0.07233324,0.09553458
0.15737109,0.15439,0.13873544,0.13739316,0.13491414,0.13141716,0.11811745,0.10079043,0.081025004,0.06700171,0.05283954,0.044299766
0.20480949,0.17874415,0.10706757,-0.011362821,-0.07697567,-0.1122767,-0.116602674,-0.08247031,-0.004243374,0.076331556,0.15305206,0.1966902
-0.78419596,-0.669129,-0.5793077,-0.5338186,-0.4696431,-0.43082708,-0.39484653,-0.3942032,-0.3670606,-0.35265282,-0.3345462,-0.32628033
0.16082527,0.14788258,0.13135251,0.11901081,0.10282919,0.096108206,0.089537874,0.08209157,0.07358759,0.06920481,0.06061719,0.056842558
-0.07306409,-0.060087085,-0.071280725,-0.11346097,-0.12092856,-0.12331136,-0.11326394,-0.097198956,-0.06095124,-0.026356496,0.005917795,0.027518447
-0.040079072,-0.06311115,-0.078417726,-0.0938016,-0.08892934,-0.08238737,-0.07393251,-0.054120336,-0.03325714,-0.013683066,-0.0011653949,0.009838643
0.22024526,0.23043591,0.24093094,0.25649267,0.25105053,0.24341902,0.2232231,0.19092317,0.15134114,0.11107963,0.078826055,0.059441224
-0.21525133,-0.2270087,-0.16807859,-0.13856715,-0.08763851,-0.05962725,-0.030435517,-0.043356806,-0.06893248,-0.09977827,-0.13359405,-0.1487848
-0.1585608,-0.18170314,-0.17056248,-0.1754501,-0.16556512,-0.16386735,-0.13586,-0.12283881,-0.09592806,-0.07288272,-0.057896342,-0.03903172
-0.005289331,-0.026003987,-0.099818945,-0.17094305,-0.21143243,-0.23550002,-0.23789625,-0.17424978,-0.09060064,0.0016928697,0.08400652,0.12925833
0.14999945,0.13668565,0.13016446,0.1064149,0.10263096,0.09792159,0.09533315,0.086559124,0.07822773,0.073724866,0.06577364,0.066398226
0.43209434,0.34436676,0.27397853,0.19176888,0.11797947,0.077269286,0.07435021,0.099506944,0.13853748,0.1782188,0.21207057,0.23490337
0.11987953,0.08845559,0.044651493,0.011125192,-0.00953427,-0.015704416,-0.020390064,0.0006861612,0.027522445,0.054714814,0.07808627,0.09366054
0.16459274,0.28117436,0.32878911,0.40173087,0.3937587,0.38496786,0.32801646,0.24667262,0.15334797,0.06491013,0.008745253,-0.045719445
-0.025117148,-0.04165859,-0.05743307,-0.064002134,-0.06951837,-0.06615348,-0.059127074,-0.04831271,-0.036603637,-0.02374238,-0.014619226,-0.012690125
0.14384039,0.1478245,0.14508298,0.110290326,0.10683448,0.096850686,0.09674603,0.07731151,0.074578635,0.07627203,0.07002615,0.075814985
0.12625931,0.14220312,0.12983006,0.09457823,0.07416721,0.058951065,0.051884368,0.051945873,0.059748586,0.076496005,0.089487195,0.10203577
0.15344945,0.11206581,0.07046586,0.0437579,0.022333741,0.011231393,0.006764114,0.023271136,0.044792183,0.067876324,0.08696355,0.10118914
-0.18789023,-0.12401718,-0.10644494,-0.08868885,-0.10061595,-0.11773341,-0.1229765,-0.11968565,-0.096386135,-0.07083416,-0.038279578,-0.021230504
0.15117514,0.13796955,0.13121568,0.14143682,0.13189363,0.12813258,0.116123915,0.10467858,0.08721727,0.06619303,0.0519399,0.04132448
-0.29932615,-0.30405453,-0.28902426,-0.30487922,-0.27956674,-0.26463273,-0.23321092,-0.19704728,-0.15573409,-0.11652813,-0.08960641,-0.063170895
0.065447815,0.12169554,0.10433954,0.038687102,0.0069014058,-0.010815851,-0.020430576,-0.019867457,0.005433928,0.040962238,0.07511854,0.092111014
-0.07338194,-0.11623857,-0.13105685,-0.1480467,-0.13075383,-0.11848889,-0.09874465,-0.073951066,-0.049500838,-0.027974067,-0.020605683,-0.0046190964
0.25204042,0.24477458,0.22663128,0.19285809,0.17292982,0.15449354,0.1358336,0.12535127,0.11623988,0.116095856,0.1170682,0.12015271
-0.29998457,-0.25857663,-0.24587373,-0.20022193,-0.15980272,-0.13049182,-0.13711092,-0.1280195,-0.1263155,-0.1342411,-0.13070953,-0.1361538
0.041947663,-0.023314968,-0.12932989,-0.21666689,-0.22103819,-0.2091218,-0.18618417,-0.12056198,-0.04987692,0.037617054,0.08526929,0.12661391
-0.30119246,-0.30179572,-0.2575903,-0.20727026,-0.15343627,-0.124578446,-0.10295664,-0.10305719,-0.12007143,-0.14012331,-0.16036895,-0.17105822
0.020055566,-0.030447923,-0.08717663,-0.1173892,-0.12667844,-0.12477451,-0.11526506,-0.07927196,-0.03511808,0.006052007,0.036773313,0.0595072
-0.09093374,-0.058845162,-0.053335637,-0.07014771,-0.06955944,-0.06969514,-0.0710953,-0.06332583,-0.047043942,-0.027774986,-0.0107479505,0.0014165677
0.17653123,0.17259032,0.17697164,0.16547415,0.14964327,0.13289946,0.12636796,0.111311555,0.09435812,0.08408963,0.07410869,0.0698655
-0.06507927,-0.07811669,-0.077791,-0.05654592,-0.048379302,-0.042491928,-0.04108997,-0.034217715,-0.03045658,-0.032604467,-0.03132885,-0.032202218
0.11767487,0.10823374,0.097416416,0.08234339,0.072332725,0.06476614,0.061747387,0.05763508,0.05911665,0.0628072,0.06287401,0.066989444
-0.031699616,-0.11770051,-0.17783335,-0.21454285,-0.220606,-0.2142165,-0.18825167,-0.13605806,-0.072676,-0.013361638,0.021802684,0.059607647
-0.8084408,-0.7184485,-0.5761318,-0.5156728,-0.4078309,-0.36831337,-0.32227862,-0.3388496,-0.35103923,-0.3651181,-0.38280466,-0.39584252
0.00043028034,-0.014140777,-0.07369954,-0.09631413,-0.12102167,-0.12380758,-0.12736134,-0.082672626,-0.033678286,0.017996905,0.058000334,0.08686757
-0.25806653,-0.21196075,-0.20396453,-0.18731448,-0.16772074,-0.15130025,-0.14799787,-0.13654502,-0.13049084,-0.123417564,-0.11585677,-0.122376874
0.103958435,0.14244051,0.16966707,0.16644348,0.1692042,0.17003484,0.15701124,0.12827408,0.09230419,0.05870317,0.031593923,0.014192089
-0.0958408,-0.07960868,-0.047032878,-0.06324443,-0.0513855,-0.0554476,-0.040202636,-0.045916878,-0.044075128,-0.037737045,-0.037382923,-0.030656874
-0.25588763,-0.19133857,-0.13381398,-0.10014552,-0.06638323,-0.050193757,-0.044821322,-0.0685245,-0.09749554,-0.12480771,-0.14272007,-0.1648252
-0.06274423,-0.09828955,-0.12569682,-0.12965819,-0.12037444,-0.11216238,-0.10140439,-0.07167503,-0.048276417,-0.02281556,-0.009511683,0.0032450082
0.34775445,0.3252729,0.29557514,0.24564199,0.21172225,0.18895674,0.17472236,0.16742069,0.16932873,0.17854053,0.17794226,0.19099173
-0.046688117,-0.020597804,-0.011398092,-0.017904412,-0.019910773,-0.0224638,-0.024617393,-0.02742063,-0.02298638,-0.01890569,-0.012027547,-0.0095914155
0.05285828,0.016002648,-0.014439978,-0.009374052,-0.022080228,-0.02714464,-0.029869497,-0.015350103,-0.0056303665,0.005422281,0.013891608,0.0121190455
-0.12792765,-0.10496163,-0.073082685,-0.04604274,-0.023979172,-0.01679647,-0.011010662,-0.025125444,-0.03859933,-0.052822273,-0.06449076,-0.068831086
0.07292624,0.059715502,0.056723714,0.058512326,0.059199102,0.05612595,0.054708906,0.05343128,0.038935985,0.031877056,0.016632264,0.008457076
-0.0077650063,-0.008708306,0.0038203206,0.0009523481,0.016975924,0.0222741,0.027022518,0.019152515,0.0058245733,-0.004148302,-0.015849467,-0.020401362
-0.03060291,0.01424465,0.04559823,0.10167108,0.11459533,0.12413869,0.10763721,0.06909607,0.019548075,-0.03064403,-0.065442026,-0.09711577
-0.11850029,-0.10909088,-0.08406721,-0.05508002,-0.030248865,-0.016358942,-0.009753615,-0.018452555,-0.03512146,-0.054335058,-0.070035964,-0.07980145
0.016950563,0.03854348,0.04331559,0.03145911,0.023533326,0.018411415,0.012962727,0.0069535896,0.007410424,0.0081309695,0.011906067,0.012774238
0.43320405,0.35746703,0.31725895,0.27038977,0.23865667,0.21866015,0.2123867,0.21420437,0.20981205,0.2090187,0.19537038,0.20095699
-0.14289448,-0.1447989,-0.16092882,-0.14909825,-0.13633986,-0.12533481,-0.12409693,-0.09751274,-0.08413133,-0.06796026,-0.059875906,-0.058879934
-0.48042557,-0.4449858,-0.37034607,-0.30264366,-0.29886937,-0.31188416,-0.26732308,-0.27847198,-0.23189746,-0.19741547,-0.16843581,-0.11934805
-0.86968905,-0.8977616,-0.7855693,-0.60952896,-0.4783366,-0.41081065,-0.35724252,-0.32964876,-0.34689465,-0.38264793,-0.4217886,-0.4364303
0.038744584,-0.03834234,-0.07897608,-0.08746639,-0.09783657,-0.099139705,-0.08619997,-0.053722687,-0.021885563,0.0056687314,0.024860075,0.042955324
0.10420461,0.0833922,0.06732002,0.0505361,0.03750901,0.025208239,0.02197181,0.027529802,0.035602286,0.046680335,0.054293573,0.063525215
0.5542962,0.47611904,0.39521018,0.35311615,0.30070412,0.27940875,0.2573624,0.25675377,0.2590433,0.26389483,0.2613003,0.27438086
0.03332983,0.019899402,-0.003480073,-0.014103651,-0.02769231,-0.03586767,-0.038799666,-0.022441309,-0.003232615,0.019506944,0.037218615,0.049961813
-0.16088049,-0.18830469,-0.22288623,-0.25060868,-0.25191033,-0.24848527,-0.23066464,-0.18472621,-0.13078257,-0.07491149,-0.031975795,-0.0022202432
-0.22552148,-0.21785982,-0.20715287,-0.20527357,-0.1807268,-0.16881843,-0.15630719,-0.1369732,-0.11645466,-0.09821566,-0.08450307,-0.075264215
-0.0044300035,-0.030819656,-0.038449965,-0.057145417,-0.05113446,-0.04975281,-0.039989933,-0.023458198,-0.00980033,0.007627479,0.0148961,0.02731897
-0.10348027,-0.089403205,-0.098814815,-0.1062287,-0.10794855,-0.1021034,-0.09606734,-0.08441015,-0.06193231,-0.041561615,-0.022459555,-0.0099414475
-0.10775144,-0.030615479,0.005277872,-0.01138176,-0.011944875,-0.021676384,-0.026175,-0.0410413,-0.041836992,-0.040784147,-0.02809165,-0.02955813
0.08983733,0.07028518,0.01933533,0.0029958338,-0.015316643,-0.025020748,-0.04357171,-0.01792898,-0.0011428632,0.022279574,0.044314817,0.049197994
0.035109572,0.034722846,0.010238657,0.0076139793,-0.01011749,-0.019439943,-0.030527685,-0.016302671,0.0029893164,0.022146488,0.043719873,0.055855464
-0.0736837,-0.11576329,-0.12467131,-0.12152742,-0.13432795,-0.14255944,-0.13053493,-0.10442583,-0.07641747,-0.050717425,-0.027439307,-0.012311973
-0.60691136,-0.48888773,-0.25051868,0.06061262,0.2383132,0.31569755,0.3096063,0.17337519,-0.057047784,-0.29914585,-0.49851012,-0.6410342
0.16484186,0.13604994,0.108865455,0.080474384,0.062220685,0.050210908,0.04459194,0.056227915,0.063513264,0.080180824,0.08756595,0.09692518
-0.08252135,-0.06746837,-0.094873026,-0.22435111,-0.2266163,-0.23585026,-0.23342024,-0.1538187,-0.09366056,0.026730262,0.06483539,0.11881854
0.38938195,0.33615172,0.3331412,0.3262959,0.32349205,0.3193314,0.29821318,0.26853928,0.21578498,0.16159368,0.121237576,0.09710479
0.068836644,0.07413021,0.06737369,0.035570785,0.02069016,0.006699981,0.0038047954,0.002312936,0.01805148,0.03544481,0.05209819,0.06661284
0.46388793,0.38706017,0.336535,0.2822722,0.24443781,0.20768893,0.19537684,0.19573846,0.19497511,0.20664148,0.20880693,0.22096527
