0.23221815,0.20126018,0.17870528,0.12816486,0.09890987,0.07682155,0.0702966,0.06193103,0.06015967,0.0594374,0.056239925,0.05521394
0.43204036,0.3989166,0.37488428,0.33307338,0.27746323,0.21284667,0.16601196,0.1055218,0.052507505,0.005475223,-0.026694577,-0.061811958
0.053533778,0.05931265,0.058713146,0.059388265,0.0640192,0.07057689,0.058434974,0.04013069,0.010758307,-0.015884645,-0.03150643,-0.042548202
-0.09610539,-0.088766634,-0.04979045,-9.2834234e-05,0.024302453,0.035490647,0.038632907,0.028173383,0.00463799,-0.026286416,-0.043717556,-0.058440924
0.054365817,0.06519606,0.07127493,0.062267248,0.050867025,0.04338692,0.038092725,0.024785362,0.013665369,0.002854038,-0.0059927218,-0.0106241945
-0.06221912,-0.072172605,-0.051103666,-0.006282307,0.010893423,0.013852946,0.0049177483,0.0023105182,-0.017565817,-0.040751074,-0.05165019,-0.06450325
0.3496001,0.3666395,0.34389606,0.2593561,0.20546886,0.17383459,0.15606703,0.12812597,0.14297782,0.15299931,0.16156551,0.17671092
0.1788811,0.18465777,0.15547682,0.10898008,0.09154215,0.082118064,0.07210291,0.06751721,0.07827378,0.08377298,0.08688264,0.08970009
-0.057499178,-0.022699058,-0.036521707,-0.069296986,-0.117179796,-0.14167188,-0.120151676,-0.10329062,-0.043609887,0.011202004,0.045553762,0.0768186
0.43908775,0.4034998,0.32928997,0.20762835,0.1250807,0.089664474,0.06900713,0.055008978,0.06863029,0.092444524,0.11298424,0.13861823
-0.0459582,-0.064152315,-0.052936528,-0.0028749108,0.020826861,0.03956805,0.029433064,0.02724468,0.004192952,-0.023343576,-0.03475269,-0.042638294
-0.26939744,-0.29487994,-0.2953224,-0.25285238,-0.22224964,-0.20342231,-0.1813951,-0.14415443,-0.108734846,-0.077299386,-0.054271996,-0.04253239
-0.18711516,-0.22409654,-0.2103864,-0.14433828,-0.108375415,-0.08746302,-0.08440177,-0.07859251,-0.10629475,-0.13619563,-0.15319493,-0.17013451
0.063833535,0.10309911,0.13566543,0.18397196,0.20106962,0.20132667,0.17897719,0.15574846,0.10228621,0.0606788,0.029807597,-0.0011055917
-0.1532664,-0.15884705,-0.1509537,-0.11434521,-0.082318544,-0.051728815,-0.043088585,-0.037145197,-0.04718069,-0.06278624,-0.07482101,-0.08031885
-0.09894502,-0.12451575,-0.18606639,-0.20323613,-0.21638107,-0.20378551,-0.19233319,-0.15349448,-0.106246814,-0.05678183,-0.021249965,0.0017012656
-1.1803975,-1.0088699,-0.80857253,-0.6287942,-0.46734726,-0.39087248,-0.32606018,-0.35837427,-0.40664184,-0.4602878,-0.5136118,-0.5497808
0.06263699,0.010728769,-0.0067172945,-0.02635061,-0.037106164,-0.041425355,-0.031049132,-0.0018354133,0.033241868,0.075019956,0.1020357,0.11881185
0.31250077,0.26743984,0.25055087,0.21665826,0.1856015,0.16928802,0.14753458,0.13401008,0.10182579,0.08718686,0.079780325,0.07504576
-0.41207328,-0.38919544,-0.36519903,-0.31479305,-0.27707356,-0.24775127,-0.21691032,-0.1852181,-0.14815603,-0.116318524,-0.09434327,-0.07576975
-0.25358605,-0.24303459,-0.26824212,-0.25282773,-0.23586375,-0.21574649,-0.20233107,-0.17669038,-0.14212784,-0.112601176,-0.08905342,-0.07830055
0.08772138,0.13346048,0.20578441,0.26074478,0.28798044,0.27640778,0.24934246,0.19689266,0.12438996,0.048865516,-0.0043817163,-0.046437528
0.06332659,0.028455257,0.039779052,0.05963909,0.0907849,0.10763252,0.09878609,0.09768802,0.06362176,0.036293846,0.020380951,0.0003902167
0.36284626,0.30561528,0.2695572,0.21237536,0.17151962,0.15165916,0.12714082,0.10928653,0.077759914,0.070292205,0.06617974,0.06417867
0.08164093,0.053806797,0.025236696,-0.015616521,-0.04195285,-0.062064543,-0.050200075,-0.030380636,0.0025218725,0.044168282,0.06502539,0.080922306
-0.236151,-0.1929845,-0.15978715,-0.13227138,-0.10246034,-0.07928437,-0.057068795,-0.04816241,-0.035504557,-0.022560142,-0.01797472,-0.011659246
0.37385443,0.31340846,0.26409045,0.15249944,0.073533624,0.011856347,0.00064739585,-0.014243349,0.0115728825,0.039389215,0.05667845,0.07350777
0.08783181,0.05641693,0.053217955,0.049046475,0.035366897,0.026166439,0.013107855,0.000567127,-0.022270467,-0.04206891,-0.04637134,-0.05044316
0.2752216,0.27165836,0.25070554,0.21037164,0.18178749,0.1568102,0.12349058,0.09146009,0.06256916,0.038510945,0.025842257,0.016517472
-0.95054066,-0.74192536,-0.6185791,-0.49276602,-0.38201112,-0.29436857,-0.22537255,-0.20927551,-0.17989442,-0.1714733,-0.17443374,-0.16487572
-0.28705853,-0.2883097,-0.34073162,-0.33607295,-0.31174913,-0.25569177,-0.22882693,-0.1659643,-0.10184479,-0.041595552,0.00992679,0.046168365
-0.019775692,-0.0093767755,-0.006924223,0.021648,0.027139999,0.022213478,0.014580153,0.01806089,0.025831185,0.023944784,0.024147902,0.01979937
0.1927552,0.1473389,0.114635795,0.047506705,0.012377441,-0.0069787875,-0.005645737,-0.0125056505,-0.010015126,0.0032285377,0.008519968,0.020598823
0.058352742,0.037658907,-0.0008650273,-0.057337254,-0.09553252,-0.11797996,-0.108045265,-0.09413801,-0.05098921,-0.007638337,0.024428671,0.05020325
0.45768657,0.33434105,0.2532903,0.17009868,0.122820094,0.12037429,0.10279378,0.11021119,0.105692774,0.12977509,0.16442494,0.19592896
-0.4683681,-0.42476594,-0.37492824,-0.2541684,-0.17819062,-0.13445987,-0.11974521,-0.088551484,-0.07540483,-0.07850487,-0.0784231,-0.08883233
0.2410796,0.28082854,0.17836943,0.12113725,0.07899535,0.05666712,0.029621363,0.034335837,0.08308047,0.1161104,0.13983703,0.15889859
-0.27455682,-0.2598572,-0.22366259,-0.13938433,-0.089799255,-0.062087417,-0.056890562,-0.04381624,-0.055219483,-0.07117577,-0.07950881,-0.094398744
-0.08726987,0.014548317,0.10838792,0.20562927,0.24399635,0.2401688,0.2087059,0.15167093,0.09059622,0.0074552074,-0.047389608,-0.08644628
0.22347534,0.19080073,0.14796673,0.12700087,0.10488858,0.090715975,0.061205305,0.037548687,0.0038201213,-0.030613076,-0.047997475,-0.06250055
0.1682077,0.12222406,0.07176533,0.014498696,-0.02230312,-0.04278356,-0.042216703,-0.031161547,0.0009826496,0.036226664,0.06183252,0.08265529
-0.91763484,-0.8997016,-0.692281,-0.39349273,-0.19987553,-0.11046764,-0.08534038,-0.04281366,-0.13821897,-0.25445578,-0.32958263,-0.4245302
-0.2020731,-0.17931014,-0.1723619,-0.14051008,-0.15859644,-0.16824804,-0.1358249,-0.09585792,-0.0146996975,0.049931034,0.095805064,0.13110416
-0.9217765,-0.92657244,-0.8783317,-0.6242726,-0.48348826,-0.35831326,-0.32290566,-0.24169555,-0.25643027,-0.28300577,-0.29621047,-0.32001054
-0.31501633,-0.07532558,-0.14042515,-0.16296166,-0.14146954,-0.0619985,-0.0636363,-0.07368452,-0.075437754,-0.06760714,-0.07950144,-0.09066842
0.43141407,0.32601792,0.26590967,0.16527054,0.10711774,0.080049306,0.0722664,0.0890519,0.088513404,0.1151646,0.12671018,0.13208815
-0.23627616,-0.066896886,0.019890308,-0.038335964,-0.06401588,-0.08425768,-0.02823335,-0.042035744,0.004373979,0.061503142,0.07921881,0.11072226
-0.23779565,-0.18923864,-0.14689368,-0.07372147,-0.0232822,0.008453548,0.0076884776,-0.002330169,-0.037612334,-0.07170891,-0.095904246,-0.11579865
0.04052162,0.047133163,0.061451036,0.09437525,0.10669844,0.1098505,0.09604069,0.08638009,0.06880924,0.038739763,0.020738758,0.0064727254
-0.06750681,-0.12576306,-0.12802605,-0.06902696,-0.056818224,-0.052794345,-0.07288758,-0.077632904,-0.10984964,-0.15144642,-0.17341137,-0.1957327
-0.11019827,0.04695365,0.053560734,0.09064758,0.09741173,0.11445384,0.097846106,0.082816124,0.06917179,0.04144176,0.01346039,-0.0064475313
0.42238402,0.49290326,0.47737426,0.31591827,0.20878828,0.13730693,0.14087948,0.12851694,0.18278852,0.23921938,0.26901826,0.29909402
0.48624605,0.42064872,0.34196693,0.21971428,0.1512258,0.09759158,0.07693693,0.05646631,0.059279412,0.07902081,0.081476,0.08207876
0.15083629,0.035485044,-0.0018500388,-0.0010784417,0.0056985915,0.019913286,0.01684162,0.05315653,0.036580462,0.043326087,0.03957004,0.027001277
-0.013657719,0.037303798,0.079859994,0.15809758,0.19241247,0.19308768,0.1635518,0.13631138,0.09067773,0.041986495,0.0066700354,-0.029890984
0.010164339,-0.04081558,-0.08606795,-0.1290443,-0.15011162,-0.15272693,-0.13312507,-0.09942235,-0.048744984,0.006409174,0.044877514,0.07719472
-0.2446933,-0.25994995,-0.2196874,-0.11668633,-0.048084073,-0.01729285,-0.016354874,-0.0038022697,-0.029717851,-0.060854465,-0.08305799,-0.119264334
0.0055984557,-0.009962173,-0.012797292,-0.011965407,-0.009723783,-0.004951954,-0.005823057,-0.008736178,-0.014560295,-0.021408489,-0.022747442,-0.02207242
0.35998037,0.43138927,0.40017292,0.32718587,0.27929825,0.24629144,0.21351068,0.18664041,0.17878582,0.17720997,0.1614893,0.1585295
-0.21692988,-0.19053498,-0.1417607,-0.042189553,0.023237348,0.05130981,0.03963381,0.024948016,-0.03315287,-0.08927949,-0.12851658,-0.16766113
0.08009596,0.052424278,0.031088486,0.026271693,0.019382998,0.024804942,0.0161803,0.010324765,-0.006341474,-0.023636088,-0.030970728,-0.029874954
0.17890988,0.18032232,0.17269243,0.1557712,0.14225557,0.12604913,0.10959818,0.09078646,0.06423676,0.04382694,0.029949147,0.015388139
-0.12229147,-0.08513147,-0.044742122,0.027986065,0.071026385,0.10435864,0.0885873,0.06054087,-0.0024157614,-0.06808865,-0.11193718,-0.14554119
-0.2749164,-0.24561799,-0.25748396,-0.2862859,-0.2822032,-0.2738458,-0.23152916,-0.19329903,-0.115847126,-0.047171693,-0.0041160546,0.030720092
0.39058417,0.29381603,0.2083689,0.0712181,-0.006614089,-0.046944857,-0.03882867,-0.024716556,0.010726109,0.06981702,0.10332078,0.12850198
-0.060601186,-0.05203636,-0.08047001,-0.0747536,-0.08063083,-0.07793219,-0.07583955,-0.058560733,-0.022469644,0.009304106,0.03566288,0.055870503
0.092099324,0.10441272,0.10314073,0.08435884,0.07070735,0.0564173,0.048401367,0.035471883,0.035010777,0.0331411,0.031998843,0.031187277
0.11697863,0.09664605,0.021170959,-0.09794758,-0.14900692,-0.18413273,-0.17597607,-0.17443784,-0.12592883,-0.07176416,-0.042356893,-0.015500724
0.38631427,0.3174163,0.27774933,0.22823492,0.19558263,0.17328179,0.15783083,0.1453916,0.12817654,0.11404164,0.10303611,0.0892005
0.56082433,0.5151304,0.50490713,0.47939697,0.45115072,0.4165492,0.3614754,0.3083902,0.21336779,0.15007254,0.09267607,0.042513177
-0.05229061,-0.04125508,-0.024004791,-0.0014535822,0.009089343,0.009355338,0.008429106,0.0036464417,-0.0047692806,-0.017672542,-0.02753281,-0.03735133
0.099790685,0.050247833,0.02874352,-0.0016479939,-0.017161973,-0.025464334,-0.014848851,0.0047827736,0.024092969,0.049682908,0.06417093,0.07551281
0.55672073,0.4787849,0.4337306,0.3072436,0.23878226,0.19348252,0.16128986,0.11440581,0.07590635,0.069148466,0.066097096,0.07182929
0.08131622,0.068142995,0.041831035,0.07218074,0.090769894,0.121286236,0.093216226,0.08715681,0.053995155,0.02472578,0.016540691,0.006103717
0.24562097,0.23288772,0.18979727,0.114997774,0.07674724,0.057973817,0.05333647,0.06137623,0.09021321,0.121772975,0.14141807,0.15552282
0.028086994,0.01664773,-0.016878627,-0.04130767,-0.056015763,-0.05864527,-0.062212102,-0.058776617,-0.041604046,-0.027991423,-0.015213955,-0.0029162616
0.104004875,0.059666343,0.0032791793,-0.051568747,-0.08597247,-0.101002745,-0.09615138,-0.06811033,-0.020559162,0.028129209,0.066426545,0.09466789
0.13738312,0.13203838,0.1137988,0.09161656,0.06833895,0.050215557,0.039532796,0.038356617,0.053150643,0.06676299,0.07866469,0.08757244
-0.0887519,-0.0871615,-0.09330341,-0.091350555,-0.07614755,-0.06439224,-0.054249622,-0.034032468,-0.017780427,-0.0033907434,0.0033367733,0.0030322256
0.15117314,0.14367414,0.10162464,0.04706964,0.021372244,0.014430746,0.01177384,0.014911383,0.029076912,0.04902894,0.06144895,0.07185826
-0.31997037,-0.27008653,-0.20641077,-0.14102793,-0.088712126,-0.07956901,-0.062880754,-0.054475255,-0.035366565,-0.031048182,-0.026452333,-0.026713952
-0.054041162,-0.097623035,-0.110822245,-0.094433695,-0.07789984,-0.050656542,-0.044503927,-0.028571904,-0.031169737,-0.03575816,-0.029937092,-0.022439755
0.50102544,0.4062556,0.2942636,0.108510435,0.0043770075,-0.057618022,-0.06047222,-0.06407544,-0.015314668,0.04548062,0.088033214,0.1309172
0.37667558,0.3412973,0.33068627,0.2907088,0.26017386,0.22950032,0.19430272,0.15984304,0.116789944,0.07324235,0.050836045,0.032006443
-0.47263977,-0.4717744,-0.45812255,-0.34190875,-0.27037144,-0.22286749,-0.21368815,-0.17816582,-0.16766903,-0.17281963,-0.1667327,-0.17459169
0.3048662,0.16974084,0.14203516,0.096244335,0.06919512,0.048905283,0.052716076,0.0743371,0.06982865,0.09063513,0.09644935,0.09675717
0.1812957,0.17467871,0.1444067,0.08856092,0.058666795,0.050537154,0.048734993,0.05053718,0.066311255,0.08309802,0.09463924,0.108075894
0.06837899,0.06772628,0.08550613,0.097018756,0.09450483,0.07933349,0.06654351,0.060189586,0.062065043,0.054080818,0.054099336,0.05273111
-0.095341876,-0.094461784,-0.08653279,-0.054146238,-0.03782782,-0.02246139,-0.019403068,-0.0015064161,-0.0005575754,-0.0022266298,0.0006593056,-0.0019805413
-0.21798438,-0.17936596,-0.16193356,-0.13123232,-0.107821405,-0.08622937,-0.0724045,-0.06552874,-0.059811577,-0.055853102,-0.05673597,-0.055545773
-0.34767258,-0.36118147,-0.34066537,-0.26149407,-0.20350885,-0.1652208,-0.14052543,-0.095984325,-0.073382,-0.047417518,-0.03362362,-0.035402097
0.2204318,0.25636134,0.2407096,0.16703056,0.111462206,0.07627067,0.075952545,0.066081196,0.09375207,0.12619346,0.14221169,0.15756589
-0.081130855,-0.05432027,-0.020839393,-0.011673205,-0.0022281855,0.001320757,0.010340303,-0.0016631708,-0.010043759,-0.020725654,-0.030410837,-0.03209188
-0.26764452,-0.30410793,-0.20038277,-0.036752507,0.03758359,0.060867533,0.051487386,0.03039521,-0.070456415,-0.19076845,-0.26318145,-0.33060533
-0.1670776,-0.112440534,-0.05596462,0.020861223,0.060512155,0.07334107,0.06638435,0.05043018,0.02011314,-0.02246989,-0.053701796,-0.08001716
-0.31551725,-0.23831257,-0.21170765,-0.013715476,0.093022734,0.16643207,0.12156102,0.12182632,0.06299962,-0.021238547,-0.06634212,-0.11495566
0.12400159,0.09882752,0.08209856,0.053132817,0.032188296,0.020804245,0.013733465,0.0061644465,-0.00014840439,-0.00040506013,0.0004900778,0.002726091
0.05452459,0.071535766,0.07407593,0.08143047,0.08047323,0.072578564,0.06386074,0.0539003,0.04496333,0.03726897,0.02661094,0.012641625
-0.51626194,-0.50687057,-0.46484435,-0.40727285,-0.3614419,-0.3326731,-0.27247685,-0.22301364,-0.16955025,-0.11688813,-0.086331874,-0.066759445
0.38165936,0.43829948,0.46365356,0.40488577,0.3793816,0.3348413,0.28708383,0.21666948,0.15884972,0.1029023,0.07356207,0.042842153
-0.03679187,-0.0750539,-0.09201085,-0.0830576,-0.07542038,-0.06339068,-0.057908364,-0.035596307,-0.025803972,-0.012532817,-0.0011947807,0.0024138624
0.079657435,0.043676086,-0.0018200576,-0.051798224,-0.0867687,-0.108710095,-0.09931737,-0.074900106,-0.022937737,0.027721757,0.061801743,0.087627605
0.15879354,0.11406283,0.06791693,0.016767398,-0.016240358,-0.03245423,-0.037565663,-0.028022256,-0.0046732128,0.026001617,0.052424863,0.07337806
-0.11068674,-0.07150442,-0.03983663,-0.0045122653,0.016423374,0.03630072,0.037099525,0.035682812,0.0367507,0.02317191,0.025982069,0.036724824
-0.12640429,-0.06103622,0.005381942,0.043435648,0.06982925,0.07440223,0.0808878,0.06568868,0.040685702,0.018138222,-0.005659366,-0.026964702
0.63355786,0.6197457,0.5609941,0.36831737,0.23249424,0.16139281,0.14414662,0.122398406,0.14365906,0.17998396,0.20763582,0.2453911
0.048868794,0.048634786,0.043230157,0.011269191,-0.007959845,-0.021256458,-0.016668411,-0.018605504,0.002458441,0.01858631,0.030765725,0.045868773
-0.049871825,-0.11199977,-0.17910504,-0.23722501,-0.27324498,-0.28681087,-0.26052824,-0.2137503,-0.13874732,-0.062270813,-0.009303413,0.030408733
0.18114462,0.21094175,0.22618057,0.21652591,0.21996363,0.23074663,0.20131591,0.14888188,0.078331426,0.015591454,-0.020401467,-0.03988681
0.6314625,0.6060515,0.5952276,0.5504551,0.50956196,0.49121386,0.4273095,0.3624767,0.25771403,0.1703164,0.11449295,0.07289457
-0.94416666,-0.77066964,-0.5845097,-0.53690934,-0.45786822,-0.42816383,-0.31201524,-0.29016072,-0.21281743,-0.14420737,-0.12064959,-0.08683148
0.27834615,0.2749509,0.24950026,0.21603376,0.18981248,0.16850519,0.15635028,0.16269884,0.13759513,0.12927376,0.095240295,0.067517124
0.045669027,-0.037046134,-0.106763214,-0.17666444,-0.2084172,-0.2109465,-0.17627442,-0.12193827,-0.052312978,0.022738717,0.07169467,0.11122233
-0.263824,-0.2536693,-0.22248091,-0.1718684,-0.12885739,-0.10645841,-0.09030311,-0.07754217,-0.07363522,-0.07244817,-0.07210385,-0.074930936
0.022727199,0.019395169,-0.011468805,-0.028202765,-0.038430244,-0.04001405,-0.037515506,-0.023102194,-0.00062192976,0.021945717,0.03680561,0.04647898
0.072520465,0.14646178,0.18050632,0.21130878,0.22529519,0.22346342,0.18779434,0.121080965,0.04284278,-0.04298704,-0.101963274,-0.1417878
-0.2967719,-0.27352557,-0.24330902,-0.19826642,-0.17357141,-0.1604422,-0.137797,-0.11816014,-0.086956054,-0.0658319,-0.04968501,-0.036467157
0.09859988,0.103039265,0.13155851,0.15176766,0.1598143,0.1486281,0.13607873,0.11590377,0.09436242,0.06772185,0.049174264,0.030929685
-0.051134977,-0.020055592,0.004962459,0.038923115,0.056750022,0.062002614,0.051918387,0.032476794,0.0099790245,-0.017713863,-0.034839217,-0.046028372
0.06452557,0.050738655,0.03308621,-0.00040020794,-0.014981475,-0.02180209,-0.0188386,-0.01489656,-0.0016098246,0.015985677,0.027574155,0.036860354
0.9552429,0.8836601,0.7373089,0.5426646,0.43822798,0.3909707,0.310976,0.26857588,0.2273368,0.18489942,0.18810837,0.20761922
0.25941744,0.28113914,0.31422347,0.29257515,0.26865894,0.24266234,0.21759477,0.17019057,0.12082575,0.07318925,0.038190197,0.01726396
0.9722985,0.8650251,0.7189903,0.3729596,0.17882061,0.07538432,0.084956884,0.083838224,0.13773718,0.2163885,0.24197182,0.29082212
-0.02111043,0.028763495,0.09760922,0.17642266,0.21451108,0.22776493,0.19733205,0.15659152,0.08028373,-0.0054938076,-0.060331523,-0.10441178
0.2678816,0.27808705,0.27839443,0.23803881,0.18314992,0.12891622,0.116221994,0.08312116,0.09107336,0.09660317,0.08928776,0.096184894
0.2712417,0.20850345,0.13974065,0.051217973,-0.00053682923,-0.029532418,-0.0330759,-0.030041896,-0.0036014393,0.034641918,0.061880693,0.08424775
-0.120327786,-0.10563328,-0.10699707,-0.09023204,-0.07977813,-0.0830722,-0.07960163,-0.068453036,-0.030739866,-0.008541707,0.009418484,0.02442703
-0.17589635,-0.12195035,-0.1335582,-0.10866818,-0.08955102,-0.083484575,-0.08468272,-0.06305312,-0.01907752,0.00838883,0.02735775,0.036701716
0.10466901,0.060128704,0.024732813,0.02951631,0.016546935,0.0055909753,-0.0016940981,0.034005404,0.061995365,0.100106314,0.120868936,0.11736862
0.38727263,0.37061042,0.305486,0.15961364,0.08330789,0.028275967,0.025031626,0.0121204555,0.047955588,0.09896541,0.120352834,0.14174837
-0.15153237,-0.12256464,-0.074401915,-0.04887484,-0.021576524,-0.008728474,0.005093649,-0.0021862835,-0.02237054,-0.03784918,-0.055388086,-0.06726609
0.19628176,0.12023723,0.060097814,-0.0024697483,-0.039089143,-0.068336904,-0.061853766,-0.031310618,0.023891509,0.07893087,0.11691297,0.1382793
0.13479888,0.08362917,0.045995533,0.028711919,0.014737107,0.0069727823,-0.017983586,-0.042607777,-0.0720007,-0.089031786,-0.09271426,-0.095303975
0.17667016,0.13962775,0.08871561,0.013627186,-0.029134318,-0.054518014,-0.054742977,-0.053063378,-0.034056764,-0.006710548,0.0073489826,0.019720599
0.3096472,0.3066351,0.25899035,0.18499777,0.15919578,0.12738374,0.11101192,0.12312356,0.15193164,0.18001238,0.201691,0.20709234
-0.42757565,-0.38929564,-0.3169556,-0.15575582,-0.07044369,-0.032048285,-0.03667113,-0.040569812,-0.095829226,-0.16042148,-0.2034162,-0.2481662
-0.019542892,0.00067460537,0.025606923,0.05553466,0.084971696,0.11773084,0.10796067,0.0926345,0.05258157,0.01029161,-0.013143474,-0.02696018
0.038713202,-0.004106,-0.04388874,-0.084728256,-0.107040286,-0.1182224,-0.11152827,-0.088434935,-0.05229413,-0.009376444,0.01945149,0.037391424
0.46876636,0.4062091,0.36449057,0.16679513,0.046939075,-0.049265146,-0.031666934,2.899766e-05,0.07940921,0.16958477,0.22408958,0.26519
-0.32411927,-0.3073866,-0.2712286,-0.22361946,-0.1928775,-0.17626408,-0.15006675,-0.12872586,-0.1086805,-0.09824407,-0.0909016,-0.08609928
-0.0765019,-0.041114844,0.014046252,0.061383054,0.09520796,0.11093184,0.104972355,0.077248976,0.027159803,-0.022237722,-0.055889525,-0.07791303
-1.254929,-1.1502444,-1.0825049,-0.70521367,-0.48524415,-0.30825168,-0.2914989,-0.19807297,-0.20091197,-0.24497475,-0.2562912,-0.28530538
-0.18154645,-0.19456935,-0.18972243,-0.16917257,-0.15665923,-0.15056655,-0.13430157,-0.11094773,-0.08672326,-0.069229156,-0.053961847,-0.04493113
0.14750151,0.04949005,-0.011322796,-0.07182598,-0.098290175,-0.10228388,-0.09797807,-0.080537476,-0.07480581,-0.04470756,-0.02494036,-0.011209786
-0.09286931,-0.105687365,-0.10434617,-0.107141055,-0.10772969,-0.10948266,-0.09252033,-0.07935189,-0.06360722,-0.038620114,-0.024837576,-0.013893733
-0.13841558,-0.095843814,-0.054916278,-0.047887772,-0.080132365,-0.11476789,-0.09246076,-0.0959115,-0.06270344,-0.030378997,-0.02043885,-0.0055292994
-0.29021195,-0.27525696,-0.29772386,-0.300573,-0.29655573,-0.2790777,-0.24191059,-0.19660288,-0.1189419,-0.048990745,0.0026516244,0.043662198
0.48967898,0.48459888,0.4609899,0.42828506,0.3742318,0.33542547,0.28191626,0.23223934,0.1783612,0.124535844,0.08777438,0.0617332
0.037392855,0.092203185,0.09767108,0.06391579,0.048667874,0.041731056,0.040613268,0.02819415,0.03215258,0.03484629,0.031454194,0.0343393
-0.088185556,-0.106565095,-0.12880129,-0.11523977,-0.109765224,-0.09681986,-0.08641699,-0.058912735,-0.027828457,0.0005734707,0.023351777,0.039592106
-0.02625045,-0.031169502,-0.009029694,0.010039996,0.018415604,0.019635908,0.02177475,0.022312295,0.018131044,0.015413091,0.01424722,0.013825992
-0.060595732,-0.066135734,-0.060911868,-0.032811105,-0.01553829,-0.0023786873,-0.0051939823,-0.005323041,-0.015331499,-0.03216757,-0.04076405,-0.04925044
-0.10138886,-0.14138928,-0.14670761,-0.109113425,-0.08235907,-0.06521475,-0.060593203,-0.045882855,-0.048781227,-0.051715657,-0.05083003,-0.052905798
-0.9725136,-0.8617571,-0.7024939,-0.54130954,-0.4369821,-0.3724569,-0.27951756,-0.22194779,-0.18216565,-0.14914562,-0.1374203,-0.12315485
-0.35319513,-0.39582002,-0.40063342,-0.34774542,-0.31445178,-0.29157326,-0.25701797,-0.19899704,-0.14838502,-0.10081137,-0.06832708,-0.05513493
0.01873479,-0.0819014,-0.19519465,-0.26774293,-0.31363547,-0.32371065,-0.30125377,-0.23150423,-0.13395515,-0.039949846,0.0226161,0.06739957
-0.23186906,-0.2604846,-0.25894547,-0.143355,-0.07991259,-0.031903483,-0.03775838,-0.010713875,-0.022255566,-0.04732652,-0.053522274,-0.075140476
-0.12842473,-0.08724712,-0.08766231,-0.1228369,-0.12365073,-0.11333131,-0.091762036,-0.08820374,-0.06278303,-0.033558473,-0.01653779,0.0053521506
0.04179427,0.05108692,0.03399876,0.0014870092,-0.012314111,-0.02213876,-0.020948432,-0.0170784,0.005352825,0.025319844,0.03672432,0.043877546
0.1275378,0.08277233,0.04871629,-0.024303675,-0.067240536,-0.09628838,-0.07784328,-0.052087083,-0.00057576597,0.05672269,0.09187336,0.11645454
0.028221752,0.08019997,0.04115303,0.04836696,0.06438568,0.09641344,0.07762115,0.067290574,0.0449656,0.029432043,0.014842696,-0.006036734
0.30386227,0.18836102,0.10158792,-0.046883762,-0.1244621,-0.15960145,-0.13332883,-0.09146553,-0.0232445,0.057247087,0.10591563,0.14404215
-1.0384041,-1.0142,-0.90323526,-0.68195164,-0.54663587,-0.46458805,-0.40825868,-0.36310667,-0.36895207,-0.3928987,-0.40978128,-0.4325223
-0.085300915,-0.045359164,0.01025112,0.059456125,0.09724335,0.12650311,0.11825976,0.08939198,0.033308677,-0.017837096,-0.05114339,-0.07263398
0.4066328,0.41317502,0.313396,0.16823804,0.07515806,0.037077785,0.025253385,0.032962292,0.09944421,0.16944446,0.2238301,0.27278057
-1.4226254,-1.3637489,-1.3063104,-0.94184256,-0.7568871,-0.62080413,-0.57519203,-0.4710104,-0.4306112,-0.43981406,-0.4267693,-0.44027373
0.42827675,0.47060415,0.4906093,0.47196272,0.4583997,0.43261975,0.3751546,0.30408198,0.20515843,0.11031599,0.04320447,-0.01013881
0.4073457,0.32676792,0.2672929,0.20987956,0.17140406,0.16140601,0.12230462,0.08947246,0.04827251,0.013038024,0.004802894,0.005894415
0.08984184,0.089213,0.050883964,0.016764134,-0.0068047643,-0.027875438,-0.0371805,-0.031368844,8.3230436e-05,0.03532389,0.061406914,0.0764553
-0.26445895,-0.16291682,-0.10539436,-0.0180614,0.054313093,0.08252245,0.06174223,0.0311535,-0.01615575,-0.08199105,-0.12930082,-0.1764546
0.30429628,0.28124183,0.2474885,0.18661898,0.13258067,0.09601177,0.0809471,0.06215767,0.06301582,0.070488654,0.07610301,0.08415334
0.24754058,0.19272041,0.1359633,0.08663699,0.04687324,0.03744343,0.022134215,0.029102802,0.044959214,0.05078861,0.06600143,0.083742894
0.041828312,0.02015597,0.008622259,-0.005731005,-0.019163985,-0.021477375,-0.019310482,-0.008895095,0.0007055979,0.008675931,0.01998591,0.030451387
0.041107517,0.008156151,-0.00568977,-0.0327374,-0.047800772,-0.055324882,-0.04260316,-0.027814334,-0.0029448774,0.027154189,0.04783563,0.06523705
-0.23110989,-0.23948413,-0.26544157,-0.2651346,-0.26287135,-0.25308457,-0.2257533,-0.18193457,-0.12262568,-0.06772199,-0.031256907,-0.0037874952
0.13791232,0.102620944,0.08362892,0.038667664,0.016380653,0.0024577007,0.0053960755,0.006020598,0.0137090795,0.03077724,0.03967406,0.0486644
0.00493648,-0.00073321536,-0.007760033,0.028959962,0.04300873,0.05147933,0.036929656,0.04107803,0.031853095,0.021041408,0.015719524,0.0038336683
0.19294234,0.13985035,0.13450894,0.10268971,0.08571929,0.06462025,0.061032087,0.05897449,0.0543119,0.058460593,0.05706039,0.050690413
-0.4615159,-0.3644302,-0.30091298,-0.17748123,-0.098341614,-0.063525915,-0.062286794,-0.06544165,-0.08051699,-0.11215417,-0.1334951,-0.1584019
0.14047045,0.14331532,0.13024765,0.08400175,0.05688125,0.03564038,0.02943822,0.0152279325,0.017430408,0.025277648,0.027757367,0.033496883
0.03298352,0.042559296,0.04108943,0.0612764,0.07470641,0.0839531,0.06260464,0.037990842,0.00049767643,-0.045434766,-0.0686067,-0.08572276
0.15989496,0.15636548,0.1376253,0.09162179,0.05774325,0.034308925,0.034348488,0.040919185,0.06673353,0.092891194,0.10730389,0.11770602
0.016528321,-0.005870141,-0.03363839,-0.04667463,-0.05572152,-0.05045131,-0.04645936,-0.03063784,-0.014086744,0.0028784368,0.014532629,0.019973833
0.17682934,0.14449435,0.10878904,0.08563776,0.056611434,0.035891473,0.017685413,0.008193564,0.0099297725,0.0091414545,0.014494039,0.022178913
-0.4494734,-0.4420913,-0.3969491,-0.30729175,-0.24585184,-0.20432113,-0.17566952,-0.15944749,-0.16632882,-0.17674169,-0.18303092,-0.18939064
-0.038389523,-0.06686212,-0.09707393,-0.11947005,-0.13056155,-0.12405357,-0.10941385,-0.08326167,-0.05397392,-0.023445345,-0.0058708675,0.0121181
0.19938307,0.16396424,0.14176643,0.13848144,0.13136077,0.0950104,0.06729151,0.062372953,0.08969715,0.10164642,0.11863994,0.12500423
-0.059370726,-0.106687605,-0.14411578,-0.1542146,-0.16251785,-0.16516736,-0.15536663,-0.124792285,-0.08582032,-0.042997867,-0.010752153,0.007946394
0.17449118,0.1465372,0.12212744,0.07783809,0.05002471,0.034700252,0.031204551,0.031138487,0.044984914,0.06222578,0.075159796,0.087781966
0.22793984,0.1954373,0.16773328,0.12914059,0.09576149,0.0744333,0.05643335,0.039367415,0.03773267,0.03226229,0.03729435,0.048192896
-0.07680792,-0.10549356,-0.12805843,-0.13538231,-0.14296548,-0.1435063,-0.12741742,-0.095011234,-0.049001984,-0.0063181715,0.026267849,0.04949215
-0.16737638,-0.15779075,-0.17384753,-0.15875664,-0.14990322,-0.13819152,-0.12658484,-0.10021253,-0.064792365,-0.03711368,-0.014344461,-0.00085053965
0.30043945,0.39627516,0.41406906,0.43873,0.43496993,0.43250808,0.36065412,0.26700932,0.14503236,0.02669551,-0.049205672,-0.106498875
0.11327233,0.09255463,0.089409925,0.09648302,0.094674304,0.099465504,0.08325525,0.072593115,0.04864256,0.018254872,0.004910229,-0.0010220371
0.6408395,0.5283861,0.4342162,0.31033608,0.21583128,0.16593331,0.13782543,0.13044804,0.13586697,0.164129,0.1956279,0.22185951
-0.07080944,-0.105610274,-0.124891266,-0.12600389,-0.12762564,-0.12272407,-0.110434085,-0.08625562,-0.05661127,-0.029555956,-0.0067974404,0.011642385
-0.8967001,-0.8913784,-0.78338444,-0.53834665,-0.39140517,-0.30763254,-0.2656466,-0.20573021,-0.20472112,-0.22563425,-0.23502284,-0.26124907
0.40570143,0.37679225,0.33006492,0.24092051,0.19548732,0.18103991,0.1617634,0.13767041,0.117515564,0.11467328,0.11462481,0.12171158
0.12981042,0.12962127,0.086840965,0.021082819,-0.019820064,-0.038847387,-0.036228657,-0.028273799,0.0079890825,0.046421014,0.06983627,0.0926249
-0.108343855,-0.0977143,-0.0664753,-0.03361003,-0.014829509,-0.012664475,-0.012209535,-0.026708253,-0.04770733,-0.07174562,-0.08741179,-0.09915161
0.04609093,0.20199803,0.23047683,0.1863308,0.15588069,0.14559115,0.15105246,0.11189888,0.11851068,0.12449504,0.120529056,0.13486981
0.41239488,0.46788344,0.50685894,0.44183767,0.41104358,0.39160156,0.3409334,0.21717526,0.07888204,-0.027710654,-0.09965512,-0.13666047
-0.031301044,-0.04949468,-0.06312953,-0.06975934,-0.075998515,-0.07507881,-0.06111926,-0.022653133,0.019648172,0.06160823,0.089284666,0.10342374
-0.222954,-0.18224588,-0.16757834,-0.15623435,-0.14674214,-0.14729539,-0.12414576,-0.10462101,-0.06562881,-0.032784507,-0.016592525,-0.00851281
0.18873848,0.15719898,0.12647282,0.077396736,0.049409747,0.02908206,0.020015001,0.013785258,0.021486416,0.031758018,0.041987035,0.048884746
0.23067121,0.2038206,0.1417102,0.093669906,0.058147162,0.052693635,0.039250866,0.057175033,0.08311309,0.11750756,0.14406781,0.16408995
0.4386695,0.3617957,0.2915694,0.19069362,0.1394192,0.08709872,0.07267317,0.08772883,0.127191,0.17390172,0.1946493,0.20498501
-0.11841162,-0.1320231,-0.121653624,-0.096168354,-0.07473735,-0.0681537,-0.058877967,-0.04673309,-0.044051927,-0.044880714,-0.046040244,-0.0516546
0.053963907,-0.007592067,-0.042594343,-0.0796772,-0.090441875,-0.09496825,-0.09290856,-0.08612502,-0.08987789,-0.0755734,-0.07184854,-0.07357444
-0.27283257,-0.275078,-0.26352292,-0.18754786,-0.1404319,-0.10780714,-0.10074796,-0.079093345,-0.09119502,-0.10271679,-0.11376756,-0.1312588
0.026885774,0.01863823,0.0148292715,-0.007088896,-0.016707001,-0.020986237,-0.016730286,-0.0193242,-0.011618174,-0.0037406231,0.0033022268,0.014040811
-0.16579491,-0.1573574,-0.19349647,-0.08015823,-0.05085662,-0.07934588,-0.120486826,-0.0838391,0.022949934,0.075874165,0.13550228,0.1635457
-0.04453873,-0.07945767,-0.118815735,-0.1428138,-0.15416628,-0.16079086,-0.14896712,-0.119191095,-0.070240386,-0.023401756,0.012269082,0.036523253
-0.016800284,-0.023172691,-0.022270903,-0.021014072,-0.019193135,-0.023125429,-0.015078701,-0.009594401,-0.0029756762,0.008791529,0.0106347,0.008633878
0.14057603,0.07681085,-0.007063657,-0.11155397,-0.17232679,-0.20158878,-0.19152983,-0.1721532,-0.11672696,-0.056053694,-0.012083203,0.024534434
0.12663108,0.11388699,0.047420144,-0.013316289,-0.043054372,-0.048922613,-0.05259177,-0.030983374,0.005609058,0.05043788,0.0804556,0.09721099
-0.16404161,-0.16386935,-0.13996573,-0.1172172,-0.09783665,-0.08441958,-0.06880691,-0.063584805,-0.062287305,-0.061955072,-0.06145287,-0.059746835
-0.117556535,-0.10311197,-0.08743704,-0.100702174,-0.105983645,-0.11819694,-0.09868008,-0.08240912,-0.040848773,0.00117293,0.025839046,0.044430748
-0.46286878,-0.45708805,-0.42959848,-0.3017046,-0.21802193,-0.16011506,-0.14971533,-0.10991967,-0.10356829,-0.093206026,-0.082337216,-0.085485585
0.23594682,0.3095683,0.3251074,0.33425197,0.32231474,0.30637527,0.26441604,0.20834905,0.12773198,0.056206856,-0.0003418252,-0.043162085
-1.2760974,-0.32750922,-1.3708665,-0.9129123,-0.6919797,-0.023476005,-0.3773008,-0.07810277,-0.07482776,-0.12189351,-0.08520953,-0.17462568
0.23727864,0.22448012,0.22721225,0.20667715,0.19424057,0.17974511,0.15796703,0.12664232,0.08285542,0.043062262,0.016857557,-0.00044368953
-1.2880437,-1.278564,-1.2403886,-0.9179994,-0.7612157,-0.6627946,-0.62220025,-0.49906027,-0.4033961,-0.36287034,-0.31089494,-0.29700392
-0.008651659,-0.055004165,-0.060129046,-0.0715132,-0.0708559,-0.06691469,-0.059706215,-0.064673476,-0.07469476,-0.08146706,-0.08354581,-0.08036977
0.073658325,0.06633255,0.04910429,0.03545095,0.025707453,0.016918048,0.0116793215,0.014093086,0.018208627,0.026224887,0.027999546,0.02494568
0.068831,0.042420536,0.03813842,0.0049883723,-0.013874888,-0.037398413,-0.021654949,-0.0009739697,0.029070236,0.06479113,0.07624767,0.08477478
0.44989347,0.39765412,0.3092694,0.18855894,0.10845122,0.0495784,0.03136456,0.03660214,0.07898909,0.13234854,0.16392456,0.18847044
-0.20640557,-0.13822353,-0.057925045,0.0069233775,0.054916292,0.07249345,0.073900044,0.035533726,-0.013620377,-0.07182619,-0.1158629,-0.14315467
-0.08338022,-0.100639895,-0.06451047,0.0040353984,0.03525205,0.05498615,0.048902094,0.043020144,0.0038775243,-0.04486466,-0.07200183,-0.09520341
0.5218348,0.56905335,0.50238025,0.30395743,0.19185746,0.13319385,0.12973517,0.12323022,0.1201092,0.13714848,0.13285121,0.14823444
0.14526081,0.11744855,0.09269421,0.06664169,0.054868862,0.055216953,0.04220543,0.027096938,-0.0033730417,-0.018629083,-0.032562394,-0.040199857
-0.2928515,-0.28370494,-0.24568442,-0.14423437,-0.08048962,-0.045478836,-0.05025527,-0.062622726,-0.11339541,-0.16688383,-0.2001172,-0.23330247
0.05799226,0.052607194,0.0449826,0.022337038,0.007692922,-0.0046464205,-0.005510196,-0.009483237,-0.0027362984,0.004479259,0.0087088365,0.013491696
-0.018515844,-0.056533135,-0.07755384,-0.08455865,-0.08381664,-0.08041305,-0.07109979,-0.049225453,-0.03224291,-0.01000721,0.0046451106,0.011171508
-0.35234118,-0.30294618,-0.26560768,-0.20241696,-0.14523935,-0.10084471,-0.07949138,-0.07315254,-0.085169435,-0.09670123,-0.10975857,-0.119705655
-0.26186156,-0.25380853,-0.28138226,-0.31740606,-0.32214713,-0.30199993,-0.25136584,-0.2014158,-0.13179326,-0.056782454,-0.013615102,0.023900934
0.7342418,0.65944755,0.6010579,0.48545495,0.41961053,0.3455032,0.27665854,0.17080624,0.05539219,-0.051938444,-0.12250488,-0.1749839
0.13295268,0.13932608,0.13915278,0.13890135,0.13211048,0.1297479,0.11302463,0.0985093,0.074506804,0.05354353,0.03839244,0.029223248
-0.16362831,-0.24826087,-0.2872262,-0.29152328,-0.2963478,-0.29139775,-0.26567662,-0.2158207,-0.16352423,-0.09719152,-0.047065668,-0.016950414
0.06735432,0.07167296,0.06485823,0.048332967,0.043378673,0.04108098,0.032855816,0.024813754,0.016202237,0.011055937,0.008826885,0.006931095
0.77485174,0.6368139,0.56807953,0.44403332,0.37135166,0.30599162,0.23577079,0.13438438,0.013278946,-0.08819768,-0.17421675,-0.23856929
0.15331927,0.12896135,0.09416632,0.045451954,0.012830332,-0.0004364401,-0.0012078136,0.006701678,0.023093276,0.045070045,0.05832258,0.06921094
-0.08456291,-0.1096956,-0.0998988,-0.1014801,-0.09876012,-0.0893429,-0.075825386,-0.084540844,-0.09276372,-0.106588736,-0.11115222,-0.10617451
0.51829225,0.48943067,0.4401119,0.36400518,0.3073526,0.2755034,0.23627223,0.20926513,0.18802279,0.17185076,0.16466734,0.16106626
0.5263047,0.44064665,0.3610419,0.24662805,0.17376202,0.12740618,0.1019223,0.09679052,0.10033642,0.13098043,0.14701639,0.15966767
-0.8931136,-0.90003955,-0.818426,-0.5888901,-0.44982687,-0.3410033,-0.28639984,-0.20294935,-0.19116765,-0.19828507,-0.19522426,-0.2029158
-0.14944278,-0.21140872,-0.21206006,-0.17069337,-0.13524717,-0.11633868,-0.09861355,-0.0655992,-0.05409574,-0.039808106,-0.02826473,-0.031175975
0.21092634,0.16403678,0.14869827,0.13783243,0.14132786,0.12993017,0.1081614,0.09857017,0.074793905,0.060968637,0.04785114,0.029337507
0.22963977,0.17730224,0.13818952,0.115690455,0.097910516,0.08898003,0.067926764,0.058135964,0.03726183,0.028487507,0.025771651,0.019293929
0.5224317,0.46112946,0.40665144,0.33472168,0.28531915,0.23821089,0.18304034,0.13225096,0.09115891,0.049627285,0.032297254,0.015612476
-0.50200236,-0.5228807,-0.49824327,-0.4605664,-0.4170105,-0.3932921,-0.3291098,-0.26081643,-0.18213016,-0.10240045,-0.058715586,-0.035002686
-0.037447285,-0.029769352,-0.023498494,-0.03505212,-0.036253043,-0.030978248,-0.023572177,-0.030164625,-0.036524884,-0.03718376,-0.038950484,-0.033932615
-0.058081582,-0.055770516,-0.038693205,-0.028382795,-0.02130283,-0.013573397,-0.0028020982,0.009856156,0.014128042,0.018014403,0.016623404,0.015369993
-0.114567675,-0.13881204,-0.12636176,-0.09858459,-0.0789787,-0.06949595,-0.057959292,-0.047063623,-0.045201864,-0.04587997,-0.045083255,-0.047960702
0.40782005,0.35566917,0.29678062,0.21930064,0.16534278,0.1367979,0.11128777,0.09600084,0.09262492,0.09000186,0.09708569,0.107236676
-0.14882952,-0.14069003,-0.13177387,-0.115821704,-0.10211061,-0.091195814,-0.07666145,-0.06476584,-0.05483366,-0.04495754,-0.039867938,-0.035630632
-0.16033281,0.018172875,-0.03374836,-0.109841645,-0.114371344,-0.076843165,-0.063366726,-0.06578524,-0.0026236996,0.056833245,0.09408042,0.13777873
-0.037390072,-0.06845053,-0.034157664,0.025409088,0.06536236,0.08326655,0.07551229,0.06414442,0.017515868,-0.02769944,-0.054907862,-0.08123843
0.20006244,0.16634451,0.1466076,0.1032209,0.06638229,0.05035373,0.045584626,0.045985494,0.05085462,0.05790795,0.0673004,0.07907595
-0.096619084,-0.13063383,-0.1387822,-0.10416905,-0.08640142,-0.08753613,-0.084787026,-0.06957916,-0.05989664,-0.04405633,-0.035886362,-0.041202195
0.0027875043,0.012802068,0.027171588,0.014815275,-0.0035176352,-0.008966003,0.00019081682,0.004781697,0.01475636,0.02341142,0.023238692,0.028519092
0.08748671,0.09706689,0.13235398,0.15167338,0.1487863,0.13172373,0.11618599,0.09022762,0.06433426,0.03270194,0.012881843,-0.0007184241
-0.07711159,-0.100994214,-0.124822125,-0.14250122,-0.14806348,-0.152403,-0.13798532,-0.11639879,-0.08716341,-0.052763868,-0.032926086,-0.02169213
0.12250021,0.10717447,0.08768919,0.053160243,0.035530627,0.02200035,0.012726739,0.00688402,0.010094311,0.0088712815,0.009576857,0.010242895
-0.67264545,-0.53303933,-0.42401338,-0.32534844,-0.24267799,-0.18809813,-0.13539445,-0.12386632,-0.108723104,-0.10771369,-0.11776568,-0.12046207
0.40650597,0.35823822,0.30532807,0.21214834,0.15506822,0.11964747,0.1152007,0.11682537,0.124291494,0.1427508,0.14066193,0.14174837
-0.37435317,-0.22302654,-0.1418066,-0.054187298,0.0073125064,0.047212332,0.051496953,0.024446726,0.0012167394,-0.03646087,-0.066986546,-0.08124341
-1.1588602,-1.184203,-1.1710646,-0.831368,-0.65881515,-0.51661694,-0.4900946,-0.35346434,-0.29949707,-0.28275132,-0.24593411,-0.24817464
0.039654195,-0.053784788,-0.15513933,-0.20166254,-0.23633942,-0.23800798,-0.23466277,-0.19307339,-0.13823605,-0.07730526,-0.025184363,0.011277944
0.26921254,0.2216018,0.17569835,0.12623782,0.087274596,0.07691404,0.05863957,0.05428403,0.05499794,0.06297061,0.078563094,0.09500302
0.2554219,0.25785297,0.22265014,0.1538972,0.110801116,0.08436316,0.07237485,0.06571512,0.080526724,0.09412035,0.101175435,0.10799115
-0.06086798,-0.013885401,-0.0070824474,-0.016037405,-0.009519257,-0.009256408,-0.0063066073,-0.019619605,-0.009294849,-0.005988132,-0.006928183,-0.0039557964
0.27839696,0.27077925,0.21442857,0.14374724,0.10604003,0.08364466,0.05793336,0.0569167,0.06885459,0.0778663,0.09253394,0.09852185
0.2873493,0.23670845,0.20321348,0.14043951,0.10218513,0.078376144,0.07073657,0.06843057,0.07381046,0.08778767,0.09737311,0.10621998
-0.16668779,-0.13222024,-0.08858892,-0.06727935,-0.05293271,-0.050398357,-0.031333648,-0.031433202,-0.022461284,-0.014980506,-0.016545177,-0.01415077
0.07664022,0.046932183,0.034166597,0.016410645,0.009368882,0.00450876,0.0056928396,0.0036374656,-0.0018957332,0.0025340645,0.0028223982,0.0026505291
-0.00043974817,-0.109407894,-0.1781731,-0.22556575,-0.2594477,-0.27031592,-0.2502553,-0.20423988,-0.1439243,-0.07676329,-0.024775289,0.011739403
0.102167144,0.047034368,0.0025933832,-0.027021527,-0.044559047,-0.047770754,-0.0472645,-0.01938492,0.015395775,0.050326683,0.078651115,0.0981531
-0.038212355,-0.021842577,0.021872975,0.037863087,0.052701313,0.050046217,0.058166318,0.04370419,0.024681728,0.008084387,-0.009808826,-0.020996073
0.36819315,0.32257968,0.3452825,0.36646214,0.3676203,0.34241587,0.29816258,0.24470459,0.14168891,0.05944416,-0.0070907846,-0.06535271
0.52843255,0.46863368,0.42227188,0.29346627,0.22120264,0.18190014,0.16811746,0.1545476,0.14891848,0.16668266,0.17111236,0.17753157
0.26476195,0.25627074,0.2345585,0.16007005,0.118205324,0.082914844,0.07273732,0.046701387,0.04378351,0.041642614,0.036231767,0.036711976
-0.1286991,-0.15461046,-0.15335,-0.14590065,-0.15718585,-0.17711085,-0.16173433,-0.13882068,-0.09489596,-0.05616118,-0.027430803,-0.0058977976
0.3437662,0.2355766,0.13914108,0.00566417,-0.07608789,-0.1154339,-0.10999921,-0.09680006,-0.06116432,-0.006029777,0.025662601,0.05848485
-0.054367125,-0.03637315,-0.029247984,-0.050427884,-0.052216288,-0.050334476,-0.0361823,-0.034645863,-0.025212042,-0.01140267,-0.00800028,-0.00038929563
0.056579657,-0.004756227,-0.08541161,-0.16872191,-0.21436065,-0.24210814,-0.23020631,-0.16499181,-0.087699026,0.0036502257,0.07178371,0.09619017
0.035321306,0.039731152,0.048774295,0.042898342,0.044154305,0.045720965,0.043979846,0.03867273,0.030209173,0.022325749,0.01751819,0.017015593
-0.79145294,-0.77341855,-0.6906009,-0.52611613,-0.4279129,-0.3669286,-0.31660673,-0.2577512,-0.23254344,-0.22360846,-0.21221475,-0.21496646
-0.2677499,-0.32031107,-0.35850632,-0.42608014,-0.45192572,-0.45711493,-0.39406848,-0.3545623,-0.25959015,-0.17125207,-0.11117208,-0.053501666
-0.53675747,-0.4722195,-0.36041448,-0.20898288,-0.10595864,-0.05269009,-0.03849536,-0.06024185,-0.13094924,-0.21510795,-0.2791339,-0.32685226
-0.04513686,-0.039784506,-0.028014507,-0.023873325,-0.022658989,-0.023042813,-0.014515672,-0.008060936,0.0012838626,0.011048216,0.015447499,0.018135145
0.36133158,0.32860303,0.30536863,0.21481459,0.16780403,0.13451478,0.11703617,0.09049701,0.062050663,0.056024067,0.05029814,0.04922236
0.0073172217,0.01685634,0.0122331865,-0.018568562,-0.033377133,-0.042766817,-0.03422335,-0.030249855,-0.009275415,0.01236041,0.022581363,0.03297741
-0.3258058,-0.54783726,-0.5941805,-0.5513748,-0.50304925,-0.4238188,-0.34186915,-0.20999828,-0.103238516,-0.01783622,0.00222788,0.013483819
-0.13840264,-0.10227072,-0.06644049,-0.0398688,-0.012993783,0.00584653,0.013595268,0.0075016916,-0.010336064,-0.027404517,-0.040076833,-0.046890125
0.31347865,0.31919974,0.35370398,0.38843963,0.40535146,0.37256297,0.27325714,0.10449186,-0.11431685,-0.35500348,-0.5303531,-0.659121
-0.36754498,-0.3250085,-0.28937435,-0.22803712,-0.1928498,-0.161594,-0.13555959,-0.104357645,-0.07549437,-0.059335142,-0.044791494,-0.034252092
0.003335677,-0.005612312,-0.024937076,-0.040378034,-0.04521648,-0.036184173,-0.031662814,-0.021529501,-0.010773322,-6.9724396e-05,0.009046797,0.020194268
-0.005940195,0.013405062,0.022936791,0.02541954,0.019088373,0.0046476424,0.011511307,0.024134222,0.054686192,0.07499255,0.08387223,0.09243777
-0.10264675,0.12554196,0.11280444,0.047007605,0.019511506,0.02345696,0.033296287,0.027609855,0.08940918,0.15312564,0.17733583,0.21179211
-0.07826533,-0.08097804,-0.06556789,-0.034558024,-0.020851191,-0.01482439,-0.014261421,-0.020032454,-0.035978094,-0.05304909,-0.06506083,-0.07553369
-0.037120327,-0.06526934,-0.113832474,-0.17461672,-0.202909,-0.21344207,-0.18908006,-0.15385696,-0.08318867,-0.013121049,0.037347097,0.07745603
-0.2650197,-0.29923618,-0.30942324,-0.31459042,-0.3074056,-0.3060631,-0.26576877,-0.22459906,-0.1647279,-0.108846,-0.078431316,-0.060100064
-0.06374793,-0.09505047,-0.113590196,-0.11799684,-0.120753035,-0.119389944,-0.107143596,-0.08259302,-0.056987006,-0.031809203,-0.013810679,-0.0021452662
-0.06305757,-0.007308662,0.033096686,0.077646434,0.10504013,0.114086926,0.10025097,0.06874539,0.03150647,-0.012666617,-0.04241831,-0.0632489
0.0724127,0.040810928,0.016110808,-0.026819602,-0.043655746,-0.050582238,-0.035083454,-0.020675842,0.0013109595,0.029488726,0.045512192,0.06160947
0.14608234,0.12598944,0.090216085,0.029092804,-0.010678031,-0.027409866,-0.022876903,-0.024259344,-0.006731577,0.014728041,0.02668849,0.04420936
-0.010437187,-0.013040636,-0.0034120753,0.029159844,0.04063846,0.04469811,0.02949134,0.024180625,0.0020498382,-0.026827302,-0.0417035,-0.057713825
0.26802275,0.27417606,0.24370658,0.19108632,0.17067425,0.18753727,0.17412834,0.15254287,0.12422396,0.09959938,0.08282177,0.08603498
0.57821226,0.47356975,0.43462226,0.42106825,0.3861121,0.33682925,0.27378118,0.23102221,0.18501207,0.15674993,0.15480265,0.14493136
0.2392478,0.21279979,0.15804195,0.08768026,0.04727588,0.04261116,0.025266021,0.013507329,0.004777711,-0.0023020878,-0.0034709442,0.0037970934
0.015794659,0.016248893,0.00878514,0.013718633,0.014349952,0.011961577,0.0065673087,0.0038039656,0.0050926046,0.0044769114,0.0056246473,0.004656066
-0.015451893,-0.067402154,-0.05707276,0.0075240806,0.044176094,0.07233593,0.05803054,0.051143095,-0.012948241,-0.06662901,-0.09429449,-0.11943326
-0.22369637,-0.1938748,-0.13646969,-0.032136798,0.03467858,0.080114454,0.070418835,0.055380628,-0.005608782,-0.07076157,-0.11172528,-0.14491391
-0.14156777,-0.14061214,-0.117633015,-0.101778,-0.083655074,-0.07306747,-0.060087346,-0.07322429,-0.08450187,-0.10120972,-0.10811467,-0.1086001
0.13406406,0.11645292,0.1040731,0.086254574,0.08966899,0.10072991,0.089177355,0.07305941,0.047909316,0.01806577,0.006996304,0.0043061525
0.043400303,-0.015398473,-0.06471203,-0.08518302,-0.091149494,-0.09058882,-0.086744495,-0.056515306,-0.021456197,0.014905196,0.04515404,0.05966355
0.40098676,0.36555466,0.30946344,0.20302194,0.12130186,0.06571466,0.051310927,0.030914128,0.043407753,0.061775945,0.07042311,0.08364728
0.024707852,0.0216632,0.021338547,0.03255063,0.033696428,0.035056517,0.026947085,0.02672651,0.01981435,0.009856034,0.0061062705,0.00050826557
0.61212647,0.47993124,0.350528,0.1556597,0.023216337,-0.03366357,-0.045705527,-0.032493293,0.017308265,0.13738123,0.244326,0.3339159
0.18478765,0.24674337,0.24640802,0.18012059,0.1270754,0.080828935,0.07063094,0.036835074,0.056417733,0.06800797,0.07425232,0.089405715
-0.12928648,-0.13233389,-0.10101224,-0.057330713,-0.024710625,-0.00014986098,0.0067389756,0.015731692,0.0046630763,-0.010345629,-0.017891787,-0.02566797
-0.25203204,-0.23740038,-0.22818808,-0.1474139,-0.09399998,-0.061317578,-0.058232814,-0.04632388,-0.04796476,-0.05428447,-0.055586044,-0.06640451
-0.051873017,-0.0597678,-0.042908657,-0.009045303,0.011460543,0.022658117,0.022435866,0.024286345,0.008368643,-0.0028250404,-0.011541682,-0.02110954
0.034011472,0.030045446,0.04995197,0.06448842,0.0657089,0.048222527,0.03315349,-0.006213283,-0.055797912,-0.09449827,-0.12711209,-0.1571503
0.23456484,0.18094693,0.17178774,0.11793184,0.0931952,0.072768494,0.0711388,0.06660667,0.05598463,0.06640215,0.06850196,0.06433374
-0.0638044,-0.13856646,-0.17579964,-0.20488942,-0.22360107,-0.2338664,-0.21109363,-0.15189287,-0.086811185,-0.023089014,0.013905577,0.03481676
-0.41993994,-0.3839676,-0.36509016,-0.32186407,-0.2835542,-0.244513,-0.20826977,-0.17253909,-0.13815317,-0.11052525,-0.091536716,-0.07652513
-0.13954663,-0.16098537,-0.17446552,-0.16055638,-0.15572408,-0.15024468,-0.13480076,-0.10671303,-0.07455465,-0.040099066,-0.015985178,-0.0011529066
0.08765176,0.09724518,0.073852,0.062061332,0.05543817,0.0532144,0.04104793,0.042637784,0.046598177,0.046235874,0.046845265,0.042846676
0.036318086,-0.027807519,-0.060758367,-0.05966063,-0.05356495,-0.05770515,-0.061851427,-0.02005589,0.015039489,0.040283374,0.061641373,0.06221815
0.2734792,0.11217582,0.006545365,-0.109128326,-0.16442701,-0.20070708,-0.17651665,-0.10336591,-0.018826082,0.08746064,0.14714305,0.18320651
0.3011111,0.21134627,0.09447801,-0.10774034,-0.21598947,-0.28320795,-0.25162473,-0.21233244,-0.09327863,0.033916607,0.11169755,0.17335336
0.06505126,0.09508492,0.083672166,0.050582822,0.027603786,0.0102204755,0.0070610605,-0.007115539,0.008743608,0.020265978,0.025933418,0.036005776
-0.017583096,0.016523212,0.016041327,0.028437227,0.04264938,0.045260992,0.034901395,0.01860855,0.008762863,-9.9940225e-05,-0.005957933,-0.019182524
-0.028410757,-0.02887733,-0.030534822,-0.07810068,-0.10175376,-0.11923727,-0.102631204,-0.09465356,-0.057655632,-0.01902324,0.0063950084,0.030109324
0.002363556,0.0014853831,0.018630356,0.029694624,0.04574156,0.054073367,0.050431393,0.037960038,0.011353623,-0.014594464,-0.031010648,-0.044406373
0.07586341,0.030644305,0.06986172,0.06289041,0.079196006,0.08943957,0.081989676,0.047297016,-0.00014658272,-0.04378922,-0.05846924,-0.058933537
0.29933903,0.2676049,0.2553436,0.27278757,0.27102497,0.27927545,0.23855825,0.20539096,0.12686662,0.05068762,0.008543931,-0.016824774
0.10343282,0.06449115,0.03130187,-0.021659613,-0.054306313,-0.074990645,-0.06737049,-0.040390387,0.0025812685,0.04994212,0.08149724,0.1034022
0.09116636,0.076585665,0.122755624,0.15603861,0.1769554,0.16460858,0.15186235,0.12243629,0.06881003,0.026675079,-0.011872236,-0.045286093
-0.23931068,-0.2207965,-0.19508988,-0.15888727,-0.13719107,-0.114981875,-0.09227525,-0.06774442,-0.05209753,-0.0397283,-0.031963274,-0.028676769
0.21189801,0.32742453,0.3474003,0.35920691,0.3339931,0.29057643,0.25034177,0.22511852,0.22857352,0.22712837,0.22177109,0.21576338
-0.3716932,-0.5258534,-0.6300597,-0.5839404,-0.52123684,-0.47582373,-0.4711217,-0.3749908,-0.31673715,-0.24558462,-0.18131101,-0.16702303
-0.24484573,-0.21978456,-0.18298803,-0.11026183,-0.072961375,-0.038876712,-0.025115281,-0.011812009,-0.030911911,-0.048557047,-0.06057807,-0.07378301
0.09388308,0.04191938,0.009023398,-0.0029355735,-0.002648227,0.013815358,0.0024643913,0.00012815371,-0.025175422,-0.036568537,-0.0366707,-0.03771726
0.026005246,-0.025920078,0.009136446,0.039005086,0.054425865,0.06252568,0.054140948,0.04047759,-0.009622544,-0.04631715,-0.07517518,-0.09859557
0.05327391,0.018250648,-0.0061682165,-0.028354883,-0.037985623,-0.038784698,-0.034709603,-0.023599233,-0.016406314,-0.0033521783,0.0013689669,0.004663254
-0.29815358,-0.2786293,-0.24453124,-0.17263019,-0.12451136,-0.09302144,-0.0826612,-0.057979003,-0.048667338,-0.046705116,-0.043123305,-0.050067455
-0.2743913,-0.2405793,-0.26508015,-0.28305194,-0.2822898,-0.27059928,-0.23255843,-0.17841533,-0.08733821,-0.008275934,0.041610166,0.07844944
0.6555786,0.6473873,0.6252501,0.5532873,0.50696987,0.49014068,0.41907316,0.32441622,0.20049657,0.09315489,0.026791856,-0.0068315193
-0.302843,-0.14117678,-0.21002257,-0.3785572,-0.44218466,-0.44056678,-0.36360437,-0.32817656,-0.19577442,-0.046165943,0.020492017,0.091430485
0.18404339,0.12761602,0.08620812,0.0373656,0.0077632368,-0.0064502656,-0.004647404,0.013017513,0.04072891,0.07319376,0.09543973,0.11347817
0.2705558,0.25060683,0.226105,0.17128846,0.12698957,0.096707866,0.08279592,0.06908299,0.0657655,0.06672364,0.06719667,0.07146891
-0.30803716,-0.30614313,-0.30409014,-0.26877263,-0.23958912,-0.21393582,-0.1878096,-0.15622199,-0.12869215,-0.099528655,-0.07834041,-0.065727055
0.37813622,0.51283354,0.487698,0.38686788,0.2942387,0.25251356,0.23388448,0.19382972,0.20655128,0.222924,0.21796633,0.23067446
0.021088224,0.06051118,0.07452239,0.04105976,0.016608842,0.0030097887,0.012987129,0.0103571415,0.022796217,0.031149253,0.033957448,0.039801355
0.077070296,0.056884933,0.008214474,0.009654887,0.01272323,0.014911756,-0.0030380636,0.00874513,0.018650817,0.037470844,0.043724358,0.039294053
0.18176131,0.28868756,0.40533093,0.5413641,0.6049638,0.6236929,0.5396689,0.4255092,0.23765829,0.03226803,-0.103134096,-0.20904662
-0.16043177,-0.15820682,-0.16492996,-0.18113634,-0.17464766,-0.16446178,-0.14011696,-0.11661451,-0.08692041,-0.051017176,-0.034029663,-0.019070592
-0.21323413,-0.19660132,-0.118141174,0.0729962,0.17313457,0.23633423,0.19617754,0.15606576,0.03191115,-0.09636949,-0.1722016,-0.23489383
0.048898,0.036772393,0.013847683,-0.012928652,-0.025210064,-0.025139432,-0.023503454,-0.025490643,-0.018385502,-0.008922664,0.0013072398,0.014513154
-0.9165722,-0.78891265,-0.64072436,-0.48345816,-0.3563919,-0.27045155,-0.19922876,-0.15909573,-0.16512966,-0.1504111,-0.1627415,-0.17794245
-0.1616416,-0.13916813,-0.08041105,0.0006133616,0.05718793,0.0848815,0.07367204,0.05399336,0.0025906265,-0.05235198,-0.08007005,-0.10447663
-0.1266742,-0.1247276,-0.13127437,-0.12193383,-0.11910921,-0.11737101,-0.10401378,-0.08278807,-0.053638477,-0.019378984,0.0021106359,0.012689058
0.00052152947,-0.037680894,-0.09257907,-0.08289065,-0.056006484,-0.039352622,-0.05413662,-0.025357874,0.0047812443,0.022393579,0.050534256,0.05908818
-0.0294404,-0.019261148,-0.02023064,0.000108566135,0.0061632805,0.02270059,0.022478621,0.034280717,0.035404548,0.034655485,0.037225284,0.038208142
0.03895868,0.015405018,0.0072656274,-0.016356006,-0.02876275,-0.031149078,-0.019359514,-0.0101701785,-0.0060887653,-0.0031615533,-0.0038195224,-0.00079509243
-0.7712666,-0.6838608,-0.5561848,-0.4570906,-0.37468043,-0.33782738,-0.26576114,-0.23263651,-0.17887968,-0.14556246,-0.1285545,-0.109801844
0.10963126,0.086072825,0.088040076,0.08320178,0.07138221,0.056067213,0.052287597,0.04817898,0.05286329,0.058972362,0.06589953,0.0724359
0.13048688,0.09641459,0.07254362,0.045612156,0.023149997,0.007887527,-0.00037334114,-0.005316779,-0.00503603,0.00056644715,0.0074342685,0.01158059
-0.33752352,-0.31036922,-0.2958742,-0.22765717,-0.18443714,-0.16356884,-0.14959872,-0.10528281,-0.05856813,-0.029665614,-0.0060989466,-0.0011414737
0.11791939,0.15487073,0.11665714,0.08914735,0.07183199,0.07084871,0.05789216,0.052364238,0.059749637,0.070933945,0.07711299,0.08320893
0.03958316,0.02498639,-0.01713359,-0.014615314,-0.020451995,-0.016575858,-0.04799862,-0.048087742,-0.027829058,-0.0058366954,0.031619627,0.049860004
0.2550463,0.14970303,0.06100002,-0.04715666,-0.103722215,-0.13392414,-0.12255058,-0.0918155,-0.035556957,0.036080156,0.08537783,0.1207908
0.08537455,0.095752016,0.0771028,0.05673612,0.04605568,0.043284465,0.027472759,0.018296251,0.017591773,0.016144944,0.019750882,0.019467177
-0.32764357,-0.30455667,-0.21899587,-0.1062668,-0.037322164,-0.006509602,0.008949369,0.013548657,-0.0036519095,-0.028727636,-0.05237162,-0.07260395
0.12890169,0.21486652,0.23114248,0.22726473,0.22116499,0.20525607,0.16825114,0.10032089,0.038456123,-0.03164231,-0.08183975,-0.11631402
0.064491816,0.115701735,0.13699543,0.12407239,0.10742994,0.09615203,0.09606504,0.082035884,0.08026631,0.079829484,0.07504916,0.07816696
-0.80002946,-0.7862978,-0.6620693,-0.5028552,-0.38244343,-0.3149457,-0.24502319,-0.20712644,-0.20946349,-0.21876386,-0.23871984,-0.25777715
-0.14391859,-0.14522521,-0.12020467,-0.11552938,-0.11961113,-0.12567323,-0.101562604,-0.083645344,-0.05277667,-0.016078383,0.007052161,0.025946533
0.089769654,0.05341007,0.030612879,-0.0035542473,-0.023634292,-0.028045814,-0.025154524,-0.019811153,-0.012336083,-0.0011396464,0.0067857346,0.016946644
0.13216732,0.17528617,0.13177162,0.10825948,0.09086689,0.081826456,0.05861809,0.03796022,0.03591565,0.031439427,0.022990907,0.019260393
-0.27697548,-0.3439621,-0.33971143,-0.32156658,-0.30989212,-0.29749423,-0.25335503,-0.19328955,-0.12543395,-0.058090564,-0.00783015,0.02438493
-0.45862126,-0.44956622,-0.4297711,-0.3666914,-0.3246811,-0.29527155,-0.25292104,-0.20368597,-0.15575129,-0.10977885,-0.08580765,-0.073841594
0.09342146,0.07542082,0.04067313,-0.006795414,-0.02788797,-0.034453407,-0.0349178,-0.027043927,-0.002143558,0.013428114,0.028914262,0.043889225
0.6496372,0.3787952,0.20452386,0.030510187,-0.08235425,-0.15976441,-0.14246231,-0.10349083,0.008707494,0.11070366,0.14002724,0.1716642
-0.027943315,-0.0352851,-0.067820236,-0.103526324,-0.12304388,-0.12783806,-0.11434968,-0.09248577,-0.04929769,0.000115945004,0.032103263,0.05762718
-0.042200156,-0.040732082,-0.07128523,-0.08503465,-0.109175146,-0.117661186,-0.10682441,-0.081046596,-0.024029477,0.02560194,0.061743136,0.09425522
-0.12663509,-0.14129491,-0.12126373,-0.074277416,-0.041226164,-0.030720308,-0.024793223,-0.0066239666,-0.0013942597,-0.0018859264,-0.005106926,-0.02112672
0.36426264,0.3348736,0.3551808,0.3288874,0.3086635,0.2794707,0.24099402,0.18533486,0.100354396,0.041570105,0.0003330782,-0.033078805
-0.012547339,-0.028807307,-0.03480439,-0.03185201,-0.028826876,-0.026476402,-0.026607372,-0.019460518,-0.013787659,-0.0113988025,-0.006603945,-0.0054211174
0.33771315,0.35962474,0.35373613,0.31092772,0.28622895,0.26095563,0.23274927,0.19150835,0.16048571,0.13196546,0.106768176,0.08949629
-0.027568907,-0.0460821,-0.059004426,-0.09609418,-0.10418178,-0.108862676,-0.08379038,-0.059173204,-0.023586031,0.022540092,0.0476599,0.06512724
0.33245328,0.3694585,0.39740416,0.40421498,0.39786148,0.38019234,0.32626876,0.24432258,0.1353179,0.030474603,-0.043423668,-0.099114984
-0.43842936,-0.40432993,-0.370125,-0.27355444,-0.19823441,-0.1418153,-0.12468514,-0.09308638,-0.0918155,-0.093085244,-0.09124528,-0.098069414
-0.24558234,-0.25895572,-0.23669183,-0.18441635,-0.14877687,-0.12987173,-0.114415646,-0.09821035,-0.098453976,-0.10104203,-0.106541,-0.1177785
0.072286025,0.14690378,0.1575895,0.13678207,0.12955567,0.12481086,0.10142134,0.070016965,0.04701322,0.024962522,0.010419143,0.0026941001
-0.5039951,-0.33807898,-0.341389,-0.25835145,-0.21820447,-0.16221686,-0.136046,-0.10273208,-0.07285986,-0.026363932,-0.012151703,-0.0030141845
0.2141981,0.20189744,0.19438088,0.14231619,0.11569986,0.09585988,0.08556786,0.05775526,0.043789975,0.032990772,0.028210413,0.028646655
0.08041285,0.22222878,0.3747919,0.50958204,0.58255506,0.6020749,0.5352019,0.40637955,0.19507386,-0.013693955,-0.16209663,-0.2755895
-0.30196846,-0.2440288,-0.1974085,-0.118561566,-0.06788741,-0.034075707,-0.028496593,-0.028746516,-0.043838352,-0.06683931,-0.07994058,-0.092288226
-0.32981643,-0.28224742,-0.28912857,-0.20862001,-0.15621431,-0.09542981,-0.09094155,-0.059258923,-0.05626753,-0.060160376,-0.060126178,-0.06628579
0.18639497,0.13190915,0.08842367,0.037167773,0.008558556,-0.011580005,-0.01528731,-0.0064352155,0.01050061,0.035319775,0.051604,0.059265487
0.09406465,0.11932071,0.16687515,0.1869475,0.20966423,0.2174843,0.2014523,0.15696695,0.08827203,0.020920295,-0.029343233,-0.06140191
-0.15092032,-0.057401568,0.083060384,0.1574654,0.21989226,0.23717567,0.2430619,0.19281314,0.12079429,0.053646784,0.0011286326,-0.032277085
0.19335066,0.14490668,0.098351166,0.051389292,0.012323387,-0.0031579733,-0.006472878,-0.0019647256,0.014745478,0.04052415,0.058557853,0.07872297
-1.2859757,-1.1600747,-1.0600594,-0.7500495,-0.54906374,-0.3905747,-0.34435022,-0.2608856,-0.26250905,-0.27140105,-0.26334405,-0.28128582
0.25162315,0.22980124,0.1930695,0.11672023,0.07268508,0.048174456,0.050093204,0.05600345,0.077610016,0.110215865,0.12535818,0.13809744
-0.091680765,0.10745786,0.14331833,0.19350837,0.21402918,0.22417606,0.188766,0.14004672,0.10824861,0.049445227,0.0024920143,-0.030622397
0.13734734,0.04612135,0.05653481,0.102403596,0.13918933,0.1556994,0.13548945,0.12569088,0.049173735,0.0011175834,-0.025838457,-0.06668257
0.13370588,0.1273408,0.12558761,0.06717092,0.04280007,0.022761293,0.031215303,0.02814383,0.045022905,0.06182788,0.069670916,0.07971194
0.05462517,0.04117728,0.060620666,0.07076653,0.08162161,0.083355986,0.07996211,0.0637673,0.030750014,0.0057143467,-0.012057057,-0.02527821
0.08476793,-0.009212971,-0.016486883,-0.008513987,0.0017145947,0.021893054,0.02082508,0.025697164,0.0088741295,0.0036377646,0.020550698,0.03322438
-0.32531863,-0.050920665,0.029509425,-0.019912452,-0.005618483,0.006626159,0.03321293,-0.0027487576,0.024869263,0.037025303,0.027665116,0.036442414
0.00063453056,-0.016895957,-0.02939644,-0.02101767,-0.013494503,-0.0096003935,-0.012986104,-0.009565194,-0.005555928,-0.00024686707,0.0012209616,0.0013027854
0.32476458,0.31223914,0.2918443,0.23177278,0.19130999,0.16817102,0.1486626,0.12262839,0.10033265,0.087415285,0.07810741,0.0752264
0.46555763,0.39049214,0.3206735,0.20973259,0.14262272,0.111901395,0.08803284,0.059861153,0.04185901,0.04203301,0.0450575,0.056801636
0.022779131,0.035658173,0.027475424,0.08359632,0.10769949,0.12716067,0.08969115,0.06228677,0.011879846,-0.043277044,-0.068727136,-0.08955166
-2.9848652,-2.9279146,-2.6417055,-1.7131529,-1.157316,-0.8151753,-0.74203277,-0.5408529,-0.63040173,-0.79475915,-0.88795996,-1.0416762
0.1296543,0.10680269,0.103515655,0.1122462,0.10878223,0.10810455,0.09223366,0.0866177,0.072545104,0.056018896,0.053822216,0.051836748
0.5942678,0.4749561,0.3963671,0.32209742,0.27631402,0.28844061,0.25130472,0.23895214,0.19818455,0.18109159,0.20572594,0.24267596
-0.06547963,-0.057981804,-0.073865816,-0.10844374,-0.124522835,-0.13255936,-0.11128062,-0.08031213,-0.024691828,0.027596602,0.061528277,0.08641204
-0.080825634,-0.026294135,0.032843053,0.07772373,0.07808963,0.05191424,0.05261922,0.03596444,0.039358653,0.039805766,0.03547883,0.034161203
0.32568765,0.27911422,0.21032311,0.114331976,0.075144835,0.06343745,0.040788516,0.012445439,-0.009661801,-0.027965195,-0.03361909,-0.030653104
0.10342395,0.10761927,0.106376305,0.07837452,0.062070094,0.047948807,0.040675975,0.029961785,0.023907294,0.022251459,0.013378265,0.014259746
-0.30343443,-0.27281475,-0.23852584,-0.18375695,-0.15033638,-0.13125646,-0.11079184,-0.09064124,-0.07148311,-0.062558055,-0.05501556,-0.051578995
0.10391411,0.021095544,-0.016376674,-0.024516843,-0.036415555,-0.04248164,-0.054016918,-0.06569207,-0.0879983,-0.107036464,-0.114378,-0.1218979
0.105693646,0.12922087,0.105139844,0.059137568,0.01935178,0.014453411,0.011760585,0.014798574,0.029549778,0.042884637,0.050196406,0.065065086
0.28773218,0.27392185,0.26147318,0.20315796,0.17548236,0.16205269,0.15594856,0.14726335,0.14034759,0.14563611,0.14262894,0.1446402
0.09823223,0.042541437,0.032605007,0.015144996,0.003821455,-0.01757116,-0.029290207,-0.046692107,-0.06405184,-0.06975545,-0.07509492,-0.07953546
0.15570864,0.1225097,0.10406457,0.07327035,0.05635158,0.040859926,0.033364534,0.027418401,0.023460224,0.023919484,0.026997194,0.030879788
-0.0031952318,-0.018223198,-0.0159567,-0.04230064,-0.058140874,-0.07902681,-0.06242373,-0.04320851,-0.010783199,0.022384686,0.03936425,0.050286066
0.15607294,0.15993139,0.17669527,0.14788589,0.12591389,0.11223139,0.11329821,0.09339983,0.06505216,0.050496854,0.029634796,0.021520264
-0.70010763,-0.6711295,-0.6054156,-0.44612914,-0.3454776,-0.27282143,-0.23448527,-0.18183726,-0.15589517,-0.15199594,-0.14148358,-0.13770777
-0.15199234,-0.15275824,-0.1439983,-0.14965357,-0.15455455,-0.15666577,-0.12844078,-0.11092898,-0.08434105,-0.058612935,-0.046250213,-0.033744894
0.06498354,0.064782366,0.082324445,0.042787917,0.026563745,0.009512771,0.015664669,-0.007865947,-0.0071555497,-0.007849894,-0.008741364,0.00037602708
-0.06608239,-0.015757106,0.004572943,0.032886676,0.052045226,0.066562146,0.057636507,0.042238623,0.023696363,0.0048896745,-0.009154661,-0.019505912
-0.21302944,-0.24725735,-0.28528163,-0.2894568,-0.2761501,-0.2704994,-0.23123026,-0.17847267,-0.103720956,-0.031941347,0.01093265,0.03149725
0.2172936,0.1905407,0.1710573,0.14460367,0.1178519,0.10121673,0.08835326,0.07956493,0.06914212,0.059967235,0.054679096,0.05444076
-0.1323815,-0.05951468,-0.026664421,-0.060138896,-0.06891682,-0.06867873,-0.03691554,-0.013487712,0.031218566,0.070327975,0.08632206,0.10011279
0.08370921,0.038470566,0.014395028,-0.0030651987,-0.0126674175,-0.01284641,-0.013986826,-0.0013757162,0.004125241,0.010371108,0.016526973,0.019352848
0.17313346,0.10459086,0.04535061,-0.0077604353,-0.03512737,-0.08502239,-0.102513894,-0.071100175,0.025888287,0.092456296,0.15103751,0.18863963
-0.13880694,-0.15736929,-0.14089957,-0.10339779,-0.09043121,-0.0920608,-0.08434542,-0.081618086,-0.08429415,-0.08962384,-0.09417041,-0.09862961
-0.22005324,-0.20791554,-0.18829188,-0.15063097,-0.12582636,-0.108717814,-0.09165834,-0.07614881,-0.062400945,-0.051905055,-0.044311352,-0.038662843
0.19938532,0.20429659,0.20831117,0.18749216,0.17719409,0.16920325,0.15414262,0.13058048,0.10159032,0.07049264,0.048574433,0.034360394
-0.065369874,-0.054113556,-0.059178643,-0.060751803,-0.05559516,-0.044601455,-0.03854058,-0.030745948,-0.016671767,-0.0065510627,0.004220357,0.015942147
0.42695546,0.41110468,0.39178634,0.345161,0.29826945,0.27330133,0.24418044,0.21506017,0.19041869,0.16900477,0.1589052,0.15759058
-0.50594693,-0.24456137,-0.29194093,-0.15147626,-0.027124405,0.09403747,0.025370538,0.015040576,-0.01450032,-0.0779815,-0.104763165,-0.14260694
-0.48921776,-0.4524832,-0.44910404,-0.37401193,-0.32638264,-0.28233624,-0.2568319,-0.20950562,-0.16297849,-0.1332857,-0.10636313,-0.092625275
0.0756346,0.056131143,0.046958193,0.016856521,0.00084448606,-0.008113451,-0.009045921,-0.025296405,-0.03948891,-0.04760784,-0.054855473,-0.05855482
0.06316485,0.11882037,0.14417747,0.12772766,0.10589386,0.08676189,0.08076132,0.06968759,0.06926651,0.055523545,0.046767246,0.042669535
-0.03273128,-0.013081949,-0.0052828267,-0.004769206,0.005506858,0.012486078,0.01425235,0.008429248,0.0022594538,0.0004942734,-0.0037435745,-0.005812005
0.20685518,0.14365025,0.090524405,0.01047498,-0.033269048,-0.055534765,-0.050104663,-0.03222069,-0.007877238,0.03709663,0.061409988,0.07699971
-2.3519762,-2.2925386,-1.993057,-1.4002678,-1.0566703,-0.85426116,-0.7448341,-0.6088944,-0.63433456,-0.69182765,-0.7195205,-0.78713113
0.11082503,-0.006791234,-0.06779745,-0.123732015,-0.1582211,-0.16461699,-0.16349956,-0.15306045,-0.15302351,-0.14903027,-0.1452373,-0.13462636
-0.23167205,-0.26778018,-0.27127832,-0.22975212,-0.21235947,-0.1948182,-0.17462155,-0.14001209,-0.11669908,-0.09499568,-0.0777671,-0.06854514
0.44394365,0.47014397,0.537272,0.61200595,0.6441256,0.65687925,0.56866646,0.44660345,0.25304806,0.07080859,-0.029094212,-0.09800215
0.12638336,0.06892605,0.01665476,-0.05369486,-0.10462481,-0.13662042,-0.12850247,-0.103027016,-0.04664783,0.010115523,0.055908874,0.092354015
0.05664369,0.052754827,0.05443246,0.041066296,0.036106993,0.03522672,0.03396689,0.032169335,0.023057364,0.021042379,0.01785028,0.014967002
-0.031418078,0.051933214,0.1293424,0.2817413,0.35733867,0.4006132,0.33664426,0.26831156,0.134382,-0.025393493,-0.12565197,-0.20444168
-0.18167055,-0.13292208,-0.09258981,-0.05066158,-0.019820094,0.001480326,0.006754458,0.0019701421,-0.009381875,-0.030899547,-0.043883994,-0.05171422
-0.38508508,-0.39736217,-0.37735036,-0.30898404,-0.25793988,-0.21988197,-0.19347425,-0.16344088,-0.15032266,-0.13989902,-0.13168085,-0.13014963
0.17056042,0.09969868,0.02094987,-0.04665613,-0.09045507,-0.10907841,-0.10769692,-0.08264215,-0.03861659,0.0137433,0.051556386,0.07760142
0.14578557,0.22762376,0.2145887,0.23560801,0.22467661,0.20664743,0.1704144,0.14719957,0.1430225,0.13076687,0.119550385,0.110208005
0.30021894,0.25268212,0.20860301,0.15905476,0.12616335,0.10353198,0.07721859,0.06381086,0.047814734,0.03982585,0.04180831,0.039340965
-1.1642766,-1.1044067,-1.0106018,-0.7864932,-0.6374124,-0.5340711,-0.45812774,-0.37028596,-0.3176353,-0.28746724,-0.26772708,-0.26536286
0.52817786,0.48731625,0.40133446,0.20866019,0.08246887,0.015380621,0.01625666,0.019347876,0.09129362,0.1757712,0.23330495,0.2899844
-0.19973707,-0.16829762,-0.15299141,-0.13689436,-0.12939242,-0.13001812,-0.11515901,-0.107255846,-0.070176534,-0.0403092,-0.019421883,-0.00408303
-0.5832573,-0.49999288,-0.42434764,-0.32446817,-0.24792117,-0.19774792,-0.15840948,-0.14891452,-0.1456298,-0.1526232,-0.16209075,-0.16572335
0.17462137,0.07772112,0.0054645836,-0.09521112,-0.1544227,-0.19911495,-0.1883542,-0.16773836,-0.11630839,-0.05700283,-0.016711354,0.0057387054
-0.16883624,-0.1487999,-0.1282275,-0.11760582,-0.11137876,-0.11320332,-0.09654722,-0.08946113,-0.06474941,-0.04863152,-0.037606418,-0.024985954
-0.14959252,-0.17421603,-0.17736164,-0.14402345,-0.11919588,-0.09215093,-0.08036461,-0.05797579,-0.053795293,-0.05062002,-0.045969345,-0.04437179
-0.010219388,0.089322545,0.14582694,0.15748906,0.16408673,0.15726629,0.15106606,0.1139669,0.07830526,0.03727612,0.0023796745,-0.018018626
-0.05962541,-0.09668182,-0.10751557,-0.07373333,-0.057076838,-0.038683426,-0.030722577,0.00023263041,0.005189497,0.01661495,0.021369848,0.018607352
0.5411202,0.523658,0.5195068,0.45886365,0.4073036,0.36312926,0.31617814,0.25102204,0.1924827,0.13624567,0.101635434,0.082741246
0.33814114,0.3344683,0.31652358,0.22713879,0.16979623,0.13712572,0.12529214,0.08826135,0.06933843,0.055448648,0.041545436,0.044899195
0.6088285,0.58091986,0.4893067,0.39758146,0.33033794,0.28066042,0.21363881,0.17490125,0.16113923,0.14540794,0.14375736,0.13641827
-0.15924932,-0.17647426,-0.19086216,-0.19142896,-0.18861152,-0.1807743,-0.1562728,-0.120056964,-0.075436376,-0.030556675,-0.00094853155,0.018639099
0.26967973,0.31012398,0.35497102,0.3479774,0.31438226,0.29506144,0.27211863,0.21588235,0.14584547,0.08056675,0.033433013,0.011480287
0.4132403,0.43507975,0.48287326,0.52895755,0.55923265,0.56901723,0.49094707,0.38965672,0.23083168,0.075683385,-0.022863097,-0.093145594
0.013478396,0.008848451,0.021387964,-0.002783332,-0.015422717,-0.031647563,-0.020262431,-0.021451902,-0.0127601735,-0.0028545978,-0.0033404138,-0.00092887133
0.35364845,0.3707471,0.36876264,0.29255572,0.26033336,0.24067461,0.22104341,0.17519167,0.14257696,0.1113262,0.0932124,0.088353656
-0.27356815,-0.19799751,-0.1449267,-0.103141665,-0.060685694,-0.039509356,-0.02397427,-0.0272426,-0.021485,-0.012945116,-0.012637189,-0.011042986
0.094915286,0.06440937,0.030076414,-0.021600008,-0.050815925,-0.06346132,-0.057378486,-0.044629574,-0.020567283,0.00943031,0.02861904,0.04422982
0.10935484,0.104238555,0.070635036,0.03928508,0.017687954,0.0093000755,0.0002283305,-0.0012768209,0.009393908,0.015682727,0.02360488,0.03282202
0.101834096,0.05345439,0.018338174,-0.025043093,-0.049641885,-0.05610641,-0.054397844,-0.045878574,-0.032232337,-0.015979815,-0.0014374778,0.0131073855
-2.0640044,-1.7153099,-1.5619096,-1.1941764,-0.96028745,-0.771719,-0.65947133,-0.5529095,-0.46220917,-0.42363918,-0.40665567,-0.40370107
-0.3858438,-0.44223052,-0.49612373,-0.5109111,-0.5135762,-0.5044049,-0.45381784,-0.36672282,-0.24319431,-0.12870033,-0.04445436,0.011164114
-0.9504971,-0.81908476,-0.6858136,-0.52762866,-0.4036982,-0.3257756,-0.25489813,-0.23022288,-0.22258916,-0.2210618,-0.22611946,-0.23088929
-0.6086872,-0.2435407,0.15911508,0.19726616,0.23044723,0.15775037,0.24701574,0.10486105,0.06907958,0.031178117,-0.04420253,-0.0565843
0.10224581,0.10967973,0.12460338,0.14427891,0.1494053,0.15536766,0.13466768,0.1104154,0.06710076,0.020797703,-0.0068066455,-0.024973176
-0.45512196,-0.6017085,-0.56645405,-0.45904753,-0.3802947,-0.3539434,-0.2994192,-0.22010796,-0.14534558,-0.10927502,-0.05957479,-0.040545773
0.85714436,0.9106251,0.73017144,0.63985354,0.6248815,0.60525143,0.44399014,0.38249347,0.37372723,0.3290552,0.33093613,0.31504583
0.20485894,0.27158976,0.27659398,0.2478993,0.2308323,0.2339484,0.20934588,0.16312397,0.119232744,0.07794946,0.056960113,0.054896653
0.086727075,0.01945369,0.006687358,0.02127342,0.042859696,0.070549265,0.07005103,0.07658217,0.04708018,0.032317445,0.022062145,0.0125038475
0.35126445,0.2870344,0.24875742,0.21942006,0.20421219,0.20106772,0.15650125,0.114365764,0.040120833,-0.016812138,-0.044704206,-0.06695418
-0.12266712,-0.16900091,-0.19592369,-0.20345026,-0.2010772,-0.19408427,-0.17404523,-0.14978707,-0.12093629,-0.09337496,-0.07943739,-0.069317
0.23364569,0.27636105,0.28996214,0.22405756,0.1935767,0.16293852,0.14391442,0.098330654,0.07490689,0.052047327,0.034616686,0.029240027
-1.7604692,-1.4685471,-1.2265637,-0.97996914,-0.7900373,-0.6472473,-0.49779737,-0.42077708,-0.35023147,-0.297195,-0.28762782,-0.26956487
