0.34157398,0.31921443,0.30390152,0.28822172,0.27289954,0.25967017,0.24959202,0.24275038,0.22963852,0.22009161,0.20707919,0.19818574
-0.34577113,-0.30951166,-0.28042778,-0.260414,-0.24221142,-0.23256202,-0.22617158,-0.22104521,-0.22159632,-0.23093092,-0.24323815,-0.2608059
0.04687474,0.04086984,0.038542412,0.034632996,0.031613663,0.036665235,0.03749001,0.03418576,0.03456489,0.03560826,0.03856404,0.040764038
0.22028743,0.23078647,0.24628755,0.24985862,0.24812606,0.24414915,0.24310443,0.22390449,0.20587924,0.18628222,0.14333124,0.09800082
0.33220786,0.29937547,0.28054637,0.254835,0.23517595,0.22871694,0.21292506,0.19631734,0.18222761,0.17548116,0.16372538,0.15229326
0.14386907,0.1305085,0.12524505,0.12203334,0.117896765,0.118486434,0.11556019,0.11311346,0.11089332,0.11432857,0.1189989,0.124126926
0.05292289,0.04732343,0.044406123,0.0459387,0.04117057,0.04357176,0.045053624,0.052839607,0.056545693,0.05578633,0.062137943,0.07122018
-0.096078485,-0.089536965,-0.08315736,-0.0765576,-0.073878,-0.06581463,-0.056471445,-0.054068707,-0.046484895,-0.042936213,-0.030359961,-0.020461699
-0.26254058,-0.25138658,-0.24566454,-0.23223053,-0.22598235,-0.21834561,-0.21013658,-0.20444703,-0.1929228,-0.18439461,-0.17122509,-0.1589546
0.24885015,0.23982328,0.23280469,0.23018281,0.2217133,0.2186855,0.21291438,0.20640324,0.19806871,0.19172485,0.18505214,0.17507589
-0.3592584,-0.33834612,-0.33082262,-0.32422835,-0.31099313,-0.30386385,-0.2971131,-0.29012886,-0.27901074,-0.26913142,-0.25703117,-0.24967667
0.19045694,0.17679887,0.16448437,0.15735322,0.14748529,0.14053923,0.13758008,0.12900224,0.1263177,0.12542845,0.12364087,0.12275724
-0.35731757,-0.33559754,-0.31657377,-0.29642048,-0.28063858,-0.26227468,-0.24249862,-0.23630625,-0.21413949,-0.1995941,-0.16848601,-0.1469571
-0.21557462,-0.21276635,-0.22292283,-0.22490814,-0.22005053,-0.22215797,-0.2136086,-0.1970253,-0.17781179,-0.15720677,-0.13133572,-0.09988465
0.72602326,0.6686878,0.6467748,0.5758806,0.5628066,0.53967375,0.5291045,0.53530985,0.47511858,0.46747378,0.4668092,0.46473464
-0.029129064,-0.055133253,-0.054842427,-0.062334474,-0.07774122,-0.07453846,-0.07508092,-0.064214095,-0.060670555,-0.064133205,-0.047763024,-0.022013023
0.075702086,0.069393344,0.06526402,0.063080266,0.059136137,0.057602,0.055140734,0.05204631,0.051908508,0.050134514,0.04914251,0.04957044
0.18634942,0.17402293,0.16996872,0.16825947,0.1588748,0.16202024,0.15263098,0.14801477,0.1410055,0.13611197,0.12415166,0.11386415
0.13236223,0.13353935,0.13823855,0.13670391,0.13193604,0.12671895,0.121630855,0.11153616,0.096306846,0.080591135,0.05429069,0.028245643
0.5987309,0.5729843,0.54810715,0.5232783,0.49819094,0.47745958,0.45569736,0.42474195,0.3996469,0.3838309,0.35000503,0.3094569
0.068850435,0.078418925,0.084994234,0.0911074,0.091391735,0.091289744,0.09053098,0.083139345,0.07621271,0.06486501,0.048408333,0.029841209
-0.5600334,-0.51840436,-0.48394504,-0.45443532,-0.42688364,-0.40855923,-0.39121097,-0.37029743,-0.35363308,-0.34884426,-0.3341177,-0.32043302
0.3678464,0.35119367,0.33979398,0.31992495,0.31769216,0.28533146,0.2832904,0.27745596,0.264645,0.25011468,0.21845575,0.20383075
-0.3404912,-0.34378278,-0.31322026,-0.29179573,-0.28663352,-0.27047965,-0.251498,-0.22177324,-0.19785102,-0.19700862,-0.14287058,-0.08633268
-0.27099413,-0.25242168,-0.2425583,-0.23021106,-0.21976133,-0.21205764,-0.20214012,-0.19627011,-0.1831066,-0.17530118,-0.1632537,-0.15395568
-0.20852712,-0.1988307,-0.19455065,-0.18917847,-0.1804097,-0.17590539,-0.167666,-0.15540138,-0.147885,-0.13913938,-0.12194456,-0.10638193
-0.49243033,-0.47960734,-0.45170528,-0.42305586,-0.41368115,-0.39816037,-0.37279648,-0.35734233,-0.32954705,-0.32207447,-0.2874858,-0.25090057
-0.08734219,-0.09545949,-0.099384956,-0.10160865,-0.10216297,-0.1035864,-0.10341209,-0.09772758,-0.0898321,-0.08384184,-0.073649555,-0.057952844
0.16327348,0.171994,0.17994589,0.18514502,0.18775299,0.1815812,0.17636734,0.16798419,0.1533946,0.13653818,0.11035536,0.082772024
-0.043455653,-0.03365427,-0.025472432,-0.015365157,-0.014613669,-0.01336645,-0.012887031,-0.021940012,-0.027401693,-0.036412895,-0.049369026,-0.06671055
0.06922846,0.07408601,0.08699582,0.09753363,0.101818904,0.100700125,0.09754774,0.09759981,0.089997426,0.080173336,0.06982293,0.05877368
0.019276075,0.016597835,0.011993712,0.006970726,0.0050497497,0.0014356133,-0.0006017091,-0.0009483744,-0.0028468939,-0.0038880808,-0.00615588,-0.006267678
0.036863606,0.04104173,0.037277304,0.014273537,0.014193509,-0.002654437,-0.004320681,-0.01962863,-0.031666882,-0.048995882,-0.07210697,-0.09426895
0.33440322,0.31264648,0.30114025,0.28456256,0.2703872,0.2565616,0.24853814,0.24005497,0.22977795,0.21398324,0.1978172,0.1877447
-0.25603104,-0.21446443,-0.17156875,-0.14643854,-0.12625137,-0.11185119,-0.100487806,-0.101604596,-0.10283435,-0.11906114,-0.14190465,-0.17167851
0.072683364,0.06573121,0.055943735,0.053820148,0.049054824,0.049042955,0.051344316,0.049515445,0.055798423,0.06366752,0.07367022,0.08341414
0.46799892,0.42378482,0.38751614,0.3470009,0.32155228,0.2982654,0.28918594,0.27495164,0.26703107,0.26970854,0.26842222,0.27386668
-0.74104863,-0.6888204,-0.65107477,-0.6152587,-0.58008903,-0.5532526,-0.5303191,-0.51073956,-0.48371485,-0.46749842,-0.4409965,-0.42349532
-0.22285338,-0.20271543,-0.18668926,-0.17756104,-0.16826376,-0.16163972,-0.15334433,-0.14644818,-0.14306802,-0.14487587,-0.14606051,-0.14841224
-0.08942543,-0.0482722,-0.011783399,0.009513877,0.022465244,0.031941354,0.031761363,0.01448933,-0.0018461868,-0.028585091,-0.07809229,-0.13692193
-0.19150603,-0.17216873,-0.15826426,-0.14663085,-0.1330019,-0.12948607,-0.12428217,-0.117763564,-0.111905076,-0.114095435,-0.119873874,-0.12406404
-0.24502169,-0.22439367,-0.20774892,-0.18938488,-0.17950483,-0.1642514,-0.15468246,-0.14666614,-0.1366545,-0.13514079,-0.123935975,-0.11770984
0.404533,0.3668434,0.33494207,0.3027487,0.2778092,0.26227364,0.24306533,0.22153199,0.20387596,0.1967614,0.17840418,0.16538225
0.094720654,0.09480965,0.09977868,0.096043035,0.09643008,0.09499923,0.08889152,0.0820508,0.07520666,0.06704508,0.04778808,0.029016586
-0.040558748,-0.04439361,-0.039204866,-0.03475581,-0.035179667,-0.028358039,-0.03162706,-0.023024589,-0.018938411,-0.018035904,-0.009175358,-0.0016565192
0.010846948,0.010108466,0.003291048,0.00020507537,-0.0011522789,-0.008996679,-0.008702262,-0.0085254405,-0.0067295805,-0.0027035216,-0.0006476887,0.000776025
0.06884712,0.07355608,0.075477466,0.07324823,0.07164913,0.067498624,0.06905764,0.0642094,0.059186935,0.05450533,0.044313475,0.031632885
0.34447896,0.33531353,0.33650485,0.33335066,0.3225254,0.31260115,0.30321658,0.28367177,0.26889598,0.25074932,0.21206608,0.17691776
-0.08029171,-0.07306369,-0.0694312,-0.064642936,-0.060943846,-0.059954908,-0.06156412,-0.057973094,-0.059544884,-0.06038005,-0.0635141,-0.065973215
0.14067888,0.12104376,0.10369374,0.0873651,0.07830389,0.07094373,0.06408522,0.067490265,0.064301744,0.06610942,0.07302505,0.084074184
-0.29435945,-0.27106738,-0.25554448,-0.23946035,-0.22669554,-0.21548027,-0.20832111,-0.20029628,-0.19265987,-0.18848701,-0.18418723,-0.1824603
0.17103262,0.16410819,0.15090024,0.13916731,0.12995346,0.11927268,0.11178236,0.10992535,0.103088446,0.0991215,0.091485694,0.08069416
-0.60300696,-0.54947513,-0.50831604,-0.47560304,-0.4424355,-0.42094746,-0.39998358,-0.38085717,-0.36558107,-0.36188334,-0.3438663,-0.337147
-0.10698462,-0.09491336,-0.08509575,-0.07880314,-0.07223368,-0.06851616,-0.065303,-0.05958637,-0.057510324,-0.058289155,-0.0579684,-0.05964503
0.21312699,0.20802437,0.19626644,0.18212514,0.17650527,0.16140002,0.16462003,0.16171679,0.1585397,0.15840754,0.1530546,0.15138113
0.015059209,0.03740202,0.052120294,0.06438871,0.07224303,0.07832608,0.082548395,0.07936814,0.077464506,0.0711284,0.058811728,0.038087785
0.33059204,0.30174088,0.28646526,0.2744312,0.2614364,0.25340563,0.24784826,0.22527699,0.21494907,0.22193815,0.22846435,0.22685593
-0.09648022,-0.09700023,-0.10063653,-0.10165709,-0.097180426,-0.092228115,-0.088435285,-0.07101911,-0.06560606,-0.052464154,-0.026707884,-0.0019888896
-0.084833734,-0.08494604,-0.08707827,-0.0878557,-0.085973196,-0.08290991,-0.0786302,-0.07754338,-0.07337737,-0.06431663,-0.051049966,-0.04130122
0.3801432,0.352152,0.33171797,0.3129378,0.28747067,0.2776275,0.25984147,0.2459341,0.23039244,0.21413195,0.1898824,0.17371263
-0.034189466,-0.03883303,-0.043914326,-0.051416233,-0.05236213,-0.047405772,-0.057944156,-0.060572363,-0.064552866,-0.062140655,-0.061573617,-0.064850196
0.018233662,0.015084284,0.010826932,0.011421139,0.010046418,0.011546166,0.0111901965,0.013636243,0.014652397,0.018587727,0.02332116,0.028703451
0.01268817,0.0149744805,0.02079366,0.023176864,0.026277319,0.027127555,0.02717675,0.032484956,0.032781355,0.032134302,0.028306885,0.02741167
-0.38724816,-0.36962783,-0.36104378,-0.351307,-0.3334095,-0.32391268,-0.32291645,-0.30696812,-0.2997723,-0.28836295,-0.26855507,-0.25168943
-0.59301764,-0.54979116,-0.5261671,-0.496595,-0.46774638,-0.4503327,-0.43534252,-0.41366535,-0.39360908,-0.37717596,-0.3534747,-0.3364972
-0.07153098,-0.07506568,-0.07970695,-0.08064994,-0.08048515,-0.08090994,-0.08011876,-0.074734606,-0.07298356,-0.06726096,-0.05616474,-0.04385165
0.0892248,0.078699365,0.07159022,0.06300221,0.052425876,0.049408004,0.041137334,0.035239987,0.028796714,0.01593336,0.0043120375,-0.003716654
-0.3323103,-0.33127984,-0.33743808,-0.32571292,-0.3201124,-0.31201458,-0.29622513,-0.27173936,-0.24658068,-0.22104481,-0.1742307,-0.12328265
-0.17389397,-0.16778526,-0.1660278,-0.16151497,-0.15462418,-0.150771,-0.146396,-0.13725448,-0.12996742,-0.12093078,-0.106074594,-0.092056565
-0.30376887,-0.29397616,-0.2563332,-0.21291216,-0.21514116,-0.19087332,-0.18019854,-0.16150376,-0.14469625,-0.16084336,-0.15910378,-0.14755291
-0.5997408,-0.57197356,-0.5578412,-0.5317721,-0.51645696,-0.4967701,-0.48095462,-0.46026254,-0.43834645,-0.4226448,-0.39340112,-0.3653018
-0.12359134,-0.12031655,-0.119941235,-0.11540269,-0.111527115,-0.103968896,-0.098796576,-0.09580889,-0.087415904,-0.07717867,-0.05724465,-0.043322228
0.28863057,0.25981003,0.23799087,0.20520812,0.19332436,0.17305067,0.16580288,0.16823013,0.15216306,0.14839333,0.15556577,0.16336958
-0.229985,-0.20378858,-0.19159617,-0.17570673,-0.15769622,-0.15253168,-0.1419578,-0.13452743,-0.12505694,-0.11534044,-0.106973805,-0.10241479
-0.12175622,-0.10763145,-0.09609785,-0.08708256,-0.07932772,-0.075813316,-0.07197486,-0.06362198,-0.058411047,-0.05793576,-0.060584374,-0.06324998
0.053191308,0.06463279,0.076436,0.08473849,0.08613223,0.09147105,0.088577405,0.08357902,0.07620978,0.061775297,0.04289929,0.020054545
0.25548297,0.23756933,0.22625963,0.2165361,0.20234594,0.19793919,0.19429342,0.18601863,0.18569428,0.181594,0.17366943,0.17160805
-0.20462419,-0.19707175,-0.19216587,-0.1870229,-0.1785479,-0.17142701,-0.16419482,-0.15572509,-0.14388853,-0.13252185,-0.11237105,-0.095877446
-0.18955643,-0.1813918,-0.16516085,-0.15758821,-0.16089039,-0.15313147,-0.15667361,-0.16954142,-0.17526,-0.1876984,-0.20947336,-0.23375992
-0.1726507,-0.17267096,-0.17187136,-0.17057776,-0.1687831,-0.16365981,-0.15784031,-0.15398502,-0.1421215,-0.13391419,-0.11892704,-0.10136464
0.116711505,0.10068469,0.08758442,0.07516086,0.07238695,0.0659458,0.066148885,0.065611966,0.07012993,0.07921691,0.092217036,0.10680144
0.12714596,0.123530835,0.12349891,0.12562966,0.1247331,0.12426931,0.11960692,0.12019805,0.114287846,0.11330418,0.11161226,0.10856451
0.22860792,0.20208298,0.2036525,0.18889831,0.18528557,0.17424607,0.18023491,0.1830123,0.17383918,0.17178594,0.18289767,0.19638017
-0.078436494,-0.07234966,-0.07148924,-0.06938661,-0.065726325,-0.06319105,-0.06318208,-0.061599135,-0.058742877,-0.054509103,-0.052180905,-0.05211022
0.06314061,0.048604354,0.03976503,0.03613205,0.033037744,0.029979493,0.022970594,0.025814189,0.025645085,0.032717895,0.037171245,0.047566902
-0.25286558,-0.21111414,-0.1738162,-0.14743409,-0.12929094,-0.11636595,-0.110528514,-0.10776569,-0.11441394,-0.13207927,-0.15990464,-0.19216746
0.15451574,0.14798227,0.14057803,0.12869251,0.11340774,0.080170244,0.070149645,0.063058004,0.04843755,0.009617735,-0.046503514,-0.078957975
0.21461125,0.20240897,0.20041648,0.19453186,0.19289976,0.18823467,0.17523916,0.17355579,0.16103199,0.15670511,0.13894896,0.12680767
0.057270672,0.056836482,0.057646252,0.056775898,0.0576094,0.052004214,0.05774733,0.05385117,0.052575883,0.053991046,0.05831877,0.058519494
-0.50630075,-0.4594108,-0.43152446,-0.40807688,-0.3793721,-0.36533812,-0.3437233,-0.32932937,-0.30725253,-0.2979377,-0.28460452,-0.2779878
0.17179233,0.13749222,0.12415072,0.107133366,0.09616655,0.09353412,0.0956399,0.093745016,0.09551055,0.10736255,0.13442475,0.16080785
-0.05662311,-0.040348124,-0.018854417,-0.0046244636,0.0027113147,0.0056252964,0.014351282,0.01570657,0.016062994,0.0067158397,-0.0064254804,-0.01880581
-0.21496922,-0.20580678,-0.1957368,-0.18551402,-0.1753888,-0.17219263,-0.16411616,-0.15034178,-0.14650604,-0.13765803,-0.12453645,-0.11086122
0.28456804,0.28897354,0.29568636,0.28278506,0.28048334,0.26875937,0.26822388,0.24941856,0.23423347,0.21273564,0.17894296,0.143762
0.10746703,0.08369234,0.06316411,0.048628815,0.034157224,0.024633978,0.010326009,0.0014838427,-0.0014772099,-0.0036184452,-0.006706264,-0.0035153327
0.64504266,0.59846514,0.5746408,0.55024064,0.52035457,0.50077176,0.48439312,0.47113386,0.4431399,0.4260468,0.40087104,0.38397145
0.5924696,0.5703971,0.5358329,0.5052344,0.48315504,0.4580418,0.4464622,0.4181609,0.4030691,0.39613903,0.36557388,0.3376442
0.2050511,0.18845206,0.17080912,0.16592744,0.15948047,0.14691243,0.13988689,0.14276634,0.1414709,0.14979288,0.16277176,0.17693473
-0.11330821,-0.11484096,-0.118946895,-0.12217829,-0.12089039,-0.1216874,-0.12230795,-0.1153769,-0.11160894,-0.10510107,-0.09560537,-0.08347487
-0.07054672,-0.061562367,-0.06222694,-0.059249133,-0.05615116,-0.054494046,-0.05530953,-0.05304713,-0.0509537,-0.04877992,-0.05042081,-0.05122434
0.38106483,0.36882842,0.36042055,0.34427175,0.3348995,0.3164502,0.30607322,0.28954035,0.27375925,0.25723827,0.21903594,0.18764092
-2.2450073,-2.077917,-1.9717724,-1.8919138,-1.7810122,-1.7139626,-1.6549345,-1.60527,-1.537521,-1.4935826,-1.436066,-1.4085047
-0.16161449,-0.1227787,-0.089708105,-0.06750549,-0.04856026,-0.039012015,-0.033236913,-0.040394112,-0.045403875,-0.056688715,-0.083042875,-0.12047199
-0.21987931,-0.19495256,-0.18400262,-0.15957554,-0.14589164,-0.12416896,-0.111597225,-0.0886835,-0.067537315,-0.059460036,-0.030180618,-0.008546045
-0.24270332,-0.22565699,-0.21357106,-0.2054288,-0.19564204,-0.19062488,-0.18805546,-0.18643977,-0.1833576,-0.18525666,-0.18782698,-0.19218063
-0.5189805,-0.47769988,-0.44270045,-0.4147688,-0.3841683,-0.36325434,-0.34313235,-0.32762834,-0.31211573,-0.30374572,-0.27598146,-0.26118365
-0.13567407,-0.12580292,-0.120949514,-0.105738975,-0.10124816,-0.09445107,-0.08521334,-0.07300277,-0.06400076,-0.055579998,-0.03917312,-0.02328138
0.20396207,0.16736077,0.13961142,0.11317745,0.09316821,0.0790215,0.06213107,0.047680043,0.035177916,0.034883115,0.030371238,0.030730015
-0.074515074,-0.068918064,-0.0643041,-0.06214725,-0.057346597,-0.054365434,-0.05345629,-0.053710345,-0.051794108,-0.049537737,-0.050052173,-0.05114303
0.2455848,0.24359725,0.24877363,0.24386223,0.24053353,0.23410444,0.23141858,0.22299753,0.20620722,0.19189805,0.16879326,0.14421132
0.3720123,0.34732318,0.33005655,0.31468555,0.29870415,0.2886967,0.28329778,0.27364376,0.26786512,0.26508266,0.25815058,0.2537838
0.28967807,0.24550706,0.20962085,0.18400574,0.15943682,0.15131393,0.13973616,0.13591436,0.14234893,0.15430993,0.16959384,0.19566806
-0.4798396,-0.45492563,-0.42348686,-0.40159562,-0.38428852,-0.3627169,-0.3499566,-0.35584027,-0.32955313,-0.32061097,-0.30905697,-0.30682218
0.2448061,0.21447505,0.19176845,0.17172073,0.15414408,0.14344917,0.13150905,0.12459904,0.117345855,0.11526125,0.1116723,0.115021504
0.179843,0.17212984,0.16756512,0.16157426,0.15691848,0.15603629,0.15354411,0.13798378,0.13302767,0.13135965,0.12155541,0.10884604
0.4600319,0.42843708,0.41954938,0.40493825,0.38576806,0.37214252,0.36156067,0.3535475,0.33150786,0.31533426,0.28984964,0.27351514
-0.104488365,-0.09104137,-0.084537305,-0.073674746,-0.06773065,-0.06161301,-0.055523347,-0.04817184,-0.04300302,-0.04124809,-0.03137835,-0.02466923
0.023778375,0.026021373,0.030338202,0.030861853,0.030109726,0.030173799,0.027985126,0.025285263,0.020312902,0.011803665,0.0021160997,-0.007343953
-0.1579317,-0.16598152,-0.17670813,-0.17918849,-0.18081146,-0.17864645,-0.17459941,-0.16552804,-0.15306495,-0.1397548,-0.111602224,-0.08237967
0.03712759,0.036544234,0.034876764,0.033772655,0.031438813,0.027944563,0.021711946,0.024289139,0.01717076,0.011285447,-0.00015998364,-0.0076182303
0.41837153,0.3988094,0.38966727,0.38168857,0.3684008,0.35958108,0.3435656,0.32182252,0.29915464,0.28642157,0.2563842,0.2276876
0.44061247,0.4346412,0.4295917,0.42120147,0.41075563,0.40239048,0.3928332,0.3786683,0.36211348,0.34717533,0.31996208,0.28803152
-0.48391712,-0.45023313,-0.42842793,-0.39348298,-0.37075272,-0.34694394,-0.33260685,-0.3014384,-0.2824757,-0.26834363,-0.24242434,-0.21674785
0.17590022,0.17027083,0.16239257,0.17091128,0.15874505,0.16916938,0.17649579,0.18354471,0.18388447,0.17847973,0.20206134,0.2162762
-0.37439334,-0.35956025,-0.35586312,-0.3486112,-0.33553514,-0.32958385,-0.3177797,-0.29769617,-0.2803544,-0.26383722,-0.23436278,-0.20477
0.09269246,0.06576936,0.047978017,0.041554164,0.029114213,0.026565544,0.018295966,0.023392815,0.02548365,0.034204487,0.045990404,0.066550225
-0.048410073,-0.048860557,-0.051525418,-0.051848657,-0.052492253,-0.052479427,-0.056339346,-0.0570297,-0.059158817,-0.05968264,-0.061957136,-0.06312158
0.11340185,0.11073411,0.11005267,0.107750244,0.1063596,0.10209365,0.10289894,0.108109936,0.10247113,0.100751,0.10132874,0.10315691
-0.005193549,-0.017168773,-0.01585767,-0.023267271,-0.022061959,-0.020895675,-0.018216968,-0.02410753,-0.025640868,-0.016705018,-0.0058645797,0.002089848
-0.23590727,-0.22755906,-0.22978953,-0.22564135,-0.22219154,-0.22035748,-0.22343615,-0.22631831,-0.22048527,-0.21328661,-0.20760892,-0.20222263
0.07848285,0.054607645,0.032540523,0.016357962,0.004891012,-0.0022529624,-0.0070582777,-0.008807223,-0.007399723,0.0005240254,0.015204116,0.03422664
-0.1721431,-0.16145095,-0.15320404,-0.14149736,-0.1326721,-0.13068119,-0.12192806,-0.11847289,-0.10203505,-0.094504714,-0.08787156,-0.07942749
-0.22440308,-0.21323718,-0.20708524,-0.20053734,-0.19031611,-0.17946431,-0.17022692,-0.1681337,-0.15903556,-0.14519219,-0.1287893,-0.11885715
0.35932025,0.35478336,0.35482746,0.34810713,0.33943093,0.33642232,0.32651407,0.31517065,0.29755503,0.2738489,0.24188252,0.21167311
-0.5570022,-0.52643216,-0.5064664,-0.49094778,-0.4687242,-0.45169532,-0.43975693,-0.41932538,-0.40312412,-0.391511,-0.36871386,-0.34934658
-0.026771856,-0.023181226,-0.019303644,-0.015481789,-0.012476783,-0.010003421,-0.007368883,0.0030816002,0.0013848053,0.0015496882,0.008694017,0.014414013
-0.41122222,-0.37432694,-0.353239,-0.32655856,-0.30541164,-0.2899613,-0.27233207,-0.26286963,-0.24349613,-0.23174334,-0.2177133,-0.2086699
-0.69255304,-0.644857,-0.58240455,-0.55704427,-0.5276462,-0.5047352,-0.4964824,-0.48121297,-0.46979964,-0.47930261,-0.47755948,-0.48913535
-0.31110644,-0.28013268,-0.25515878,-0.2386032,-0.22319913,-0.21476573,-0.20746112,-0.20058799,-0.20249762,-0.2111838,-0.21961856,-0.23114896
0.019453455,0.026591603,0.034272626,0.037061937,0.03754723,0.03722409,0.03724679,0.031077748,0.025316287,0.016831778,0.002921756,-0.013318038
-0.18468173,-0.19822147,-0.21690847,-0.22613281,-0.2313132,-0.23549056,-0.2353375,-0.23624259,-0.22632346,-0.2113046,-0.1841844,-0.15463041
0.2548232,0.24141465,0.22965233,0.21889089,0.21188068,0.20229952,0.20887691,0.20155893,0.2012688,0.20660934,0.21742903,0.22550948
0.057770252,0.047851626,0.041521758,0.038730174,0.036107905,0.034573235,0.039086264,0.043138593,0.049407966,0.05674634,0.07294229,0.08998609
0.10428565,0.090448454,0.08119179,0.0726477,0.063810945,0.060271107,0.054931466,0.05075804,0.050877534,0.051386416,0.054400433,0.05938252
0.017777562,0.014357654,0.0126055,0.01399641,0.01130487,0.01466252,0.0181399,0.013877957,0.01681026,0.01980621,0.02874809,0.033143867
-0.30629268,-0.29923847,-0.30046403,-0.29633287,-0.28709936,-0.28200048,-0.27925217,-0.27050364,-0.26078752,-0.24705946,-0.22088851,-0.1987504
-0.09284792,-0.07495462,-0.062266517,-0.05671757,-0.050253954,-0.047321714,-0.04363532,-0.047647107,-0.046379015,-0.05261778,-0.06862117,-0.08580887
0.15794384,0.14159516,0.12568879,0.11018908,0.09944818,0.087804645,0.07524534,0.067095034,0.05487263,0.0489023,0.042041752,0.037456147
0.3908725,0.3522722,0.32804134,0.30169934,0.2788613,0.269965,0.26463377,0.25526744,0.24626635,0.24501485,0.25225508,0.26030138
-0.16811733,-0.14057755,-0.11937457,-0.09168677,-0.080206364,-0.0604477,-0.047229793,-0.062259518,-0.053390305,-0.051822275,-0.025934184,-0.019957963
0.5074725,0.4707465,0.44616473,0.4282873,0.40954015,0.40172815,0.3737248,0.369949,0.36191493,0.36129332,0.33256602,0.32441762
0.00527275,-0.01024382,-0.022208333,-0.030730182,-0.034103677,-0.030298142,-0.028508425,-0.027264906,-0.020683125,-0.0071579777,0.017865267,0.040795412
-0.22099632,-0.20485374,-0.18974751,-0.18098114,-0.17217419,-0.16370736,-0.15072459,-0.15483013,-0.14170311,-0.1369975,-0.1239116,-0.11882672
0.109131746,0.114128165,0.12120259,0.121533364,0.12373746,0.12807485,0.1304175,0.12246911,0.11554411,0.11361562,0.10912654,0.09755521
0.26801148,0.24772646,0.23562467,0.22565559,0.21096931,0.2026234,0.18969999,0.18242668,0.17105813,0.16062587,0.14432302,0.13332295
0.11048337,0.102505825,0.09582248,0.09948651,0.09245293,0.09696329,0.09360709,0.08370027,0.08661075,0.08921433,0.09231097,0.091228284
-0.20716475,-0.18936953,-0.17021735,-0.1647766,-0.14825791,-0.13871026,-0.1288761,-0.12485449,-0.114665,-0.10720138,-0.1071788,-0.10733088
0.04406295,0.041889094,0.042844143,0.043626726,0.03985167,0.04163932,0.03938903,0.036231253,0.035286598,0.03009436,0.024249893,0.019069921
0.06441876,0.06280768,0.070001855,0.069054574,0.0683482,0.06973717,0.06634925,0.06937313,0.0581968,0.05115217,0.04298084,0.034146365
-0.26166177,-0.23973316,-0.22717458,-0.20684035,-0.19196306,-0.18241794,-0.17701031,-0.16429836,-0.15790549,-0.14867231,-0.13320047,-0.12412365
0.01690983,0.021025103,0.027803198,0.03352074,0.033506017,0.033264767,0.03649142,0.037009694,0.034182332,0.029138263,0.01984651,0.012279159
-0.14363825,-0.13151863,-0.12389825,-0.11606201,-0.10767039,-0.10444672,-0.0999901,-0.09534219,-0.088894114,-0.08641271,-0.08533019,-0.08368101
0.29708865,0.28666058,0.2842613,0.26901126,0.26172632,0.24284941,0.23579122,0.22785404,0.20655747,0.18933721,0.16176668,0.13688572
-0.19546716,-0.19351971,-0.19329053,-0.19116253,-0.18827699,-0.18519792,-0.1853066,-0.17839885,-0.1722458,-0.16638158,-0.15382305,-0.14158918
-0.64273393,-0.61475444,-0.5952918,-0.56878805,-0.5543603,-0.5364441,-0.51548785,-0.4954556,-0.46350235,-0.4480751,-0.42006406,-0.38828045
0.103529364,0.0870867,0.072041765,0.062155012,0.051687796,0.048712447,0.04374606,0.0377589,0.039716527,0.044528715,0.04703131,0.053293984
-0.03897397,-0.03540983,-0.037202176,-0.041586183,-0.042320646,-0.04290145,-0.049171127,-0.059326045,-0.06339199,-0.066026345,-0.080562636,-0.09463838
-0.05783199,-0.053487957,-0.04764579,-0.042881988,-0.04026962,-0.034669288,-0.031350434,-0.028691325,-0.02545952,-0.024465853,-0.022604508,-0.022366324
-0.06879759,-0.07681531,-0.087311715,-0.09161241,-0.09576928,-0.09651122,-0.10297109,-0.09583534,-0.09436401,-0.09066779,-0.080611475,-0.067977436
-0.07713952,-0.08735861,-0.0938379,-0.08044628,-0.087713055,-0.0869509,-0.08573366,-0.07862255,-0.07209105,-0.06620292,-0.042062268,-0.015484375
0.1991323,0.17803086,0.1614624,0.14645351,0.13425796,0.13022357,0.12298997,0.12261753,0.11692069,0.11682245,0.12469059,0.13425028
-0.17494334,-0.16422944,-0.15263021,-0.15280934,-0.14460835,-0.13326639,-0.117685825,-0.11683267,-0.10258082,-0.09237439,-0.07493682,-0.065705284
0.1801129,0.16523781,0.15371904,0.1455523,0.13826023,0.1342609,0.12804857,0.121949345,0.11770851,0.118822046,0.118030004,0.11675291
-0.2167389,-0.20295545,-0.1943378,-0.18671861,-0.1765018,-0.1689122,-0.17091152,-0.16733892,-0.16186492,-0.15725307,-0.15636028,-0.15916577
0.14938374,0.12369563,0.10763195,0.092434525,0.08034619,0.07620631,0.070555,0.071334794,0.06705187,0.0705878,0.081943475,0.09657579
0.47005382,0.43036032,0.4034942,0.37515083,0.34987193,0.3349437,0.31504923,0.29609567,0.2795048,0.26890904,0.24784242,0.23276915
0.05216609,0.03347352,0.01428543,0.0020739846,-0.010072164,-0.013624448,-0.017461527,-0.016229138,-0.015329011,-0.011017375,0.0044979015,0.023394752
0.19940381,0.18979968,0.18430583,0.17598096,0.16994028,0.16574931,0.16049014,0.15057315,0.14353,0.1394018,0.12689508,0.11491273
-0.15987846,-0.14925362,-0.1450341,-0.13581643,-0.12964356,-0.12538984,-0.12020603,-0.1192772,-0.11077218,-0.10606523,-0.099727005,-0.094718985
-1.3326547,-1.2303556,-1.153103,-1.0920826,-1.0221072,-0.97672975,-0.9368857,-0.8995381,-0.8549323,-0.8293694,-0.79215914,-0.7722937
0.007871386,-0.0038893558,-0.012233539,-0.016905177,-0.023949265,-0.025284134,-0.026925689,-0.026323535,-0.025313267,-0.021275174,-0.008768435,0.002792446
0.18509594,0.18636476,0.19020411,0.18735294,0.18445899,0.17724454,0.16908145,0.16026694,0.14216366,0.12434706,0.096929975,0.0706753
0.09786577,0.09469979,0.0948458,0.09370678,0.09113944,0.08921989,0.08375578,0.076749265,0.067996114,0.061433,0.048324414,0.035472322
-0.05079993,-0.03464642,-0.022576883,-0.00644245,-0.0012766346,0.006927766,0.008978408,0.005492568,0.0051925927,-7.061288e-05,-0.01025954,-0.026066363
0.028782105,0.022899538,0.014297735,0.0022601532,-0.003825467,-0.011459175,-0.01136229,-0.017221117,-0.019243423,-0.021636434,-0.021418788,-0.020517241
-0.12063615,-0.11029031,-0.10410556,-0.09726685,-0.090579614,-0.08816816,-0.07533987,-0.06779385,-0.06354798,-0.05709623,-0.043228388,-0.03152264
-0.49826396,-0.46133286,-0.4385631,-0.42078733,-0.3952956,-0.38466144,-0.3693924,-0.35983598,-0.3450399,-0.33733815,-0.3250891,-0.31818125
0.11016329,0.09776825,0.08661357,0.07640541,0.07162842,0.06837027,0.061314683,0.062329486,0.063437425,0.06799469,0.06919161,0.074525505
-0.24274749,-0.2402259,-0.2501593,-0.2472599,-0.24456736,-0.24538937,-0.24811296,-0.23941399,-0.22975376,-0.22095695,-0.21152148,-0.19502743
-0.36961684,-0.34000224,-0.3273601,-0.30218318,-0.28591308,-0.27612942,-0.26362234,-0.24598372,-0.23326008,-0.22299099,-0.20654197,-0.18979767
-0.030149383,-0.027350865,-0.018759992,-0.017875025,-0.014543572,-0.009514833,-0.00078579446,0.00086548785,0.006072441,0.008397718,0.014357912,0.017834183
0.4549399,0.42754173,0.41230503,0.38765928,0.36646497,0.35037935,0.33273336,0.3138085,0.28518432,0.26449746,0.22933295,0.1982042
0.10688996,0.0981623,0.08335401,0.07950571,0.07914309,0.084125526,0.07378632,0.08477076,0.08424395,0.096970305,0.11291833,0.12729183
0.020866817,0.029124562,0.036437493,0.044763327,0.04589997,0.048712723,0.05016976,0.049361173,0.050409947,0.043504912,0.036154285,0.027266514
-0.07069124,-0.07302763,-0.07546689,-0.07499463,-0.07729702,-0.075099915,-0.075459085,-0.07848357,-0.07746891,-0.07556293,-0.072000474,-0.06883031
-0.064152114,-0.06405636,-0.07124955,-0.062465653,-0.059396613,-0.055564597,-0.05895869,-0.044960152,-0.032196287,-0.024180576,-0.013674616,0.0055765053
-0.0787848,-0.06649731,-0.04722718,-0.039763153,-0.03468921,-0.03336547,-0.03083536,-0.024661426,-0.031800985,-0.04240071,-0.054009657,-0.06599257
0.399145,0.36996526,0.3583781,0.351056,0.33997148,0.34819335,0.32037124,0.301926,0.2921393,0.29948175,0.25993896,0.23009613
0.14938545,0.13474065,0.120256335,0.10665147,0.09512311,0.08620174,0.08277845,0.07833149,0.07622225,0.07413887,0.06899175,0.0692379
0.49722856,0.44993132,0.43034235,0.40799844,0.3877107,0.38332388,0.3721654,0.36773035,0.35479775,0.35381854,0.35644835,0.36216956
0.2205365,0.21586107,0.22135407,0.2225081,0.21416146,0.2124886,0.19998483,0.18292862,0.16375105,0.141989,0.108074695,0.07175016
0.18379438,0.14457825,0.114908695,0.09488179,0.0754984,0.066242635,0.050857976,0.047063686,0.042023025,0.050377015,0.057287756,0.07236659
-0.2827423,-0.27703416,-0.2749604,-0.27289352,-0.26333988,-0.25816572,-0.2534787,-0.2441515,-0.23255914,-0.2177785,-0.19749333,-0.17776546
-0.24677765,-0.23829511,-0.23484239,-0.22577032,-0.21841444,-0.20833974,-0.20096391,-0.18887821,-0.17284696,-0.16005072,-0.13636285,-0.11184885
-0.53468984,-0.50477046,-0.49261683,-0.47420427,-0.45203874,-0.4354594,-0.4170814,-0.38986742,-0.36420214,-0.34063238,-0.30201682,-0.26581243
0.07965039,0.07620437,0.0678091,0.06623366,0.06037769,0.06138545,0.05297424,0.049751706,0.048692573,0.0497081,0.046850294,0.040793255
-0.35180503,-0.3177267,-0.28777793,-0.2649803,-0.24534273,-0.23354694,-0.22530055,-0.22348799,-0.21916202,-0.2235738,-0.23131806,-0.24447554
0.39249852,0.35249665,0.32210997,0.2965288,0.271365,0.2586582,0.23784888,0.21956746,0.20931603,0.19897313,0.18139526,0.17283762
-0.0704466,-0.06530706,-0.06462769,-0.05846655,-0.05508685,-0.052260965,-0.049153786,-0.040661205,-0.036595196,-0.032198723,-0.023137268,-0.014906134
-0.07220011,-0.07841071,-0.08313532,-0.08911357,-0.08747765,-0.089882694,-0.09396635,-0.100250125,-0.101981185,-0.096872024,-0.09193049,-0.0887764
-0.1598339,-0.1342928,-0.11379848,-0.10199392,-0.08817971,-0.079050064,-0.074901074,-0.074422285,-0.077896856,-0.08449204,-0.09281607,-0.10931393
0.03650935,0.02002061,5.9604645e-08,-0.011494655,-0.020256843,-0.025909737,-0.025765657,-0.023850843,-0.018005267,-0.007215183,0.013009035,0.036190864
-0.58872426,-0.53950226,-0.50199616,-0.47120747,-0.4426644,-0.4227136,-0.40856954,-0.39547148,-0.38507655,-0.38371387,-0.38340265,-0.3886747
0.27564695,0.26703334,0.2647327,0.2516981,0.2562994,0.26686367,0.26504597,0.29150128,0.28538102,0.28908297,0.2935857,0.30480123
0.115884975,0.10618703,0.093892865,0.08570702,0.07441485,0.07241532,0.07482088,0.06773476,0.071288906,0.07046115,0.07373849,0.07636705
0.008398304,0.002812556,0.0009003915,0.00065386016,-0.0049324324,0.0008000564,-0.0027656807,-0.0022340165,-0.0028144578,-0.00335435,-0.0035581063,-0.0018363537
0.020621067,0.03160847,0.03920266,0.045346126,0.0526972,0.052942343,0.054421842,0.061597787,0.064144716,0.059837785,0.061089188,0.059008338
0.28333536,0.25404057,0.23562948,0.224572,0.21042779,0.19794464,0.18727797,0.17763214,0.16522597,0.16208474,0.15737304,0.15713991
-0.09275166,-0.08071087,-0.07617226,-0.06923786,-0.06474157,-0.06505267,-0.06549546,-0.07414897,-0.07459976,-0.072940744,-0.07848308,-0.09107027
-0.13265759,-0.1650032,-0.19513282,-0.21225524,-0.22165644,-0.2230965,-0.22287291,-0.20946863,-0.19098593,-0.16216522,-0.1122731,-0.055557705
-0.109317,-0.10765238,-0.1050496,-0.10174347,-0.09779683,-0.09249389,-0.08895215,-0.0850557,-0.07609533,-0.06923565,-0.059385147,-0.0485648
-0.20756233,-0.18322265,-0.1668764,-0.15892425,-0.14841507,-0.13860661,-0.13657807,-0.13832,-0.13923556,-0.14579801,-0.15763535,-0.17314772
-0.44907075,-0.39158836,-0.34563506,-0.3156377,-0.28371686,-0.26804578,-0.24764057,-0.23998602,-0.23329964,-0.23544835,-0.24471581,-0.2652313
-0.082000956,-0.06897646,-0.05723772,-0.045788936,-0.037237447,-0.026732698,-0.026289036,-0.018421754,-0.02071262,-0.022437569,-0.02372358,-0.028141696
0.49582863,0.4840985,0.47697204,0.4568671,0.43911773,0.42135072,0.404262,0.37079412,0.3359361,0.3042644,0.2437663,0.18378177
-0.36587176,-0.34715706,-0.33637914,-0.32568422,-0.31201926,-0.30708477,-0.29811984,-0.2909043,-0.28366864,-0.27465144,-0.26054633,-0.2477785
-0.3174099,-0.29836184,-0.27002484,-0.25455913,-0.24082908,-0.2219214,-0.20567474,-0.20077257,-0.17473254,-0.16892807,-0.14980716,-0.13554257
0.13451436,0.099540874,0.06921765,0.046297297,0.027949266,0.018701307,0.008255377,0.01062236,0.012538761,0.020200029,0.037750736,0.06185031
-0.041706566,-0.02720132,-0.013973538,-0.0075079463,-0.0009866692,0.0036657378,0.009571852,0.007978726,0.0075288303,0.004192047,-0.0023628576,-0.013746944
-0.20293084,-0.177817,-0.15435547,-0.14003173,-0.12767857,-0.118029006,-0.109051615,-0.111228645,-0.10790463,-0.11334947,-0.12071726,-0.1334832
-0.12077156,-0.110516265,-0.09986308,-0.08956931,-0.08315236,-0.07905104,-0.06898924,-0.059931498,-0.05285393,-0.04924738,-0.043940715,-0.036887944
-0.26232463,-0.23775227,-0.22210148,-0.20691723,-0.19439931,-0.18559667,-0.17963003,-0.1751363,-0.17050251,-0.17104241,-0.17308128,-0.17801695
-0.38871706,-0.3442487,-0.31105354,-0.28046405,-0.25552952,-0.23737192,-0.23909646,-0.2182232,-0.22500303,-0.23237218,-0.24952637,-0.27105325
-0.4241944,-0.41321382,-0.4100539,-0.40587157,-0.39162606,-0.3835536,-0.37311685,-0.3540483,-0.3336372,-0.3121719,-0.2759897,-0.24091728
0.23207697,0.18953212,0.16901158,0.13681284,0.11756457,0.10704103,0.086050116,0.07914654,0.062153608,0.06209848,0.046871156,0.046118695
-0.8298663,-0.75783247,-0.7052094,-0.6603242,-0.61548096,-0.58660823,-0.53900987,-0.5331392,-0.48679852,-0.45677334,-0.41941532,-0.39705977
0.17559157,0.16444421,0.14625543,0.15336274,0.14512052,0.14313085,0.123463586,0.1231806,0.13753164,0.14046648,0.11608317,0.113334954
-0.16333811,-0.1464601,-0.13422997,-0.12434294,-0.113413535,-0.10899646,-0.1026055,-0.0952381,-0.09002131,-0.08722611,-0.08468083,-0.08317869
0.0971898,0.075315826,0.056090217,0.044690408,0.03238671,0.028088935,0.02212824,0.026450098,0.025723979,0.029834975,0.044793516,0.06320469
0.020106202,0.016743086,0.011032663,0.005621854,0.0036227666,0.0044517945,0.01170864,0.014723688,0.021468334,0.028795293,0.044507746,0.060176738
0.12156578,0.11301059,0.108074225,0.100410394,0.094911605,0.08827977,0.08598961,0.08172647,0.077449895,0.072775565,0.06748784,0.06487261
0.06048757,0.06569426,0.07166882,0.06463762,0.0641373,0.05941732,0.050989784,0.04257166,0.026752241,0.009677021,-0.020097379,-0.047806468
-0.18737637,-0.17187217,-0.15982552,-0.15129285,-0.1429643,-0.14014924,-0.13741867,-0.13297121,-0.13273454,-0.13743138,-0.1401904,-0.14382729
0.17004962,0.17428893,0.18242837,0.17814036,0.17307608,0.16944633,0.16141343,0.14006642,0.12207189,0.10154349,0.06528198,0.025087226
-0.6210331,-0.5617966,-0.5226526,-0.4901286,-0.45664212,-0.43685824,-0.42696312,-0.4093149,-0.40139994,-0.4030951,-0.40361944,-0.41186404
-0.580459,-0.5484671,-0.5296955,-0.51091105,-0.48578632,-0.4708396,-0.45314193,-0.43022147,-0.40933108,-0.39017442,-0.3563988,-0.3261836
-0.40296742,-0.37267503,-0.34979036,-0.33120003,-0.31210196,-0.29668653,-0.2856776,-0.2755993,-0.26486182,-0.2591877,-0.24595167,-0.24097921
0.41211855,0.38458005,0.36240503,0.3424984,0.3217943,0.30810636,0.29819041,0.2782831,0.26582637,0.26053554,0.24269459,0.22720882
-0.04047303,-0.037926987,-0.036526732,-0.03811764,-0.04034181,-0.039196573,-0.043704286,-0.04574918,-0.048395954,-0.054076586,-0.06594164,-0.0751925
-0.2851706,-0.26743287,-0.25966042,-0.24839443,-0.23417243,-0.22753038,-0.21956202,-0.20977528,-0.1946639,-0.18042228,-0.16589497,-0.15304263
-0.55608404,-0.52039564,-0.4957483,-0.47626054,-0.45274928,-0.4336715,-0.42543992,-0.4155396,-0.4045124,-0.39461425,-0.38709617,-0.38657415
-0.021668913,-0.014044853,-0.008933384,-0.0067650266,-0.0050867125,-0.012041207,-0.010108471,-0.020335486,-0.02449437,-0.033572424,-0.046873026,-0.059738588
0.020492963,0.030559015,0.039978415,0.04503932,0.04747728,0.051484257,0.053035535,0.048660517,0.045570277,0.039360203,0.028394692,0.015160193
-0.49967712,-0.47449714,-0.45999816,-0.44211733,-0.42220557,-0.4083827,-0.39653984,-0.37799615,-0.36091927,-0.3467765,-0.31745037,-0.29091275
-0.03538246,-0.03170684,-0.03240161,-0.013685362,-0.014640046,-0.012389985,-0.01248165,-0.011018585,0.0031979503,0.010478737,0.009142568,0.014226639
0.33817786,0.31741804,0.30675876,0.29376787,0.28031453,0.27662492,0.27047002,0.25506133,0.25067553,0.24079147,0.22799616,0.21709424
-0.041220512,-0.046113614,-0.050063502,-0.05307052,-0.052415416,-0.051853515,-0.052835107,-0.041921698,-0.03899347,-0.03478498,-0.023428451,-0.008825375
0.69205683,0.66162735,0.63082284,0.6080827,0.5796083,0.5563287,0.55240935,0.515469,0.512658,0.5010779,0.4846663,0.46828243
-0.014770851,-0.02479811,-0.0309129,-0.035217885,-0.037484232,-0.03562014,-0.037226357,-0.030451806,-0.029669698,-0.023067465,-0.0067054764,0.009884442
0.011414651,0.0009081885,-0.014372285,-0.02063194,-0.024209186,-0.028942602,-0.022825621,-0.016373653,-0.00543797,0.009204429,0.032542177,0.057988323
-0.0040584756,-0.019000422,-0.03736127,-0.05864318,-0.06410197,-0.07463373,-0.07150333,-0.06383491,-0.060130194,-0.047874086,-0.030480083,-0.0065460065
0.09902504,0.101564795,0.10992631,0.1118434,0.115295835,0.112056896,0.108576305,0.11073521,0.10156348,0.095038794,0.087129034,0.07555174
0.18209514,0.15988618,0.13753782,0.124158904,0.11084491,0.10687342,0.10023985,0.09171614,0.09452967,0.10122734,0.10905044,0.11750173
-0.0812953,-0.09200346,-0.10647434,-0.11161916,-0.11668039,-0.11773217,-0.118524015,-0.11054063,-0.102539554,-0.09288326,-0.07160756,-0.047600396
-0.009851834,-0.011660621,-0.014763566,-0.017480891,-0.01865482,-0.018594068,-0.011915088,-0.01589929,-0.010522278,-0.006262129,0.0024153753,0.011228111
-0.079180345,-0.0688492,-0.05906904,-0.049341153,-0.045609154,-0.04716494,-0.03947766,-0.034373336,-0.03529583,-0.03969632,-0.04063826,-0.04123895
0.2667397,0.24748902,0.23724788,0.22575508,0.21561334,0.21031542,0.20850801,0.20433588,0.20161377,0.19708571,0.1993238,0.20317154
-0.14645493,-0.13986097,-0.13579346,-0.12648477,-0.1221494,-0.11257155,-0.10562598,-0.1000717,-0.09136216,-0.08341965,-0.06810888,-0.056874346
-0.15380327,-0.14329764,-0.13471498,-0.13197678,-0.12649153,-0.12443254,-0.124275155,-0.12599142,-0.12794687,-0.12961182,-0.1333195,-0.14072226
0.23159014,0.20993613,0.19439432,0.1790333,0.1679146,0.16286568,0.15781465,0.15836161,0.15511592,0.15945715,0.16193707,0.16876432
0.10174253,0.1036093,0.103793755,0.10750719,0.10781063,0.10742214,0.11195358,0.11236255,0.11525076,0.11857388,0.11726611,0.11574988
0.101528116,0.10604258,0.114354685,0.11578509,0.11731981,0.11774422,0.11267991,0.10855846,0.09640819,0.0872616,0.06863214,0.047885027
-0.9684703,-0.89681035,-0.8431012,-0.7962167,-0.7462567,-0.7141075,-0.6874975,-0.6603126,-0.63218385,-0.6169289,-0.5864756,-0.5682186
0.25460017,0.24224208,0.23339234,0.22032456,0.20986171,0.20269448,0.19758996,0.18931077,0.18099867,0.17436555,0.16209476,0.15109941
0.014700401,0.010161567,0.0025500339,-0.004278386,-0.00876801,-0.004364659,-0.0053402735,-0.011569841,-0.008039517,-0.0030637328,0.00010686228,0.0015124803
-0.18614964,-0.17244415,-0.16509843,-0.16227667,-0.15170375,-0.15215918,-0.15048935,-0.14444956,-0.14428955,-0.14286587,-0.14215972,-0.14341657
0.0025411267,0.002367802,-0.005853286,-0.010468671,-0.0044036508,-0.006361574,-0.008267786,0.0038058832,0.0071843006,0.02411728,0.038723197,0.049574584
0.009307046,0.011651985,0.008596964,0.011139343,0.011046099,0.011199788,0.0071621593,0.005604825,0.0052278284,0.0065378295,0.004970684,0.0011471501
0.25990814,0.2720467,0.27394444,0.29731792,0.29382643,0.30776846,0.31360182,0.25221974,0.2692756,0.2722019,0.24362117,0.194684
0.2678842,0.25806752,0.252077,0.25150728,0.24760158,0.2388564,0.24787842,0.24336173,0.24769807,0.25366378,0.25984022,0.26628196
-0.4632478,-0.42656416,-0.40603742,-0.38655445,-0.36008972,-0.34320405,-0.32994387,-0.31593072,-0.30369705,-0.29390934,-0.27133772,-0.25713488
0.18363935,0.17640366,0.17089114,0.16214691,0.145532,0.14715457,0.1305727,0.10714198,0.08855278,0.06795973,0.03397674,-0.003377079
-0.25935817,-0.24526162,-0.24158591,-0.22475109,-0.21668282,-0.20815822,-0.19474334,-0.18052365,-0.16185188,-0.14628068,-0.120239586,-0.09512576
0.16978219,0.16564688,0.16665956,0.15922835,0.15354076,0.14635012,0.14061047,0.12957165,0.11673176,0.105285294,0.080032006,0.056979112
-0.0407723,-0.03794048,-0.031431515,-0.027940826,-0.023325581,-0.021257328,-0.019600295,-0.021520186,-0.02055917,-0.016218923,-0.015876722,-0.016563933
0.10318306,0.08510698,0.06573152,0.053472556,0.046714555,0.03857991,0.036002845,0.043417998,0.046988856,0.054903463,0.07017586,0.08982642
0.34903014,0.35285997,0.36606693,0.3707326,0.3672197,0.37576407,0.35906225,0.3513621,0.33240435,0.3076695,0.25806546,0.21305507
-0.29417044,-0.27021623,-0.24993254,-0.23309436,-0.21765155,-0.20776498,-0.19743063,-0.19266947,-0.18490104,-0.182232,-0.17686497,-0.1754053
-0.13884486,-0.13064009,-0.12276835,-0.115716904,-0.10919323,-0.102018215,-0.10307613,-0.09940428,-0.098246574,-0.098432794,-0.10033162,-0.102869295
0.44403467,0.41479912,0.3955361,0.37034443,0.3464114,0.325554,0.30566353,0.28459573,0.26155254,0.23846273,0.20093718,0.1698988
-0.340667,-0.31265837,-0.2973702,-0.27440926,-0.25854203,-0.2410322,-0.2275898,-0.21587066,-0.20027186,-0.19006133,-0.16652194,-0.15082453
-0.08109456,-0.07794134,-0.07500723,-0.07475338,-0.06993954,-0.06868431,-0.065130204,-0.060792655,-0.06070007,-0.057868354,-0.052347504,-0.0481797
0.34680164,0.31180394,0.28652894,0.26864702,0.24394646,0.23278853,0.20611963,0.1932882,0.17773697,0.16709535,0.14269331,0.12824911
0.030845283,0.029675532,0.026788559,0.025483675,0.02142514,0.017548477,0.011482537,0.009442573,0.0038744416,-0.0032212595,-0.014231826,-0.022620047
-0.14198847,-0.14436176,-0.14570183,-0.14392304,-0.14232871,-0.13815784,-0.14137056,-0.12860444,-0.12681687,-0.119978845,-0.108771674,-0.09537739
-0.04994204,-0.050379664,-0.048352785,-0.04638497,-0.044385605,-0.039568596,-0.039551515,-0.036482856,-0.031333067,-0.025483478,-0.020805944,-0.015407751
0.20840907,0.20506991,0.20983672,0.2098531,0.20561849,0.20633668,0.2060383,0.20071304,0.19174369,0.1880824,0.17715187,0.1617666
-0.07004253,-0.074021995,-0.08280566,-0.08696525,-0.08660976,-0.08783106,-0.08566421,-0.07688795,-0.06993493,-0.059760783,-0.042872835,-0.02434456
0.17638227,0.1787029,0.18589017,0.18574885,0.18352714,0.18066084,0.1740461,0.1664458,0.15043321,0.13584617,0.10754371,0.078802295
0.021100564,0.009990344,0.008889589,0.013766445,0.008180631,0.008643204,0.011853319,0.02048226,0.02519779,0.028042793,0.04100278,0.058198035
-0.32011655,-0.3147946,-0.3174586,-0.313882,-0.30561987,-0.3029266,-0.2913782,-0.27497685,-0.25494766,-0.23518813,-0.19958669,-0.16274491
0.5848976,0.5400814,0.50856024,0.48954546,0.45202145,0.45888883,0.459427,0.44194287,0.44388214,0.440396,0.4527159,0.46772593
-0.49451342,-0.44902825,-0.41900304,-0.39324754,-0.36579219,-0.3537848,-0.3494319,-0.33540928,-0.33806854,-0.33983052,-0.35043976,-0.36604297
-1.169906,-1.0782531,-1.0158027,-0.9632712,-0.9060965,-0.8650724,-0.8319259,-0.8008694,-0.76728964,-0.75014335,-0.7239473,-0.712576
0.41849697,0.3950945,0.37819296,0.3696358,0.35355884,0.3457558,0.33303237,0.3176948,0.3097304,0.30497584,0.28731978,0.2714809
-0.0208876,-0.00567024,-0.00077448227,0.010836858,0.013597488,0.015517956,0.021255895,0.018249838,0.016175885,0.013545316,0.010326976,0.0016041431
-0.43505403,-0.3867402,-0.35910517,-0.33308214,-0.31753066,-0.30966577,-0.29398155,-0.30209655,-0.29570222,-0.30524516,-0.32661372,-0.35274205
0.19389671,0.17463228,0.1729419,0.16469032,0.15335557,0.15432341,0.14079018,0.13055903,0.1196237,0.11182314,0.09194155,0.07754773
-1.4505577,-1.3606071,-1.2890091,-1.235838,-1.171559,-1.1296854,-1.0849571,-1.0413847,-0.9921267,-0.96246433,-0.9044307,-0.8594432
-0.005641379,-0.012898227,-0.017069196,-0.018621538,-0.019774104,-0.01976232,-0.017888762,-0.010317022,-0.0056812335,-0.0004299134,0.011004692,0.025624748
-0.23806989,-0.21036391,-0.19309646,-0.1739941,-0.16162448,-0.15582645,-0.14325204,-0.13674906,-0.13236332,-0.13180804,-0.13479649,-0.14047866
0.2543864,0.22802857,0.21092878,0.18765783,0.17546396,0.16360837,0.15335302,0.1420865,0.13363272,0.13048808,0.12135105,0.118304536
0.036381528,0.026543893,0.01990618,0.014273131,0.010520553,0.009599462,0.0049575856,0.0015933504,-0.00045416318,0.001283275,0.004874655,0.006471987
-0.00814157,-0.011926765,-0.012393932,-0.010054849,-0.014664574,-0.016407207,-0.01727968,-0.020449128,-0.020614114,-0.023305405,-0.02852121,-0.03148803
0.020463115,0.02001597,0.024560122,0.0331213,0.031059317,0.03479158,0.028597932,0.020045122,0.015081279,0.012223425,-0.0014816984,-0.015625834
0.03284458,0.035084058,0.041351162,0.0396263,0.041358784,0.036030892,0.032966144,0.027161121,0.020425238,0.011528764,-0.005262213,-0.020952143
0.10386306,0.08895654,0.079148084,0.07287419,0.064723894,0.059818067,0.058758967,0.05964207,0.060451925,0.063003995,0.06896623,0.07832364
0.08219228,0.07054988,0.06277965,0.05027789,0.042636633,0.038316384,0.03292798,0.028560186,0.023764234,0.02103097,0.01773163,0.0160138
-0.13392209,-0.120385475,-0.109250665,-0.09968624,-0.090378515,-0.086079985,-0.08103968,-0.0751286,-0.07239299,-0.069397904,-0.06871495,-0.070060775
0.039764076,0.03655662,0.03419891,0.02824993,0.026175888,0.021566205,0.012130191,0.010912374,0.0029626638,-0.0057297787,-0.016812129,-0.025602492
0.10011294,0.07436548,0.05605972,0.046075433,0.033178937,0.03011208,0.023281932,0.023847315,0.02426596,0.03184618,0.04225235,0.058895744
0.16525075,0.14959498,0.13293141,0.11926675,0.11215116,0.10520446,0.10552639,0.10428502,0.102239445,0.11055772,0.12359414,0.1347203
-0.101321146,-0.098559216,-0.0928294,-0.09005028,-0.085913464,-0.08276925,-0.082154945,-0.07566933,-0.07274078,-0.07055906,-0.068386704,-0.06330225
-0.38415903,-0.3540827,-0.33275175,-0.31552,-0.29739395,-0.28641087,-0.27638927,-0.26716393,-0.2555317,-0.2515509,-0.24422742,-0.24092361
-0.1433277,-0.13811955,-0.13643318,-0.1395307,-0.13278437,-0.13706264,-0.13765574,-0.13288444,-0.13058445,-0.13094236,-0.13288975,-0.13094893
0.087046936,0.090306856,0.09478518,0.092676476,0.090138674,0.08753984,0.084069535,0.07446349,0.06287271,0.04924283,0.030317973,0.0088795405
0.09096484,0.086497985,0.08308621,0.0787278,0.07374049,0.07399002,0.06980493,0.06625223,0.06409722,0.05871294,0.05376484,0.0478008
-0.08604088,-0.070228204,-0.051768597,-0.04700253,-0.04120256,-0.038855657,-0.041424796,-0.048562422,-0.060715314,-0.07387151,-0.09970401,-0.1278689
-0.01696589,-0.02638863,-0.033608954,-0.037908234,-0.039424405,-0.048021004,-0.049461484,-0.048453145,-0.04493016,-0.03645038,-0.033467945,-0.024022486
-0.011966117,-0.0277578,-0.038998302,-0.044300497,-0.04945799,-0.049525347,-0.053233653,-0.04921595,-0.04415767,-0.03813958,-0.02051675,0.000278892
0.39426535,0.35464382,0.32572508,0.2911419,0.2604483,0.24490473,0.21995902,0.19102556,0.16580176,0.14378116,0.11515921,0.09185813
-0.17736071,-0.17630132,-0.17876393,-0.17865668,-0.17342323,-0.16990265,-0.16451031,-0.1545482,-0.14169109,-0.12770683,-0.10733975,-0.08618198
0.17321113,0.16063264,0.15538779,0.14900954,0.1417681,0.14328524,0.13864231,0.13124304,0.123685755,0.12284334,0.11667544,0.10930768
0.58853316,0.534374,0.48978388,0.45831418,0.42501312,0.4059467,0.3911217,0.3779881,0.37039217,0.3739426,0.37551835,0.38828
-0.08008233,-0.07801066,-0.08310089,-0.08470981,-0.08133997,-0.08295194,-0.08060223,-0.089053474,-0.08158223,-0.075269215,-0.07241485,-0.071533136
-0.06999085,-0.07629307,-0.08334611,-0.09756954,-0.09762216,-0.09764317,-0.09939718,-0.0970371,-0.10738256,-0.10158663,-0.09086325,-0.0857006
-0.032840118,-0.03409177,-0.039178345,-0.04290464,-0.04147883,-0.047100425,-0.043800436,-0.043948762,-0.039045427,-0.034366485,-0.026496073,-0.017736783
0.2110228,0.19545549,0.18597086,0.17088185,0.16291866,0.15874767,0.14684963,0.1391298,0.12899762,0.12569538,0.116678625,0.10599083
-0.42422533,-0.40484503,-0.39232567,-0.3748517,-0.35917687,-0.34782264,-0.33757967,-0.32209554,-0.3064399,-0.29210913,-0.26916957,-0.24801333
-0.26079875,-0.2555949,-0.25791416,-0.25505552,-0.24712856,-0.24252582,-0.23665719,-0.22363451,-0.20664813,-0.19002153,-0.16345106,-0.13612999
0.11557067,0.10273613,0.093469046,0.08220891,0.07353065,0.0677774,0.06039418,0.051411085,0.04246641,0.03809164,0.030179065,0.023012985
0.078301094,0.095349014,0.111975804,0.119659245,0.12265383,0.12833714,0.13024113,0.123470515,0.11420761,0.09867121,0.07383937,0.044682454
-0.5119778,-0.49741134,-0.490929,-0.476969,-0.46155113,-0.4486424,-0.43449748,-0.41410848,-0.39001024,-0.36578286,-0.324097,-0.2840839
0.025747687,0.014689673,0.002179103,-0.010257699,-0.012604447,-0.019777201,-0.02488469,-0.025353553,-0.027205762,-0.023946635,-0.016622186,-0.008383414
0.108279735,0.10055703,0.091815375,0.08907415,0.0809675,0.07890058,0.078243,0.07529999,0.075356506,0.07542164,0.07600032,0.07764901
0.0058942777,-0.0035551982,-0.010922145,-0.017741129,-0.02069015,-0.025146676,-0.02518155,-0.021956159,-0.020848822,-0.018881759,-0.0060386844,0.0083363615
-0.14012064,-0.13359539,-0.1324171,-0.12537944,-0.122902736,-0.11510552,-0.10677657,-0.1054627,-0.090321735,-0.083944075,-0.06972158,-0.056910932
0.14711748,0.13721944,0.12309499,0.12042366,0.11360222,0.11050792,0.10988687,0.1121802,0.11332217,0.11823757,0.1276728,0.1368969
0.09601123,0.0949593,0.09685447,0.098562084,0.10045122,0.09999911,0.10593846,0.10030538,0.09961459,0.10303809,0.10485983,0.102377474
-0.23616529,-0.21461922,-0.20309092,-0.18496248,-0.17084089,-0.16642125,-0.1567258,-0.14228708,-0.13265342,-0.12422351,-0.11805546,-0.11040595
-0.16242838,-0.14097689,-0.12794599,-0.09974034,-0.09155466,-0.079182975,-0.05975415,-0.047319703,-0.03644458,-0.017368602,0.00031555165,0.012370521
-0.81213903,-0.73125106,-0.67564386,-0.6325118,-0.5888887,-0.5678359,-0.541976,-0.5236144,-0.51174474,-0.51592636,-0.5231786,-0.5369151
0.134171,0.12539993,0.11956002,0.10954746,0.102378055,0.093363926,0.08620079,0.075963795,0.065843165,0.05752181,0.04036224,0.02535994
0.12226207,0.102083094,0.08680291,0.07386318,0.06509543,0.05610415,0.047657575,0.0431456,0.038622916,0.039800525,0.041679345,0.046786625
0.13175158,0.11843841,0.108346954,0.099397615,0.09134041,0.08874993,0.08976268,0.09032828,0.089428514,0.09309575,0.100317486,0.10907478
-0.18481192,-0.17781128,-0.16901785,-0.16213991,-0.15749262,-0.15573105,-0.1522796,-0.14170423,-0.13905837,-0.13879202,-0.13287863,-0.12538645
-0.895641,-0.81525534,-0.7603978,-0.70794153,-0.659078,-0.6335628,-0.6000717,-0.5812737,-0.5487814,-0.536101,-0.52073514,-0.51790607
-0.05218021,-0.041073848,-0.031961825,-0.026759485,-0.026099296,-0.021697192,-0.016136656,-0.016908837,-0.016984291,-0.024801023,-0.029517123,-0.037701305
-0.36347586,-0.33509627,-0.31564444,-0.29745653,-0.27980548,-0.26806605,-0.2545319,-0.24635842,-0.23727977,-0.22782694,-0.2123326,-0.20411618
0.09151827,0.10378728,0.11148456,0.11510497,0.12237042,0.12269401,0.12959123,0.13159353,0.1337785,0.13460521,0.12453158,0.11811511
0.38425744,0.34866425,0.32504582,0.30087954,0.2720321,0.25916228,0.23189452,0.21567383,0.18496577,0.16295056,0.13598163,0.113276035
-0.08126204,-0.070955336,-0.064462036,-0.045187403,-0.037014473,-0.029168833,-0.038923044,-0.0276657,-0.0133943325,-0.011004577,-0.026518354,-0.027976766
0.2666205,0.25235498,0.23850685,0.21835344,0.2064959,0.19452783,0.1808672,0.16153404,0.14269517,0.124960184,0.102760024,0.080290265
0.50734764,0.47834894,0.45791745,0.43289155,0.4120678,0.39125586,0.3779197,0.3667565,0.34739253,0.32800397,0.30034298,0.28147236
-0.012844517,-0.015748201,-0.018510295,-0.01942261,-0.022498094,-0.024054185,-0.02463901,-0.024362296,-0.025985189,-0.03257647,-0.030646387,-0.026958317
0.013591963,0.0027744072,-0.004812276,-0.01328011,-0.019538492,-0.023141606,-0.02573775,-0.01968708,-0.019604372,-0.020873722,-0.01577226,-0.0064437236
-0.1837111,-0.18355326,-0.1867713,-0.17962858,-0.17609744,-0.17183791,-0.16601345,-0.15504664,-0.14383584,-0.13014467,-0.106770515,-0.08276815
0.21735837,0.20085858,0.18817556,0.17711474,0.168156,0.15951623,0.1532019,0.15039547,0.14572954,0.14569604,0.14343828,0.1431706
-1.9135768,-1.7818007,-1.6844419,-1.6063523,-1.5131654,-1.4441433,-1.3755316,-1.3520116,-1.2584733,-1.2134216,-1.1410052,-1.1008599
0.065834835,0.05046412,0.03736347,0.03197384,0.027435154,0.022409877,0.019866183,0.02333038,0.022076631,0.026377846,0.03862496,0.05309794
0.22735338,0.21794829,0.21318386,0.20660992,0.19676852,0.18782313,0.18230882,0.1672668,0.16094388,0.14999855,0.12811458,0.108991385
0.4078625,0.39519075,0.3861133,0.37118813,0.3578956,0.3474173,0.3398309,0.32594073,0.3101197,0.2920728,0.2668269,0.24134211
-0.37233692,-0.35466206,-0.34247676,-0.32785583,-0.31445953,-0.30285695,-0.29039216,-0.2894167,-0.27769977,-0.26788303,-0.24178565,-0.22631788
0.2231183,0.2198005,0.22142793,0.2127991,0.2096924,0.1977976,0.18736373,0.18481404,0.16803499,0.14913842,0.11712302,0.091249235
0.34457704,0.32146382,0.30657724,0.2865595,0.27085432,0.25503984,0.24369454,0.2278915,0.21030568,0.19812244,0.18069352,0.16370738
0.023607228,0.012660442,0.0020981357,-0.006757077,-0.008090509,-0.016944908,-0.01940859,-0.02041359,-0.017969348,-0.011243807,-0.005070269,0.005109177
-0.07250367,-0.073263794,-0.066472866,-0.06742133,-0.057070576,-0.06300407,-0.050226018,-0.034906838,-0.026033843,-0.017061165,-0.0019487971,0.020425543
-0.14810354,-0.13358057,-0.12369813,-0.11865359,-0.110754974,-0.108622044,-0.10598473,-0.10410879,-0.10334598,-0.10860823,-0.115266964,-0.122179314
0.123225,0.12681374,0.13432768,0.13531981,0.13614617,0.13256992,0.13267273,0.12626877,0.11611904,0.107189745,0.09309316,0.076879084
-0.15010452,-0.1483691,-0.15288474,-0.15067296,-0.1461029,-0.14095554,-0.13871372,-0.13315268,-0.12160703,-0.10671612,-0.08882085,-0.07192926
0.59728,0.5633522,0.5574716,0.53317297,0.51445276,0.5030837,0.50492936,0.49965304,0.47145948,0.45754218,0.45893577,0.45760843
-0.55947065,-0.521036,-0.50102174,-0.4847728,-0.4590028,-0.44845295,-0.432077,-0.4240774,-0.40534875,-0.39176282,-0.375314,-0.36561984
0.021162003,0.023872511,0.017819332,0.014477615,0.012308896,0.004466508,0.009065555,0.001501875,0.008150497,0.009553987,0.001172754,-0.0028349163
-0.0032633329,0.0070601283,0.01838417,0.023779497,0.02956624,0.034129955,0.032445505,0.030267734,0.028089598,0.022429489,0.012278549,-0.0011010896
-0.17711362,-0.14922838,-0.12834851,-0.11520254,-0.09926796,-0.088477835,-0.074587606,-0.06994435,-0.062373646,-0.06410447,-0.057979025,-0.06289118
0.26155415,0.24282257,0.23690325,0.22645816,0.21489388,0.20446602,0.20195927,0.18874228,0.17580526,0.16978627,0.15710065,0.14530197
-0.22760239,-0.22558872,-0.23417506,-0.21695235,-0.2127658,-0.2031838,-0.20114672,-0.17534553,-0.15627015,-0.13580512,-0.09343018,-0.05282419
-0.5210251,-0.491021,-0.47512576,-0.45834962,-0.4391056,-0.42588946,-0.4111881,-0.39655757,-0.37981963,-0.3654446,-0.34160677,-0.32276514
0.0144333895,0.0154768415,0.023460394,0.023205008,0.026184056,0.025045788,0.024589531,0.027502732,0.022934426,0.01897489,0.0134469755,0.008856442
-0.1459033,-0.14547414,-0.14614646,-0.14603792,-0.14146212,-0.13763164,-0.13610637,-0.12429071,-0.117397055,-0.10962231,-0.094938345,-0.07990356
-0.0878086,-0.08531965,-0.08184932,-0.08039843,-0.080923885,-0.07693741,-0.076747976,-0.07568326,-0.08056827,-0.08245887,-0.083575,-0.08493836
0.16812648,0.15171427,0.14199157,0.12689593,0.11408007,0.10509468,0.090689264,0.08158755,0.063145004,0.05034531,0.032888457,0.016858364
0.1693416,0.1533975,0.13765366,0.12246967,0.11609486,0.10555369,0.097894825,0.09669633,0.09067872,0.09073306,0.0921122,0.09496563
-0.3278116,-0.31131113,-0.2980751,-0.28356966,-0.27140382,-0.2601271,-0.2511635,-0.24137452,-0.22934492,-0.22247992,-0.20682462,-0.19317071
0.5436491,0.50122803,0.47357002,0.44796097,0.42799243,0.41209587,0.39478007,0.3826523,0.36646765,0.3650584,0.3551009,0.35281837
-0.50792503,-0.4764464,-0.44947252,-0.42220783,-0.39913362,-0.37728852,-0.35578036,-0.3389836,-0.31680053,-0.29898465,-0.268129,-0.24782853
-0.4198899,-0.3895018,-0.36857572,-0.34759477,-0.32800078,-0.31533134,-0.30639845,-0.2946969,-0.28019214,-0.27424115,-0.26572147,-0.25859192
-0.26069367,-0.23918536,-0.22096902,-0.20442595,-0.19175816,-0.18162632,-0.17396282,-0.16938703,-0.15941027,-0.15903272,-0.15851817,-0.15895168
-0.09320229,-0.068745315,-0.049834266,-0.03524349,-0.025501844,-0.01698199,-0.0135414,-0.019109674,-0.021291185,-0.030517869,-0.046729133,-0.06951565
0.08607512,0.07809387,0.064925216,0.053076714,0.048361346,0.03709577,0.034415852,0.042420313,0.04609212,0.039109234,0.041934248,0.05105088
-0.24148977,-0.21998361,-0.19932523,-0.18686801,-0.17333981,-0.16526759,-0.15648805,-0.15217282,-0.14471589,-0.14555547,-0.14527619,-0.14713693
-0.19710785,-0.18747275,-0.18205005,-0.17524303,-0.16797453,-0.16336258,-0.1600754,-0.15437923,-0.14605029,-0.13889615,-0.13286792,-0.12705699
-0.11611838,-0.09679439,-0.0847909,-0.07226859,-0.06359589,-0.056433335,-0.04782288,-0.045156594,-0.041021302,-0.037677076,-0.0383002,-0.042643253
-0.30586788,-0.27952954,-0.2625149,-0.24584982,-0.23200819,-0.22043543,-0.21269396,-0.2092469,-0.20070757,-0.19565742,-0.19275059,-0.19554926
-0.16019562,-0.16079752,-0.16996747,-0.16970076,-0.16563919,-0.1634485,-0.1588397,-0.14765023,-0.13551624,-0.11914669,-0.08987244,-0.061359823
0.32415757,0.2968598,0.2776356,0.25669527,0.23564236,0.22500966,0.21434516,0.19364813,0.18321508,0.17292754,0.15785716,0.14479159
0.10728305,0.102580346,0.09998685,0.09755417,0.091875516,0.09184292,0.08501636,0.08352221,0.07950906,0.07450056,0.062817074,0.054202422
-0.19093125,-0.20019057,-0.20828383,-0.21420074,-0.2060323,-0.2012062,-0.18856446,-0.17444065,-0.15567905,-0.120837465,-0.079482116,-0.03591887
-0.28679502,-0.27932873,-0.2783862,-0.27463242,-0.26685256,-0.25697872,-0.2547288,-0.2487376,-0.23994443,-0.22977667,-0.20929065,-0.19147491
-0.2562428,-0.23373291,-0.21917143,-0.2075769,-0.19525056,-0.18853873,-0.1792341,-0.1706414,-0.16467543,-0.16312397,-0.1621398,-0.16169752
-0.0023520722,-0.0034692879,-0.010712858,-0.01486379,-0.017745746,-0.021175839,-0.018633272,-0.02233059,-0.019470612,-0.014154667,-0.010391863,-0.005295149
0.35644203,0.32656124,0.3107239,0.295062,0.2783314,0.27544942,0.2662596,0.25317323,0.24068981,0.23653927,0.2296096,0.22342849
-0.2577315,-0.2419154,-0.23064236,-0.21663667,-0.20729968,-0.19873045,-0.19060129,-0.18901251,-0.17796825,-0.16841033,-0.1588582,-0.15358718
0.53845996,0.47699058,0.4341073,0.3839514,0.3467477,0.32336,0.2900908,0.26650298,0.23249482,0.2199276,0.19940159,0.18498099
-0.8144568,-0.76841444,-0.7361441,-0.7106278,-0.6807132,-0.66189533,-0.6455665,-0.626576,-0.60437715,-0.59516656,-0.5755439,-0.55867374
0.06281528,0.064299844,0.05905112,0.046929292,0.048027366,0.033226244,0.038483337,0.040572427,0.034621313,0.021975966,0.018448928,0.016810287
-0.05465639,-0.047547594,-0.04125552,-0.040706247,-0.036039814,-0.034670778,-0.034325454,-0.035899065,-0.036327794,-0.03896483,-0.045250747,-0.05219938
0.04157826,0.0412088,0.047917243,0.045095343,0.046172973,0.049031463,0.050832637,0.0454603,0.04140587,0.039605774,0.034898832,0.027274614
-0.02025941,-0.021963606,-0.021232985,-0.022533113,-0.02039412,-0.018207008,-0.0117174,-0.004476825,0.00027278066,0.0060901493,0.023540076,0.039632685
0.00025660545,0.025414549,0.053044885,0.06897059,0.07765636,0.08141491,0.08238792,0.07358417,0.06162823,0.04235091,0.010945341,-0.026580317
-0.1135854,-0.12197929,-0.1396007,-0.14384755,-0.14047214,-0.13922152,-0.13536803,-0.116681784,-0.103272356,-0.07520103,-0.030469824,0.01036917
-0.12013274,-0.109060384,-0.10857025,-0.10234826,-0.096846,-0.094381794,-0.08865552,-0.08590451,-0.07790789,-0.069464765,-0.06375263,-0.059773084
0.23503134,0.20709383,0.18715578,0.17339505,0.16079901,0.1580197,0.1603496,0.15236725,0.15561107,0.17221026,0.19577444,0.21502234
0.2592405,0.246181,0.2402435,0.2252999,0.21392465,0.20979702,0.19789967,0.18749537,0.16874516,0.15104692,0.1299437,0.10774115
0.66033065,0.6077718,0.56826854,0.52973837,0.48996463,0.4604197,0.43009627,0.40062165,0.36520416,0.34275797,0.2989598,0.26414424
0.023699224,0.02233686,0.017113773,0.010669806,0.011047888,0.011121923,0.01015736,0.01437247,0.014546847,0.018552968,0.027375603,0.03230708
-0.06331544,-0.04820807,-0.034753572,-0.028359499,-0.022818971,-0.020150077,-0.01569065,-0.02195419,-0.024800066,-0.031844728,-0.04642141,-0.063801534
-0.05991464,-0.057964332,-0.06116413,-0.06480657,-0.0621316,-0.06729431,-0.058335267,-0.05625118,-0.046625,-0.034317225,-0.022991063,-0.0109173395
-0.049014896,-0.055507064,-0.06048619,-0.063332945,-0.063519485,-0.066217616,-0.065115444,-0.059797876,-0.055253588,-0.05007916,-0.03743437,-0.02296459
0.34758323,0.31390977,0.28918302,0.26382336,0.2387757,0.22640464,0.2019536,0.18159784,0.16055292,0.1451784,0.11817388,0.09683366
-0.097527824,-0.10707064,-0.1226736,-0.1390589,-0.14683366,-0.15051925,-0.16115656,-0.18204434,-0.18120456,-0.18164001,-0.18664844,-0.19322233
-0.15794602,-0.13250773,-0.108968176,-0.09179465,-0.07894483,-0.07154259,-0.06889822,-0.07048224,-0.077581756,-0.08833354,-0.101716734,-0.12282292
-0.10258744,-0.101396814,-0.104258016,-0.10136329,-0.098139286,-0.09508473,-0.08917537,-0.08618456,-0.077899046,-0.067440584,-0.050603412,-0.035947267
-0.5720219,-0.54802907,-0.53583616,-0.51605636,-0.4988364,-0.484192,-0.4721958,-0.45248452,-0.43275875,-0.41663986,-0.38850486,-0.35962123
0.28585553,0.24127749,0.20462997,0.1777165,0.15679552,0.14393604,0.12770745,0.117441356,0.11844737,0.1298017,0.13808288,0.15355274
0.014028309,0.006578616,-0.0028695343,0.001135964,-0.0070492364,-0.007226495,-0.011639636,-0.0009171944,-0.003083218,-0.005587861,-0.0014833277,0.008661417
0.34191456,0.31286404,0.2930523,0.27695397,0.26027298,0.25404462,0.24919334,0.24521531,0.2417695,0.2428403,0.25005725,0.25903755
-0.3409573,-0.3236005,-0.31278962,-0.29585144,-0.28986153,-0.27704853,-0.2808197,-0.27379203,-0.2715491,-0.27294213,-0.27562967,-0.27722648
0.39732894,0.36211345,0.33591145,0.30696955,0.2838297,0.26654133,0.24530563,0.2249218,0.20808803,0.19504866,0.16687867,0.14797229
-0.3325586,-0.30802935,-0.29322404,-0.27068034,-0.25434354,-0.24471226,-0.23280019,-0.21496995,-0.20272055,-0.1933427,-0.17760327,-0.1634451
0.23994549,0.23914951,0.24072337,0.2390796,0.23501429,0.23685613,0.23473474,0.21637948,0.21114048,0.21030475,0.18995683,0.1619747
-0.14395866,-0.14737138,-0.15738872,-0.16112176,-0.15754476,-0.15637803,-0.15722652,-0.14549403,-0.13798252,-0.12315523,-0.10527813,-0.084509395
0.10252752,0.10763909,0.11181055,0.10853486,0.10372384,0.096625045,0.0904046,0.08102326,0.06600242,0.047444902,0.01808744,-0.00993203
-0.2249539,-0.21251604,-0.20569095,-0.20101851,-0.19368422,-0.18157767,-0.16952577,-0.15791799,-0.1508967,-0.13956523,-0.11689456,-0.102510974
0.08308451,0.07554378,0.069863245,0.06797406,0.061316103,0.06108426,0.06399299,0.06403149,0.06781134,0.06831942,0.07724935,0.085717306
-0.22320367,-0.22061807,-0.22084264,-0.21897875,-0.21101995,-0.20329459,-0.20143288,-0.196512,-0.18842125,-0.17593108,-0.15215619,-0.1322111
0.4130802,0.399587,0.3932833,0.37829456,0.36892888,0.35706115,0.35453594,0.33245367,0.31835774,0.3125325,0.28525835,0.2556298
0.07644654,0.0733659,0.06687235,0.06318785,0.061058078,0.056092285,0.056283757,0.059365295,0.0553437,0.058991924,0.06385739,0.06477337
-0.151632,-0.13932046,-0.13167824,-0.124580994,-0.12150633,-0.11252399,-0.11407215,-0.11285272,-0.115058236,-0.12089732,-0.12359644,-0.12877645
0.13407129,0.12537768,0.119035296,0.108722374,0.10243929,0.097175755,0.093806624,0.08731317,0.0821262,0.07543637,0.06743484,0.06190247
0.074360386,0.05574201,0.0396205,0.02735551,0.018911395,0.014374293,0.011353046,0.0091903545,0.008148115,0.015340211,0.028545827,0.04157456
-0.9807929,-0.91787285,-0.8887086,-0.85348815,-0.80844724,-0.7834703,-0.7617501,-0.72470725,-0.69162554,-0.66323453,-0.6209493,-0.5878066
-0.43981087,-0.4123034,-0.3998113,-0.3811947,-0.3636512,-0.34962857,-0.33404467,-0.31763455,-0.29590124,-0.2800876,-0.25274673,-0.22980213
0.101974905,0.10170332,0.121948496,0.12524235,0.14334491,0.14480694,0.14647526,0.1494297,0.13445725,0.13867061,0.1407593,0.13478538
0.23660362,0.22083719,0.21279418,0.20590343,0.19717701,0.19295844,0.19805017,0.18840954,0.18613932,0.19140537,0.19742347,0.20314756
-0.17945267,-0.15885799,-0.14332397,-0.13774037,-0.12791723,-0.12746568,-0.12803459,-0.12327096,-0.13077402,-0.139361,-0.15145479,-0.16602454
0.29019767,0.26660702,0.25208744,0.2370931,0.22114943,0.21119554,0.19944942,0.19016925,0.17667261,0.16864628,0.15386653,0.1438342
-0.28594854,-0.2668977,-0.26107118,-0.25521803,-0.24169901,-0.24220663,-0.23610255,-0.22147667,-0.21364577,-0.2047806,-0.19869854,-0.1897775
-0.24135692,-0.22831243,-0.21946009,-0.21629535,-0.20261778,-0.1960492,-0.18274213,-0.17522106,-0.1642442,-0.14838366,-0.12343699,-0.10710477
-0.29825136,-0.29002813,-0.2862028,-0.2807395,-0.26980293,-0.26258853,-0.25525635,-0.24513519,-0.2272858,-0.21253447,-0.18910262,-0.16628747
-0.35004473,-0.31977355,-0.29847682,-0.27445376,-0.25837177,-0.24085957,-0.22402638,-0.21943548,-0.19620432,-0.18583624,-0.172027,-0.16480225
-0.04490661,-0.05216541,-0.057623893,-0.06288019,-0.06268158,-0.06339,-0.057806924,-0.052173197,-0.045797996,-0.03650631,-0.017431475,0.0027741576
0.2926703,0.2804208,0.27703583,0.26887256,0.257869,0.25122684,0.24896434,0.23571667,0.23156132,0.22070783,0.2074728,0.19379325
0.12888291,0.11415683,0.10795343,0.100000046,0.0941298,0.091175534,0.088963844,0.09034096,0.08987299,0.091576114,0.09302782,0.09909873
0.24613719,0.2279506,0.21457948,0.20438866,0.19322808,0.18676952,0.18556933,0.1845891,0.18174519,0.1829629,0.18491875,0.1910565
0.14120804,0.12258163,0.10791372,0.097209215,0.08642508,0.08250623,0.07144162,0.06847416,0.06424914,0.06322456,0.063426934,0.06656562
-0.53008896,-0.49556726,-0.4768636,-0.4619269,-0.43889156,-0.4278181,-0.415351,-0.4006632,-0.38807362,-0.37759763,-0.36095282,-0.34953412
0.7931212,0.7292103,0.68605345,0.639802,0.60137224,0.58112186,0.5608849,0.5248856,0.49701566,0.49178615,0.47326794,0.4547784
-0.17482837,-0.17571512,-0.1841963,-0.1265904,-0.14001592,-0.13945797,-0.12249765,-0.076946005,-0.067716345,-0.05614543,-0.020253267,0.028520323
-0.14725627,-0.12941128,-0.11775421,-0.10674733,-0.09887831,-0.09451173,-0.09188682,-0.08660453,-0.08637508,-0.090035856,-0.096044734,-0.10308945
-0.052198425,-0.048009988,-0.04597985,-0.043361556,-0.04043712,-0.03630293,-0.035696127,-0.03401197,-0.030388676,-0.029054698,-0.025478316,-0.024925113
0.046010483,0.04602876,0.044617392,0.04052753,0.03929689,0.035783917,0.03219416,0.026546948,0.022042304,0.016879885,0.007909184,-0.0011231997
-0.04051982,-0.048701137,-0.06250656,-0.06564093,-0.07071257,-0.055794094,-0.054318804,-0.061832704,-0.041246735,-0.025439441,-0.006788788,0.009931545
0.186464,0.19054098,0.19635497,0.20250359,0.19994798,0.20322509,0.20649381,0.19101149,0.19220634,0.18657029,0.1733642,0.15156642
-0.5254933,-0.48988393,-0.47341213,-0.44461212,-0.41885188,-0.40023184,-0.38150832,-0.35276788,-0.3237066,-0.30174977,-0.26597887,-0.23351087
-0.59804976,-0.5506737,-0.52104306,-0.49119598,-0.46131113,-0.44002515,-0.42438328,-0.4043875,-0.38880044,-0.3768184,-0.35983807,-0.3506743
0.08230751,0.08086049,0.088843524,0.085340455,0.08397383,0.08227442,0.08669203,0.0849926,0.07797931,0.07144734,0.06602507,0.05967892
-0.049474694,-0.05554909,-0.05544352,-0.05407644,-0.055493437,-0.0520558,-0.05755299,-0.06593956,-0.062708296,-0.05879244,-0.062989675,-0.06544807
0.20050898,0.18864103,0.18014039,0.17490745,0.16694716,0.16289678,0.15949397,0.14490607,0.1395037,0.13838847,0.1324458,0.12305675
-0.057303328,-0.066455364,-0.0722566,-0.07652853,-0.0789892,-0.079935834,-0.07950245,-0.07740998,-0.073174104,-0.066772535,-0.055848613,-0.041796338
0.13952008,0.14118774,0.13987415,0.14092875,0.13843495,0.13359144,0.13498431,0.13048412,0.13089772,0.12854135,0.12015078,0.11207842
-0.36242315,-0.33476117,-0.32345268,-0.31758004,-0.29938805,-0.2946826,-0.28760156,-0.27980363,-0.26501524,-0.25663206,-0.24857397,-0.24371631
-0.44888842,-0.42188892,-0.40504542,-0.39219138,-0.37184525,-0.36368003,-0.35273162,-0.3403102,-0.33564785,-0.32740453,-0.31610864,-0.30798003
0.08811521,0.08393449,0.0787656,0.07281503,0.06490125,0.062101655,0.051434554,0.043909285,0.032977685,0.019963022,0.0040309317,-0.010823
0.49308386,0.49106026,0.47450787,0.4628864,0.45636755,0.42504936,0.46137112,0.4386896,0.46163267,0.4810245,0.48860753,0.50320596
0.75347334,0.6896726,0.6454099,0.6017619,0.5688666,0.54251224,0.5284933,0.5108205,0.5003043,0.49502322,0.48671088,0.49340802
-0.19566877,-0.16523719,-0.14330862,-0.12528722,-0.111495055,-0.10493615,-0.108934924,-0.118067816,-0.121858984,-0.1351937,-0.16727908,-0.20216064
0.32548004,0.3193406,0.3163215,0.31089643,0.30173475,0.29601982,0.2898867,0.27670613,0.26702785,0.2526182,0.2259087,0.20068331
0.60907334,0.57081926,0.549215,0.5247162,0.49925506,0.46517873,0.44598252,0.42944312,0.40595147,0.37715763,0.33417672,0.30631468
0.23528343,0.21547893,0.19691771,0.17742239,0.16191532,0.15435046,0.15228546,0.14830074,0.14718847,0.1467009,0.14789422,0.15450884
0.4632191,0.4353927,0.40845156,0.37102273,0.35245273,0.32955277,0.3165105,0.29607436,0.2764679,0.26272705,0.23890762,0.21879098
0.17076078,0.16310309,0.1573739,0.15123422,0.14372477,0.1387445,0.12898253,0.12929714,0.11352699,0.102866076,0.08754704,0.075987525
-0.3573159,-0.32211787,-0.29306328,-0.27062884,-0.24953486,-0.23907912,-0.22745825,-0.21577586,-0.20868064,-0.2102867,-0.20778345,-0.21083526
-0.12817891,-0.098278865,-0.07091482,-0.058261283,-0.045051113,-0.036881857,-0.030331843,-0.036039636,-0.043536752,-0.05577555,-0.078975566,-0.10923513
-0.16317108,-0.15655273,-0.15388682,-0.1523036,-0.14785631,-0.14647911,-0.15856528,-0.15773016,-0.16186363,-0.16726226,-0.1789907,-0.18986255
0.03965211,0.037242442,0.039368622,0.034553997,0.036090054,0.036207043,0.041532777,0.04187422,0.042067803,0.045639195,0.0490426,0.05192555
0.09312154,0.092881456,0.08049197,0.090022035,0.08591342,0.09178424,0.08428027,0.09159668,0.08865608,0.0898473,0.09632132,0.09982227
0.66023606,0.62033236,0.5899298,0.5579104,0.53253174,0.50067335,0.48861283,0.47328728,0.4620906,0.44532654,0.4159823,0.40424213
0.0041715186,-0.00097020983,-0.0094632525,-0.017482147,-0.020414677,-0.023995224,-0.030236382,-0.035372876,-0.03863426,-0.03868171,-0.03813857,-0.040158182
0.1882405,0.18200642,0.17889051,0.17195164,0.16947056,0.1606448,0.16285115,0.16558686,0.16234705,0.15916778,0.15846676,0.15922153
