0.4010327,0.42311975,0.43180445,0.46301323,0.42967102,0.4509986,0.42335552,0.37262374,0.28855056,0.2664061,0.23600855,0.21475986
-0.43338612,-0.4427841,-0.4500349,-0.4664109,-0.4560966,-0.44561014,-0.43260705,-0.39333,-0.35589874,-0.32414448,-0.28050953,-0.23502266
0.324286,0.3133027,0.30845493,0.3056489,0.29421818,0.27985862,0.26921743,0.24318212,0.23059063,0.22075762,0.19745828,0.17484204
0.073452786,0.066708766,0.063279755,0.058445513,0.048618235,0.047163688,0.04993441,0.049310826,0.048312414,0.04592251,0.050932825,0.057189796
0.2122002,0.21768478,0.21944135,0.22943896,0.2183015,0.21212082,0.20498416,0.19217099,0.18465626,0.16737686,0.14199415,0.12647963
0.34682623,0.33376518,0.31659788,0.30866203,0.28892314,0.279286,0.2811566,0.27176118,0.26916894,0.27531657,0.26952928,0.27475652
0.6334784,0.6154161,0.5976307,0.5835117,0.5569741,0.53315085,0.5269762,0.49865195,0.49224254,0.48349535,0.45492494,0.4357835
-0.15126733,-0.15119508,-0.15112543,-0.15484992,-0.1543537,-0.15254742,-0.148355,-0.13989136,-0.13288875,-0.1281388,-0.10961798,-0.09708522
-0.32337683,-0.3149392,-0.30999708,-0.3089628,-0.29999527,-0.29525048,-0.28790691,-0.26587367,-0.24690235,-0.23039404,-0.21237148,-0.19630255
-0.48065722,-0.45506614,-0.44166738,-0.4191979,-0.41417554,-0.4000527,-0.3902772,-0.34601915,-0.30857432,-0.29949796,-0.29966366,-0.26241472
0.08125407,0.09870661,0.106487274,0.11008833,0.11861247,0.121686354,0.10826111,0.09479956,0.090562,0.07997661,0.061083425,0.04416197
0.58828366,0.56248224,0.53759164,0.5352135,0.48704225,0.46548006,0.44969282,0.413189,0.3985222,0.38848922,0.34047902,0.32803285
0.13734084,0.14769362,0.15660647,0.16914687,0.16563675,0.16027212,0.15532407,0.1407816,0.12619168,0.11010388,0.09337349,0.07072203
-0.2365151,-0.2320042,-0.2279609,-0.23163483,-0.21175659,-0.20729327,-0.20221083,-0.18593064,-0.16996494,-0.15514366,-0.13959669,-0.13287605
-0.86424917,-0.82995874,-0.79669935,-0.78582263,-0.7457384,-0.7236761,-0.709998,-0.66769916,-0.6259153,-0.6022874,-0.5671651,-0.54625577
-0.10844358,-0.10661842,-0.10375479,-0.10424554,-0.10543422,-0.10536909,-0.10538671,-0.103033274,-0.09995803,-0.09956774,-0.09576277,-0.09265315
0.09579343,0.09345245,0.09045495,0.09020456,0.08556523,0.080880426,0.0780175,0.07305721,0.073529206,0.070318714,0.059638567,0.05475135
-0.094208784,-0.06911291,-0.054095756,-0.032771416,-0.029930927,-0.024000123,-0.022691704,-0.025095038,-0.037965693,-0.047356624,-0.058398075,-0.06829028
-0.00053384993,-0.00707756,-0.011759329,-0.019975118,-0.025944607,-0.031170784,-0.03545832,-0.03905029,-0.039043553,-0.043070327,-0.036483362,-0.03395573
0.26650947,0.24217181,0.22484757,0.21040817,0.20034388,0.19313295,0.18920384,0.18037549,0.17334606,0.17093816,0.16636702,0.16828637
-0.16674784,-0.13242441,-0.1166017,-0.09726351,-0.096598595,-0.09510878,-0.09394169,-0.09100683,-0.093214974,-0.09722452,-0.10084204,-0.10984497
0.187485,0.17327927,0.16100623,0.15139101,0.13896146,0.13951969,0.1366527,0.1262412,0.11682096,0.114319,0.119488545,0.12151065
0.108349584,0.105658576,0.10306668,0.10634136,0.09881422,0.09497995,0.093276046,0.085396685,0.077563636,0.07617712,0.06701994,0.056763053
0.51594913,0.4938094,0.4816985,0.47719938,0.45366275,0.43417445,0.42563516,0.39583227,0.3713328,0.3509218,0.32443517,0.30499837
0.21991648,0.21479899,0.21211198,0.21421762,0.20134555,0.19346897,0.19113106,0.1800471,0.17507409,0.16843463,0.14662972,0.13850923
-0.12603702,-0.12023547,-0.11860364,-0.1196556,-0.10575591,-0.09969375,-0.10025004,-0.0933667,-0.09898566,-0.09954118,-0.08600459,-0.08595279
0.19940723,0.18299934,0.17412561,0.1655495,0.1597227,0.15727085,0.15661334,0.14947642,0.14840116,0.14851291,0.14112617,0.1413261
-0.04881571,-0.053906433,-0.05758545,-0.061800156,-0.065249324,-0.06882763,-0.065595716,-0.059147097,-0.048537098,-0.041225392,-0.037123464,-0.028456891
0.64804804,0.6360731,0.62057585,0.6215599,0.59414333,0.574336,0.55575514,0.5159584,0.489963,0.46523634,0.41632375,0.3846763
0.14535818,0.13982385,0.13620566,0.13644329,0.13063936,0.122674406,0.12016418,0.11121464,0.1041928,0.09796073,0.09153169,0.0850347
0.22895837,0.21589474,0.20394091,0.19687293,0.17523965,0.17043263,0.1589695,0.14640048,0.13882561,0.13215254,0.12098827,0.12567799
-0.09858772,-0.0744036,-0.062325563,-0.042936828,-0.026558183,-0.026620515,-0.036771532,-0.042844616,-0.051539384,-0.053673968,-0.07589966,-0.09596962
-0.19049494,-0.16056383,-0.13518399,-0.113483906,-0.09038724,-0.08606949,-0.084985316,-0.08207345,-0.08629431,-0.10144083,-0.10627938,-0.12692158
-0.3481229,-0.32537737,-0.31018677,-0.30099937,-0.27845928,-0.272245,-0.26842895,-0.25215194,-0.2488203,-0.24467185,-0.22878349,-0.2274743
0.012956703,0.024094269,0.030216167,0.03959294,0.03684985,0.039743006,0.0377345,0.03395669,0.034090515,0.02891906,0.016216228,0.012423582
-0.08769892,-0.08197853,-0.079097204,-0.07883215,-0.070625454,-0.06705284,-0.06444393,-0.057018403,-0.047631588,-0.041503426,-0.036027398,-0.034635514
0.3408081,0.32812598,0.32683304,0.32755435,0.30478948,0.28066623,0.27724624,0.2537874,0.2625155,0.2380089,0.20424166,0.18017074
0.03809068,0.037153356,0.03496398,0.035767943,0.050004646,0.041706335,0.038908716,0.04193346,0.041475352,0.038084626,0.028538963,0.017049164
-0.017970508,-0.02338221,-0.028000489,-0.034484148,-0.036235936,-0.035717227,-0.028316807,-0.019726727,-0.0069002556,0.0033765454,0.012332982,0.025889046
-0.16671883,-0.15928401,-0.15570977,-0.1555563,-0.15438534,-0.14944999,-0.15161657,-0.14880155,-0.14671998,-0.14609674,-0.13495727,-0.13058844
-0.17750506,-0.17074344,-0.17163765,-0.1709184,-0.16393091,-0.15962529,-0.15578815,-0.14377843,-0.14453217,-0.13323191,-0.116076015,-0.10525376
-0.49925902,-0.50388163,-0.50340086,-0.510529,-0.49193412,-0.48736048,-0.47255963,-0.4356011,-0.40963453,-0.38660488,-0.34422544,-0.31168273
0.06296499,0.06266049,0.061179135,0.06036253,0.05823294,0.05644887,0.055893566,0.052077606,0.045414027,0.041647885,0.042316087,0.03995981
0.14036041,0.12832834,0.11975328,0.11028627,0.102003455,0.105312794,0.102511875,0.09677992,0.09195583,0.087208085,0.086909525,0.09060564
-0.32628357,-0.3371657,-0.34405634,-0.36163837,-0.353699,-0.34976614,-0.341908,-0.31603545,-0.28804654,-0.26007605,-0.22680362,-0.19545537
0.14381409,0.13443829,0.12745374,0.12350136,0.10663106,0.10545566,0.10662511,0.098694846,0.097728625,0.09810508,0.09575091,0.1000704
0.24380459,0.25960323,0.27028987,0.290314,0.28676355,0.28407508,0.27915114,0.25854895,0.23274507,0.20602183,0.1731755,0.1415005
-0.075069174,-0.071034074,-0.06525466,-0.061128385,-0.050900817,-0.05448564,-0.05556444,-0.05105607,-0.051370367,-0.057313353,-0.05728273,-0.06559112
-0.084691495,-0.08520327,-0.08769126,-0.09005968,-0.09215047,-0.0895407,-0.08687973,-0.0791316,-0.0719639,-0.067470856,-0.05999126,-0.04802183
-0.19827266,-0.18154716,-0.1697021,-0.15722066,-0.14118877,-0.13790306,-0.1322517,-0.12177755,-0.114679985,-0.11380346,-0.11207321,-0.12010829
0.08100201,0.07952853,0.077685,0.0764466,0.07659964,0.075209714,0.07467457,0.071135,0.06404798,0.06320745,0.06446336,0.060942378
0.13868766,0.12465872,0.11327032,0.10122623,0.093940556,0.093123585,0.09202099,0.08508937,0.07740338,0.0818798,0.08832653,0.09097524
-0.2229289,-0.20290932,-0.18792734,-0.17677473,-0.16429147,-0.15602721,-0.15701097,-0.15718766,-0.16671696,-0.16462214,-0.15667596,-0.16309747
0.28291115,0.27005932,0.2566917,0.25048548,0.23435238,0.23208645,0.22901109,0.22459921,0.22289494,0.21442375,0.20498711,0.21269514
0.14078571,0.14319268,0.14320704,0.15297216,0.13433857,0.12907541,0.1298038,0.13013455,0.12596583,0.109136224,0.08898652,0.08885539
0.57254857,0.54672754,0.52371585,0.5198821,0.4902897,0.47551462,0.47165486,0.44689447,0.42286476,0.417449,0.39739072,0.386721
0.077628635,0.05957449,0.04136224,0.033749815,0.006098062,0.017968396,0.024209715,0.021466877,0.004316801,0.012451229,0.04075919,0.06801969
0.113543145,0.09494679,0.08182398,0.069222145,0.063752785,0.06243343,0.060334682,0.056616977,0.05373681,0.059723303,0.061169412,0.06571735
-0.35792917,-0.34028113,-0.324147,-0.30858532,-0.2707823,-0.25830773,-0.2544041,-0.22625929,-0.2401775,-0.26229298,-0.25096312,-0.26488486
0.36696854,0.3576376,0.3415774,0.35130498,0.3446174,0.3341164,0.34119195,0.334123,0.32250085,0.32462814,0.30187973,0.29286724
0.07860394,0.092929676,0.099379286,0.11366578,0.11808373,0.11738402,0.112613685,0.10095368,0.077720016,0.0691702,0.057707515,0.036347795
0.15015174,0.13379698,0.12579,0.11514706,0.10144681,0.09934397,0.10038355,0.092636585,0.09241181,0.089194715,0.097088866,0.10471338
-0.36219457,-0.36595172,-0.34637523,-0.37011978,-0.33545563,-0.32001102,-0.2933095,-0.25544086,-0.21962827,-0.21133769,-0.1618397,-0.14349928
-0.064624086,-0.055156093,-0.051579617,-0.04560502,-0.040859528,-0.03659703,-0.036895365,-0.035489384,-0.041072078,-0.04070458,-0.041353047,-0.041536007
0.31241983,0.27617526,0.24933907,0.221078,0.19713163,0.18582244,0.18324757,0.17200424,0.17797938,0.18976511,0.19591868,0.20658867
0.016264945,-0.0014632195,-0.012558192,-0.030419514,-0.042027876,-0.03954404,-0.04087902,-0.044640474,-0.033750165,-0.023225112,-0.01073201,0.002569411
-0.08137587,-0.076613344,-0.07468765,-0.072426364,-0.06974967,-0.070433855,-0.07166081,-0.070938736,-0.06478351,-0.0554233,-0.055756953,-0.056213025
0.4423253,0.42532808,0.4180757,0.40946612,0.39861307,0.3887303,0.3847788,0.36579692,0.36322147,0.34431913,0.32324177,0.30120933
0.217538,0.21900079,0.2243942,0.2313201,0.2257398,0.22019231,0.21660677,0.19668779,0.18354955,0.16617282,0.1455917,0.12036949
0.003958525,-0.0061812643,-0.01320358,-0.019649714,-0.020625789,-0.020399807,-0.015685335,-0.007758392,4.7216192e-05,0.006703967,0.015866516,0.024837606
0.13214236,0.136828,0.13712433,0.14128141,0.14333862,0.1426658,0.13948649,0.12992352,0.116646886,0.10803675,0.09603716,0.086639
-0.06475058,-0.06460596,-0.06367271,-0.06550171,-0.06469771,-0.061184254,-0.057008296,-0.053192478,-0.048388094,-0.042667374,-0.03232366,-0.027990144
0.11180372,0.10831506,0.09647,0.09328209,0.08256127,0.0834169,0.07949355,0.07748088,0.08690933,0.0950314,0.086461134,0.095069304
0.09254302,0.070317686,0.060509417,0.041019782,0.024356492,0.026812479,0.030982226,0.028246116,0.039168827,0.043371413,0.06126771,0.07916802
-0.06498174,-0.06942633,-0.07067377,-0.075019516,-0.07137903,-0.06831189,-0.06529793,-0.060624138,-0.051895402,-0.042385362,-0.033873368,-0.027413355
-0.20828903,-0.20139255,-0.19634214,-0.19531722,-0.18674912,-0.18227534,-0.17587759,-0.16169575,-0.15256843,-0.14290509,-0.1268626,-0.11420681
-0.06558778,-0.05364739,-0.043538753,-0.033955026,-0.02673138,-0.022612538,-0.026356291,-0.029434275,-0.036043085,-0.045576658,-0.048945826,-0.062374324
-0.36169228,-0.33458263,-0.3046466,-0.29026237,-0.25476,-0.24771702,-0.24225307,-0.22159582,-0.2170704,-0.2314879,-0.2265479,-0.23664285
0.11505687,0.1033874,0.09554007,0.08970855,0.08548592,0.07898358,0.07613935,0.06729011,0.066641286,0.06860474,0.062861934,0.05867229
0.30390248,0.27475727,0.25192532,0.2320962,0.21462852,0.20992428,0.21243212,0.20687707,0.21328029,0.22509271,0.22407745,0.23292804
-0.4727168,-0.44205254,-0.42185083,-0.40782148,-0.38865685,-0.3801701,-0.377247,-0.3590888,-0.35095719,-0.3464141,-0.330899,-0.32424688
0.0943971,0.0875979,0.08677018,0.08241606,0.08113402,0.07450439,0.077066764,0.07223223,0.07543056,0.072152466,0.07206548,0.06901652
-0.51975334,-0.49193615,-0.48289058,-0.46509138,-0.45589975,-0.4346994,-0.43501556,-0.41116107,-0.39091575,-0.37376216,-0.35887086,-0.33726555
-0.10094076,-0.10183862,-0.09935944,-0.09751464,-0.09366163,-0.09290875,-0.086454816,-0.074574046,-0.06892199,-0.06537298,-0.061105218,-0.053580973
0.21589701,0.20354384,0.19415969,0.19739266,0.17862783,0.16947569,0.16353074,0.14472458,0.141798,0.13971886,0.1117088,0.10204025
-0.17614257,-0.19619474,-0.21378262,-0.23629895,-0.24429744,-0.24036938,-0.2317501,-0.21047303,-0.1855732,-0.16045944,-0.12357159,-0.08229615
-0.40209317,-0.37391868,-0.3540342,-0.3393648,-0.3163379,-0.3087604,-0.3096474,-0.29761073,-0.29274774,-0.29096642,-0.28109935,-0.2859286
-0.017982747,-0.016940907,-0.014266389,-0.0131270625,-0.009261254,-0.0062152264,-0.007275677,-0.007736793,-0.0077628116,-0.005935933,-0.0051800786,-0.00445922
-0.051371813,-0.032110244,-0.02306173,-0.018059824,-0.012870673,-0.005976405,-0.003161611,-0.0058516227,-0.011561837,-0.008845156,-0.011411564,-0.015398412
0.18656142,0.17757317,0.17521694,0.1660582,0.17495494,0.18301599,0.1851241,0.17803833,0.16589732,0.15369527,0.163508,0.15221098
0.09344688,0.101810634,0.11064507,0.11997524,0.118774146,0.116673864,0.111554824,0.09591127,0.06990333,0.052726254,0.04531359,0.027384922
0.4622031,0.42920735,0.40081614,0.37989852,0.3432702,0.33109218,0.31659588,0.2914417,0.27714863,0.27127722,0.256614,0.26214454
0.11690755,0.122412324,0.1263447,0.13172908,0.13390641,0.13724563,0.1350342,0.12860952,0.11941792,0.105747975,0.090044856,0.07311573
-0.09217131,-0.09766547,-0.09986776,-0.11402872,-0.10775132,-0.10859023,-0.10380146,-0.09766991,-0.092586264,-0.081407644,-0.05667402,-0.045061864
0.097171254,0.08534921,0.077196226,0.07015564,0.061764576,0.057660677,0.060532257,0.06321489,0.065004244,0.062109478,0.06372077,0.07367809
-0.048068736,-0.04923053,-0.048469014,-0.051644437,-0.05038026,-0.046716534,-0.04448994,-0.042532332,-0.03667661,-0.032958448,-0.025616864,-0.022612777
0.059457187,0.055736378,0.048387717,0.05203755,0.03738766,0.0380615,0.037602387,0.03697783,0.047511287,0.057183392,0.04432805,0.049362898
-0.030549746,0.02144511,0.034668006,0.05047533,0.042230397,0.052505545,0.022484422,-0.009012677,-0.04041613,-0.057397626,-0.074356765,-0.08905068
0.012109498,0.00759755,0.00783544,0.008312158,0.013063138,0.008138955,0.012126889,0.019304331,0.021009013,0.017435875,0.019282928,0.020639477
-0.4737509,-0.46829304,-0.46436104,-0.4730708,-0.44777536,-0.4337935,-0.4234602,-0.38438147,-0.356122,-0.33424446,-0.29067853,-0.25831375
-0.58403635,-0.5686094,-0.55405927,-0.5542361,-0.52974814,-0.5109884,-0.49914438,-0.4684348,-0.44827113,-0.43240756,-0.39090025,-0.36797473
-0.7517106,-0.72023875,-0.6862379,-0.67610884,-0.63212276,-0.6112804,-0.6086705,-0.57528687,-0.5420927,-0.5302667,-0.49978966,-0.48532113
0.28857782,0.26921752,0.24706364,0.23407103,0.20583747,0.20452115,0.19656864,0.18192023,0.17637257,0.18260086,0.17196819,0.18212707
0.23533593,0.22932427,0.22711328,0.22967547,0.22384745,0.21629643,0.21101242,0.19997403,0.19288999,0.18286228,0.1615608,0.14851789
0.24378866,0.2229039,0.2093098,0.19756435,0.17630206,0.1799835,0.17966713,0.16897184,0.16394591,0.17030461,0.16342483,0.17352667
0.19835913,0.19065751,0.18622869,0.18676163,0.17729639,0.177246,0.17650534,0.16180982,0.15139356,0.14968248,0.13639843,0.12761211
-0.30246666,-0.29587796,-0.291185,-0.2849114,-0.25691986,-0.25507513,-0.24834235,-0.2260094,-0.21514958,-0.19686773,-0.1791311,-0.16997363
-0.3464036,-0.3214513,-0.3048194,-0.28764537,-0.268018,-0.26059738,-0.2545108,-0.23758404,-0.23276652,-0.23149607,-0.22657017,-0.22701383
-0.13538231,-0.121404335,-0.110035256,-0.09770779,-0.08183066,-0.080009416,-0.07972962,-0.076026194,-0.084592566,-0.08739862,-0.086432405,-0.095547654
0.020456161,0.0095063355,0.0025237054,-0.005211342,-0.009160593,-0.0072996654,-0.00134122,0.003927218,0.010386195,0.018883292,0.028207771,0.041123644
0.22802424,0.19005752,0.16059516,0.13662595,0.11113585,0.11133162,0.11483563,0.115688905,0.121601805,0.13814758,0.14713588,0.17867966
-0.042572152,-0.03860617,-0.028539909,-0.021940254,-0.01764502,-0.0194313,-0.015569972,-0.013613901,-0.009300417,-0.0078111487,-0.012228647,-0.013243822
0.050925072,0.03462369,0.022169542,0.0068610236,-0.0001994595,-0.0012842081,-1.9747764e-05,0.0022424273,0.013799086,0.025938462,0.034428917,0.05049275
-0.068080686,-0.060128193,-0.051849023,-0.04163592,-0.046131082,-0.047204744,-0.043794006,-0.047212973,-0.048574563,-0.051545665,-0.04937216,-0.056151524
0.3948746,0.4312606,0.45721877,0.49603444,0.49087697,0.48969072,0.46944833,0.41600513,0.3590633,0.31400278,0.2530812,0.18826973
0.06787607,0.06541659,0.078206345,0.09188454,0.105503395,0.11426549,0.13125794,0.13192183,0.10775992,0.07888949,0.07856011,0.05973433
0.07367352,0.07292006,0.07622118,0.08067659,0.09147272,0.08449985,0.084506035,0.08027011,0.07399303,0.069610074,0.056210138,0.041021146
-0.38085708,-0.36854988,-0.35566077,-0.35006878,-0.3273909,-0.3189194,-0.30967224,-0.28956366,-0.277567,-0.26551658,-0.2504156,-0.24316086
-1.0904343,-1.0496993,-1.0223062,-1.0134652,-0.96473646,-0.93797356,-0.9148567,-0.85098135,-0.8114223,-0.77496636,-0.7077806,-0.6690278
0.054430928,0.031184293,0.017080199,-0.0016279891,-0.0065519363,-0.009098373,-0.0056833997,0.0012896843,0.016336642,0.026877549,0.0359886,0.052071158
0.3890584,0.4044372,0.41478848,0.43762934,0.4331088,0.4198922,0.39548042,0.35006475,0.29983667,0.25869218,0.20862322,0.15415429
0.0076133497,-0.0027274638,-0.009570204,-0.019798476,-0.018517276,-0.024782259,-0.02599634,-0.021520246,-0.010815706,0.00083753094,0.0073899273,0.009038717
-0.4785386,-0.42945206,-0.39133203,-0.35998082,-0.33299258,-0.32806712,-0.33048695,-0.32538888,-0.322846,-0.33249196,-0.33745566,-0.3607266
0.38178247,0.3658261,0.35673627,0.349887,0.3308135,0.32023722,0.3053555,0.2776076,0.25888094,0.23983341,0.21611674,0.20003757
0.18866862,0.18332241,0.17519444,0.17519356,0.16375957,0.16798823,0.16671072,0.1597492,0.15914549,0.15685362,0.14292902,0.14401163
0.23571786,0.2400023,0.24594459,0.25994542,0.24923784,0.2385629,0.2271646,0.20026241,0.17637542,0.15194464,0.12260441,0.096581824
0.40850854,0.39113876,0.38086742,0.3820758,0.35394955,0.3488416,0.34385282,0.3201487,0.29094958,0.2613907,0.25282794,0.24932247
-0.03687878,-0.038991675,-0.037326805,-0.040587023,-0.042295735,-0.04291778,-0.040963076,-0.039574392,-0.039232265,-0.03700612,-0.028053027,-0.024595194
0.17619249,0.15626267,0.14093219,0.12669764,0.109738104,0.10433146,0.1006784,0.09280913,0.092956424,0.093775,0.09696329,0.10499439
0.5811043,0.57230043,0.5457992,0.5264542,0.5219077,0.5112916,0.5068993,0.49140137,0.47666842,0.48311394,0.47136727,0.46086332
0.0054999036,0.005971105,0.007895602,0.010890845,0.01626882,0.018570125,0.019031834,0.020637812,0.016283415,0.009631144,0.0074643623,0.0043472275
-0.0010684449,-0.02724374,-0.049883544,-0.07265235,-0.08831577,-0.08451041,-0.07863461,-0.067190014,-0.044739816,-0.02653864,-0.0042354558,0.029027825
0.0103355795,-0.021859776,-0.043572716,-0.06522244,-0.07875662,-0.08581905,-0.07805312,-0.05947253,-0.03092669,-0.0078332685,0.0036742222,0.042589188
-0.059022494,-0.039367214,-0.026033618,-0.007885464,0.0014310852,-9.410083e-05,-0.0044528693,-0.005939938,-0.018537287,-0.036118366,-0.05224412,-0.07039321
0.84107745,0.79946655,0.7720679,0.763257,0.7142283,0.6905256,0.6768439,0.64173853,0.61171585,0.5827909,0.5325029,0.5303554
0.37706622,0.36095408,0.34563684,0.33781388,0.30769894,0.29816777,0.28485,0.25983217,0.24925965,0.24519242,0.2240852,0.21772502
0.06727828,0.04613747,0.026111055,0.009089716,-0.009986438,-0.01316281,-0.01818125,-0.015085682,-0.0048861504,0.0053893756,0.008060146,0.029580856
-0.028352277,-0.019297268,-0.014238157,-0.008731319,0.002265029,0.0031518347,0.005979919,0.00885366,0.010013299,0.013480344,0.012173777,0.0062433504
-0.23724177,-0.23335949,-0.23288977,-0.23011304,-0.21767633,-0.2169859,-0.21070729,-0.1900071,-0.17837745,-0.16657767,-0.15757534,-0.15267615
-0.2091968,-0.19653238,-0.19112793,-0.18490785,-0.18314995,-0.17875259,-0.1794654,-0.1737991,-0.17254251,-0.17064951,-0.16431335,-0.1561174
-0.6337495,-0.6130243,-0.6045631,-0.60410655,-0.5816153,-0.55834115,-0.54534215,-0.50420505,-0.4745467,-0.4463424,-0.40219826,-0.36640996
-0.19918326,-0.1850295,-0.17279905,-0.16683756,-0.15308556,-0.14929092,-0.14818949,-0.14130731,-0.13949336,-0.14331643,-0.13528556,-0.14048229
0.0793814,0.079138264,0.081101194,0.0833054,0.07702295,0.07397337,0.06960113,0.06198854,0.054772396,0.0432349,0.036870558,0.030865617
0.08526691,0.07621568,0.072109275,0.0644767,0.061013725,0.058763873,0.060420454,0.058254566,0.06412462,0.068899885,0.07319422,0.07522026
0.028656265,0.030086795,0.03577237,0.038872123,0.04273568,0.04378389,0.042881608,0.03844385,0.03394025,0.02294918,0.015958294,0.005643574
0.08473468,0.062235255,0.044358607,0.030751139,0.019409392,0.01837441,0.025906269,0.033065036,0.035842262,0.04807482,0.06298721,0.083232544
0.05823602,0.058080263,0.05633097,0.055239733,0.05483812,0.057542995,0.05521792,0.050646804,0.04365412,0.041245423,0.039408494,0.03611828
-0.21330132,-0.22917646,-0.23861736,-0.25744572,-0.2513069,-0.25039306,-0.24127498,-0.21074644,-0.18120086,-0.16284221,-0.13272963,-0.10307205
-0.05772274,-0.06046957,-0.06310074,-0.06766993,-0.07077909,-0.07034795,-0.06740554,-0.06196006,-0.053447425,-0.046456132,-0.041812945,-0.03476742
0.34478346,0.34106764,0.32956403,0.33236864,0.31660897,0.30741465,0.2911197,0.2701813,0.24757923,0.23298904,0.19808355,0.17885965
0.067686506,0.06474272,0.062586024,0.060794126,0.056027938,0.054360695,0.0546771,0.049598094,0.04733204,0.047019288,0.043950506,0.04000976
0.10920552,0.10928657,0.105186,0.107205085,0.1022161,0.099679604,0.09635167,0.090417564,0.08662012,0.08714568,0.07557963,0.07312569
0.28293326,0.25740904,0.2451347,0.22966877,0.22377801,0.2008532,0.20199892,0.19423398,0.19867447,0.19779709,0.19877778,0.19675867
0.34673232,0.32657808,0.30846912,0.29595166,0.27563733,0.26205397,0.2526357,0.23320335,0.22160377,0.2140412,0.19694105,0.19156604
0.33793345,0.32185876,0.3155472,0.31682268,0.30393526,0.2956616,0.2897096,0.26511005,0.23134495,0.20665896,0.195401,0.1716973
-0.17370388,-0.17480499,-0.17725123,-0.18208241,-0.17685685,-0.17922477,-0.17921725,-0.16439614,-0.1476522,-0.13588749,-0.12542209,-0.11231997
0.22977468,0.21727316,0.20797841,0.20261247,0.19204971,0.18249036,0.17669477,0.16195525,0.1497064,0.13810162,0.12846026,0.11845489
-0.012078561,-0.00796656,-0.0026033558,0.0002911575,0.0008856263,0.0025924165,0.0034641642,0.0036738487,0.0008791564,-0.008908283,-0.009037951,-0.011319933
0.22966549,0.20985372,0.19763263,0.18586099,0.17437485,0.17108661,0.17147145,0.16273513,0.16100664,0.17259468,0.17037562,0.1753054
-0.07531163,-0.06430285,-0.056868665,-0.047218643,-0.046702757,-0.041363586,-0.034627028,-0.02807336,-0.029246084,-0.025668245,-0.025267793,-0.02029367
0.45037863,0.43523335,0.43511695,0.44487125,0.43667156,0.43183103,0.42005253,0.39151773,0.37899402,0.3490777,0.30247512,0.26805013
-0.8546262,-0.8217894,-0.7884285,-0.7786588,-0.73323125,-0.71040845,-0.68520474,-0.63789696,-0.60630053,-0.58679616,-0.5382845,-0.5173564
-0.0047978354,-0.0010926807,-0.0007055346,0.0036415635,0.002363477,0.0053344425,0.0056688823,0.0047595333,0.002214891,0.00061458116,-0.0037797801,-0.0053083273
-0.38096008,-0.34967202,-0.32826978,-0.3150117,-0.2983688,-0.28795117,-0.29051226,-0.28693336,-0.29027838,-0.2877879,-0.27479503,-0.28197187
-0.27839744,-0.26843965,-0.26265088,-0.26252759,-0.24968563,-0.24567844,-0.24131833,-0.22351135,-0.211459,-0.20146614,-0.18470508,-0.17389797
-0.05090296,-0.045255564,-0.039429855,-0.03801356,-0.028195597,-0.028786816,-0.027138975,-0.01986056,-0.011555157,-0.009359378,-0.012869271,-0.013449592
-0.11596971,-0.113123335,-0.11085356,-0.10476509,-0.09840552,-0.099827304,-0.09686734,-0.092635214,-0.09712536,-0.09528847,-0.09306598,-0.09498495
-0.07665237,-0.07348529,-0.06922282,-0.068061925,-0.06617725,-0.06823745,-0.0743409,-0.08161074,-0.08457385,-0.08437203,-0.0864429,-0.0943349
-0.20763083,-0.20936112,-0.21149054,-0.2143088,-0.20842148,-0.20206411,-0.19746,-0.18076935,-0.16817297,-0.15656707,-0.13802423,-0.11957827
-0.104180716,-0.0979932,-0.09310221,-0.08849904,-0.076650366,-0.07647983,-0.06839494,-0.054702636,-0.05252762,-0.0514625,-0.039586745,-0.03416916
-0.44154742,-0.4221936,-0.41225305,-0.40680885,-0.39494276,-0.38258597,-0.37387595,-0.35093307,-0.33764505,-0.32663208,-0.29921252,-0.2799712
0.2559397,0.23514758,0.22216661,0.21362752,0.19756228,0.18616877,0.18440995,0.18082885,0.17998074,0.17443363,0.16240577,0.1641805
-0.10040017,-0.09203906,-0.08277731,-0.07792045,-0.068581656,-0.06495688,-0.06298927,-0.05736038,-0.0562503,-0.060251664,-0.05819889,-0.059487667
-0.0043153167,0.011141915,0.021190848,0.034486115,0.041082352,0.04629682,0.04092866,0.034175176,0.02201879,0.009971983,-0.00015776418,-0.016478447
0.20183207,0.18721943,0.1797294,0.17516094,0.16234602,0.15397309,0.14859666,0.14473487,0.14597613,0.13975865,0.12819478,0.13308352
-0.1094316,-0.09134789,-0.08181911,-0.0726537,-0.07012409,-0.07257765,-0.08254964,-0.09634985,-0.105351746,-0.10763856,-0.120560184,-0.13505669
0.1622582,0.16047028,0.14400405,0.14137402,0.12608477,0.13046841,0.12104727,0.11031625,0.077682324,0.08756289,0.08275743,0.08969009
-0.28102955,-0.27388263,-0.269802,-0.2700097,-0.26635486,-0.25331244,-0.24208383,-0.22835614,-0.2095379,-0.18641868,-0.16772997,-0.15334721
-0.08609501,-0.08996455,-0.0997988,-0.11020931,-0.10655483,-0.10416049,-0.10324983,-0.09711469,-0.09766438,-0.08603297,-0.06715921,-0.05667937
0.4365355,0.43101642,0.42358267,0.4300149,0.40561804,0.40692315,0.4000779,0.37119633,0.33901688,0.32723448,0.2960395,0.28792098
-0.01588757,-0.033692162,-0.050504807,-0.06775311,-0.07335733,-0.07330251,-0.06789452,-0.056511,-0.036767524,-0.014720339,0.0033559836,0.027711902
0.52024096,0.4906293,0.46876693,0.45305136,0.4251978,0.40206796,0.39002395,0.36622122,0.35644516,0.33919314,0.31521285,0.3039401
0.09407288,0.09497782,0.09466166,0.098724745,0.095299035,0.09137774,0.08622488,0.07789791,0.07147037,0.064061694,0.05122212,0.04098875
-0.24600561,-0.2244228,-0.21297112,-0.19627634,-0.18501149,-0.1808199,-0.18250269,-0.17501368,-0.17259692,-0.172351,-0.17346981,-0.1762763
0.20912334,0.21515346,0.22234023,0.2338447,0.22010006,0.21802865,0.22551554,0.21732306,0.19198275,0.15619273,0.15860547,0.15188277
0.3148226,0.2834549,0.25623763,0.23578116,0.21051598,0.20171733,0.20208248,0.19913404,0.20431142,0.21690026,0.21232815,0.23165247
-0.37813693,-0.33706564,-0.30769166,-0.28467828,-0.25972342,-0.26174718,-0.27478302,-0.2847724,-0.2946526,-0.29681295,-0.3101395,-0.3399868
0.49943745,0.48290983,0.46405914,0.45413637,0.4250342,0.41505796,0.4069122,0.38290757,0.37351966,0.36791208,0.34589997,0.33850673
0.07957894,0.08384363,0.0899677,0.098338455,0.09697063,0.09134972,0.09097877,0.08260893,0.08079856,0.075887516,0.05970058,0.046396468
-0.08910744,-0.088886544,-0.08905157,-0.09369809,-0.089011,-0.085432716,-0.081567444,-0.07255033,-0.06494784,-0.05995197,-0.05006019,-0.04230018
0.054393962,0.034327284,0.017261721,-0.0015244074,-0.009517249,-0.014839236,-0.019358657,-0.02222369,-0.017895194,-0.003477754,0.0059609925,0.016262166
0.18372247,0.18632555,0.18538834,0.19084425,0.1870528,0.18692085,0.17770517,0.1615877,0.14707525,0.1389321,0.118208595,0.103154644
-0.013505612,0.008346517,0.020397395,0.03622632,0.04076706,0.038408704,0.027482472,0.012298144,-0.006464742,-0.019405069,-0.03789668,-0.062456597
-0.016284768,-0.009797584,-0.0068548815,-0.002329697,0.0025697406,-0.001011176,-0.0031111054,-0.004595495,-0.007867608,-0.009436158,-0.017478174,-0.023142887
-0.7719538,-0.73425704,-0.70811737,-0.69677764,-0.64854014,-0.6341011,-0.6269437,-0.5767241,-0.5466314,-0.53591216,-0.50274414,-0.48448023
0.21567751,0.20328146,0.19300124,0.18429814,0.17336486,0.16978274,0.16394265,0.1519213,0.14891534,0.14928655,0.13958767,0.13879709
0.07089253,0.061769918,0.05974801,0.05446277,0.05473446,0.05629891,0.061985094,0.06498277,0.064609945,0.058333065,0.06528903,0.06848522
0.015626114,0.021083891,0.027770016,0.034757216,0.03536707,0.033724252,0.03566379,0.03397246,0.026213875,0.018198993,0.015603015,0.008265622
-0.07702592,-0.08398539,-0.09148351,-0.10110963,-0.10739046,-0.10301897,-0.101548985,-0.0935428,-0.08800083,-0.08260419,-0.068055674,-0.047428366
-0.077184565,-0.0616807,-0.056593217,-0.049209453,-0.034136713,-0.03508206,-0.036989957,-0.030372353,-0.032933727,-0.03010952,-0.03614134,-0.04106585
0.20067795,0.19375883,0.18547854,0.18424053,0.17127897,0.16916826,0.16795304,0.16131839,0.15903582,0.15731655,0.1455529,0.14622568
-0.07824025,-0.069720306,-0.071191244,-0.06913185,-0.0722852,-0.06421115,-0.067524865,-0.06486759,-0.06288975,-0.05567122,-0.04930083,-0.044749476
-0.316244,-0.30167744,-0.29416296,-0.2935848,-0.28640217,-0.27922103,-0.26830626,-0.24951598,-0.22594307,-0.20668252,-0.18323447,-0.16578776
-0.10971985,-0.09025353,-0.081613146,-0.066241086,-0.057155237,-0.05909644,-0.06152121,-0.05994092,-0.06268144,-0.0633226,-0.06720528,-0.075527854
0.43195534,0.40468457,0.379934,0.36428842,0.3451785,0.33625332,0.3323832,0.31759694,0.31306544,0.3113274,0.3012007,0.30377933
-1.3024547,-1.2456405,-1.1972219,-1.1769252,-1.1012951,-1.0594604,-1.0459003,-0.97251946,-0.92191267,-0.90518796,-0.844032,-0.815253
-0.08132311,-0.077751264,-0.07495881,-0.07323866,-0.06985326,-0.06910454,-0.07033685,-0.07067521,-0.07143651,-0.07023762,-0.067892365,-0.070539385
-0.035075247,-0.04186085,-0.047615476,-0.05431407,-0.061915103,-0.06583458,-0.062823705,-0.057560775,-0.04613065,-0.03953428,-0.034020144,-0.02707207
0.26093075,0.24344975,0.23327482,0.22893652,0.20903264,0.20403756,0.20150042,0.18543318,0.17077586,0.15938568,0.15779518,0.15784939
0.0008345414,-0.0016526952,-0.0063165026,-0.007899115,-0.0038623791,-0.0013888944,0.00082648173,0.007934606,0.009402106,0.015328124,0.021568269,0.028412474
0.14045176,0.11831974,0.10335574,0.087538734,0.08118698,0.07706906,0.07730889,0.07712144,0.081919506,0.08695541,0.092866175,0.1041295
0.3443276,0.32859787,0.31156898,0.30417576,0.29453766,0.28213012,0.27802834,0.26928198,0.26608407,0.26898587,0.24874817,0.24545747
-0.10349338,-0.09380799,-0.08874446,-0.08481647,-0.08098656,-0.080975756,-0.08307257,-0.07776428,-0.0765415,-0.082194544,-0.07910555,-0.078582585
0.3045905,0.28758004,0.27354828,0.25977853,0.249239,0.23403879,0.22739582,0.20955572,0.20969671,0.21111971,0.19831572,0.1938864
0.18311092,0.21373588,0.23663536,0.27176046,0.26770023,0.26334313,0.25184387,0.22621292,0.19138801,0.14428349,0.10506636,0.06438724
-0.5076844,-0.45370713,-0.41293657,-0.38064003,-0.3524582,-0.342801,-0.34472537,-0.34009898,-0.3407561,-0.35276842,-0.35818294,-0.3808811
-0.018605247,-0.009900609,-0.0060881376,-0.00052512996,-0.002123218,-2.6555732e-05,-0.0046260543,-0.009924553,-0.0138942525,-0.014209692,-0.024309024,-0.028214645
-0.31054842,-0.3030254,-0.29710957,-0.3010313,-0.28536642,-0.28100246,-0.27349705,-0.24747445,-0.22699565,-0.21827461,-0.1982807,-0.18359353
0.054474145,0.040306956,0.031169277,0.02077509,0.011771802,0.01293125,0.015392963,0.015117316,0.019022139,0.027535178,0.0380416,0.047930323
0.062211204,0.061516788,0.06414062,0.061463434,0.056647215,0.054755297,0.054084096,0.05682315,0.06547733,0.056854777,0.046328545,0.048215482
0.18523045,0.16745523,0.15722461,0.14770593,0.13766691,0.1337404,0.1284587,0.116908565,0.116904534,0.123151146,0.114098124,0.11416831
0.7332968,0.7059119,0.6844895,0.67199093,0.6399738,0.6216554,0.6101874,0.57343364,0.5455583,0.51584166,0.48332733,0.46182844
0.19861038,0.18543524,0.1775953,0.16446547,0.16156283,0.1610544,0.15988347,0.15353459,0.15587556,0.16012524,0.15945628,0.16221729
0.33374047,0.31106365,0.2956197,0.28703544,0.25884858,0.24963164,0.24667975,0.23262449,0.23064043,0.22682363,0.2112242,0.21377692
-0.7450706,-0.7222672,-0.71151376,-0.7119888,-0.68398494,-0.66579396,-0.6493107,-0.60284007,-0.5727177,-0.5362667,-0.4818115,-0.44568688
-0.34033084,-0.33256227,-0.3260315,-0.32957226,-0.3142497,-0.30581748,-0.2941696,-0.2686645,-0.2483858,-0.22909677,-0.20311007,-0.18318881
-0.2963264,-0.28238997,-0.27149513,-0.2688764,-0.25390184,-0.24749902,-0.24240603,-0.22484331,-0.20990759,-0.20115715,-0.18498395,-0.17631464
0.2606913,0.24031615,0.22637917,0.21625468,0.19563134,0.1886139,0.18406734,0.16866638,0.15077344,0.13262083,0.12889323,0.12912135
0.19371726,0.21398705,0.22590679,0.24472052,0.24617432,0.23645538,0.22239064,0.193925,0.16523616,0.142382,0.10860275,0.063802876
-0.17573425,-0.16403805,-0.15472771,-0.14366215,-0.13505118,-0.13074158,-0.12148295,-0.10456924,-0.09662461,-0.10202009,-0.099756956,-0.09404493
0.22340041,0.2130194,0.20261104,0.1975004,0.19191398,0.18602838,0.17834148,0.16654146,0.15523165,0.15047932,0.13722381,0.12915567
-0.29240626,-0.28876644,-0.28469127,-0.28642896,-0.27074367,-0.2689429,-0.26093715,-0.23779845,-0.22160026,-0.20801929,-0.18562737,-0.17130177
0.81367457,0.77131623,0.71970856,0.69923216,0.6382583,0.63488996,0.59537345,0.53754336,0.47137663,0.49360272,0.45168057,0.45334786
-0.36107007,-0.34700313,-0.32805076,-0.3311214,-0.29931033,-0.2868093,-0.28371853,-0.26853976,-0.2547322,-0.23718154,-0.2089768,-0.20801255
0.0036261436,-0.009112096,-0.018056385,-0.026753174,-0.031081699,-0.03181244,-0.030860025,-0.03152903,-0.027064137,-0.018002398,-0.011722373,-0.0052651097
0.6116743,0.5747921,0.554273,0.54565257,0.5049874,0.48935446,0.4764369,0.43955368,0.43085817,0.41252783,0.3726875,0.3624279
0.24324416,0.22222514,0.20719458,0.19863339,0.18128169,0.17182525,0.168349,0.15801129,0.1526314,0.14897498,0.13906041,0.13743402
0.18075137,0.16501117,0.15466036,0.14846934,0.13315608,0.13037424,0.13139978,0.12576835,0.121781625,0.118066795,0.12100426,0.12636422
-1.0806438,-1.0438131,-1.0185882,-1.0187933,-0.97780263,-0.9567014,-0.9336652,-0.87702507,-0.8334371,-0.790918,-0.7234694,-0.6812047
0.02024368,0.015326312,0.011027623,0.00872167,0.0015230551,-0.0044748187,-0.011545306,-0.016273424,-0.01991741,-0.021615729,-0.02472619,-0.025320904
0.14898264,0.1757718,0.1914207,0.22120497,0.22417778,0.21853152,0.20693411,0.18174905,0.15316603,0.1349152,0.094537035,0.051892806
-0.48366785,-0.4817164,-0.47038376,-0.47457463,-0.4418047,-0.43877637,-0.42257613,-0.3779522,-0.34474027,-0.3273702,-0.29261178,-0.26698768
-0.24209747,-0.2367379,-0.23578191,-0.2369346,-0.23194611,-0.22334346,-0.2225031,-0.21200502,-0.1991411,-0.1784037,-0.16476786,-0.1508218
-0.18167898,-0.16886058,-0.16079003,-0.15085611,-0.14419092,-0.14108683,-0.13652886,-0.12758866,-0.123194315,-0.12181316,-0.11936062,-0.11890361
0.7005295,0.6661026,0.62544024,0.60438234,0.56961226,0.5604698,0.5478369,0.52339596,0.5006263,0.50197035,0.4735095,0.47950146
1.0748616,1.032977,1.0006353,0.9912411,0.9463075,0.9178857,0.91378224,0.8761098,0.83800876,0.81056976,0.7530347,0.7480508
-0.052290875,-0.05139349,-0.049469426,-0.04978953,-0.048612464,-0.04919506,-0.048575964,-0.04733514,-0.04547428,-0.044237327,-0.040901326,-0.040407404
-0.21007362,-0.20695657,-0.21019086,-0.21504831,-0.21678124,-0.21524797,-0.21587542,-0.20362361,-0.19832999,-0.18419905,-0.16784559,-0.1510462
-0.21840215,-0.19743374,-0.18632765,-0.17424028,-0.15741715,-0.14451154,-0.13755389,-0.12597047,-0.12743282,-0.12583809,-0.11642197,-0.11918992
-0.375427,-0.3646961,-0.35754684,-0.35886636,-0.34471893,-0.3394856,-0.3355645,-0.31694126,-0.29818034,-0.28177628,-0.26199076,-0.24801308
-0.019287,-0.020555623,-0.020408552,-0.022473456,-0.021513319,-0.022793494,-0.021131143,-0.015755434,-0.007982941,-0.0066517615,-0.0069951275,-0.0035050074
-0.25703517,-0.24295093,-0.2338341,-0.2285827,-0.215596,-0.20835125,-0.20929186,-0.20304096,-0.19983792,-0.19233243,-0.1821946,-0.18250875
-0.09967668,-0.08485745,-0.076117784,-0.065758355,-0.05998768,-0.058474567,-0.059549633,-0.056431253,-0.06271207,-0.07025844,-0.074707635,-0.08013551
-0.6273493,-0.5893495,-0.5617784,-0.5485735,-0.51620436,-0.50377315,-0.49706587,-0.4715451,-0.46012965,-0.449234,-0.41892478,-0.41005397
0.3251133,0.29657874,0.27676052,0.25998852,0.23456918,0.22820072,0.21964192,0.19659084,0.1877299,0.1900138,0.18659008,0.18630154
0.46811303,0.44364804,0.42705667,0.41264233,0.38890135,0.3794925,0.3715462,0.3492247,0.3304481,0.33458763,0.31914136,0.32757404
-0.5944009,-0.5627064,-0.5418862,-0.53007126,-0.5088245,-0.4898565,-0.4816472,-0.4576411,-0.43367228,-0.4164549,-0.39445105,-0.38173783
-0.27422273,-0.2581759,-0.24827725,-0.24323477,-0.23026906,-0.22638376,-0.22574353,-0.21226001,-0.19978775,-0.19217359,-0.18344617,-0.17789198
-0.1116289,-0.109858975,-0.10957512,-0.10963369,-0.09850233,-0.08719053,-0.081508376,-0.07194315,-0.07111757,-0.06541893,-0.051480718,-0.045730326
-0.052121304,-0.04706095,-0.049744546,-0.049964316,-0.046118874,-0.037184246,-0.03488081,-0.019496975,-0.014322797,-0.006226663,-0.00377818,0.009821456
-0.05746926,-0.03624061,-0.022563107,-0.004354745,0.003586486,0.0037484095,-0.0016157255,-0.008811761,-0.023574874,-0.033711098,-0.050136648,-0.0702799
-1.0846014,-1.0442706,-1.0165397,-1.0093108,-0.9686649,-0.9460474,-0.92643857,-0.86751103,-0.8232757,-0.787167,-0.722074,-0.68085027
-0.1613486,-0.16636644,-0.17086169,-0.18130687,-0.16719773,-0.16306621,-0.14824173,-0.11800574,-0.0957428,-0.075621665,-0.050855868,-0.025923852
0.042354945,0.031764567,0.025011525,0.015798118,0.016621463,0.0147915855,0.018365651,0.025242474,0.030055568,0.03331374,0.037268832,0.04640957
-0.034718674,-0.04331087,-0.049841873,-0.058655642,-0.056257002,-0.054531068,-0.04977216,-0.040548827,-0.031964112,-0.022994004,-0.01220745,-0.00023845444
-0.3108299,-0.29279408,-0.28044167,-0.2738727,-0.25166407,-0.24302983,-0.23390324,-0.21387404,-0.2081159,-0.20330255,-0.18320426,-0.17924704
0.0058121514,-0.003924651,-0.0074479803,-0.011428937,-0.01288935,-0.004216142,-0.00017955713,0.00093890727,0.0094763115,0.011613524,0.013766346,0.025551783
-0.5624384,-0.5391206,-0.5205666,-0.513007,-0.4855669,-0.47056204,-0.45724988,-0.42203057,-0.39823648,-0.38381365,-0.35370857,-0.33310187
-0.0423667,-0.048250493,-0.052565504,-0.059690557,-0.05437457,-0.046983585,-0.03992383,-0.031871792,-0.024346448,-0.014667712,-0.0039113113,0.007803126
-0.31794447,-0.30138856,-0.28903338,-0.28203127,-0.2687514,-0.26401997,-0.2647346,-0.25157645,-0.23896241,-0.23518126,-0.2289419,-0.22636592
-0.12122822,-0.11580631,-0.11250807,-0.112045735,-0.11136614,-0.10501583,-0.1068455,-0.104888,-0.10750572,-0.106552556,-0.097705945,-0.0888765
0.042609323,0.048903793,0.049892046,0.051907297,0.051982876,0.047691688,0.045445874,0.04122042,0.03728913,0.036078304,0.029086815,0.019475987
-0.28726065,-0.28023806,-0.27825138,-0.27683213,-0.26224178,-0.25177228,-0.2427261,-0.22178824,-0.21228531,-0.1978561,-0.1773852,-0.16368334
-0.39866358,-0.3657427,-0.34813887,-0.33170873,-0.315519,-0.30402803,-0.30236503,-0.28744408,-0.27957556,-0.2693954,-0.2611489,-0.25465575
0.0027738055,0.0020063662,0.0007700855,0.0018440285,-0.0009884769,-0.0031362334,-0.0035409695,-0.003319975,-0.0060874643,-0.0066345893,-0.005484266,-0.0057608373
0.720349,0.6688614,0.6301765,0.6012534,0.5526441,0.54132456,0.51843953,0.46844164,0.44292468,0.44335687,0.42460895,0.4195599
-0.24628948,-0.22721373,-0.21496926,-0.20255305,-0.19172634,-0.17972247,-0.17797084,-0.16931595,-0.16090193,-0.15749797,-0.14941773,-0.1488319
0.1586251,0.1527799,0.1496902,0.14504646,0.14592238,0.136567,0.13219644,0.121364824,0.11814959,0.11861326,0.10341986,0.09228637
-0.02288397,-0.015172971,-0.010677116,-0.004782359,-0.0026607513,0.0033945637,0.0075420896,0.012302212,0.0066742133,0.006878051,0.008999682,0.012301078
0.49808773,0.46704164,0.44757435,0.4327904,0.40664876,0.38833237,0.38908002,0.369214,0.37172094,0.37585053,0.35809618,0.34063852
0.32109573,0.30241472,0.29187378,0.28095123,0.26627988,0.2650478,0.26703826,0.2551293,0.2512207,0.24518983,0.24293824,0.2385805
-0.3003333,-0.2796666,-0.26807544,-0.26201203,-0.24954042,-0.24471293,-0.24831036,-0.24197088,-0.24155653,-0.24210054,-0.23139225,-0.23150377
0.8159785,0.77826875,0.75358635,0.75100887,0.696201,0.6795706,0.66683245,0.61342007,0.5746165,0.5425702,0.50579345,0.4798284
-0.08704127,-0.09190643,-0.09724721,-0.09990093,-0.09785718,-0.09595746,-0.090010546,-0.07404865,-0.06289415,-0.05312579,-0.04094957,-0.024774568
-0.21718496,-0.22827888,-0.22449113,-0.2440249,-0.24278289,-0.23027365,-0.22269475,-0.21497704,-0.20082867,-0.19746792,-0.16542095,-0.14637783
-0.055398826,-0.044062443,-0.03532174,-0.024026029,-0.013629373,-0.01132473,-0.013444953,-0.014894828,-0.022751326,-0.027455289,-0.0375758,-0.05146143
0.12709834,0.13337424,0.13925275,0.14721248,0.14950106,0.14978741,0.14521511,0.13402547,0.12664743,0.11359547,0.09349454,0.07193943
0.35558152,0.35053197,0.33949333,0.3407462,0.3159553,0.31174624,0.30639577,0.2911626,0.2728091,0.2618641,0.24191992,0.23887897
0.02318621,-0.019186229,-0.036355324,-0.066684626,-0.06315096,-0.07401906,-0.061874907,-0.041721784,-0.013952769,0.0053493455,0.026126826,0.052672848
-0.69901866,-0.6841151,-0.67286265,-0.6701078,-0.63956934,-0.620122,-0.6009193,-0.55279535,-0.51676536,-0.4916324,-0.44554818,-0.41367993
-0.26925817,-0.25270942,-0.24664792,-0.24071708,-0.22694091,-0.21726789,-0.20730399,-0.188445,-0.18539555,-0.17541938,-0.16086784,-0.14997281
-0.09936621,-0.09224277,-0.09234484,-0.08648054,-0.087671325,-0.081290856,-0.08761126,-0.0884559,-0.10410754,-0.100629784,-0.09368421,-0.092504695
-0.67968297,-0.64349586,-0.61322165,-0.5977777,-0.56797695,-0.5569474,-0.5445344,-0.51584375,-0.49293056,-0.47844484,-0.45192653,-0.44164068
-0.7173392,-0.6968454,-0.6639913,-0.6637808,-0.6238631,-0.61931807,-0.597149,-0.5426333,-0.4966504,-0.49120682,-0.44837922,-0.42070675
0.08469373,0.09285856,0.10008836,0.107100524,0.111003116,0.110030755,0.10527541,0.09568404,0.08635822,0.07431717,0.057993297,0.042432018
-0.47042385,-0.43271035,-0.40093547,-0.3778185,-0.35228157,-0.34295985,-0.34115368,-0.32856813,-0.32944202,-0.33792937,-0.335191,-0.3443549
0.2885225,0.29446402,0.29777893,0.30821234,0.30249748,0.29731464,0.287,0.26414907,0.24260834,0.22119696,0.19205812,0.16598074
-0.21193023,-0.1986309,-0.18564424,-0.17804277,-0.16170977,-0.15520516,-0.15298346,-0.14660478,-0.14276189,-0.1435359,-0.13668086,-0.14302279
-0.17687842,-0.18607463,-0.19693641,-0.20953792,-0.20796958,-0.20544747,-0.20293306,-0.1866187,-0.16799384,-0.14518481,-0.12550648,-0.099755675
-0.123941295,-0.12083706,-0.11959548,-0.12124565,-0.117073745,-0.11319561,-0.11170909,-0.105695195,-0.098346464,-0.09129079,-0.08135688,-0.074844554
-0.16888715,-0.14991593,-0.13279548,-0.11727285,-0.09702436,-0.08937813,-0.08731538,-0.080699585,-0.08223182,-0.091121234,-0.0953705,-0.10937835
0.014507842,0.018719826,0.019537924,0.027197585,0.023561489,0.022791613,0.0214461,0.01948588,0.014396403,0.01542807,0.00830723,0.005120931
0.0809081,0.09877375,0.10612005,0.12115303,0.119822994,0.11120547,0.10805212,0.10287611,0.09490425,0.07881207,0.05747832,0.037986733
-0.009642084,-0.023121987,-0.03382538,-0.04761434,-0.051260263,-0.047105107,-0.04551245,-0.04475703,-0.043654673,-0.034076944,-0.01771687,-0.008631442
0.16093665,0.12938836,0.10763781,0.08460202,0.07172294,0.072993085,0.07612866,0.07685432,0.08410305,0.099741675,0.11357725,0.13385163
0.2310098,0.22774503,0.21674824,0.21848777,0.20183077,0.20155863,0.19344236,0.17636691,0.16312423,0.1666362,0.14345843,0.13708396
-0.08656667,-0.075107604,-0.06615508,-0.05632365,-0.05346867,-0.047380462,-0.047593135,-0.049600173,-0.057869524,-0.063692525,-0.064295515,-0.068302415
-0.22757152,-0.22226152,-0.22035943,-0.21651825,-0.20733683,-0.1880345,-0.17513084,-0.15854488,-0.14757615,-0.12878725,-0.11313297,-0.09418163
-0.075245835,-0.08484805,-0.09306854,-0.101580754,-0.106415235,-0.09962055,-0.09176344,-0.080440976,-0.069432706,-0.056797184,-0.04029297,-0.021092039
0.55057436,0.5390474,0.5228363,0.5234436,0.49511725,0.4811828,0.46137783,0.41971463,0.3793318,0.36273038,0.32149827,0.29414538
0.2253802,0.21911162,0.212493,0.21508247,0.1991149,0.19314757,0.1846011,0.16899347,0.15572973,0.14812504,0.12904873,0.11989538
-0.424845,-0.40134135,-0.38439596,-0.37624052,-0.3615896,-0.35311475,-0.35129502,-0.33527803,-0.32818484,-0.32316753,-0.30360052,-0.29481944
0.31505767,0.304541,0.29886648,0.30024472,0.2903753,0.28396404,0.2766667,0.25582984,0.23918968,0.2294127,0.20405933,0.18635453
-0.0693382,-0.06983929,-0.0705843,-0.075869046,-0.07344036,-0.06836721,-0.06397763,-0.058571298,-0.053769052,-0.045518257,-0.033494208,-0.024967369
0.07871416,0.06520977,0.05820682,0.045710675,0.038056854,0.034324344,0.03798471,0.03981119,0.051578548,0.057256125,0.065842256,0.07774883
0.10500088,0.11956761,0.12328775,0.1372504,0.14311378,0.14380243,0.13789389,0.129365,0.111603454,0.102814086,0.08139339,0.061175957
0.054719143,0.048625037,0.044131093,0.038384296,0.03434587,0.028420748,0.02501109,0.01934766,0.017675934,0.016148347,0.0141615,0.01178369
0.42579335,0.3923166,0.3720591,0.35612285,0.35092187,0.35937527,0.3678893,0.3573771,0.3378884,0.34080762,0.3512559,0.35908204
0.19935825,0.19326635,0.1893351,0.18998669,0.18277541,0.1742878,0.17171748,0.15703514,0.15165764,0.15095839,0.14048362,0.13094305
0.33103213,0.32836658,0.32562143,0.33105814,0.32492387,0.3233995,0.31744787,0.29744714,0.27980155,0.26597303,0.23975539,0.21801375
0.016519232,0.029333087,0.0370605,0.047805175,0.051647566,0.05027638,0.046977278,0.03789596,0.0224922,0.009969903,0.0032015252,-0.013731249
-0.1300212,-0.12950659,-0.12951283,-0.13122065,-0.13089938,-0.12789503,-0.12102206,-0.11157599,-0.10418741,-0.09864008,-0.08704566,-0.07756877
-0.29505876,-0.29686037,-0.2928099,-0.30009007,-0.28206944,-0.28276587,-0.27612528,-0.25101542,-0.23387936,-0.22596508,-0.1998997,-0.18500045
0.38612536,0.35780358,0.34141976,0.3201494,0.30381635,0.2918248,0.27878702,0.2540824,0.24495992,0.2374546,0.22327612,0.2065245
-0.08677769,-0.08105,-0.07879941,-0.07468551,-0.073506586,-0.07174182,-0.072096944,-0.07135845,-0.071404055,-0.06774604,-0.069466084,-0.06985141
-0.44656107,-0.41182402,-0.39954644,-0.38698134,-0.37512937,-0.36405498,-0.3557088,-0.33196005,-0.31046665,-0.29094222,-0.27189144,-0.25338602
-0.12670942,-0.12318776,-0.118893206,-0.11790062,-0.0996664,-0.091230705,-0.088247105,-0.06983498,-0.051895395,-0.0471851,-0.046034675,-0.039972994
0.15993696,0.17605063,0.17489524,0.18560238,0.17194906,0.16509041,0.14700906,0.11983663,0.096833475,0.09219049,0.06170793,0.04060992
-0.010516183,-0.005454489,-0.0028336802,0.0018998217,0.0033188593,-0.0013813609,0.0017457241,0.0022668354,-0.0039589265,-0.008867167,-0.006787341,-0.014968065
-0.09972866,-0.080767795,-0.066651076,-0.05261051,-0.04145683,-0.0383784,-0.037094247,-0.034663137,-0.038039625,-0.04433032,-0.052264396,-0.0636656
0.093918175,0.08288947,0.07086161,0.06298213,0.05850261,0.05711689,0.059166424,0.05975531,0.066070214,0.07953182,0.08068745,0.08522645
0.12810884,0.11812168,0.11468095,0.10896749,0.10773718,0.09600115,0.08862305,0.07670588,0.07138666,0.06791994,0.059473902,0.050588347
-0.4163421,-0.37918413,-0.35797173,-0.33762398,-0.31159356,-0.3000324,-0.30630636,-0.29403856,-0.28878176,-0.28875187,-0.28392133,-0.29143283
-0.6098321,-0.5896039,-0.57446957,-0.57162917,-0.5280042,-0.5190325,-0.50399166,-0.45853832,-0.43561745,-0.4128879,-0.3800383,-0.36259538
-0.013195867,-0.029991556,-0.042636,-0.057687037,-0.06286614,-0.06114498,-0.056944594,-0.05149976,-0.04034602,-0.027164001,-0.014675643,-0.0019063056
0.010666737,0.019025061,0.024629759,0.02766034,0.03286117,0.035162438,0.02814588,0.02129759,0.01599909,0.011410235,0.0026805443,-0.010927602
0.09672236,0.078308955,0.06486565,0.049311105,0.035783254,0.0347402,0.034099337,0.031557806,0.03901372,0.045976195,0.054608934,0.06880409
-0.04120176,-0.03092148,-0.022431785,-0.012945607,-0.0061230734,-0.003383439,-0.0012219194,-0.003272958,-0.011087952,-0.011996773,-0.016289938,-0.027162243
0.22155116,0.2247856,0.2274719,0.23274799,0.22374117,0.22233513,0.21653119,0.19747673,0.17859712,0.16515526,0.14817089,0.1306216
0.14102255,0.12384227,0.1060465,0.0963844,0.08031131,0.08678408,0.09047162,0.0925504,0.09819536,0.11276877,0.11584984,0.1358641
-1.7077098,-1.6297482,-1.5596046,-1.5361799,-1.482259,-1.4310801,-1.403265,-1.3389368,-1.2718985,-1.2378112,-1.1656382,-1.1097456
0.23844038,0.23172475,0.23062502,0.23764823,0.24271291,0.23918511,0.24120767,0.23117937,0.22278485,0.21693397,0.19186002,0.17659923
0.14140715,0.13072565,0.120199054,0.11336319,0.09733181,0.08636297,0.08093893,0.07045146,0.07032302,0.07091798,0.06367146,0.061914112
-0.30398145,-0.3136011,-0.31504315,-0.33216813,-0.33169323,-0.32800364,-0.30824476,-0.280021,-0.2546151,-0.24259932,-0.20057403,-0.16849895
-0.35780433,-0.33084056,-0.31184825,-0.29876715,-0.28002238,-0.27134413,-0.27149805,-0.2585985,-0.25643677,-0.2579576,-0.24674699,-0.24714607
0.28031954,0.27192527,0.2625988,0.2612401,0.251846,0.25078318,0.24456337,0.22960778,0.21507439,0.20750293,0.18874656,0.17986308
0.08049537,0.065544724,0.056446876,0.044482887,0.038581684,0.029978905,0.022022974,0.016006902,0.016915299,0.017445793,0.016195372,0.017959382
0.5017685,0.4758982,0.4569947,0.4518256,0.42553017,0.4195347,0.42137918,0.40732917,0.4013011,0.39192125,0.36869648,0.36763316
-0.41595677,-0.41046366,-0.41498667,-0.4188043,-0.40397006,-0.39501762,-0.3879681,-0.35119277,-0.3188755,-0.29811025,-0.278661,-0.24791253
0.121391244,0.10537759,0.09847672,0.0918169,0.080934614,0.08084636,0.08714044,0.086013146,0.089041516,0.091329314,0.0943976,0.1025469
-0.22199243,-0.2263554,-0.22613159,-0.23204638,-0.2235478,-0.21662104,-0.20649737,-0.18576181,-0.16834888,-0.1568434,-0.13500153,-0.11333647
0.5748527,0.5578659,0.54152143,0.536183,0.50149375,0.49189842,0.48860312,0.4636376,0.45523354,0.44122595,0.40626246,0.39988384
0.6109546,0.5885776,0.5801736,0.57475066,0.5572859,0.54502106,0.5343145,0.500933,0.47699934,0.45484775,0.42045134,0.39687946
0.19291851,0.19797352,0.20033054,0.21115871,0.20526974,0.20114847,0.19575399,0.18087131,0.16487128,0.15425803,0.13475946,0.11536453
-0.30158278,-0.2839303,-0.27140933,-0.25942594,-0.24996468,-0.25047845,-0.25248882,-0.24167855,-0.24153826,-0.25045255,-0.24105161,-0.23850149
0.37670767,0.3620917,0.34845906,0.34542507,0.32729644,0.32043558,0.31562057,0.29823393,0.28243375,0.26430732,0.24757253,0.2431374
0.23418787,0.22231632,0.20791268,0.199155,0.18889533,0.1843408,0.18475178,0.18129648,0.17747325,0.18373013,0.18293965,0.18877995
0.3095294,0.30672714,0.30743927,0.3119149,0.3051188,0.30043,0.29685593,0.27742863,0.26538673,0.25166792,0.22969596,0.20758969
0.008684685,0.016157927,0.022649702,0.032706395,0.024729542,0.024236653,0.02027632,0.012119109,0.0023793802,-0.010331819,-0.019732323,-0.026593216
-0.36663848,-0.34951583,-0.33722052,-0.33209267,-0.31209955,-0.30862445,-0.30195594,-0.27504045,-0.25685126,-0.25552806,-0.23933314,-0.23073024
0.1555316,0.13138673,0.11591314,0.10346618,0.09388685,0.08988954,0.09306667,0.09258724,0.093806565,0.099538326,0.100952476,0.11180231
0.084448025,0.075378895,0.06284379,0.04959342,0.04233931,0.041559294,0.040472094,0.042888038,0.05676673,0.076842085,0.08046623,0.09082725
-0.018243663,-0.009334921,-0.0048445286,0.0023804326,0.009135675,0.008812958,0.008090338,0.007289932,0.0017566942,-0.0022381898,-0.008947035,-0.017813608
0.07442719,0.07326684,0.07454355,0.07689456,0.07399222,0.06884546,0.06649456,0.059611052,0.056854475,0.049813922,0.04091696,0.033758905
0.057988368,0.043981824,0.037450228,0.032075923,0.033140037,0.039797537,0.049485065,0.055592287,0.059224185,0.0619517,0.067605,0.076928385
-0.09532345,-0.0997273,-0.096190766,-0.104002714,-0.09447314,-0.09745567,-0.084161125,-0.06127355,-0.043616764,-0.04668492,-0.037338182,-0.029024078
-0.050474733,-0.037302658,-0.026786186,-0.017621636,-0.011550218,-0.013131667,-0.015960403,-0.019877557,-0.025927,-0.03560652,-0.0419989,-0.0552755
0.61535436,0.60483223,0.59259695,0.5982948,0.5887227,0.56405276,0.5577908,0.52819103,0.49436375,0.47305784,0.44240636,0.40308526
0.43727475,0.41865748,0.4081811,0.3999753,0.38702774,0.3811762,0.37109104,0.34426624,0.32591054,0.30590776,0.28666645,0.2689542
0.14425783,0.12200773,0.10142988,0.08565865,0.0705781,0.071223155,0.0713886,0.06992855,0.082750335,0.10028264,0.09623188,0.115772285
0.0902061,0.09458555,0.09560436,0.103949495,0.10750736,0.10422669,0.10904422,0.10335033,0.098951936,0.104807734,0.09208338,0.0823461
0.4055217,0.37528157,0.3546939,0.33524808,0.319017,0.3107959,0.3132423,0.3028082,0.30300122,0.30460745,0.30416933,0.3067139
0.11145206,0.13568586,0.15373477,0.18030392,0.18470466,0.18201795,0.17468056,0.15332854,0.12766796,0.10481115,0.074579656,0.034949426
-0.19597463,-0.1986761,-0.19610576,-0.204431,-0.19670172,-0.19057524,-0.18615456,-0.1776548,-0.164418,-0.15277644,-0.13446583,-0.123512566
-0.1678699,-0.14244825,-0.12938708,-0.11797725,-0.1056982,-0.094316624,-0.09005147,-0.081368245,-0.08489769,-0.09170119,-0.084948495,-0.08814537
-0.28117463,-0.26914635,-0.2593801,-0.26026112,-0.2525477,-0.25417313,-0.26256847,-0.2614566,-0.24987322,-0.245198,-0.23482822,-0.24279219
0.2873973,0.277312,0.2682716,0.265467,0.25682044,0.24495396,0.23467593,0.2168068,0.20369717,0.20029633,0.17966193,0.16085121
0.14020564,0.12137425,0.10715671,0.09438968,0.079714134,0.07710944,0.079683065,0.08021787,0.08297713,0.08698168,0.09278885,0.10651803
-0.031902697,-0.009014101,-0.0050844834,0.008957924,0.027375845,0.024390724,0.030660233,0.048110433,0.039143093,0.022677774,0.036371566,0.037322078
-0.2764426,-0.24393356,-0.21375133,-0.18265882,-0.15723671,-0.1427247,-0.13549447,-0.13123444,-0.14907554,-0.16385417,-0.16808282,-0.18888785
-0.06117167,-0.05826552,-0.054604396,-0.05565738,-0.041813966,-0.040575996,-0.03520585,-0.028655104,-0.028114673,-0.02756833,-0.022762142,-0.022433026
0.07026944,0.058061093,0.05173762,0.03720967,0.036629554,0.032549825,0.032174468,0.02336301,0.031751476,0.0408319,0.049079094,0.04630103
-0.15782034,-0.14842843,-0.15447192,-0.15672389,-0.15053843,-0.14061797,-0.1411997,-0.12408246,-0.109962784,-0.09503951,-0.08085715,-0.062276576
-0.18978943,-0.16480058,-0.14889722,-0.12924382,-0.11373207,-0.111413114,-0.11121054,-0.10371832,-0.1112542,-0.12063355,-0.122004904,-0.13478944
0.3039756,0.27359346,0.25125372,0.23124516,0.20961396,0.19773722,0.18972108,0.17203598,0.17000127,0.17541198,0.16718532,0.16705218
-0.042018108,-0.036730368,-0.030667696,-0.02725058,-0.019984256,-0.022656722,-0.022993177,-0.017499365,-0.017802574,-0.023962349,-0.029470576,-0.031075275
0.19631793,0.20777892,0.22003682,0.23989804,0.23942967,0.23515508,0.22822988,0.2074365,0.18596642,0.16181964,0.13150375,0.10184157
0.093503155,0.071020946,0.053002413,0.032604188,0.02055581,0.020265914,0.021573432,0.02352706,0.03189303,0.045502834,0.05833041,0.07940147
0.26264355,0.25969923,0.26064792,0.26587808,0.2557605,0.2528726,0.24474269,0.21952468,0.19158365,0.17201805,0.1559339,0.1356992
0.21609002,0.20504437,0.19663921,0.19168958,0.18070646,0.17284532,0.1678749,0.15617523,0.15061688,0.14282654,0.1301438,0.121805176
0.13617858,0.13009723,0.126644,0.1248862,0.11804091,0.119418606,0.11838226,0.11170524,0.1041169,0.09883488,0.090825476,0.08955152
0.20697714,0.20287237,0.1997961,0.20218392,0.19737801,0.19202049,0.18784967,0.17349097,0.1605992,0.15612419,0.1397599,0.12454319
0.16274567,0.15702982,0.14907949,0.14770056,0.13429165,0.13448459,0.12868425,0.11317429,0.10408068,0.103239685,0.09606622,0.09274228
0.24371456,0.23597288,0.23350663,0.23250647,0.2297333,0.23385404,0.22608264,0.20803466,0.1954779,0.18564971,0.17094548,0.16154091
0.060368013,0.046728484,0.0408462,0.031717736,0.027759813,0.030949518,0.035569876,0.038413934,0.046244107,0.047399294,0.05132234,0.058437645
0.3808262,0.36982945,0.3579374,0.35340473,0.3294709,0.3157024,0.3010169,0.2735957,0.2620238,0.24814714,0.21608205,0.19997618
0.6803045,0.6619688,0.63779604,0.6307645,0.58806044,0.5618611,0.5444339,0.5052997,0.48215562,0.4798571,0.43871164,0.40523714
0.052870773,0.051903937,0.052111488,0.05514808,0.053288393,0.051076297,0.057624575,0.05990611,0.059285283,0.058645003,0.05839096,0.057603534
-0.03149932,-0.04598081,-0.046757057,-0.05862226,-0.05711596,-0.050737165,-0.045668878,-0.043444768,-0.04051698,-0.043544278,-0.03596364,-0.028804846
-0.81137735,-0.7762694,-0.7522591,-0.7427212,-0.7112219,-0.6957982,-0.6865181,-0.6482144,-0.6192451,-0.5994069,-0.55423355,-0.53206253
-0.25484377,-0.24020922,-0.22565755,-0.21816185,-0.2096043,-0.20452313,-0.20386635,-0.20451786,-0.20219962,-0.19560185,-0.18799575,-0.19136491
0.16927491,0.1532328,0.14377686,0.13384238,0.12174821,0.11952412,0.1199197,0.11481771,0.117171064,0.11523577,0.1135134,0.1195688
-0.034315366,-0.04550391,-0.056422338,-0.06867921,-0.07156206,-0.07349079,-0.07439174,-0.06856255,-0.06015882,-0.05152164,-0.042292573,-0.02896754
-0.31068593,-0.30237266,-0.29055804,-0.2889933,-0.26333994,-0.24746458,-0.24716175,-0.22730362,-0.20239072,-0.1975314,-0.18233041,-0.17262752
-0.010026586,-0.022650879,-0.03097687,-0.043067396,-0.042578623,-0.047223188,-0.04879478,-0.047993694,-0.03899613,-0.028364962,-0.021804705,-0.016422408
-0.05711248,-0.06062413,-0.055248942,-0.053970825,-0.046235885,-0.048948485,-0.041327197,-0.037530925,-0.03655572,-0.031532288,-0.029128976,-0.03558323
-0.6160632,-0.58613837,-0.5685193,-0.5546369,-0.52940464,-0.51631016,-0.50390625,-0.46576563,-0.4416079,-0.42636615,-0.39778346,-0.37902576
0.030459773,0.034683283,0.039659783,0.043970324,0.052786835,0.044036582,0.038636774,0.03435359,0.027523506,0.019289026,0.008543292,-0.008089453
-0.033259682,-0.034727223,-0.03602264,-0.040787138,-0.04106671,-0.04377662,-0.043667868,-0.041033056,-0.040731784,-0.040840384,-0.033885695,-0.030253403
-0.11172838,-0.10544249,-0.098544866,-0.097634874,-0.09113111,-0.08672185,-0.08405652,-0.08231592,-0.08237954,-0.07867238,-0.06991712,-0.07597036
0.034315627,0.029413015,0.028189167,0.025120102,0.027270762,0.023232168,0.01962642,0.015173534,0.013780313,0.01464028,0.012350217,0.0070724925
0.13407682,0.12053186,0.11043098,0.102632016,0.099516556,0.10013007,0.10085824,0.10191141,0.10380128,0.10627854,0.10624467,0.1118479
-0.047435164,-0.072853886,-0.08500286,-0.1164374,-0.124452665,-0.109529436,-0.10035523,-0.09068846,-0.061749887,-0.048190854,-0.020142818,0.008568649
0.37152433,0.33168942,0.29896703,0.28085515,0.2842257,0.25812083,0.24405909,0.23954436,0.22705472,0.21585833,0.20410736,0.18721479
0.1339746,0.12870784,0.12594342,0.12076763,0.117819384,0.116607755,0.116218515,0.11040444,0.106900975,0.10463987,0.09870755,0.09788403
0.6009438,0.5719101,0.55074453,0.5344433,0.51030916,0.50046116,0.50706774,0.4924511,0.48029116,0.4615447,0.4630943,0.45698088
0.19115272,0.17991261,0.17056759,0.16667677,0.15114754,0.1465537,0.1452221,0.13797991,0.14103022,0.13769805,0.12476733,0.12782022
0.26456916,0.23601896,0.21597062,0.2005615,0.1793899,0.17700398,0.17661068,0.17018875,0.16939837,0.1747759,0.17420094,0.1883519
-3.4281154,-3.2297661,-3.0925446,-3.0061886,-2.8727365,-2.7952216,-2.7422066,-2.6149995,-2.550848,-2.4791555,-2.3292763,-2.280515
0.20635447,0.1995839,0.19653489,0.19842109,0.19527511,0.18535468,0.1891522,0.18646996,0.18714209,0.18352398,0.17796662,0.17697033
-0.09993451,-0.10091592,-0.10560188,-0.10660081,-0.09873724,-0.09551932,-0.09289073,-0.08177814,-0.07277035,-0.05910454,-0.050660957,-0.04406901
-0.22470789,-0.21076818,-0.20131615,-0.19160467,-0.18147051,-0.17170948,-0.16699888,-0.16041438,-0.16343054,-0.15816158,-0.14699201,-0.14743611
-0.06671049,-0.06797663,-0.07160951,-0.075015284,-0.07138097,-0.07304737,-0.07032721,-0.061027072,-0.052070756,-0.045597218,-0.03791239,-0.03354575
-0.08031273,-0.07693763,-0.07212161,-0.069306284,-0.068869084,-0.060957503,-0.05941664,-0.05782947,-0.057733405,-0.06018983,-0.056609005,-0.056273088
-0.10576664,-0.11040052,-0.112878315,-0.115579665,-0.11794059,-0.11215433,-0.10397106,-0.091768526,-0.07848602,-0.06991487,-0.058925886,-0.045275107
-0.16675133,-0.14843906,-0.13086455,-0.11669731,-0.10821089,-0.11024553,-0.107568294,-0.105542704,-0.1094922,-0.11747701,-0.119528525,-0.12923102
0.028746555,0.032926373,0.03759449,0.040642165,0.051249854,0.047958292,0.0421043,0.03688451,0.040235,0.03894832,0.031756528,0.015141271
0.1385855,0.13831998,0.13982306,0.14217499,0.14182758,0.14001359,0.13419497,0.121122144,0.11061875,0.099817045,0.08732859,0.07111138
-0.57666457,-0.54469055,-0.51260984,-0.49891627,-0.4648589,-0.45372114,-0.44193748,-0.40790567,-0.38176814,-0.38521653,-0.35735318,-0.35128897
0.003907022,0.022240922,0.04436847,0.06380291,0.09073412,0.09512167,0.09937418,0.09429658,0.06439554,0.041419983,0.031117516,0.0036907848
-0.21180119,-0.20093597,-0.19756882,-0.19094037,-0.18152328,-0.17688651,-0.17225993,-0.15517002,-0.15201966,-0.14752929,-0.13762054,-0.1302776
0.0012986958,0.02920222,0.043341618,0.06292534,0.041701026,0.053340018,0.056773864,0.053991407,0.043803446,0.029069003,0.018184816,0.030925954
-0.473049,-0.44412765,-0.4222223,-0.4098839,-0.38261417,-0.37501064,-0.36695758,-0.34714642,-0.33819973,-0.32953578,-0.30878684,-0.30726856
-0.48147368,-0.46852142,-0.45804095,-0.45599368,-0.43439394,-0.42141187,-0.41110393,-0.38308156,-0.36386824,-0.3457655,-0.31508783,-0.29534927
-0.06855527,-0.074480884,-0.08188965,-0.08533925,-0.092240706,-0.08288185,-0.07580678,-0.06365205,-0.050684042,-0.03674652,-0.026320074,-0.006205504
0.06900572,0.08572051,0.099957466,0.11571261,0.12039667,0.115441985,0.108259626,0.096023634,0.08088277,0.058670014,0.03613334,0.010079306
0.20810828,0.19911227,0.19400565,0.19356938,0.18148707,0.17915396,0.1773891,0.16874817,0.16048683,0.15258093,0.13899872,0.13527414
-0.04059596,-0.033256434,-0.023203325,-0.018938415,-0.012009847,-0.010405123,-0.0076220874,-0.0055766287,-0.0008039754,-0.0033245473,-0.006054022,-0.0093436185
-0.034790866,-0.037478372,-0.03797032,-0.04248589,-0.043220624,-0.04334807,-0.047043193,-0.049133345,-0.050121516,-0.049451783,-0.048225183,-0.04575418
-0.11106137,-0.119752124,-0.12786368,-0.13865983,-0.13444082,-0.13100183,-0.12701459,-0.113558695,-0.10225488,-0.086460836,-0.06981144,-0.05335463
-0.18499866,-0.15430629,-0.13113078,-0.104723826,-0.08828009,-0.08376532,-0.08636252,-0.08890721,-0.100372314,-0.11286087,-0.12566726,-0.14815554
0.01544476,0.024923855,0.030045249,0.03493298,0.046196148,0.04741575,0.053134423,0.05583661,0.045252595,0.038702197,0.044433642,0.032700643
-0.17824474,-0.16870683,-0.16114335,-0.15353847,-0.14175221,-0.13720623,-0.13080914,-0.124563344,-0.12613274,-0.11896411,-0.11133768,-0.11327955
0.14063959,0.13657938,0.14036429,0.14047198,0.1459446,0.15469512,0.15480618,0.1492627,0.1546879,0.14253573,0.1287475,0.12061623
0.5243488,0.4783383,0.45252937,0.42688066,0.3964515,0.3943535,0.396585,0.3800002,0.3845782,0.38040006,0.3766294,0.38979998
0.08817071,0.08753437,0.08346358,0.08605151,0.07887663,0.07531384,0.07019484,0.062275164,0.056887947,0.05410842,0.04037648,0.03615471
-0.28574422,-0.26859728,-0.25164232,-0.24312794,-0.22732034,-0.21513538,-0.21217269,-0.20537964,-0.19766365,-0.19536738,-0.18544346,-0.18644422
0.07433001,0.07279316,0.06941423,0.06755089,0.062346704,0.061965164,0.056765962,0.049937595,0.047879897,0.044648252,0.037221402,0.03411997
-0.3874036,-0.3734786,-0.36311486,-0.36343738,-0.34675658,-0.3393778,-0.32808858,-0.29947332,-0.2745046,-0.2608557,-0.23776534,-0.2182491
-0.05953289,-0.05174599,-0.042482913,-0.03530869,-0.025556108,-0.021706508,-0.018225603,-0.012384638,-0.0043771807,-0.0060508493,-0.011981022,-0.017112136
0.07701241,0.07965984,0.08739489,0.09566842,0.0966281,0.097673126,0.103530385,0.101926535,0.095189855,0.08263892,0.07197496,0.0633875
0.32397112,0.28841215,0.2685152,0.24411646,0.23259464,0.2195068,0.219082,0.20818281,0.21935289,0.22429103,0.22383472,0.2321578
0.03466118,0.04716136,0.058864757,0.07334283,0.07754967,0.07468728,0.069290906,0.06253854,0.05050049,0.031398095,0.014912307,-0.0021909764
0.3258899,0.30386084,0.28687677,0.28057674,0.27126446,0.26388654,0.26614785,0.26180884,0.25440216,0.2548705,0.2347226,0.2407921
0.1835384,0.17930432,0.17043191,0.16340782,0.15808114,0.15043661,0.1559761,0.15844075,0.16128606,0.15831472,0.16088547,0.16689812
-0.5807972,-0.57730573,-0.57492113,-0.58719105,-0.56957763,-0.55709213,-0.5416162,-0.5002538,-0.46756065,-0.43565422,-0.38616988,-0.34451097
0.22078244,0.22092074,0.23052719,0.23783727,0.24254324,0.24812992,0.25520542,0.2543413,0.2364302,0.20639712,0.19539967,0.1930084
0.34741876,0.33104664,0.32055637,0.3162057,0.2959174,0.28630194,0.27481726,0.24848403,0.23520754,0.23064071,0.20859386,0.19857438
-0.077879205,-0.06646345,-0.059611253,-0.052804157,-0.046882935,-0.041199885,-0.040048197,-0.036936603,-0.037958488,-0.041220915,-0.041085307,-0.040777948
0.10897199,0.10803827,0.10877924,0.10913159,0.104350686,0.102424994,0.10146228,0.09319256,0.09206122,0.08679683,0.07797382,0.07028626
-0.17691086,-0.16372254,-0.15343018,-0.14509484,-0.13837327,-0.13200426,-0.12861814,-0.124012135,-0.11943666,-0.11392537,-0.10751286,-0.107635476
0.13055164,0.12546323,0.12347248,0.12405333,0.11923261,0.1092146,0.1025681,0.09444657,0.08753583,0.07785274,0.06160924,0.052193433
0.009212352,0.00033605192,-0.00042590685,-0.003402437,0.0024538739,-0.00444727,-0.0016330015,-0.0017274059,-0.003359858,0.0048222393,0.0075561884,0.011159758
-0.09062348,-0.09468533,-0.09640043,-0.10114919,-0.10031287,-0.09795149,-0.093070805,-0.08530542,-0.07762445,-0.071491115,-0.060045436,-0.050250474
1.0260245,0.97277814,0.9274101,0.9082176,0.85847205,0.8362761,0.820405,0.7614157,0.744449,0.7449118,0.69221514,0.6791671
-0.1407822,-0.12217909,-0.10760954,-0.09333292,-0.0777551,-0.07574214,-0.07688412,-0.07713944,-0.08623345,-0.08703496,-0.091199026,-0.10467473
0.26282746,0.25203764,0.24655734,0.24864459,0.2339334,0.23503649,0.23092355,0.21519375,0.20088184,0.18684977,0.17328502,0.16897677
0.170137,0.17205402,0.1732396,0.17925286,0.17290606,0.17064522,0.16528274,0.15439732,0.14383313,0.13158461,0.11523244,0.10320009
-0.09396264,-0.08615501,-0.07825934,-0.07525422,-0.06850146,-0.06803541,-0.06978383,-0.07177566,-0.075124286,-0.078004,-0.07661378,-0.08390386
-0.37077454,-0.34503344,-0.32782212,-0.3139885,-0.30093732,-0.2888592,-0.27788848,-0.2589641,-0.25440732,-0.24703695,-0.23194037,-0.22041748
-0.13349012,-0.13118123,-0.12853774,-0.12221955,-0.106531836,-0.10570942,-0.0900779,-0.070595264,-0.06996801,-0.0660108,-0.056199484,-0.055252004
-0.015793838,-0.010725852,-0.011197884,-0.009815708,-0.012171423,-0.010129446,-0.016038131,-0.021478139,-0.027359126,-0.03329287,-0.03739576,-0.03816624
0.04364541,0.022882966,0.005521683,-0.015190549,-0.024703572,-0.03256267,-0.042200662,-0.04622169,-0.047780175,-0.040070087,-0.030294988,-0.021652626
0.25618392,0.24284182,0.22775684,0.22385716,0.20904692,0.20179337,0.19710295,0.18943633,0.1788593,0.18155149,0.17106605,0.17163302
0.30974042,0.3022978,0.29180503,0.28717107,0.26926953,0.25859386,0.24246551,0.21296637,0.19309984,0.184854,0.16596961,0.14755307
0.3338212,0.30126107,0.27591547,0.2598198,0.23690614,0.23170358,0.23359895,0.22370808,0.21919267,0.22633728,0.22220084,0.2329016
-0.23580532,-0.22777036,-0.22227518,-0.22236042,-0.21341923,-0.20885998,-0.20440172,-0.19081216,-0.1808717,-0.17471997,-0.15636432,-0.14500359
0.17385024,0.16526806,0.15802757,0.15762886,0.14903243,0.14523692,0.14408651,0.13665897,0.13256295,0.12770282,0.11939636,0.1156215
0.17395145,0.17738187,0.17328733,0.1791574,0.17137775,0.17053378,0.16373861,0.15397595,0.1350001,0.123910144,0.11131282,0.10328104
-0.10831925,-0.0975206,-0.094167665,-0.08671956,-0.08101834,-0.079656914,-0.084515154,-0.080759816,-0.086651735,-0.086813316,-0.08830608,-0.09000058
-0.8278268,-0.7820748,-0.7412681,-0.7228159,-0.67825145,-0.65790725,-0.6373462,-0.59363085,-0.56273776,-0.5473033,-0.51280516,-0.5000381
0.0031687927,0.0021478396,-0.00057822745,-0.0014964202,0.0024747942,-0.004313079,7.018563e-05,0.009564128,0.006752547,0.0023890976,0.008847151,0.0085674
-0.034320462,-0.00028717518,0.029236278,0.05110165,0.077022694,0.096698105,0.097421065,0.08682524,0.06776473,0.052488033,0.0343438,0.00047554215
-0.04114321,-0.024366237,-0.0120996125,-0.00043962896,0.006721411,0.00022871047,-0.0062611364,-0.01316753,-0.024637494,-0.037492335,-0.047830738,-0.06736203
0.9903349,0.94825596,0.9211521,0.9003891,0.8654015,0.8260273,0.8158765,0.76408166,0.7233813,0.6861071,0.6711131,0.62442386
0.028255602,0.026102465,0.023410793,0.023288447,0.021379065,0.01940883,0.021088107,0.020412583,0.018926548,0.0215797,0.021750597,0.023260161
0.5394816,0.50781655,0.48473144,0.47572318,0.4441745,0.43148705,0.40346384,0.3545487,0.32091033,0.30120662,0.262491,0.23273337
-0.3137842,-0.2866801,-0.26366237,-0.24819557,-0.23315647,-0.23190032,-0.2339364,-0.22987193,-0.2234431,-0.22968863,-0.23353335,-0.24458514
-0.05513782,-0.06692925,-0.07720485,-0.08837007,-0.0941495,-0.09707615,-0.09605114,-0.08648829,-0.07198952,-0.06145455,-0.04765801,-0.028750107
0.13051918,0.112119146,0.0979522,0.08599585,0.07620626,0.07110096,0.06382635,0.052743558,0.051226452,0.05544185,0.05767719,0.05913496
0.13469437,0.121414244,0.115209565,0.11211088,0.10558636,0.10481173,0.10549197,0.1013922,0.102309205,0.10175923,0.09679502,0.101160035
-0.34963077,-0.3386434,-0.33218625,-0.33296847,-0.32337013,-0.3148804,-0.30784053,-0.28700584,-0.27027398,-0.25622582,-0.23272559,-0.2137265
0.24522513,0.2243679,0.21768793,0.20058092,0.1991368,0.19550833,0.20140791,0.19239905,0.1969535,0.19907176,0.20800205,0.199963
-0.7435779,-0.68571794,-0.6408809,-0.6081033,-0.5597556,-0.5437595,-0.54259276,-0.51625836,-0.5165796,-0.5220652,-0.5020827,-0.5142759
-0.040113192,-0.027361903,-0.01924612,-0.012599625,-0.003349403,-0.0040582772,-0.0026321616,0.00061314553,-0.004945213,-0.011793544,-0.015561472,-0.022626318
0.15470856,0.15706658,0.1575526,0.16232044,0.15743335,0.15157422,0.14540464,0.1342282,0.12560944,0.11173583,0.09294063,0.07837015
0.0564778,0.03728973,0.023305811,0.006318219,-0.0006239675,0.0059534386,0.009632684,0.014119439,0.01958751,0.028558467,0.04622405,0.06327297
0.18963452,0.17826672,0.16769114,0.16638999,0.15037663,0.14833635,0.14354281,0.1329942,0.12929584,0.13072342,0.1169257,0.116521314
-0.08330545,-0.08602444,-0.0884774,-0.09483768,-0.09317864,-0.08552444,-0.081187494,-0.0756108,-0.065926954,-0.05101078,-0.03856554,-0.0260728
0.016805992,0.027135866,0.03922425,0.049268328,0.048312105,0.049337026,0.047389653,0.035021074,0.022340981,0.006930067,-0.004339768,-0.01890175
