0.21967039,0.20219663,0.19696854,0.18644772,0.16067952,0.13780071,0.121813536,0.10009647,0.08829863,0.08186827,0.08838944,0.089621596
0.31846273,0.3182922,0.31555596,0.3142953,0.27654684,0.23336144,0.19061959,0.1557102,0.12549594,0.10883913,0.11090347,0.1022495
-0.2334996,-0.19101313,-0.16556662,-0.16567306,-0.14396353,-0.12841997,-0.10481843,-0.089168176,-0.07780971,-0.07363689,-0.07781651,-0.07208924
0.08674111,0.08416848,0.10322784,0.10470617,0.094741955,0.07146793,0.06297551,0.06227191,0.04928598,0.029449861,0.013423383,0.0062243342
0.3072197,0.2941363,0.28342408,0.22185779,0.17477107,0.1462005,0.13326119,0.092091516,0.09247891,0.11763903,0.15003003,0.16920201
0.07181689,0.068211794,0.04289739,0.03004884,0.015761115,0.010777362,0.0005897656,0.0033990145,0.01565028,0.03506238,0.052050322,0.06131692
-0.017289836,-0.039902262,-0.096334055,-0.11323216,-0.12279399,-0.10628371,-0.108581826,-0.079972535,-0.03936286,0.0057819607,0.04030738,0.06307924
0.0006960649,0.025582785,0.022332793,0.02853975,0.03163347,0.03827658,0.028212868,0.02667957,0.018277882,0.0060107512,0.0021834113,-0.00758952
0.008103753,-0.0018174797,-0.010365572,-0.038505018,-0.057329774,-0.06429729,-0.048214845,-0.049071506,-0.017228782,0.023922544,0.055034555,0.08821314
0.11587874,0.13804883,0.13543086,0.117101654,0.096465975,0.08302542,0.07046576,0.05839398,0.052623685,0.04740487,0.05003975,0.04709731
0.5329143,0.6891925,0.8021637,0.8317461,0.7933515,0.7139765,0.64448625,0.50084925,0.3465339,0.21642353,0.13478376,0.06504902
-0.38877997,-0.40727395,-0.4207706,-0.401655,-0.36126438,-0.3201273,-0.28277114,-0.2197489,-0.17044027,-0.14217626,-0.13297471,-0.118753545
-0.45515996,-0.18916118,0.04983461,0.29924136,0.39749134,0.40953594,0.3969495,0.30320665,0.071923524,-0.21609089,-0.45178044,-0.6256344
-0.0013432875,-0.02786323,-0.047684446,-0.07500676,-0.07774901,-0.081129506,-0.07873558,-0.06058957,-0.034360733,-0.005801655,0.013384559,0.02663054
-0.047561437,-0.050864205,-0.031132821,0.0015412122,0.02062662,0.014970198,0.016031064,0.016270299,0.0053910166,-0.013116011,-0.031148251,-0.03797897
0.19642565,0.17567372,0.16351889,0.14910491,0.1254805,0.1032293,0.08637,0.076656014,0.07257458,0.06872481,0.07512203,0.07659681
-0.10457389,-0.12925445,-0.13651988,-0.12276115,-0.11219283,-0.09340508,-0.08145474,-0.070277706,-0.059489474,-0.04098012,-0.034569994,-0.026690625
0.3061366,0.26252905,0.23884284,0.1539306,0.103497446,0.075434476,0.060119867,0.049044162,0.06550227,0.10017313,0.14305013,0.15899885
0.32687595,0.3319849,0.32222822,0.30683073,0.27469316,0.2335626,0.19939357,0.17317042,0.15187073,0.1319494,0.13202527,0.12600866
0.01063231,-0.03393939,-0.037211604,-0.011689708,-0.003302075,-0.016353041,-0.00824374,0.011370726,0.019524425,0.008997254,-0.0014715828,0.004967779
0.05766564,0.02422519,0.03181462,0.04125163,0.03289041,0.03160657,0.035489626,0.021234937,0.007648904,-0.00798537,-0.01362692,-0.022221018
0.13576901,0.10532926,0.06721336,0.021871552,-0.002820477,-0.008359507,-0.008782759,-0.023684971,-0.0044337586,0.022226386,0.048140347,0.061740372
0.051159244,0.11022799,0.13993151,0.1671905,0.18308869,0.15034543,0.1383863,0.12693514,0.0930208,0.06205558,0.029639784,0.020288907
-0.7451723,-0.80750626,-0.8127899,-0.69346255,-0.5949955,-0.49791226,-0.42942125,-0.34587967,-0.31101614,-0.28035718,-0.29729462,-0.28907585
-0.25900915,-0.24264105,-0.22003414,-0.18306077,-0.14609335,-0.12331775,-0.11072272,-0.08699537,-0.08933587,-0.10622249,-0.12833358,-0.14434756
0.032712974,-0.052455463,-0.09338391,-0.124923676,-0.13521406,-0.13328445,-0.117177315,-0.09574434,-0.050153606,0.005387243,0.04528445,0.07740466
0.2698521,0.25961414,0.27442354,0.26751277,0.24308845,0.21320152,0.1917938,0.15481831,0.12544514,0.093089044,0.08120003,0.066820025
0.3586137,0.35338813,0.39434186,0.40873557,0.38189107,0.34351358,0.30607027,0.24504727,0.18264002,0.114888325,0.08499129,0.048770517
0.10985104,0.08238739,0.06951382,0.077987954,0.07906084,0.047308013,0.030702526,0.04038155,0.04239718,0.050869294,0.054366663,0.06257538
0.1875565,0.14247678,0.07143423,0.023936242,-0.028165132,-0.023564994,-0.02756825,-0.037933886,-0.0011714846,0.059142176,0.117843896,0.15267566
0.42107964,0.37225604,0.34514835,0.26489383,0.2041823,0.16876547,0.1453504,0.109931245,0.11729763,0.1386255,0.1781738,0.19144338
0.07828798,0.15181202,0.13490309,0.064968854,0.042133998,0.0312494,0.020339688,0.0021799915,0.016084814,0.04057131,0.06588562,0.07634555
-0.9019501,-1.0204597,-0.9996506,-0.8559707,-0.7340468,-0.62295437,-0.5352669,-0.41396585,-0.37045485,-0.37488285,-0.41376826,-0.42263585
0.51382184,0.47797668,0.41105264,0.31590572,0.2447148,0.17689125,0.12862784,0.11073588,0.15082602,0.1928072,0.25554124,0.28826177
-0.70274335,-0.5951177,-0.546228,-0.4673729,-0.36702168,-0.288405,-0.24404687,-0.20197633,-0.2144567,-0.24536037,-0.29923385,-0.3287796
-0.054844942,0.04253657,0.124097556,0.12778744,0.12921597,0.102209836,0.12395574,0.09328268,0.06005572,0.025764037,-0.014635244,-0.014821079
0.18822366,0.17706394,0.14375947,0.10987975,0.08357921,0.07483281,0.05567023,0.044191293,0.049686067,0.069908895,0.092510544,0.09899919
0.029650524,-0.031002432,-0.06577054,-0.115809895,-0.13114591,-0.12982953,-0.112143435,-0.10036719,-0.061380714,-0.010166876,0.028823853,0.05580323
-0.4055945,-0.38673404,-0.39343873,-0.39521778,-0.3604862,-0.31845573,-0.27671337,-0.23116818,-0.18308954,-0.14451766,-0.13033172,-0.109991774
-1.2759686,-1.1738498,-1.0873843,-0.9442352,-0.78595996,-0.65308726,-0.5429182,-0.45443672,-0.43751785,-0.4555021,-0.52960664,-0.54514503
-0.3947915,-0.41983557,-0.46230593,-0.47245187,-0.43902963,-0.38820267,-0.34912467,-0.27671385,-0.20373243,-0.12741067,-0.09140393,-0.052902073
0.20119102,0.19856149,0.19098751,0.16463146,0.13696392,0.11846854,0.10220544,0.076030634,0.064964086,0.064752564,0.07123812,0.06949946
-0.77124625,-0.78681564,-0.7616141,-0.6735923,-0.58991027,-0.5092701,-0.4307159,-0.34663135,-0.2971802,-0.25972083,-0.27045992,-0.24481845
0.1242899,0.09138653,0.07868749,0.03673713,0.0155994,0.006349787,0.008407965,0.0046829283,0.021199357,0.04814272,0.07452166,0.09278892
-0.19044109,-0.16587116,-0.14719653,-0.11060998,-0.07530294,-0.056508034,-0.045685932,-0.035563633,-0.04664513,-0.06537227,-0.090561345,-0.10409631
0.087131135,0.089726776,0.084815,0.082168445,0.07091223,0.05738659,0.04471099,0.039227754,0.037545815,0.038242783,0.041775465,0.041671433
0.42108768,0.42846358,0.40851432,0.35646492,0.31566405,0.26222476,0.21764955,0.1923735,0.17437367,0.16968076,0.18802854,0.19031931
0.14966018,-0.024449289,-0.084189504,-0.17167428,-0.20348322,-0.20030633,-0.18447144,-0.14820127,-0.07544844,0.008455627,0.082020245,0.12310023
0.21131308,0.22047615,0.19961527,0.1504629,0.11528324,0.08547907,0.06982175,0.05669397,0.06747413,0.08533695,0.107028656,0.12239865
0.12629527,0.12058803,0.097808994,0.08584825,0.071284264,0.065635495,0.05212593,0.041785102,0.040062908,0.044819064,0.054526072,0.054869253
0.19033867,0.18315506,0.18162113,0.1513196,0.12435136,0.11034766,0.09831886,0.06977264,0.060128506,0.055789914,0.066150926,0.0639034
-0.07374155,-0.046388052,-0.06101105,-0.051389504,-0.043448716,-0.029413404,-0.036898755,-0.0308689,-0.033585295,-0.029330289,-0.027070206,-0.03403236
-0.17326717,-0.15961534,-0.17292385,-0.17738995,-0.16406947,-0.1459587,-0.12601285,-0.10493179,-0.07819836,-0.045031436,-0.03278532,-0.013518505
0.29634315,0.23947984,0.19303808,0.17580098,0.13767353,0.11283073,0.0817873,0.0715206,0.073904306,0.08511822,0.106399365,0.109575406
0.090195864,0.06971039,0.0340672,-0.003491789,-0.02804096,-0.0282401,-0.036224507,-0.032628357,-0.007614784,0.02120592,0.053404823,0.06559703
0.0064295717,0.024366166,0.009630736,-0.032336768,-0.039874326,-0.037776597,-0.03914608,-0.03634403,-0.016627554,0.007927866,0.029440677,0.041107673
-0.09813902,-0.08220429,-0.08253202,-0.06951368,-0.057023633,-0.040951937,-0.036696672,-0.030093864,-0.031291932,-0.032358214,-0.038967203,-0.04285483
0.28088313,0.3249366,0.28918457,0.22881761,0.19659454,0.16517392,0.115330495,0.093961,0.0977548,0.121410914,0.15400061,0.15643886
0.20368883,0.19857267,0.2498411,0.2575208,0.24222842,0.19594043,0.1790476,0.16576701,0.12671301,0.06645317,0.02664373,-0.001970455
0.12661466,0.12662734,0.11721201,0.07710093,0.056573257,0.03507665,0.029128196,0.026673794,0.03656877,0.051682718,0.06750855,0.08057949
-0.63874805,-0.6483335,-0.6445986,-0.5579405,-0.47584748,-0.3941889,-0.35236916,-0.2723264,-0.24871446,-0.24245222,-0.26653808,-0.27816686
-0.43748575,-0.44486642,-0.48690158,-0.43357548,-0.3705432,-0.30620956,-0.28070843,-0.20963946,-0.17914723,-0.16324183,-0.1735642,-0.17744312
-0.19466512,-0.17850831,-0.1949579,-0.20570037,-0.18619083,-0.16520499,-0.15087622,-0.11727263,-0.09009233,-0.064874634,-0.055836618,-0.046704125
-0.06882713,-0.061971355,-0.076175645,-0.12224576,-0.1263824,-0.105322115,-0.089749955,-0.087204665,-0.058716945,-0.03010478,-0.0039027631,0.009677712
0.20950502,0.20145951,0.19810826,0.17003834,0.14175227,0.11595261,0.09968324,0.07424432,0.06754229,0.06585763,0.07599163,0.07570402
-0.22795054,-0.19948247,-0.19052534,-0.18507044,-0.17703491,-0.14568213,-0.12065541,-0.101303935,-0.08700222,-0.071186185,-0.069829464,-0.058144573
0.32585278,0.3469229,0.3326229,0.26654556,0.21355063,0.18678267,0.15843512,0.1187856,0.11953221,0.13483413,0.1662231,0.17859241
0.15541002,0.13200597,0.10305777,0.07007246,0.04111679,0.031138033,0.021456897,0.010429062,0.020370394,0.040565267,0.0639574,0.07291951
-0.7314548,-0.784886,-0.7450528,-0.6093995,-0.49429658,-0.42152426,-0.36235422,-0.27065784,-0.2564714,-0.27680784,-0.32962206,-0.34466207
-0.007823452,0.021265943,0.07869605,0.13658878,0.14836627,0.152162,0.14997241,0.1042164,0.0475102,-0.019178111,-0.06644435,-0.102071434
0.28815398,0.2043001,0.15576458,0.051450253,-0.0020911396,-0.027296692,-0.0277735,-0.03491153,0.0241725,0.10764831,0.18991323,0.24826199
0.20280585,0.24953182,0.2560618,0.1774371,0.14869592,0.120895535,0.1112971,0.08157272,0.08579177,0.10558548,0.12620515,0.1430237
-0.033127807,-0.03665821,-0.053728048,-0.062267635,-0.06310962,-0.056133606,-0.053477637,-0.04004275,-0.024874259,-0.008942494,0.001171709,0.008417547
0.09861362,0.10189389,0.080157265,0.07997802,0.077585615,0.06575643,0.052903324,0.055744432,0.053738188,0.057258375,0.0581779,0.06212531
0.3073656,0.2992895,0.27255803,0.20096733,0.1480838,0.106799066,0.088783726,0.07072179,0.08590938,0.123561,0.1585321,0.18558316
0.5826651,0.66948664,0.66183954,0.5965688,0.51155806,0.46881136,0.41846105,0.31365848,0.24499442,0.20751013,0.19722062,0.17356363
0.15924296,0.12516846,0.07110521,-0.053261995,-0.1075387,-0.1241664,-0.116834655,-0.106435895,-0.031944044,0.0682368,0.15351415,0.21291445
0.38640365,0.45947596,0.49245942,0.5082958,0.46670687,0.38453314,0.3526186,0.34778753,0.29943892,0.20864703,0.16431114,0.14251938
0.3462572,0.30529726,0.2659247,0.21815883,0.17076012,0.12959936,0.09933081,0.084736645,0.09691902,0.12429135,0.15987891,0.17752749
0.46900523,0.4227792,0.39314273,0.31637388,0.24121135,0.20691562,0.1851331,0.1352649,0.13605344,0.15483803,0.19531083,0.21230942
-0.047733705,-0.028073326,0.006113045,0.019798636,0.023020558,0.026735492,0.040510703,0.021046303,-0.0027409606,-0.028073344,-0.052126475,-0.063751295
0.21162406,0.18813473,0.21326871,0.19868377,0.18068233,0.14807242,0.13594177,0.108349904,0.082315005,0.059512597,0.051038615,0.039504595
-0.27425548,-0.23729411,-0.20745045,-0.17742527,-0.14016353,-0.12222536,-0.10210325,-0.076199606,-0.07674717,-0.09018222,-0.11480245,-0.121385776
0.06709495,0.05155581,0.04746187,0.046561383,0.03729003,0.029519528,0.027703278,0.02295487,0.021810807,0.02483838,0.031017313,0.03596259
-0.31593502,-0.3356247,-0.32997838,-0.29869354,-0.25999546,-0.224939,-0.19036704,-0.1530864,-0.13549872,-0.12322165,-0.1297365,-0.1252145
-0.058869474,0.009560376,0.0075807422,0.047484756,0.06639384,0.06998256,0.048685282,0.06747615,0.04769783,0.014878377,-0.014679706,-0.036908455
0.28987515,0.25043404,0.2206851,0.17787132,0.13184671,0.09366205,0.0667333,0.066193044,0.08440671,0.10891262,0.1442645,0.160595
-0.09426935,-0.12077516,-0.13843475,-0.14886013,-0.14035173,-0.12967582,-0.11992803,-0.09032829,-0.058764014,-0.030931026,-0.010855081,0.0035646632
-0.13154241,-0.12582232,-0.09769074,-0.062372312,-0.042642385,-0.043122098,-0.03165531,-0.015581407,-0.022560846,-0.044175882,-0.06475285,-0.07227671
0.15142485,0.17406353,0.17281157,0.1742943,0.15769947,0.13788186,0.11366242,0.09028694,0.068539515,0.052958485,0.048170753,0.03648883
-0.056970745,-0.05536571,-0.035052642,-0.091750965,-0.100891575,-0.08834708,-0.052610278,-0.077120714,-0.07780969,-0.053809553,-0.042548336,-0.031354804
0.03097815,0.024360012,0.002098905,-0.011849698,-0.020556834,-0.013644308,-0.016667377,-0.015846007,-0.002354227,0.016663857,0.03528293,0.045328528
-0.4108987,-0.34534425,-0.29878247,-0.27252614,-0.21785544,-0.18230972,-0.14755017,-0.12952162,-0.13117431,-0.137187,-0.16361359,-0.16992818
-0.03172598,-0.09302264,-0.124225065,-0.16410124,-0.17303342,-0.17356478,-0.16626951,-0.1354263,-0.089404725,-0.048296146,-0.014036825,0.0027852245
-0.11822625,-0.12921588,-0.1563618,-0.13710386,-0.11445668,-0.094795994,-0.09973507,-0.060234632,-0.04796908,-0.037121437,-0.036316525,-0.040647507
0.013668485,0.015830338,0.0069268253,-0.0034873132,-0.006827913,-0.005551843,-0.010536496,-0.007841341,-0.002221981,0.0056661735,0.011505668,0.0127449585
-0.08953139,-0.14391471,-0.16984648,-0.20448887,-0.20791288,-0.1899441,-0.17444831,-0.13948263,-0.091874585,-0.048670966,-0.015270917,0.007526923
0.11495228,0.102782145,0.09832664,0.10593352,0.09749808,0.08294295,0.0664103,0.055982523,0.045044124,0.031997688,0.029937206,0.021360865
0.21040021,0.23086236,0.186327,0.13995972,0.11098573,0.09200747,0.06565522,0.057991043,0.073164105,0.1091507,0.14054708,0.15844673
-1.1141016,-1.0975308,-1.0079095,-0.86679584,-0.71431553,-0.6143426,-0.509328,-0.39869404,-0.3758357,-0.41055882,-0.4883155,-0.5061489
-0.053430922,-0.09718767,-0.12018539,-0.13124083,-0.12964255,-0.10762772,-0.09655629,-0.086814806,-0.06719662,-0.04721555,-0.031744838,-0.026695484
0.15977399,0.19443245,0.16203848,0.08253997,0.06486298,0.050824717,0.037389178,0.027292844,0.045915134,0.0825693,0.11630394,0.1335011
-0.7851497,-0.7222214,-0.71945333,-0.62726164,-0.5141826,-0.4199139,-0.37542152,-0.29984543,-0.27727908,-0.27321,-0.31162545,-0.32704186
-0.098566,-0.1291171,-0.12795712,-0.12908548,-0.115585834,-0.10426563,-0.08765543,-0.07122761,-0.060370013,-0.048271388,-0.043765396,-0.03866089
-0.22611925,-0.22892906,-0.22863439,-0.22263597,-0.1999343,-0.17418884,-0.1523866,-0.12443272,-0.09799196,-0.07354285,-0.065697104,-0.05270398
-0.2716325,-0.26129362,-0.24588087,-0.2159143,-0.18100175,-0.15568577,-0.1326823,-0.103293926,-0.094116345,-0.09525115,-0.11010341,-0.11146117
0.37417695,0.45340413,0.5497726,0.5800196,0.5634702,0.5043518,0.4514809,0.3467957,0.2272591,0.10229071,0.029759116,-0.044186532
-0.1371693,-0.1678785,-0.19493073,-0.2077379,-0.19821075,-0.18067074,-0.1627649,-0.12445715,-0.085560635,-0.040792666,-0.01503746,0.009057775
0.10486893,0.12857047,0.123128034,0.103595436,0.08451607,0.06562219,0.052294597,0.044613004,0.047439594,0.05390826,0.063007385,0.07036333
0.13571724,0.1091026,0.056449085,0.018059745,0.0010131598,0.004912153,-0.010385096,-0.012487449,0.004183106,0.03640042,0.06363955,0.070315465
-0.21301962,-0.2191616,-0.21270809,-0.206672,-0.18459389,-0.16228002,-0.13918848,-0.113380045,-0.09228033,-0.08242139,-0.080347456,-0.075408645
-0.31878114,-0.38088313,-0.38609725,-0.36234868,-0.32478222,-0.2881431,-0.24190079,-0.19510031,-0.16564184,-0.13399608,-0.13343973,-0.11890864
0.09664738,0.068904445,0.07577598,0.0899239,0.07738458,0.06513943,0.05637841,0.04517149,0.03717334,0.02439139,0.023524059,0.019227542
0.6168744,0.69193184,0.74067104,0.72244304,0.6733571,0.56054485,0.508448,0.4243142,0.34752017,0.26406726,0.22352299,0.19954412
0.024230912,-0.008816034,-0.019093856,-0.013548076,-0.022335857,-0.026555516,-0.029778473,-0.030545339,-0.021714902,-0.011258687,-0.0015481133,0.0031069703
-0.78358936,-0.8210242,-0.76583606,-0.7053797,-0.61370254,-0.5426202,-0.44191483,-0.36201304,-0.31924987,-0.30111173,-0.32598805,-0.31176573
-0.48339936,-0.31713253,-0.2390213,-0.20553952,-0.13543081,-0.102885336,-0.07619268,-0.07199064,-0.10669473,-0.14563504,-0.20609628,-0.23341353
-0.27053764,-0.2517279,-0.2426105,-0.24047355,-0.21030256,-0.18618812,-0.15676385,-0.1277776,-0.105538964,-0.09412368,-0.09645263,-0.08857797
0.20600495,0.18818358,0.17810968,0.1383556,0.10906309,0.093839675,0.08662589,0.058683813,0.05244464,0.054844018,0.06410064,0.06443429
0.3569931,0.31325817,0.28434736,0.22713771,0.17407024,0.13922408,0.11252479,0.08806664,0.09416486,0.1175663,0.15534931,0.16790488
-0.048083268,-0.06995342,-0.07422683,-0.085224435,-0.08477972,-0.08239495,-0.07026489,-0.06619206,-0.05153217,-0.024720572,-0.010424454,0.00315376
0.22268458,0.24384558,0.26991895,0.26876035,0.23192906,0.21994482,0.20053282,0.15222093,0.11836409,0.071388,0.0618836,0.038269024
0.24701631,0.2357219,0.21645454,0.18611276,0.14072765,0.12652606,0.107659414,0.08101772,0.086110935,0.10776383,0.14182085,0.16216138
-0.10400897,-0.14640868,-0.1749748,-0.19893005,-0.2011275,-0.19036892,-0.16886564,-0.12850466,-0.08032226,-0.03607393,-0.007552743,0.020156126
-0.34286454,-0.3410572,-0.37473783,-0.3181719,-0.27983817,-0.23252091,-0.2196622,-0.14671981,-0.111817874,-0.09209324,-0.09729732,-0.08706229
0.05050736,0.048462864,0.034193628,-0.008268416,-0.020770624,-0.028268471,-0.034447752,-0.031166703,-0.012555435,0.035469323,0.06988351,0.09161944
0.22944939,0.18888633,0.16193753,0.1190353,0.08109024,0.062946245,0.049773186,0.029858261,0.046747133,0.07061018,0.10540133,0.121017486
0.31642175,0.32162926,0.2781783,0.21969342,0.17750123,0.1634554,0.13183624,0.10617699,0.10345121,0.11191558,0.13270476,0.12985933
0.35275528,0.31058478,0.24163437,0.15726286,0.10556069,0.08136746,0.058481425,0.046716183,0.0720631,0.12062033,0.17047857,0.19535142
-0.13048622,-0.2003687,-0.23274125,-0.25825325,-0.24536043,-0.21317124,-0.18951492,-0.1582466,-0.116237134,-0.07402852,-0.04629071,-0.032554604
0.004357191,-0.03506928,-0.067414105,-0.090080045,-0.101504944,-0.091389485,-0.08438544,-0.06934117,-0.034016274,0.0053509017,0.037864834,0.062308785
0.16823706,0.10698745,0.05986601,0.0014257729,-0.028591856,-0.03357306,-0.038634792,-0.03392513,-0.00086416304,0.038052075,0.076218,0.09450261
0.23581283,0.22405735,0.22447793,0.20006996,0.1726652,0.13780808,0.114415616,0.100518,0.08886522,0.08322224,0.08841554,0.0864463
0.06558037,0.02643264,0.015083231,-0.030948281,-0.04588414,-0.05517762,-0.055789232,-0.043709897,-0.01661615,0.015669025,0.04633178,0.063523665
-0.0261366,-0.037382316,-0.017658755,0.0038540885,0.014733303,0.035117686,0.043439455,0.012723774,-0.019849552,-0.044933397,-0.06739348,-0.08878392
-0.07646461,-0.1056685,-0.0906032,-0.055100054,-0.03786668,-0.039539643,-0.03174463,-0.014705859,-0.018787056,-0.03891349,-0.05613549,-0.06393642
0.26384127,0.21705084,0.21848345,0.20792523,0.18160224,0.15772642,0.13895719,0.107057296,0.090998076,0.08109574,0.091258794,0.08791967
-0.06786917,-0.06364958,-0.07993104,-0.10069281,-0.101332515,-0.09634733,-0.089673385,-0.072542235,-0.044082254,-0.012343387,0.010864945,0.029908348
0.15745811,0.17045356,0.20813054,0.27195764,0.27842742,0.24544077,0.22399482,0.19415921,0.1361554,0.061737545,0.007273875,-0.027114116
-0.15949489,-0.23284338,-0.2748465,-0.2955351,-0.2998688,-0.27867025,-0.25768247,-0.20719053,-0.1432805,-0.08010543,-0.039197728,-0.007658556
0.060248055,0.030080236,0.0153944045,-0.0146525875,-0.030216575,-0.037466288,-0.031967446,-0.024747781,-0.0042414255,0.025091995,0.050323084,0.069668114
0.21539405,0.23887992,0.29465938,0.30755657,0.29433385,0.26626015,0.24990994,0.19803661,0.1438843,0.073394805,0.044156164,0.0104019195
0.070488006,0.09377561,0.10308216,0.15837228,0.17633924,0.17254007,0.14148155,0.13036573,0.09177984,0.052647926,0.019764423,-0.008418851
-0.092756696,-0.05754105,0.006357588,0.053451598,0.08314489,0.061474428,0.055744216,0.0528114,0.017871223,-0.041330643,-0.09054608,-0.122550786
0.44783437,0.40967524,0.41066813,0.35235834,0.2956842,0.25983244,0.23646504,0.16709164,0.14222538,0.12525225,0.13994427,0.1350681
0.16499801,0.15186608,0.13823405,0.11651186,0.09352582,0.07286211,0.056210272,0.04708324,0.04852331,0.05534744,0.06864567,0.07145253
0.012858743,0.013313396,-0.0029411446,-0.031592596,-0.036998034,-0.03264038,-0.033148482,-0.0358494,-0.024167351,-0.002163107,0.0154525675,0.023601988
-0.0062340666,-0.0059222635,-0.016958747,-0.014793012,-0.016768236,-0.008371551,-0.011323016,-0.010206943,-0.0061183125,0.0021621548,0.008960951,0.012023637
0.08391519,0.17848587,0.26943696,0.32724223,0.34709215,0.3228608,0.30587918,0.23104611,0.12184099,0.007605789,-0.079558484,-0.14854749
-0.010079253,-0.002070479,-9.099394e-05,0.041723244,0.058691554,0.06452223,0.04924745,0.052143883,0.031108705,-0.00058954675,-0.022461902,-0.043104522
0.1674695,0.18729562,0.2153675,0.21148613,0.19366714,0.16801399,0.15490961,0.12603581,0.090956286,0.062413,0.044195212,0.030612975
-0.07004046,0.00012755394,-0.0037768036,0.01527375,0.035577714,0.032851756,0.024587303,0.041035578,0.027808845,0.011523835,-0.016183086,-0.026752815
0.1721431,0.18410048,0.20753905,0.2164161,0.2057201,0.17569275,0.16196077,0.133409,0.096949995,0.06256807,0.0368587,0.021635458
-0.17663062,-0.09924197,-0.047467202,-0.039408386,-0.0068077445,-0.012567744,0.0037813634,0.0010302961,-0.015553184,-0.032411467,-0.06299453,-0.068090566
0.0067749936,-0.008483745,-0.015344255,-0.0035180915,-0.002413785,-0.004206147,-0.0062319227,0.00069388,0.0018997868,-0.0022332016,-0.005669469,-0.008168957
-0.020463962,-0.04832313,-0.039264068,-0.03645742,-0.032241683,-0.03707012,-0.028308569,-0.022060987,-0.013948981,-0.0026994515,0.001550097,0.010786012
0.1527688,0.12673743,0.17039096,0.22958606,0.2395936,0.22078538,0.20214254,0.1671207,0.10322297,0.021027114,-0.031100031,-0.0784844
0.13512231,0.20367272,0.26573583,0.386743,0.4033404,0.3800159,0.3360756,0.28263253,0.1783966,0.06374571,-0.019058958,-0.08127658
0.11004867,0.14120963,0.15425739,0.15845415,0.14720808,0.12356382,0.10786684,0.0953883,0.075879425,0.053811856,0.042223632,0.033596393
0.14854002,0.11402834,0.06329322,-0.0024506003,-0.034954622,-0.041082278,-0.04561457,-0.04067824,-9.076297e-05,0.05667305,0.104120314,0.13563502
-0.04872994,-0.034071103,-0.032539733,-0.0063887388,0.0067112446,0.015423909,0.012662888,0.013564225,0.001588881,-0.014499185,-0.028152343,-0.037212312
0.19131371,0.049235553,-0.028081864,-0.033646047,-0.07486534,-0.098149806,-0.10273245,-0.061231166,0.013180807,0.11226772,0.19706956,0.2714603
0.1443206,0.15831715,0.17315659,0.16800267,0.15235674,0.12917809,0.117224276,0.09198655,0.07230045,0.0515607,0.039882395,0.032409355
-1.1466893,-1.1283178,-1.0676157,-1.0126567,-0.871408,-0.75985014,-0.64070225,-0.5195494,-0.4540251,-0.41216105,-0.43768784,-0.41876966
-0.74521255,-0.673507,-0.649796,-0.64557886,-0.55127037,-0.47168985,-0.40761673,-0.3323741,-0.28738388,-0.24798642,-0.25843486,-0.2498762
0.22140089,0.19685991,0.16953453,0.116168365,0.07893506,0.054990426,0.04301162,0.037489682,0.056851093,0.08184059,0.11393619,0.13143602
0.109084606,0.11943422,0.12578732,0.12837219,0.119268365,0.1044905,0.09023436,0.07579967,0.057567656,0.039237205,0.029244006,0.018970009
0.3293994,0.3285479,0.3345073,0.31746197,0.28397897,0.24541342,0.21767315,0.18187639,0.15213677,0.121314645,0.11164662,0.097238325
-0.31757858,-0.3203019,-0.32794213,-0.31594735,-0.2799798,-0.23821402,-0.20861314,-0.16775772,-0.13895011,-0.11608331,-0.11364141,-0.10550207
0.18268053,0.14164293,0.11527978,0.04467976,0.0048719943,-0.0050773174,-0.007008776,-0.021549657,0.004148163,0.042523365,0.08208775,0.1028754
0.8566606,0.81482303,0.76345545,0.6283086,0.51076645,0.4285441,0.37556335,0.28086567,0.25989127,0.2807855,0.33638275,0.35020906
-0.55172735,-0.541362,-0.5290793,-0.46525845,-0.39182237,-0.33473533,-0.29239988,-0.23042999,-0.20176286,-0.19107206,-0.20863886,-0.20544541
-0.19425046,-0.13413136,-0.13802311,-0.15064064,-0.12828249,-0.11265861,-0.09909901,-0.083812214,-0.063831806,-0.03612084,-0.029540949,-0.0138117075
-0.20846939,-0.17612112,-0.19442613,-0.20893899,-0.1856474,-0.15489969,-0.13705593,-0.122790046,-0.103519954,-0.06973816,-0.058570422,-0.04922069
-0.03517235,-0.04977619,-0.047802806,-0.050488587,-0.04517503,-0.045583364,-0.03983361,-0.027309474,-0.017377907,-0.011535187,-0.004606097,0.00029866607
0.31526867,0.32198906,0.32271385,0.2921612,0.25249183,0.21346433,0.18462697,0.14451742,0.12200531,0.10580803,0.10587634,0.0972562
-0.08807091,-0.13347302,-0.16493991,-0.1651021,-0.15969482,-0.14025873,-0.13258797,-0.09873079,-0.07088949,-0.046905972,-0.029873095,-0.020151
-0.057054423,-0.10221334,-0.12946445,-0.15422632,-0.16270459,-0.15779547,-0.14726774,-0.11557394,-0.07454977,-0.030858453,-0.0026523247,0.020945117
0.06515551,0.07182512,0.058357615,0.029283937,0.015868042,0.0042721033,0.004245594,0.003572978,0.015486853,0.032576274,0.047777116,0.060203604
-0.5227537,-0.5164852,-0.5082356,-0.46835834,-0.40453702,-0.3527013,-0.30808365,-0.24318606,-0.2073955,-0.18842447,-0.2001118,-0.19361083
-0.02965298,-0.047316153,-0.088491194,-0.120730504,-0.13066602,-0.116486594,-0.110133864,-0.092065334,-0.052237578,-0.0046448866,0.031644084,0.05882892
-0.12343727,-0.10678485,-0.098549806,-0.07670957,-0.057479218,-0.052323416,-0.04807558,-0.031051785,-0.030882753,-0.04047806,-0.05266975,-0.057669643
-0.79765964,-0.5748948,-0.57301337,-0.49350995,-0.4149345,-0.30857205,-0.2754963,-0.24961543,-0.2553721,-0.27759373,-0.32654798,-0.35865778
-0.06337836,-0.0628589,-0.067943215,-0.07624825,-0.07301372,-0.07044429,-0.06770782,-0.056941796,-0.0383735,-0.02596075,-0.015901728,-0.009063907
-0.2608055,-0.24170075,-0.16955733,-0.064793736,-0.015434936,0.0088512,0.033278167,0.021043748,-0.036823407,-0.108736366,-0.1814136,-0.22054577
0.18859449,0.15566432,0.1531668,0.10292268,0.07678746,0.05850014,0.05250524,0.031682387,0.03674428,0.05384501,0.07653569,0.08373757
-0.59967226,-0.54978216,-0.5535222,-0.44273025,-0.36043075,-0.28213537,-0.24664444,-0.19255087,-0.1878281,-0.1960407,-0.23971733,-0.25225925
-0.29853177,-0.3657392,-0.36796486,-0.33828822,-0.31090063,-0.29503074,-0.2584559,-0.17099318,-0.12387256,-0.09879242,-0.10366961,-0.08066018
-0.24995601,-0.23722407,-0.23880687,-0.2166358,-0.18099934,-0.15259409,-0.14032348,-0.10788139,-0.092610314,-0.08449201,-0.09166576,-0.093965665
0.05070667,-0.009479642,-0.043460727,-0.07905267,-0.091862425,-0.0817363,-0.07518481,-0.070955634,-0.044577178,-0.007815277,0.024556523,0.038631584
0.04914672,0.037010677,0.05488248,0.097712755,0.10681723,0.10572986,0.09542172,0.07899322,0.046463825,0.008038906,-0.01363815,-0.036053155
0.0027405033,0.008868384,-0.008183189,-0.0065971427,-0.011120625,-0.0066130497,-0.011039149,-0.011290068,-0.007312879,0.0022836092,0.0073085073,0.010957766
-0.00857329,0.034171343,0.0059603676,-0.03764785,-0.049082935,-0.03132478,-0.02814646,-0.044212397,-0.034572616,-0.0022734907,0.018731952,0.028677657
-0.25695577,-0.30053475,-0.33886722,-0.30124968,-0.2721277,-0.23681086,-0.21502316,-0.15990672,-0.117347725,-0.067269996,-0.046533644,-0.018739209
-0.02172255,0.009397365,0.05603043,0.09164406,0.11273467,0.105296366,0.100616746,0.076980725,0.033125006,-0.017414622,-0.05418643,-0.08339335
0.004363492,0.04287754,0.037752233,0.10011711,0.12073182,0.15113758,0.124760106,0.09576071,0.04805235,-0.005983309,-0.039574936,-0.080598846
-0.040167607,-0.08980008,-0.1486933,-0.12160581,-0.15216851,-0.10446316,-0.11333236,-0.10111739,-0.069442235,-0.041002806,0.0020966511,0.013491787
0.0940756,0.06877296,0.01496771,-0.02571167,-0.048841283,-0.03804423,-0.03933405,-0.036960155,-0.0074367374,0.037691776,0.07307479,0.09578401
-0.208771,-0.20599478,-0.18302253,-0.14540815,-0.13535589,-0.112431206,-0.08863433,-0.07820571,-0.071897104,-0.072618134,-0.07636082,-0.06827896
0.12426379,0.10074512,0.087639585,0.050781682,0.036615595,0.02628024,0.020740435,0.015617207,0.020329092,0.03779336,0.05889504,0.06482796
-0.15090355,-0.15938951,-0.17219949,-0.17129797,-0.16310978,-0.14828686,-0.13423629,-0.10064301,-0.07551996,-0.043489147,-0.030122928,-0.013920296
-0.31646228,-0.3496919,-0.40023756,-0.40717024,-0.37583894,-0.3284888,-0.2896101,-0.23204613,-0.17632268,-0.10256481,-0.06772039,-0.03234067
0.019134775,0.07707133,0.040160127,0.033188418,0.0268743,0.027929556,0.0076882243,0.010853184,0.02069618,0.04130173,0.053408038,0.060331
0.23237005,0.18068983,0.14151388,0.060759634,0.02327323,0.0047959685,0.00051417947,0.00068476796,0.035461374,0.084428504,0.13138564,0.15888104
0.59827894,0.6509799,0.5874253,0.6348176,0.53403425,0.47841176,0.40288085,0.3043762,0.26868868,0.26856798,0.2985114,0.3184127
-0.56707585,-0.5741628,-0.6037282,-0.543138,-0.47499222,-0.40189126,-0.36194265,-0.27740872,-0.22428764,-0.1825767,-0.18386318,-0.16698265
0.13021366,0.15734133,0.16636768,0.1660555,0.15540959,0.14121708,0.12158927,0.09243111,0.06732026,0.039869793,0.029219981,0.011233263
0.28044742,0.28396666,0.2765851,0.24703191,0.20841071,0.18223429,0.14964971,0.11541263,0.103301525,0.09603423,0.10924586,0.101364754
0.22749184,0.21356134,0.19411787,0.17148122,0.13494027,0.112836234,0.093783945,0.08120969,0.08248873,0.091742195,0.11249852,0.12219798
-0.030809417,-0.07579789,-0.100905746,-0.15004855,-0.15596503,-0.15806344,-0.14501336,-0.111023575,-0.06695595,-0.020628046,0.010067614,0.03296634
0.8803168,0.9476948,0.94850755,0.7914799,0.68224746,0.5683095,0.4808833,0.38068384,0.34115586,0.33292797,0.3639307,0.3690826
-0.106093824,-0.16180965,-0.15386483,-0.106469005,-0.101207264,-0.089381695,-0.07800688,-0.04844244,-0.03911592,-0.042616718,-0.04819572,-0.044351425
-0.19080868,-0.18545943,-0.20539576,-0.23234661,-0.22239152,-0.19218358,-0.17043637,-0.14789864,-0.11144539,-0.07688409,-0.055759072,-0.039976165
0.19169778,0.21629743,0.21269388,0.17103672,0.15291262,0.12305906,0.1068682,0.08790812,0.0768024,0.08651699,0.0972604,0.10206509
0.19109856,0.19980568,0.18652739,0.16440438,0.13298023,0.11399987,0.095652916,0.07370944,0.069912136,0.074060395,0.08558892,0.0895608
0.007535322,0.007749247,0.027418803,0.025382971,0.033536203,0.027372159,0.024097493,0.0135604385,0.0006681327,-0.0111825485,-0.019341236,-0.030971551
0.17465912,0.16968262,0.1529731,0.13917333,0.118704356,0.10548788,0.08739921,0.07178409,0.062415704,0.05930898,0.06553007,0.061102483
0.22225587,0.22458348,0.23539534,0.22527896,0.20131707,0.17260522,0.15532759,0.12642016,0.10245006,0.07947649,0.07368101,0.06661539
0.2032076,0.16754147,0.13449842,0.1047318,0.07086475,0.058260143,0.048384532,0.03390655,0.04929313,0.0815488,0.10968605,0.13206989
-0.090445735,-0.092365846,-0.072371215,-0.049063213,-0.032792315,-0.026195109,-0.019062787,-0.012889288,-0.02067967,-0.03508891,-0.05160664,-0.059270136
-0.09048604,-0.06482227,-0.04239449,-0.016934581,-3.5520643e-05,0.015786082,0.016398974,0.007524289,-0.013007533,-0.032781452,-0.05298479,-0.068055876
0.17056039,0.20779748,0.24533045,0.259016,0.24138185,0.20259471,0.17610687,0.15049508,0.11238847,0.0660209,0.03546074,0.01175493
-0.015338203,-0.042585954,-0.06773518,-0.107354194,-0.10776299,-0.10009667,-0.0871965,-0.07084036,-0.03814751,-0.0008535492,0.025177982,0.046318974
0.049210317,0.064824395,0.057951413,0.025521103,0.013356879,0.01027751,0.009004541,-0.00234795,0.006240852,0.02432786,0.040708788,0.050621875
-0.1841821,-0.21119493,-0.21843381,-0.21058604,-0.19306748,-0.16724415,-0.14634201,-0.11542697,-0.089368924,-0.07067314,-0.06232018,-0.05325021
0.33514327,0.4272717,0.511921,0.538219,0.5245523,0.47946346,0.43966728,0.34580657,0.23709273,0.11016487,0.034291543,-0.033182576
0.09266609,0.08863054,0.07255718,0.050209634,0.03465481,0.025187403,0.01735245,0.0138388835,0.022560481,0.034372028,0.0489684,0.055897694
0.116763,0.07604724,0.049256355,0.010749072,-0.0127803385,-0.023643255,-0.028483063,-0.021534026,0.0038037375,0.034757204,0.066246785,0.08276601
-0.23200701,-0.2182318,-0.20649743,-0.14403613,-0.10978079,-0.08613363,-0.07847619,-0.054315127,-0.061242476,-0.08358288,-0.109803125,-0.124372736
-0.35391045,-0.46064454,-0.57645226,-0.48608822,-0.4660883,-0.40120614,-0.37818983,-0.27260715,-0.18357292,-0.07528046,-0.015365034,0.04700637
0.13535103,0.12208408,0.10476288,0.075027585,0.044735894,0.035900995,0.027490348,0.016055152,0.028698131,0.051642556,0.075223,0.0896786
-0.2521155,-0.21342352,-0.19702493,-0.14607355,-0.10599992,-0.075158834,-0.067414954,-0.04990162,-0.059036314,-0.07649333,-0.09856075,-0.11052051
-0.4941915,-0.4622516,-0.4739173,-0.4359027,-0.36922306,-0.3134693,-0.28664798,-0.21674295,-0.18242714,-0.15209475,-0.15501139,-0.14849153
-0.08789171,-0.060743835,-0.014970429,0.020190865,0.036503494,0.03271264,0.039739013,0.021000963,-0.01999281,-0.06717539,-0.1106391,-0.14243454
0.55954117,0.5222837,0.514335,0.51868504,0.45346126,0.39071423,0.33345866,0.26200384,0.21935454,0.17984049,0.18164454,0.16430187
0.2697348,0.26172537,0.29198644,0.31025705,0.2948609,0.2485171,0.2206124,0.18420015,0.13190207,0.07336115,0.03888206,0.0070327595
-0.14570841,-0.1273534,-0.11742051,-0.107250154,-0.08849558,-0.069177344,-0.057071358,-0.04772037,-0.04950224,-0.05085077,-0.057790216,-0.061007388
-0.18084396,-0.18663022,-0.17077322,-0.14301153,-0.11815108,-0.094518125,-0.07796082,-0.062055983,-0.06540045,-0.07208751,-0.08527493,-0.09047656
-0.4650622,-0.4128468,-0.41334224,-0.40248924,-0.3548008,-0.30017602,-0.2572444,-0.21387395,-0.17343444,-0.13110937,-0.121510915,-0.09777432
0.35719246,0.40677577,0.3822685,0.3664019,0.32350573,0.27897123,0.23322609,0.18646637,0.16280921,0.16151458,0.17213315,0.17387027
0.11383672,0.09520142,0.06743397,0.051825,0.033271372,0.030397356,0.020425916,0.01916854,0.02750329,0.040701497,0.0570433,0.063892335
0.6347148,0.6375017,0.6620225,0.62170035,0.51052266,0.4435889,0.3895226,0.2967096,0.26405627,0.23556828,0.2516228,0.25104818
0.25839674,0.26153663,0.21689397,0.06720424,-0.019602478,-0.043994993,-0.060917407,-0.045487612,0.018257394,0.1085874,0.19741523,0.24641545
-0.05723655,-0.10434753,-0.12358405,-0.13863662,-0.13828035,-0.13461874,-0.12096608,-0.09109081,-0.05584715,-0.015923036,0.009896677,0.034685835
0.20909336,0.19643721,0.20325723,0.2025723,0.17969191,0.15596233,0.13494857,0.11596277,0.09329727,0.06742582,0.057228316,0.044085037
-0.052253347,-0.0120712705,-0.018080197,-0.05475899,-0.05254126,-0.046595793,-0.041666135,-0.039340794,-0.026049757,-0.0066098217,0.0059050377,0.013305448
0.13588044,0.101964556,0.07734774,0.056403026,0.036971733,0.023766033,0.01533401,0.016050003,0.028546005,0.048605997,0.07006883,0.082324475
0.33651784,0.36011943,0.3897979,0.3595925,0.32507128,0.29458588,0.27218685,0.20449352,0.15217449,0.10335917,0.08801824,0.062361136
0.23736368,0.26924086,0.28981328,0.30195883,0.27655607,0.2421518,0.2123433,0.161166,0.11826707,0.08709566,0.07154007,0.05471655
0.040261168,0.036291413,0.041623306,0.054518785,0.052194446,0.04574483,0.04133155,0.040499806,0.027815178,0.014865308,0.003261771,-0.0038741678
0.018604679,-0.0085722655,-0.031884164,-0.048718117,-0.059965104,-0.058305264,-0.055929836,-0.044756413,-0.01885628,0.004490628,0.02633862,0.04077715
0.14652032,0.09052865,0.07212721,0.03519605,0.011235774,-0.010535404,-0.008641779,-0.008317083,0.016312152,0.041390978,0.06658244,0.08675575
-0.034833536,-0.03818604,-0.04880744,-0.06395691,-0.063682884,-0.054062653,-0.048952013,-0.04008411,-0.027759634,-0.015205184,-0.006347901,-0.0013040891
0.3620153,0.23540202,0.15719238,0.14710051,0.08680791,0.033053443,0.026488006,0.08110178,0.13519873,0.17381293,0.22764303,0.28524214
-0.37546846,-0.39273146,-0.37196344,-0.38292074,-0.34774682,-0.31307042,-0.26710224,-0.21849886,-0.18211347,-0.15659133,-0.15482326,-0.14753726
0.0968263,0.020781368,-0.049552053,-0.121203125,-0.15708803,-0.17281261,-0.16486241,-0.120596565,-0.042761803,0.04784267,0.11866334,0.17690444
-0.09188207,-0.12332141,-0.14184909,-0.17212136,-0.16705243,-0.15014508,-0.12965402,-0.1065623,-0.073624715,-0.031158734,-0.0059256516,0.017156968
0.29433525,0.31618875,0.31264067,0.2520447,0.2127804,0.1566844,0.13314895,0.120885134,0.11749422,0.14022473,0.1566121,0.17675632
-0.33195388,-0.3141563,-0.32721558,-0.3009665,-0.26128274,-0.21666838,-0.1988805,-0.15208441,-0.13046849,-0.12341105,-0.13143496,-0.13798086
-0.058185667,-0.032644577,-0.024072796,-0.01980804,-0.0147742815,-0.01262274,-0.011064641,-0.012656562,-0.013052344,-0.011240987,-0.01612144,-0.013765721
0.048035953,0.030649483,0.010351568,-0.022977352,-0.034907058,-0.03592705,-0.03815724,-0.0334691,-0.016653594,0.011644924,0.0337502,0.04480699
0.62077665,0.43571818,0.28772247,0.15803504,0.043246686,0.05203885,0.0376451,-0.014841735,0.059903204,0.1558113,0.28693092,0.34068808
0.11337978,0.1288519,0.1461901,0.14004004,0.1290008,0.12005578,0.10760094,0.08012541,0.05388418,0.03445877,0.026728567,0.014315944
0.7737132,0.54307526,0.36196923,0.25422025,0.10541141,0.07174581,0.023672462,0.026266694,0.14732742,0.28807205,0.4707499,0.5683821
-0.09927351,-0.08220793,-0.07873243,-0.08631126,-0.081186056,-0.072935075,-0.06435933,-0.05292514,-0.040100977,-0.031144526,-0.024139525,-0.019178241
0.2280626,0.23775548,0.22429943,0.17446736,0.14171739,0.10172911,0.08433449,0.07677217,0.07774616,0.09725355,0.11202597,0.12616435
-0.38939667,-0.45723715,-0.46369147,-0.40794465,-0.35723394,-0.30303717,-0.26544964,-0.20263667,-0.16885903,-0.15278949,-0.15341188,-0.14911473
-0.14616643,-0.19100636,-0.21983136,-0.229861,-0.21475974,-0.19326758,-0.17561561,-0.13833843,-0.10072963,-0.05928971,-0.035985876,-0.018056795
1.3493265,1.3232706,1.2964697,1.1290377,0.96278536,0.79471016,0.69708145,0.5857059,0.51378155,0.50859094,0.5269963,0.52184093
-0.2431544,-0.24330607,-0.26073688,-0.27418736,-0.25218156,-0.21966381,-0.19754109,-0.16211857,-0.123802125,-0.084595,-0.06660942,-0.050280653
-0.1700767,-0.16204768,-0.16775672,-0.15991926,-0.14228587,-0.117558345,-0.10224268,-0.08526921,-0.07071919,-0.05205342,-0.04819785,-0.03919986
0.27627546,0.18657011,0.10235453,-0.018717587,-0.09782994,-0.111772865,-0.11989191,-0.11978707,-0.042054728,0.069492616,0.17112596,0.22809532
0.2640884,0.25805694,0.22881591,0.18985933,0.15799618,0.11887149,0.09286562,0.090615086,0.09884852,0.111691535,0.13137995,0.14203979
-0.39495263,-0.3305472,-0.33295438,-0.30326867,-0.2543637,-0.20899832,-0.18355027,-0.16065398,-0.14861089,-0.12984419,-0.14012149,-0.13644084
-0.011082488,-0.0034095645,-0.02527836,-0.048193913,-0.053113427,-0.05005866,-0.05208052,-0.04406721,-0.023908444,0.0039923694,0.025740663,0.038616076
-0.2069948,-0.2144749,-0.1885809,-0.17025319,-0.14610201,-0.12637974,-0.102784775,-0.07879073,-0.070539646,-0.08031842,-0.093321525,-0.097073205
-0.10051296,-0.09026222,-0.063759655,-0.0464579,-0.029543042,-0.023548141,-0.0130058825,-0.0132925995,-0.023447236,-0.040373728,-0.05595129,-0.06518457
0.021148585,0.033293113,0.034001704,0.016451694,0.009869062,0.007839847,0.0042497083,0.0019618352,0.0025561154,-0.00040144398,0.0030084483,-0.0014164596
-0.062481128,-0.050251156,-0.049681246,-0.024957947,-0.007880531,-0.0053365305,-0.011776164,0.0018594041,-0.0034792759,-0.017914668,-0.031729907,-0.044128425
0.21454617,0.17465732,0.07660499,0.023200512,-0.049583733,-0.03637135,-0.045228392,-0.061451435,-0.010393605,0.077162355,0.15968949,0.21064444
-0.06705758,-0.085021034,-0.11002565,-0.12532473,-0.12209254,-0.11908974,-0.10919256,-0.0782898,-0.04450445,-0.01783441,0.001379543,0.019436132
-0.50351167,-0.4153685,-0.28283423,-0.1524564,-0.065736055,-0.030753464,0.006669402,-0.007319778,-0.085572734,-0.19441427,-0.29842174,-0.3577459
0.3361625,0.36057326,0.38428852,0.38452035,0.35034162,0.31709492,0.2789145,0.21727768,0.16083361,0.1080216,0.085260734,0.05698599
-0.012153823,0.036236227,0.09091531,0.123532236,0.119893104,0.103569984,0.08500699,0.055652145,0.009261629,-0.05053885,-0.09136589,-0.13458882
-0.10300317,-0.14103705,-0.16814989,-0.18183205,-0.17187011,-0.15698934,-0.14410438,-0.10816516,-0.06993534,-0.0315164,-0.0069878995,0.014125869
0.11779852,0.15381968,0.18339781,0.18281895,0.17771012,0.15317827,0.14158976,0.117426746,0.08527962,0.046785787,0.020397782,0.0017580688
-0.022907326,-0.026972964,-0.028499499,-0.018426776,-0.018742861,-0.01648289,-0.014353453,-0.004473659,0.0006055902,0.0026711263,0.0024288609,0.0064135217
0.12835072,0.09977879,0.12584132,0.17493804,0.16959542,0.15825388,0.14035827,0.11765015,0.082386374,0.034933787,0.010042921,-0.014371291
0.0011337323,-0.0015143399,0.0055813016,0.0016706102,0.00010824762,-0.0015369393,0.0006354479,-0.003835476,-0.0045217313,-0.0046410374,-0.004094889,-0.0036254078
-0.17628533,-0.26821792,-0.32222292,-0.34067267,-0.33622372,-0.30516475,-0.27192092,-0.2076565,-0.13596664,-0.055806246,-0.0047684684,0.044067103
0.04911783,0.023035377,0.003174603,-0.022499382,-0.047803998,-0.03494376,-0.02256897,-0.044279516,-0.028121136,0.014974454,0.047850084,0.07333518
0.012583721,0.0033126995,-0.03845135,-0.093425214,-0.11238323,-0.08912641,-0.08272813,-0.081852645,-0.053354844,-0.0065418277,0.033389732,0.050712675
-0.1415039,-0.11450125,-0.06688447,0.024485484,0.062164783,0.062199995,0.06533958,0.063152015,0.01956468,-0.040523577,-0.09358807,-0.121190876
-0.025068901,-0.02064585,-0.010020658,-0.00021859258,0.0042198226,0.004942257,0.012506679,0.012055172,0.008718802,0.0068281833,0.0005437732,0.005752231
0.04094625,0.023909677,0.018909223,-0.001272995,-0.011032715,-0.015761882,-0.015771456,-0.0118783,0.0013405755,0.010426213,0.021782257,0.028500719
0.1810888,0.27258304,0.324351,0.31907082,0.28358907,0.2782152,0.2592116,0.18281204,0.12426878,0.0821759,0.064205095,0.043774083
-0.01973911,-0.037812106,-0.04420213,-0.051156394,-0.055396784,-0.051168982,-0.0474566,-0.04363226,-0.031768657,-0.014274497,-0.00072028115,0.008319117
0.1985954,0.16569428,0.13500541,0.08807206,0.03944376,0.0242517,0.024256662,0.008236341,0.03310255,0.064607844,0.10228564,0.13137911
-0.06232946,-0.09166033,-0.11100921,-0.12506518,-0.12537573,-0.112002745,-0.101705626,-0.08130808,-0.05593802,-0.03197985,-0.014898225,-0.0029426683
0.13781461,0.12375057,0.09762655,0.08194135,0.06324746,0.036042977,0.01860714,0.0208597,0.037784543,0.05222554,0.070229426,0.079851955
-0.09140542,-0.06969587,-0.11705445,-0.12543496,-0.13314217,-0.10209058,-0.10090844,-0.083120674,-0.050318953,-0.010225495,0.0227064,0.043900456
0.079517104,0.12970518,0.14611539,0.12288862,0.11661495,0.102125205,0.09678987,0.072152495,0.05755214,0.046755493,0.040680904,0.03756135
-0.18192737,-0.13708556,-0.11367351,-0.04515308,-0.011714637,-0.008533135,-0.011663929,0.003474541,-0.015790977,-0.042336065,-0.077525556,-0.09332296
0.06215079,0.02528771,0.011783518,-0.009831451,-0.019975342,-0.02272734,-0.020325676,-0.018106401,-0.0030578263,0.014301026,0.029227275,0.040162884
0.18369226,0.1885089,0.2153607,0.2363163,0.22543794,0.19239512,0.17331775,0.15121314,0.112360254,0.06964864,0.042419918,0.023451023
0.27178514,0.2533673,0.21858579,0.17646344,0.13689989,0.11505777,0.094593614,0.0762379,0.08241995,0.10577501,0.13556704,0.15012267
-0.21594086,-0.14707085,-0.18509255,-0.17670222,-0.16507421,-0.123224564,-0.115948334,-0.10398242,-0.078708634,-0.04305946,-0.026900642,-0.009940617
0.002966255,0.066702634,0.112599075,0.16052523,0.18781322,0.1678445,0.15706065,0.13702664,0.09154296,0.030773014,-0.022500351,-0.047196638
-0.14415085,-0.20252645,-0.24642651,-0.28295708,-0.3114618,-0.29203087,-0.24499562,-0.21926403,-0.12844276,-0.0014973711,0.09030335,0.18308954
0.074228,0.13137615,0.16905503,0.19229373,0.196223,0.17749347,0.15480909,0.12129587,0.075682186,0.02434031,-0.009618156,-0.039941818
-0.10327559,-0.12099784,-0.14264578,-0.1769884,-0.1754403,-0.14345415,-0.1195769,-0.114027224,-0.08729851,-0.04772403,-0.020248383,-0.0026984438
0.35540053,0.5480249,0.42131007,0.30661184,0.2520666,0.23652524,0.14577824,0.1306363,0.15464893,0.21252477,0.27323514,0.28682077
0.0346443,-0.00691922,-0.043543413,-0.06482072,-0.076232225,-0.074797176,-0.07984905,-0.05889385,-0.029395323,0.0066578127,0.037781604,0.053415462
-0.05790457,0.008064821,0.028114766,0.015247256,0.013978716,0.014809873,0.027672429,0.004131429,-0.00061123073,0.006110426,0.0057940856,0.015782878
-0.3679948,-0.29089877,-0.22629306,-0.105446965,-0.031424195,-0.004212767,0.0040475726,0.013285518,-0.045739368,-0.1281437,-0.21560371,-0.2662294
-0.3256799,-0.29807878,-0.26014063,-0.20735967,-0.16005313,-0.12538713,-0.10453914,-0.08058171,-0.098618016,-0.1312656,-0.1711997,-0.19514316
-0.010244025,-0.011923652,-0.018960897,-0.037742786,-0.035562824,-0.033934504,-0.0322668,-0.024616417,-0.012867877,0.0019773785,0.0112275705,0.019673899
0.4510075,0.4501642,0.46301273,0.44680345,0.3954116,0.3479836,0.30343416,0.23770933,0.18862861,0.14756066,0.1391663,0.11598544
0.09449791,0.10308385,0.0987526,0.092383444,0.073550075,0.06866521,0.06206715,0.044709597,0.03677286,0.03626491,0.040145718,0.041500784
0.52333885,0.5153059,0.5071528,0.40329194,0.33081675,0.2793216,0.26019648,0.19107449,0.1731854,0.17440337,0.1956425,0.20363465
-0.03226822,-0.052457586,-0.039336026,-0.030339029,-0.026742361,-0.030028328,-0.022625834,-0.018124,-0.01776876,-0.03217803,-0.041373853,-0.04681251
-0.5533025,-0.44993418,-0.42581493,-0.37497604,-0.27755713,-0.2122187,-0.18543267,-0.14039183,-0.15705669,-0.19704925,-0.25894627,-0.3011364
0.017908834,0.037341453,0.046109922,0.049656995,0.049992308,0.040663928,0.035321124,0.043087903,0.035214487,0.027147327,0.01455141,0.012557503
-0.44949287,-0.43132398,-0.3797632,-0.29506934,-0.23110652,-0.1837393,-0.14191157,-0.11138004,-0.12792246,-0.16654523,-0.21502851,-0.23510027
0.17463733,0.15872127,0.13404152,0.12136534,0.100475416,0.08061074,0.06342168,0.055838086,0.06172657,0.06820149,0.081497885,0.088022344
-0.27739424,-0.27297097,-0.27726498,-0.27571198,-0.2557574,-0.22735636,-0.1979715,-0.16373521,-0.12909429,-0.101726696,-0.090480834,-0.07497842
-0.4587349,-0.39260882,-0.3879575,-0.33254462,-0.27308846,-0.22442667,-0.20277438,-0.15711764,-0.1461838,-0.15004082,-0.17066206,-0.17824116
0.005368069,0.07127529,0.10683438,0.13966486,0.1586003,0.15849361,0.14705685,0.121650465,0.06671785,0.0026943907,-0.048405305,-0.0887186
0.04863244,0.0073113292,-0.021294057,-0.05705802,-0.073592454,-0.08043584,-0.07514971,-0.057308145,-0.022545982,0.014590384,0.04576261,0.0680974
0.14957052,0.15575233,0.15257157,0.13678946,0.121411,0.09811327,0.079779625,0.06484455,0.0592546,0.05796491,0.06334829,0.06318739
0.36406684,0.37360284,0.37623096,0.34676903,0.30080456,0.25096136,0.20491713,0.1744841,0.14768437,0.13498619,0.13875328,0.13262978
-0.16747467,-0.1871313,-0.20123342,-0.21212117,-0.20096079,-0.17622146,-0.15357313,-0.1255073,-0.095074244,-0.06368572,-0.04799334,-0.032139484
0.42045745,0.4614187,0.55647874,0.59801555,0.57751304,0.50900906,0.45482838,0.36679903,0.24678177,0.11796808,0.04750839,-0.026917875
-0.6187933,-0.45697773,-0.30951667,-0.21894723,-0.12335074,-0.11869323,-0.061938405,-0.042676806,-0.091602445,-0.20319138,-0.3045976,-0.34583002
0.49310535,0.37262067,0.2726357,0.13848603,0.03185445,-0.0037415028,-0.02149868,-0.03407854,0.04041198,0.1522976,0.26459366,0.33081347
0.055721115,0.046781905,0.0081367865,-0.013198622,-0.027639583,-0.03307371,-0.04040723,-0.021934435,0.008077888,0.044551946,0.0729241,0.09587384
0.1404466,0.16513892,0.14733507,0.13885161,0.12087169,0.11681767,0.09496631,0.071956456,0.053277902,0.050756134,0.052519735,0.04434018
0.3026508,0.28517908,0.26321664,0.21711393,0.1757631,0.14392592,0.12283388,0.09989418,0.10097956,0.11326176,0.1347513,0.14476624
-0.18610519,-0.069135666,-0.084370285,-0.01939416,-0.008819014,0.029365495,0.016468242,0.0041054413,-0.01119028,-0.03530254,-0.048161,-0.061186504
-0.027458427,-0.056282222,-0.058152996,-0.04871103,-0.050868813,-0.04786989,-0.04545316,-0.034850657,-0.029439984,-0.02744491,-0.0278111,-0.029385911
0.19175148,0.13346104,0.08768508,0.03652996,-0.0029872656,-0.01323089,-0.017393783,-0.019814044,0.0106751695,0.06029609,0.10744958,0.13566327
0.2315144,0.25686795,0.24798506,0.22216338,0.19549166,0.16478305,0.1369629,0.10895778,0.09655605,0.091554165,0.09805137,0.09540065
-0.047375795,-0.054182746,-0.0644995,-0.054429863,-0.05077161,-0.044201355,-0.048130795,-0.032351363,-0.020668816,-0.013684701,-0.0066519827,-0.0044182725
-0.37510186,-0.38665158,-0.37983543,-0.3686247,-0.302086,-0.2541249,-0.21848087,-0.17844598,-0.16798317,-0.14245743,-0.153023,-0.1569659
-0.47684705,-0.50848806,-0.499261,-0.44314578,-0.37714455,-0.33593482,-0.29079998,-0.21429533,-0.18214525,-0.17567499,-0.19443284,-0.19097418
0.7139756,0.677573,0.65555567,0.60936016,0.52078944,0.43879038,0.3818992,0.31484258,0.2763394,0.2668601,0.2828483,0.2879801
0.047092162,0.079303004,0.11391903,0.16908482,0.1791299,0.1730679,0.1502614,0.13633657,0.07996456,0.012066212,-0.03685148,-0.0781469
-0.12586662,-0.117019266,-0.17251879,-0.17206556,-0.1706125,-0.13441879,-0.1340369,-0.107622586,-0.0731407,-0.030427169,-0.004623033,0.01248499
-0.4296674,-0.46799725,-0.42235464,-0.33715555,-0.2685576,-0.22904468,-0.19036461,-0.13890758,-0.13172117,-0.13953388,-0.1683812,-0.16940297
0.4505546,0.38986832,0.35387164,0.33533683,0.29786852,0.25115463,0.21632919,0.2003668,0.19251084,0.18330786,0.19845927,0.20289554
-0.036390007,-0.0032470077,0.007268265,0.039623976,0.055868946,0.052815065,0.043701947,0.045478716,0.025298927,-0.0046919584,-0.029489055,-0.047341935
-0.0469338,0.038750537,0.101227105,0.20106134,0.2376505,0.21673353,0.19380891,0.16678546,0.094470695,0.022602603,-0.044504054,-0.08182031
0.1632423,0.16951044,0.16335006,0.18607451,0.17800778,0.16040725,0.13343628,0.12442395,0.10112271,0.06984621,0.05601763,0.041271895
-0.18750484,-0.18985534,-0.16585752,-0.10699274,-0.07274678,-0.055290014,-0.04396674,-0.02868718,-0.04635351,-0.07190874,-0.10328275,-0.119533435
-0.5808956,-0.60839117,-0.602979,-0.55687433,-0.47223437,-0.3915246,-0.33607057,-0.27759838,-0.25424743,-0.23732926,-0.25303763,-0.2575825
0.100350395,0.095124036,0.08364047,0.05986768,0.0437963,0.034650706,0.0257352,0.017662428,0.025587168,0.032895822,0.048196916,0.05202237
0.1891861,0.15251109,0.13103825,0.09439801,0.062640175,0.048981607,0.039824978,0.031021893,0.043371305,0.066825606,0.09255822,0.10645822
0.048090942,0.05399239,0.014634538,0.014550462,0.005524069,0.022768795,0.011503719,-0.003377907,-0.0023137853,0.015937643,0.030257303,0.033976417
0.51327044,0.54142094,0.5285302,0.4754618,0.4185983,0.35645664,0.30818895,0.25188193,0.21751815,0.19878262,0.20525701,0.19941986
0.07324297,0.045773387,0.047880195,0.05230924,0.045902878,0.03227471,0.02808685,0.03038151,0.027682148,0.020799361,0.015204202,0.012111139
-0.782698,-0.8153451,-0.77907526,-0.72891647,-0.6452395,-0.57087374,-0.47732967,-0.38812757,-0.3237357,-0.28985894,-0.29908985,-0.2716541
0.45026073,0.43403283,0.44974923,0.4147262,0.35315046,0.33258703,0.31709027,0.22656156,0.17033544,0.15638582,0.16766348,0.16413026
0.0268379,0.029152252,0.025307447,0.03488264,0.036866732,0.042192064,0.03212799,0.032764718,0.027944144,0.0059267217,-0.0013126619,-0.014625363
-0.65483725,-0.43064052,-0.44506776,-0.48143795,-0.4227774,-0.34288236,-0.31300917,-0.2672011,-0.22325924,-0.17896494,-0.17478816,-0.16543414
0.22904791,0.20611973,0.19074135,0.17799318,0.15029645,0.1269252,0.10515192,0.08930636,0.08377759,0.07990621,0.090040356,0.090935156
-0.00033662096,-0.025729388,-0.046179503,-0.06992373,-0.08435048,-0.06998536,-0.070657134,-0.074221954,-0.067925826,-0.052592695,-0.03408992,-0.04014493
-0.025515025,-0.038799997,-0.04504792,-0.041974243,-0.043371852,-0.04186544,-0.038218793,-0.025615036,-0.0144650955,-0.0076582064,-0.0023532305,0.003752458
0.5901302,0.59027994,0.6189498,0.58411884,0.52475566,0.45091584,0.3934112,0.30979994,0.2501799,0.19335768,0.18561995,0.15433559
0.17745131,0.2153615,0.19479518,0.15446514,0.12842052,0.11342963,0.0896514,0.06933579,0.06933508,0.07688504,0.09390774,0.097139
-0.017343597,-0.043653816,-0.060025267,-0.06298619,-0.061017536,-0.0565111,-0.052482795,-0.04009502,-0.022123627,-0.0101658255,0.001341742,0.008663869
0.111914754,0.104192264,0.13493639,0.15123838,0.15818739,0.12801367,0.11800316,0.105154976,0.08555125,0.055620775,0.038379177,0.02988619
-1.7927015,-1.8913355,-1.8027703,-1.3858671,-1.1036315,-0.8883294,-0.76001006,-0.5585109,-0.5787002,-0.69857377,-0.8765719,-0.9606663
-0.018343525,-0.027425297,-0.07530311,-0.094361305,-0.10316253,-0.09266186,-0.08748619,-0.073524155,-0.03759265,0.016547402,0.050492715,0.08191565
0.70573795,0.6121121,0.5402766,0.36500484,0.26516077,0.20413971,0.18106443,0.1287992,0.16929917,0.23628332,0.32476568,0.3686575
-0.2243145,-0.19626063,-0.19088261,-0.1664049,-0.13118273,-0.10023197,-0.08576226,-0.07374242,-0.070194595,-0.06907456,-0.07764561,-0.08027798
0.5179868,0.48271793,0.43443835,0.32971674,0.24342841,0.1960628,0.1630792,0.11597785,0.13495599,0.17777711,0.23630454,0.26577145
0.2762514,0.40957516,0.541574,0.6592927,0.65913457,0.6127294,0.55471456,0.42568898,0.26014903,0.07651508,-0.041714154,-0.14495188
-0.12765184,-0.09540673,-0.11043039,-0.12643217,-0.110606275,-0.08629273,-0.07368262,-0.061759807,-0.0563032,-0.035859156,-0.033171974,-0.030190399
0.14828725,0.12519203,0.09752405,0.032110617,0.0016362071,-0.009819925,-0.011648551,-0.017294534,0.01487682,0.05628755,0.097669296,0.1225882
-0.04399927,-0.0506726,-0.07356181,-0.08706822,-0.09425385,-0.081594996,-0.0764238,-0.06447538,-0.041819364,-0.00899918,0.014093373,0.030640695
0.101286724,0.18536639,0.26527068,0.3300354,0.34316644,0.30981976,0.27610943,0.23353449,0.1477398,0.035026673,-0.046235386,-0.10786554
-0.4927097,-0.4905282,-0.5036336,-0.4673098,-0.40630612,-0.3477343,-0.30462253,-0.22946179,-0.18355297,-0.15410113,-0.1522966,-0.13794792
-0.2048637,-0.22646205,-0.2015295,-0.16163325,-0.12808466,-0.10790073,-0.08529084,-0.06916959,-0.073728375,-0.08620646,-0.10668015,-0.114028275
-0.3821885,-0.25485668,-0.27201748,-0.21992755,-0.16988859,-0.10669856,-0.10985567,-0.094271585,-0.09868735,-0.10713993,-0.13095912,-0.15173136
-0.15232646,-0.08327697,-0.000116974115,0.096258074,0.14557973,0.14105687,0.1354827,0.11373171,0.03630597,-0.06292763,-0.14624552,-0.20320202
-1.2004796,-1.2239804,-1.156792,-0.97346354,-0.81182516,-0.6918504,-0.57726336,-0.44610804,-0.41817084,-0.44361883,-0.52116126,-0.5364702
-0.007920993,-0.005210329,-0.00074338354,-0.031153768,-0.031693242,-0.035754398,-0.026757,-0.02988197,-0.02001201,-0.0029540556,0.0069628824,0.01519106
-0.12891303,-0.119695574,-0.09164949,-0.092095815,-0.08751987,-0.07730923,-0.05946383,-0.0579159,-0.054424226,-0.05171867,-0.055704325,-0.052493308
0.09341972,0.08915445,0.07441667,0.06896676,0.06535213,0.054682832,0.04272188,0.045080006,0.0345477,0.032554373,0.02178939,0.013308484
0.15233468,0.13500887,0.11305873,0.07540171,0.047064126,0.03591986,0.030663192,0.019934282,0.03381858,0.054770887,0.080450386,0.09542835
0.12425059,0.11377206,0.08882344,0.056484945,0.03682947,0.03467515,0.025807746,0.015971296,0.025196504,0.047081843,0.068889484,0.07942279
-0.1019565,-0.112992816,-0.12895386,-0.12357801,-0.118060395,-0.103411674,-0.09321199,-0.072296605,-0.053261958,-0.03106582,-0.0224949,-0.011426806
0.31498614,0.2859094,0.2380091,0.13975564,0.086524725,0.041754678,0.020341784,0.024210006,0.05782485,0.11332708,0.16827458,0.19876875
-0.11619723,-0.08836065,-0.032299623,0.029518813,0.07348782,0.042666793,0.057705313,0.07505703,0.05144532,-0.01865722,-0.076036274,-0.09542601
-0.07163526,-0.10991223,-0.06689578,-0.04540848,-0.031119935,-0.03964092,-0.021142796,-0.018347424,-0.029919306,-0.056610845,-0.077239916,-0.0882442
0.3401768,0.2278705,0.12900454,-0.0053209662,-0.08228868,-0.1143983,-0.117741436,-0.0875368,0.009229213,0.11617281,0.21670297,0.2856068
0.380462,0.38786685,0.34200314,0.29860508,0.23882619,0.20657657,0.16587271,0.14040548,0.14061564,0.15523148,0.18463324,0.19536954
0.16440569,0.17582427,0.15938672,0.14012857,0.113119476,0.09839401,0.079130486,0.060808435,0.061109576,0.06742873,0.082250625,0.08882177
0.18598473,0.15610345,0.15114674,0.13303895,0.104179695,0.08026411,0.070965044,0.0601331,0.059481278,0.063307054,0.07280317,0.07923696
0.40090734,0.37322915,0.37432536,0.31244332,0.25920773,0.21406743,0.19061378,0.13510656,0.11965762,0.11451127,0.13146882,0.13086094
0.12598504,0.13018653,0.12699983,0.09901097,0.08346535,0.06696463,0.05601892,0.04582899,0.04628533,0.049805336,0.059098758,0.061833434
0.24981773,0.26040095,0.24806425,0.220277,0.18887086,0.15858266,0.13301407,0.1113177,0.10024444,0.101738594,0.10853638,0.10969126
-0.038662888,-0.05256626,-0.07584197,-0.08958712,-0.0891915,-0.084338084,-0.07946603,-0.061003655,-0.03732098,-0.008588113,0.009933442,0.024941612
-0.07212646,-0.10283621,-0.10834546,-0.11863105,-0.116380155,-0.10662534,-0.09908587,-0.081948005,-0.05791977,-0.044264954,-0.029068405,-0.022630757
-0.2004238,-0.19775158,-0.2164104,-0.20558274,-0.17901725,-0.15887746,-0.14816633,-0.10266767,-0.073237196,-0.05207156,-0.04593718,-0.034829367
-0.043916732,-0.032399945,-0.026694238,-0.026466303,-0.020569377,-0.01916049,-0.01661374,-0.01260031,-0.013587443,-0.017111324,-0.021666696,-0.024851123
0.27779067,0.2681793,0.2767666,0.26550388,0.23816663,0.2026756,0.1747619,0.1461337,0.11742119,0.09217761,0.08875151,0.07643117
-0.2987258,-0.29533237,-0.29732797,-0.26530036,-0.2349307,-0.20128047,-0.17569841,-0.13731162,-0.11454409,-0.10094452,-0.10585895,-0.09845284
0.6598988,0.6319023,0.6422376,0.6254051,0.5548137,0.49406207,0.43660688,0.34491378,0.2706173,0.20757422,0.18358333,0.14982198
-0.049687587,-0.067279324,-0.10003041,-0.099697724,-0.10083431,-0.08078091,-0.07670238,-0.05757952,-0.03655374,-0.015243754,-0.0024125231,0.0072018374
-0.06677471,-0.07634655,-0.057908196,-0.045036517,-0.028266765,-0.03724996,-0.027914539,-0.012182258,-0.014995502,-0.010624707,-0.018529091,-0.012026204
0.04396787,-0.007514417,-0.058717787,-0.12606318,-0.15006141,-0.13513479,-0.12003538,-0.1016648,-0.052255582,0.005548563,0.05689812,0.088169575
-0.0028169416,0.03359904,0.018487882,0.00841983,0.011153962,0.011883108,0.006000133,0.0038624443,-0.0005314173,0.008781246,0.007765228,0.007100423
-0.050598018,-0.0379159,-0.22917381,-0.30457312,-0.32686317,-0.23231637,-0.19873187,-0.2358919,-0.21287465,-0.10793776,-0.062833734,-0.052569166
-0.20141765,-0.21173353,-0.20227371,-0.14404812,-0.11163463,-0.08682801,-0.07429958,-0.051283024,-0.056525525,-0.077358335,-0.10355309,-0.11645016
0.22783604,0.30838698,0.39284927,0.4527259,0.4461626,0.398313,0.36415356,0.3006219,0.20273478,0.08282195,0.0060665607,-0.05453533
-0.2791228,-0.28633693,-0.29888088,-0.2686234,-0.23891775,-0.17489326,-0.14532015,-0.13826032,-0.14142534,-0.14298475,-0.15814942,-0.17348094
0.18600869,0.12268011,0.08386552,0.06026852,0.022278577,0.012769014,0.0061075687,0.010126039,0.03247337,0.06477017,0.10071341,0.12118285
0.39257157,0.36193222,0.3046081,0.19504777,0.13206005,0.08698639,0.0657047,0.059387133,0.09848206,0.15535428,0.21722645,0.25369558
-0.48264495,-0.44709778,-0.23214924,0.03787756,0.1525768,0.13741165,0.1653221,0.12460512,-0.015720695,-0.22644976,-0.39568695,-0.49402374
0.36391068,0.39274853,0.44032198,0.47630376,0.45556954,0.3762011,0.3313002,0.28906524,0.23023552,0.14471345,0.09527783,0.06212634
0.18826035,0.18903278,0.14055544,0.060586154,0.017289877,0.03632632,0.030461103,-0.010814726,-0.0043173432,0.042043313,0.08963524,0.10272828
0.33956584,0.39761057,0.43871227,0.44505775,0.37468028,0.34854284,0.3296019,0.23453963,0.16788957,0.11850825,0.093999654,0.07965148
-0.15582214,-0.16865963,-0.19062535,-0.19087087,-0.17334476,-0.15038855,-0.1366282,-0.11029033,-0.08697234,-0.060030166,-0.04932931,-0.04049047
-0.32373348,-0.35225266,-0.38676926,-0.4038086,-0.38195384,-0.33833337,-0.2952828,-0.23564407,-0.1719742,-0.11203447,-0.08248888,-0.04559369
-0.1131013,0.039621383,0.10879344,0.13370126,0.18402308,0.1800516,0.1827108,0.11406441,0.04703535,-0.014097393,-0.08268557,-0.118393265
-0.06868662,0.038644902,0.022816688,0.12489548,0.11948109,0.16250049,0.12927559,0.08237006,0.029874904,-0.024309848,-0.0584416,-0.09458557
0.0024054162,0.020531902,0.041909922,0.06055603,0.06512275,0.06243702,0.061111625,0.051912386,0.029507387,0.00413236,-0.013188326,-0.023980655
0.07130435,0.0738605,0.055639807,0.01962248,0.008798739,-0.007855926,-0.010985224,-0.0055571124,0.01910831,0.047009174,0.07026053,0.091640696
0.16525242,0.17333278,0.1689177,0.16692635,0.1558739,0.13438535,0.115423806,0.09418373,0.07390611,0.05672426,0.04832109,0.037832987
0.20527281,0.17310312,0.10865423,-0.0044896305,-0.046773344,-0.05238083,-0.05874303,-0.06436257,-0.0077785403,0.07470748,0.14814626,0.19022167
-0.84421825,-0.7884662,-0.7811301,-0.7186095,-0.6195157,-0.521502,-0.44710928,-0.3709546,-0.31796923,-0.28551748,-0.30331782,-0.28741217
0.17796667,0.17563844,0.17183006,0.15485276,0.13081312,0.11463195,0.101388164,0.07615754,0.062035315,0.0538226,0.05397217,0.04959051
-0.07929394,-0.076389834,-0.09829455,-0.1319403,-0.13182396,-0.12190269,-0.10880092,-0.090839885,-0.05571131,-0.018745344,0.0081356075,0.029665966
-0.03849677,-0.06241877,-0.07800561,-0.09303626,-0.09008491,-0.08339946,-0.07531794,-0.054067113,-0.032905787,-0.013754457,-0.0009783766,0.009655575
0.23690988,0.26224905,0.2852334,0.29756886,0.2779296,0.2458502,0.21781802,0.17962228,0.13927317,0.0940407,0.071700744,0.05132445
-0.21616647,-0.22940433,-0.18035395,-0.15098631,-0.114934266,-0.101072714,-0.06786412,-0.05217661,-0.06431944,-0.09502596,-0.12882616,-0.14236529
-0.1687565,-0.19850872,-0.19615296,-0.19734414,-0.18139122,-0.16664982,-0.13248456,-0.11508566,-0.08931088,-0.06299444,-0.054257475,-0.03441617
-0.023384105,-0.058411583,-0.13477466,-0.20547011,-0.21618667,-0.19634224,-0.19094943,-0.14826854,-0.081263766,0.01615503,0.086402476,0.1321209
0.16413945,0.16399562,0.16882107,0.14825195,0.1301529,0.10304615,0.09075551,0.07609515,0.06760378,0.058280088,0.059049904,0.057377912
0.4659693,0.4010784,0.375548,0.28557333,0.21055526,0.16800725,0.1448518,0.100003034,0.111162886,0.14374122,0.19388789,0.2133283
0.13131006,0.105172634,0.073553145,0.040048987,0.017960265,0.008537352,-0.0038266182,-0.00090910494,0.019723557,0.044152297,0.07267513,0.085936084
0.1499199,0.26640716,0.30587333,0.37458205,0.37504056,0.3618464,0.3137014,0.24791116,0.15871924,0.07314954,0.012464289,-0.039635226
-0.021183968,-0.040001664,-0.050729573,-0.066514686,-0.06729688,-0.051382978,-0.040506713,-0.04233279,-0.03772978,-0.023573708,-0.014520577,-0.010963006
0.15008403,0.16221163,0.15848818,0.13030353,0.11768282,0.09306668,0.09049009,0.073045194,0.06922008,0.06811225,0.06558359,0.070393726
0.13213238,0.15520297,0.14671823,0.11569175,0.09186879,0.07203747,0.061046407,0.051043287,0.05323803,0.06774606,0.08422487,0.09608933
0.16240668,0.12927608,0.103166774,0.0740432,0.05237788,0.0387543,0.028502397,0.024734907,0.036873147,0.057617567,0.08112578,0.09350923
-0.22590625,-0.18614131,-0.19955638,-0.17699763,-0.15522356,-0.1253528,-0.10881825,-0.09279852,-0.073990226,-0.038148202,-0.027005568,-0.0056556985
0.16535226,0.16248414,0.17078051,0.17647861,0.15948519,0.14162046,0.121833906,0.09760592,0.07730554,0.05280406,0.046320148,0.03428927
-0.31327114,-0.33036822,-0.33485615,-0.339903,-0.3129229,-0.288066,-0.2524294,-0.19470252,-0.14430614,-0.10235728,-0.08291621,-0.05620929
0.06151554,0.11164516,0.08646452,0.026113026,0.005628355,0.0049861,-0.0007823631,-0.010438029,0.006345995,0.043838516,0.07431329,0.09228651
-0.06821154,-0.107203744,-0.120282814,-0.12936631,-0.12384562,-0.1268062,-0.11545195,-0.0834602,-0.051600497,-0.03303667,-0.021740362,-0.00879133
0.26062775,0.26620367,0.259226,0.23208237,0.20395418,0.1660128,0.13763693,0.11850103,0.10679369,0.102393396,0.109877616,0.11013828
-0.32513833,-0.30252808,-0.31183785,-0.25661105,-0.20839125,-0.17709151,-0.1783853,-0.12902603,-0.10705882,-0.10984721,-0.11778982,-0.12473732
0.06443869,0.009501345,-0.07955017,-0.16953604,-0.18951474,-0.1860546,-0.17080632,-0.12397202,-0.061505247,0.020122468,0.07729591,0.116017215
-0.31495062,-0.32429612,-0.29443496,-0.24190937,-0.19336249,-0.16921112,-0.14115307,-0.107115485,-0.10784314,-0.12501645,-0.15131538,-0.16110578
0.02864493,-0.019007847,-0.06258193,-0.09241609,-0.10225129,-0.10113497,-0.09942649,-0.079761535,-0.04020061,-0.0010525677,0.033181597,0.052705593
-0.10352776,-0.08128317,-0.09387552,-0.10239275,-0.094981834,-0.08491753,-0.08072303,-0.058756538,-0.038498648,-0.016617723,-0.0062379558,0.006758116
0.1918601,0.20132053,0.22047196,0.20646183,0.18195084,0.15326142,0.13814649,0.10463479,0.08186172,0.06736709,0.06617067,0.061003085
-0.068395026,-0.08624087,-0.08824983,-0.0695161,-0.05760394,-0.04652961,-0.04257209,-0.032032337,-0.026700834,-0.027450614,-0.028747128,-0.029315403
0.12972963,0.12876908,0.12656842,0.108301565,0.0925017,0.078333914,0.07149531,0.05490581,0.05057379,0.05154666,0.05748515,0.061186224
-0.023236256,-0.104593806,-0.15547219,-0.19018349,-0.19953528,-0.19290009,-0.17359103,-0.13594714,-0.07774854,-0.02067727,0.01833401,0.053425886
-0.8687627,-0.82684,-0.75922906,-0.69075054,-0.56185436,-0.47905093,-0.39498037,-0.32245678,-0.30352414,-0.3014261,-0.35133603,-0.35572153
-0.002580584,-0.020175196,-0.080457866,-0.1022326,-0.11811917,-0.10564816,-0.10781331,-0.0738834,-0.03225802,0.020031083,0.057474583,0.08606456
-0.27798876,-0.25142035,-0.2624383,-0.24632229,-0.2131463,-0.17406733,-0.15918405,-0.12781633,-0.114206046,-0.10112053,-0.10488118,-0.10897415
0.11287357,0.16001385,0.1882786,0.18945985,0.17796353,0.15565495,0.13644376,0.115819514,0.08594,0.048800252,0.028296515,0.01024292
-0.1016055,-0.0890322,-0.06831208,-0.07617854,-0.06592422,-0.06862022,-0.052110612,-0.047173984,-0.040445045,-0.03311107,-0.035243995,-0.027976513
-0.27755576,-0.23072614,-0.19684973,-0.16442406,-0.12154119,-0.08962749,-0.06827134,-0.061635748,-0.08056397,-0.1012918,-0.13108955,-0.14908546
-0.059544258,-0.09405534,-0.1175542,-0.123048894,-0.117564976,-0.11026843,-0.101784065,-0.07305828,-0.048879884,-0.024636613,-0.009887707,0.0018904395
0.3685162,0.36968732,0.35753888,0.31247383,0.2627972,0.21373703,0.18541199,0.15743017,0.15067461,0.15211722,0.16479631,0.17479786
-0.057150356,-0.037383094,-0.037656594,-0.039653733,-0.0345022,-0.029020699,-0.027310103,-0.022872496,-0.016950205,-0.010547109,-0.008831643,-0.005893618
0.056483693,0.020170756,0.002929233,-0.0071037263,-0.010762289,0.00030635297,0.0007809624,-0.0061237365,-0.0079864,0.004205104,0.012909936,0.012569362
-0.14101084,-0.12416583,-0.10662691,-0.07573204,-0.05217834,-0.043493465,-0.030069396,-0.023113526,-0.029757254,-0.041104604,-0.05904612,-0.062063783
0.08594024,0.082354106,0.089996226,0.08739128,0.07784605,0.0640833,0.05521111,0.044792764,0.03040275,0.019472834,0.012172643,0.0033408236
-0.0058556143,-0.0022486616,0.011654924,0.01370934,0.019492,0.00862848,0.009087808,0.011035327,0.004353991,-0.0074326,-0.016489962,-0.02245626
-0.038709607,0.0022426993,0.027529426,0.078677036,0.09473467,0.10344923,0.09420277,0.06920467,0.025107194,-0.022344392,-0.060635224,-0.09043792
-0.12546903,-0.119585074,-0.10202197,-0.07109511,-0.049660966,-0.041161798,-0.03112194,-0.021030806,-0.0292015,-0.04724807,-0.06595005,-0.07530421
0.010743387,0.029089186,0.02740343,0.020532016,0.017059507,0.015309725,0.011425275,0.0093534235,0.010460647,0.012212199,0.013097783,0.014072773
0.47677556,0.4380126,0.43925905,0.38960785,0.327421,0.2635756,0.23011684,0.1924683,0.17742538,0.16352074,0.1751657,0.17566371
-0.15248248,-0.16274226,-0.18582115,-0.17428464,-0.15645145,-0.13588873,-0.13265315,-0.09578433,-0.07599876,-0.058245532,-0.054486673,-0.053482786
-0.52859974,-0.5320776,-0.52629733,-0.44248143,-0.39804164,-0.34241125,-0.26059115,-0.24422815,-0.19931298,-0.14920215,-0.15122253,-0.09405035
-0.9134826,-0.9730569,-0.9086166,-0.73563266,-0.6018971,-0.5174769,-0.4391372,-0.3281111,-0.30866742,-0.3342095,-0.39501148,-0.40456527
0.04855168,-0.021186344,-0.043452516,-0.054735035,-0.0667645,-0.07024096,-0.066096514,-0.054847375,-0.029266752,-0.004138762,0.020114385,0.03546943
0.1047291,0.089744486,0.07943405,0.06761677,0.05373579,0.036134016,0.027654566,0.02667613,0.032387555,0.04175371,0.051045667,0.05842406
0.5981325,0.56003445,0.526018,0.48033887,0.4018218,0.33573455,0.28849643,0.24000467,0.22460498,0.21662366,0.23874322,0.24583367
0.032514535,0.01895915,-0.0028460622,-0.014317386,-0.022700045,-0.022505112,-0.025188569,-0.017768782,-0.003695745,0.019147204,0.036038082,0.048675425
-0.17431194,-0.21214342,-0.2531523,-0.2764765,-0.26580143,-0.24219778,-0.22043344,-0.17420274,-0.12195977,-0.06275981,-0.027535543,0.0018002763
-0.24400738,-0.25068212,-0.25920603,-0.24978057,-0.21837312,-0.19558807,-0.17664996,-0.13278913,-0.1022599,-0.08028425,-0.076034576,-0.066452116
0.0019777454,-0.01849872,-0.022179287,-0.03659423,-0.040067688,-0.049721487,-0.04687258,-0.03043321,-0.014150949,0.0002968791,0.011999299,0.022584092
-0.10725453,-0.10211767,-0.12068622,-0.12632869,-0.121542454,-0.103298366,-0.09239164,-0.07925958,-0.057463318,-0.034604143,-0.01961121,-0.0062716417
-0.12624559,-0.06690315,-0.05388911,-0.062504224,-0.048319906,-0.037409987,-0.03157463,-0.031206958,-0.028870646,-0.022420373,-0.02113384,-0.020142436
0.081240766,0.062865496,0.02315934,0.00952886,0.00031545013,-0.006681472,-0.032127045,-0.015138045,0.00053492934,0.023588352,0.04404673,0.045481406
0.02701211,0.023082303,-0.0029271059,-0.005031161,-0.011592608,-0.008488536,-0.016406141,-0.0074131824,0.006441189,0.027454121,0.04447408,0.056627512
-0.07850635,-0.12711304,-0.13480866,-0.13416177,-0.1338166,-0.12018633,-0.10673388,-0.09566147,-0.07368486,-0.0454138,-0.025959596,-0.010297604
-0.65184355,-0.5475563,-0.35125023,-0.052120388,0.1033147,0.14083582,0.16169119,0.15119779,-0.020910144,-0.2552017,-0.46982658,-0.6051163
0.1780107,0.16176513,0.14877644,0.11886153,0.092957005,0.07151358,0.05763182,0.0517695,0.05261677,0.06508395,0.08037228,0.08834015
-0.07420871,-0.050049238,-0.10943484,-0.22124268,-0.24599022,-0.25863236,-0.2701724,-0.17536357,-0.099988475,0.0106723625,0.06103174,0.1147237
0.42714363,0.40641958,0.44301176,0.4399898,0.4013738,0.3324135,0.28094172,0.2358283,0.18858647,0.122276165,0.105691485,0.07427637
0.060122922,0.06474958,0.053111073,0.029331341,0.020729005,0.010614062,0.00944915,0.008376284,0.020515904,0.039083153,0.051851593,0.065806076
0.5036768,0.46448177,0.46375406,0.41087982,0.34884676,0.27013648,0.22458157,0.17426561,0.16154532,0.16081175,0.18761231,0.19185565
