0.771155
0.953529
0.462079
0.850661
1.184221
1.152433
1.601002
0.614786
1.002798
1.435966
3.071776
1.989222
1.730658
1.727481
1.385866
4.625920
1.120438
1.829932
0.717449
2.222539
4.061242
0.735673
0.459300
1.068355
0.748921
2.563649
2.246295
0.737650
1.643337
1.532795
1.476815
1.211148
2.324756
0.652080
0.468643
0.657946
0.643034
0.233008
3.741257
1.189050
1.655028
1.782896
0.600946
1.267304
1.788528
1.063055
0.453459
0.546158
1.398437
0.631067
3.150873
1.046823
1.563799
0.678714
1.083107
1.833122
1.211258
0.791034
1.169193
0.696253
1.332147
1.030939
1.259003
1.810896
1.542949
1.025228
1.550934
0.657495
1.699504
1.202239
0.313568
1.439045
0.814534
1.464210
2.197387
0.551406
2.297376
0.816025
0.736301
1.010180
0.452375
1.612944
0.188517
3.817820
0.944552
1.578961
0.942533
2.301002
1.164230
2.427016
1.091109
0.510507
0.583431
0.959386
0.652321
0.395243
0.314818
0.578524
2.364651
3.337292
0.544931
