2.141192
1.423808
0.863669
1.464428
0.442674
1.406572
0.658697
2.039376
2.573578
0.483685
0.895038
1.073001
1.219733
0.297196
0.969781
2.685095
0.576655
1.446060
1.081290
0.686827
0.360442
1.673507
0.486243
1.903108
0.497525
0.720083
0.665854
1.347766
0.707767
1.710328
1.869795
3.030553
1.862274
1.234912
1.429765
0.701951
0.472134
0.608500
1.130348
0.756970
0.527172
1.173942
2.382648
0.727308
0.632513
1.196451
1.496085
1.276265
1.153597
0.746906
0.747151
1.348249
1.785030
0.778877
0.818734
0.998009
0.278705
0.662043
1.280402
0.610481
0.620851
0.465242
0.553147
1.154561
1.801604
1.407764
2.016079
0.564140
0.702888
0.539087
0.413416
1.468742
0.808319
0.544211
0.326687
0.488240
0.673933
1.774447
0.301490
0.648817
2.696186
0.833374
1.319544
0.664566
0.447289
0.734659
0.400041
1.174346
2.903834
1.679414
0.472943
2.908965
1.518078
0.638916
0.879505
0.440609
2.400274
0.501821
0.944540
0.451099
0.574864
