2.077987
0.678448
0.370772
0.988755
0.733655
0.308843
0.613729
0.798040
1.267016
0.635008
0.489028
0.411078
0.451922
0.692537
0.745766
0.216663
0.722559
0.577892
0.583611
0.333670
0.714234
0.514565
0.397363
0.373579
0.438620
0.266853
0.398312
0.976005
0.291196
1.236353
0.292092
0.589582
1.027321
0.241140
0.461371
0.331898
0.549044
0.323789
0.471181
0.289088
0.136758
0.358220
0.742629
0.900219
0.376720
0.379339
0.602076
0.685036
1.454373
0.601139
0.501891
0.909674
0.281466
1.054561
0.599566
0.569674
0.556347
0.664894
0.579704
0.610048
0.356903
1.335641
0.513045
1.014777
0.729721
0.622803
0.546756
0.509534
0.969226
0.619345
0.821006
0.220742
1.196868
0.849806
0.218758
0.778982
0.757891
0.550201
0.504463
0.482440
0.478975
1.074719
0.337625
0.970708
1.247175
0.405454
0.299152
0.143497
0.595727
0.516491
0.317058
0.560332
0.743640
0.709748
0.205361
0.668168
0.703114
0.497162
0.507954
1.375631
0.827903
0.674530
0.427102
0.397688
0.376732
0.738936
0.645306
0.841962
0.415117
0.262062
0.388269
0.855299
0.746951
0.902249
0.397073
0.910379
0.980663
0.813003
0.324325
0.543148
1.269891
1.002473
1.273963
0.914250
0.236682
1.067022
0.823123
0.336466
1.045207
0.839147
0.650528
1.618275
0.322518
0.769520
0.951066
0.821339
1.124516
1.168855
0.568297
1.014858
0.849986
1.001434
0.611909
1.379343
1.447746
0.581989
0.567951
0.264584
0.288562
0.370489
0.440860
0.467577
1.769841
0.471874
1.167527
0.907213
0.895680
0.939555
0.433336
0.370303
0.511332
0.881633
0.543640
0.810559
1.097545
0.699557
0.492101
0.865570
0.624146
0.558563
0.584378
0.391392
0.603575
1.006046
0.598543
1.002196
0.987758
0.420537
0.678737
0.445137
0.558977
1.064724
0.542297
0.654559
0.627161
0.625807
0.533727
0.628846
0.939431
0.239772
0.899326
0.445048
0.965923
0.754689
0.409402
0.943141
0.540834
0.704547
0.146257
0.974875
0.446831
0.458683
0.554320
0.726513
0.260282
0.400268
1.282492
0.520674
0.810700
0.255220
0.571967
0.366226
0.529473
0.632327
0.966344
0.303483
0.607093
1.130911
0.650783
0.569774
0.600912
0.215988
0.223733
0.914639
0.609171
0.605626
0.303437
0.245292
0.587163
0.725282
0.920766
0.455426
0.428670
0.548069
0.742512
1.323282
0.678906
0.298877
1.021886
0.798231
0.871390
0.539380
0.956225
0.285034
0.310981
0.503191
1.010591
0.155604
0.615353
0.500599
1.191247
0.793083
1.194802
0.424184
0.569543
1.244397
0.722256
0.543048
0.120276
0.639258
0.182558
1.319863
0.495221
0.200106
0.608536
0.450206
0.461581
0.876279
0.277958
0.428194
0.741776
0.400244
0.861488
0.610328
0.607227
0.854215
0.981478
0.271211
0.549100
0.316132
0.663595
0.657700
0.537512
0.911136
0.404339
0.777219
0.303326
0.607682
0.757907
0.643235
0.125459
1.365569
0.344718
0.418958
0.997908
0.381351
0.539864
0.802804
0.751884
0.638510
0.398769
0.884047
0.767459
1.006052
0.459096
0.448536
0.475170
0.895924
0.824376
0.640369
1.355269
0.489316
0.427470
0.220753
0.247765
0.401452
0.790337
0.625399
0.840716
1.060669
0.688243
0.813448
0.630526
0.887079
1.190695
0.170628
0.310461
1.552341
1.219554
0.553015
0.678086
0.535000
0.738582
0.890126
0.315836
0.580159
0.628647
0.453917
0.264471
0.784976
0.363754
0.183688
0.950093
0.301825
0.597470
0.593507
1.330155
0.521511
0.296782
0.400517
0.847777
0.663879
0.751549
1.160429
0.946244
0.279059
0.797390
0.613533
0.697185
0.876250
0.745937
0.739540
0.803489
1.639865
0.769585
0.791096
0.563119
0.949331
0.815678
1.162557
1.194286
0.444943
0.250710
0.684154
0.721650
0.220979
0.585797
0.341999
0.932808
1.010254
0.475568
0.338855
0.372223
1.282525
0.484965
0.395736
0.468240
0.310971
0.931807
0.950139
0.466769
0.472250
0.489755
0.338109
0.821097
0.478625
0.429270
0.842742
0.952265
0.825180
0.681603
0.432418
0.900194
0.430065
0.357693
1.040498
0.560925
0.326634
0.868648
1.047031
1.057067
0.677091
0.303544
0.616287
0.330926
0.470157
0.843992
1.066101
0.313385
0.260439
0.620955
0.397219
0.727075
0.443741
0.608592
0.769954
0.491790
0.666321
0.332374
0.268355
0.338652
0.370069
0.350279
0.286553
0.519978
0.813310
0.899913
0.475519
1.244839
0.631727
1.465823
0.518132
0.985168
0.360994
0.389781
1.663771
0.751015
0.283061
0.577510
0.760627
1.762463
0.792339
1.064305
0.446899
0.457548
0.903760
0.383878
0.812675
0.236008
0.373655
0.495000
0.496028
0.659032
0.393593
1.106821
0.531385
0.742632
0.479824
0.669057
0.923416
0.584671
0.276859
0.468640
0.609962
0.518845
0.552780
1.177972
0.214406
0.324082
0.697926
0.194795
0.925651
0.924188
0.242803
0.508183
1.097478
1.621031
0.287267
1.066584
0.507402
0.624633
0.606369
0.341001
0.505195
0.315983
0.815863
0.301169
0.808595
0.518304
0.635955
