0.448822
0.712780
0.848924
0.893898
0.451717
0.509929
0.278319
0.957740
0.234589
0.375763
0.674163
1.013185
0.776155
0.396046
0.346044
0.425966
0.522291
0.297732
0.518871
0.425984
0.561466
0.506328
0.463590
0.133061
0.838110
0.575407
0.813621
1.198627
0.824071
0.624744
0.535250
0.662473
0.818933
0.994147
0.842431
0.551922
0.667892
0.592931
0.549420
1.835950
0.519368
0.219443
0.440421
0.541917
0.928352
0.273557
0.748570
0.477862
0.157716
2.012440
1.045587
1.728693
1.079288
0.410103
0.665635
0.335573
1.122986
1.796320
0.532895
0.470763
1.585702
0.961874
0.411211
0.505673
1.071976
0.925625
0.846633
0.540359
0.547011
0.787187
0.316843
0.312198
0.418430
0.544891
0.463984
0.759513
1.406697
1.024323
0.464538
0.634471
0.857981
0.830209
0.708353
0.195985
1.198059
0.420739
0.335972
0.507004
0.507233
0.580111
0.854505
0.362355
0.550199
1.299490
0.525166
1.598199
0.253720
0.709588
0.320301
0.502132
2.004530
1.270074
1.378916
0.258519
0.418995
0.549213
0.730369
0.312167
0.459932
0.692241
1.734486
0.579535
1.035956
1.159367
1.096704
0.404664
0.333061
0.284499
1.133642
0.502913
0.467820
0.227598
0.585128
1.698105
0.927922
1.217295
1.827443
1.369157
0.919995
0.412124
0.833860
0.327411
1.039924
0.701718
1.234659
0.359584
1.926306
0.410181
0.346952
0.486977
0.440121
0.982860
1.005143
1.012915
0.875121
1.500506
0.526849
0.732653
0.296628
0.381388
0.269084
0.646424
0.317704
0.718942
0.518783
0.765695
0.466536
1.705483
0.790914
0.889312
0.375143
0.749324
1.958847
0.557819
0.593138
0.850919
0.342744
0.493848
0.779769
0.474654
0.234459
0.287068
0.259802
0.448596
1.084545
0.430704
0.663262
0.606554
0.178696
0.893628
1.966987
1.328534
1.759057
0.169884
0.377315
0.401527
0.204762
1.154561
0.224670
0.407025
0.292741
0.610313
0.639162
0.340875
0.291685
0.684918
0.779916
1.343049
0.795546
0.496802
0.518426
1.402536
0.451410
1.485881
1.457364
0.534150
0.800592
0.209923
0.390248
0.635959
1.739575
1.821258
0.516072
0.334823
0.764737
0.457882
0.387711
1.157291
0.992322
1.151434
0.577485
0.789936
0.897303
1.492202
0.642329
0.583991
0.394172
0.984343
1.972042
1.781869
1.162553
0.342429
0.385820
0.967561
0.807422
0.673362
0.886189
0.507272
0.403444
1.780145
0.560695
1.182296
0.882474
0.616200
3.174428
0.804666
0.856267
0.483794
0.499755
0.649778
0.669592
0.521586
1.266158
1.337497
0.588793
0.730263
0.533262
0.341705
1.389047
1.626308
1.438830
0.483346
0.467175
1.362130
0.522968
0.585968
0.378059
0.316560
0.872942
0.228916
0.321412
0.744873
0.427350
0.866783
0.596650
1.143563
0.124380
0.923217
1.302358
0.309453
0.913576
0.361695
0.127732
1.343374
0.538407
1.393922
1.267492
0.768329
1.406584
0.538584
1.027700
0.650740
1.394633
0.439894
0.835898
0.693486
1.783896
1.291289
0.326121
0.215744
1.227292
0.460148
0.803193
0.496117
0.736080
1.355455
0.230308
0.490363
0.705886
0.820353
1.089901
3.303780
0.568109
0.702385
0.757739
0.303618
0.669683
1.412605
0.529198
0.491137
0.829174
1.181002
1.005624
0.267160
0.323032
0.161435
0.535826
0.384318
0.636048
2.043614
1.258263
0.382069
1.033316
1.683874
0.350012
0.763806
1.161057
0.886120
0.476611
0.186833
0.365690
0.595681
0.842763
0.556358
0.333483
0.468640
0.274304
1.165421
0.610635
0.797733
0.654429
0.330633
0.666435
0.854953
0.393760
1.765518
0.549726
1.334294
0.406858
1.207653
2.081039
0.699777
0.694032
0.831910
0.247392
0.241163
1.327697
0.407397
0.369074
0.165568
1.192710
0.287604
0.427079
0.275780
0.162426
1.040178
0.194868
0.366332
1.638988
0.584052
0.775811
0.909096
0.878370
0.448926
0.282310
0.503618
0.762914
0.422952
0.618412
0.654236
1.260655
0.168055
0.513987
2.846911
0.536630
1.410666
0.574300
0.375473
0.818786
0.703660
0.881028
0.512951
1.791839
0.609770
0.760284
0.738393
0.998375
2.682339
0.804186
0.711935
1.636694
0.541477
2.086282
0.491578
0.501794
1.415464
0.323682
0.391338
0.273029
0.993824
0.167411
0.705370
0.736511
0.757356
0.687872
0.607372
0.798678
0.388862
2.664294
0.678371
1.657780
0.755879
0.840279
1.493931
0.577538
1.220233
0.554488
1.957678
0.555914
0.601282
0.244895
0.579510
1.158889
0.577339
0.486759
1.279037
0.781082
1.865678
0.413306
1.675413
1.738988
0.416472
0.707865
0.746365
0.262915
0.297621
1.648421
1.347134
1.387712
0.216477
0.788572
0.459914
0.749891
0.454263
0.545411
1.670525
0.550397
1.153523
0.606808
0.904549
0.234135
0.198510
0.364518
0.347181
0.610439
0.879874
0.471981
0.371358
0.474617
0.662267
0.102953
0.238551
0.535821
0.302023
0.759638
0.895761
1.345140
0.671220
1.126998
0.687594
0.764959
1.049100
0.361627
0.408626
0.486211
0.541091
0.466237
0.817493
0.732941
0.581327
