0.281848
0.625990
0.615319
0.622679
0.268781
0.593262
0.211291
0.899307
0.403625
0.591425
0.474366
0.567094
0.983644
0.555491
0.770877
0.593561
1.151539
0.303864
0.509741
0.537348
0.213071
0.488921
0.948105
0.299226
0.521193
0.268404
0.323025
0.614195
0.444266
1.120376
0.780432
0.241374
0.664018
0.380791
0.368306
0.693798
0.171502
0.238382
0.637977
0.254800
0.989397
0.257627
0.672328
1.356214
0.279368
1.276783
0.338050
0.338816
0.307488
0.718144
0.482278
0.412956
0.344742
0.402941
0.740670
0.342127
0.608147
0.310169
0.448883
0.586951
0.827448
0.908683
0.585428
0.935846
0.761757
0.826239
1.925280
0.442010
0.502325
0.759106
0.669388
1.109809
0.606449
0.682434
0.689590
1.023410
0.431365
0.788649
1.091511
1.422470
0.352789
0.716093
0.514665
0.489985
1.486603
0.928454
0.567677
0.768585
0.906614
0.483060
0.785327
0.988736
0.791159
0.940576
0.915377
0.424067
0.220054
0.665704
0.269634
0.303473
0.262794
