1.970919
0.275687
0.841402
0.868110
0.934083
0.368884
0.983817
2.445450
1.518291
0.347635
1.960774
0.564182
0.863109
1.978999
0.809319
1.543357
0.631857
1.310629
0.924974
0.460542
0.755167
0.551963
0.705856
0.710606
0.621994
0.324352
0.653756
2.191930
0.537179
0.855741
0.227702
0.978807
1.172195
0.965543
0.867500
0.474624
0.565014
0.539035
0.346447
0.437841
0.401647
1.368905
1.087081
1.949080
0.548139
0.424774
0.236215
1.528958
1.226276
0.407391
0.706909
1.202827
0.391534
1.961045
1.132090
0.589653
0.709967
0.858758
0.309750
1.210866
0.728217
1.507874
0.987962
0.699118
1.243324
1.174114
0.653562
0.420675
1.110634
0.765005
0.535490
0.769954
1.980929
1.722824
0.675273
0.856443
0.924462
0.436555
0.968243
0.766801
1.069671
1.674916
1.635456
1.985536
1.743603
0.389370
0.437497
1.007177
0.806054
0.604260
0.231759
0.714645
0.567835
0.598360
0.368997
0.736515
0.618285
0.385828
0.787817
0.555939
0.289715
0.467270
0.791098
1.086542
0.871917
1.077185
1.202315
0.511723
0.301219
0.352125
0.700092
0.552635
1.156101
1.138546
0.359000
1.147241
1.367961
0.754110
0.671643
0.634209
2.323424
0.441132
0.744063
0.979589
0.429185
1.518200
1.064723
0.427269
1.080060
0.871871
0.536404
1.383009
0.645878
1.760145
0.673408
1.473279
1.447998
1.161753
0.735217
0.574179
1.602335
0.911438
1.081268
3.309287
2.072240
0.480181
0.798900
0.405317
0.703440
0.882438
1.556816
0.640427
1.774713
1.108007
1.034837
0.639916
1.170414
0.585461
0.621856
0.302741
1.262716
0.881738
0.401986
0.689367
1.475497
2.081382
0.886897
0.778973
0.483350
0.486246
0.624648
0.375477
0.554799
0.629804
0.706370
0.976532
2.986346
0.687056
0.793300
1.607032
0.621787
1.151974
0.594294
1.112846
0.318861
0.886772
0.576826
0.616395
1.359094
0.561076
0.568213
0.634792
0.851782
1.202388
0.386599
1.388996
1.412141
0.815840
1.062481
1.215672
0.708202
0.665616
0.357557
1.108160
0.766140
1.049579
0.668606
0.885758
1.189992
0.730639
1.014377
0.378378
0.525584
0.700215
0.690073
0.786295
0.392655
1.123395
0.397756
0.813050
1.162045
0.990522
0.585774
1.128843
1.215791
0.894155
0.388924
0.667992
0.857125
0.981314
0.559950
0.303201
0.682277
0.573051
1.041058
0.509228
0.610747
0.301261
0.819078
0.607649
0.956593
2.039264
1.122457
0.479303
0.595294
0.249531
0.950119
0.880598
1.014097
1.341013
0.743204
1.935337
1.471365
0.710545
0.878511
1.413886
1.199237
0.837474
0.575731
0.622098
0.538390
1.262541
0.540481
0.994533
0.388731
0.407990
1.347302
1.003060
0.229996
0.662321
0.555843
0.622199
0.679440
0.313663
0.993315
0.667234
0.827244
0.739423
0.742391
0.674248
0.407096
1.042988
1.391683
0.788729
0.437933
0.345510
0.411064
1.172669
0.759918
0.317188
0.310305
0.801033
0.901544
1.478677
1.382837
0.517502
1.439022
1.281044
0.612494
0.476185
1.004600
1.350684
0.827901
0.459254
0.710948
0.628595
0.748496
1.095176
1.510462
0.609815
0.840117
0.707051
0.455705
0.495642
1.073332
0.524661
1.237118
0.983291
0.245388
0.645808
1.444907
0.717617
0.575823
0.688623
1.405537
0.915770
0.312183
2.299425
0.360508
0.832812
0.490394
0.538329
1.360734
0.372364
0.513459
1.626837
1.031190
0.481923
1.116828
1.354322
1.056007
0.216888
0.628837
0.496774
0.797142
0.658507
2.352722
0.388648
0.619777
0.653371
0.458934
0.710413
0.885467
1.356907
0.526246
0.347783
0.557937
0.653525
1.029513
0.573551
1.098042
1.317674
0.786636
1.672609
0.648452
0.263451
1.029638
0.643816
0.913231
0.387108
1.052773
0.760014
0.661530
1.122133
1.449673
0.584890
0.991836
0.367864
0.600096
0.930111
1.207387
0.543291
0.781255
0.312153
0.348904
1.305854
0.312893
0.888892
0.704003
0.775879
1.480554
1.377347
0.298299
0.755795
0.782244
0.658062
1.184375
0.616679
0.961124
1.311655
0.778344
0.615950
1.090109
0.541193
0.632281
1.090093
1.053067
0.579256
0.922148
1.214817
0.519583
0.440468
0.253500
0.706892
1.215533
0.436804
0.838037
1.807488
0.284834
0.514038
1.346636
0.972916
1.231771
0.787912
0.868354
0.398481
0.276401
0.822181
0.678249
0.607648
0.623457
0.349167
0.837146
0.431642
0.482559
1.499118
1.787541
0.968451
1.373852
0.641824
1.359604
0.580970
1.321811
1.259531
1.198326
0.810514
0.838585
0.687678
0.381195
1.319502
2.051275
1.281316
0.833661
0.697217
0.633729
0.904221
0.346966
1.328986
0.750960
0.647582
0.356738
1.016617
0.785565
0.533226
1.130783
0.493772
0.365570
1.230606
0.834553
0.522300
1.214860
0.218976
0.865978
0.492077
0.794378
0.511690
2.104552
0.794775
1.372469
0.608889
0.431840
0.785385
2.380306
0.301194
0.676390
0.971062
2.458042
0.451440
1.311988
0.961512
0.707458
1.376148
1.851689
0.386599
0.595638
0.852284
0.606464
0.984260
1.610918
0.410308
