0.880001
2.992962
1.304942
0.722100
1.101908
1.430335
1.834690
1.082365
0.895651
0.819985
1.758455
2.053075
2.611641
1.493162
0.711407
3.189604
2.760133
3.133228
1.157283
1.167451
1.637682
0.925511
1.147366
0.728364
1.088858
0.429681
1.448847
2.349976
0.817191
1.790750
3.371495
0.824451
0.703109
1.092841
2.895485
2.388971
0.594242
1.303691
1.028956
2.733008
3.076087
0.457854
2.034498
1.399330
2.878564
0.612444
1.201606
1.373936
1.557432
2.128396
2.078389
1.424291
1.627812
1.141098
1.178374
0.960072
1.944659
0.976451
0.673716
0.902499
0.995548
1.795512
0.408090
2.533245
2.035938
2.371752
1.815460
0.926505
2.299445
1.143088
2.767084
1.709848
2.010297
2.265289
1.520610
1.515549
2.882975
1.487783
1.290864
2.478103
0.765394
1.066365
0.885977
2.850836
0.491713
0.716473
2.219519
0.864378
0.662517
3.571424
2.579936
2.319055
0.869171
2.161185
2.103372
0.813845
1.341091
4.300043
0.496021
0.935306
2.342131
